121 139 37
128 175 246
17 129 160
238 129 160
128 115 153
174 113 89
81 115 95
131 127 212
185 124 142
129 141 104
90 139 243
67 125 144
166 139 243
130 114 71
148 109 118
102 122 126
128 126 2
130 140 178
206 117 115
49 118 114
127 160 217
130 108 29
127 139 241
132 140 135
111 118 94
126 143 66
215 127 141
172 126 116
106 136 219
149 125 91
38 127 143
77 126 118
124 108 127
139 124 48
151 136 223
122 139 156
122 123 191
159 121 134
130 114 106
127 146 200
116 126 57
136 130 24
135 120 173
120 137 85
118 134 119
108 108 112
97 125 106
138 120 134
116 128 139
139 130 157
242 135 178
139 131 75
218 128 160
192 126 123
139 131 118
117 128 172
127 158 237
85 123 135
154 124 110
13 135 177
54 127 130
126 142 223
120 119 40
110 136 237
114 122 76
35 128 161
137 132 193
202 117 135
132 114 88
134 140 49
200 126 150
120 125 24
167 124 100
144 136 238
51 126 152
118 135 207
136 137 89
140 129 103
116 129 104
174 123 131
117 124 157
126 115 54
128 171 229
126 141 23
97 123 92
121 138 189
96 138 229
139 123 62
69 124 130
116 117 119
90 114 83
82 125 105
131 117 19
135 137 35
135 115 121
133 139 165
135 120 35
142 119 79
131 131 229
121 140 54
124 115 138
151 122 122
133 139 148
91 122 118
141 136 214
118 134 70
140 129 143
226 128 150
137 136 61
162 138 230
56 115 126
116 117 106
138 131 180
27 128 152
52 117 138
128 140 122
129 135 13
108 123 112
119 117 66
124 117 168
126 148 212
204 123 125
171 114 107
122 139 141
142 118 98
163 121 122
129 143 80
121 114 84
195 126 135
135 137 204
124 119 180
229 128 167
115 135 226
139 131 130
131 123 198
122 139 170
136 118 145
134 122 186
184 125 115
123 114 95
117 119 131
116 129 92
117 129 44
127 153 226
139 117 111
107 124 84
135 119 160
85 114 106
122 126 13
119 119 148
140 129 168
155 137 239
20 129 171
159 122 93
96 120 135
139 136 225
120 138 96
184 124 131
124 130 221
166 114 97
205 127 135
123 126 204
64 125 120
117 131 149
166 118 84
135 109 130
77 122 142
118 134 130
211 127 152
55 127 141
129 115 44
105 125 99
133 125 12
152 120 100
122 139 111
117 129 184
134 139 114
125 117 31
128 148 236
149 119 132
46 127 136
200 114 122
132 140 189
119 131 196
130 143 41
139 129 40
117 133 164
239 129 170
85 124 126
120 134 28
140 129 84
175 124 106
118 126 34
125 138 232
100 137 240
127 168 239
179 123 123
149 117 114
90 124 98
135 139 70
140 124 124
117 136 217
116 129 82
148 109 109
86 121 89
38 128 152
55 123 121
90 115 94
135 117 56
119 120 50
166 125 109
130 140 214
127 142 91
136 137 98
199 122 117
128 114 115
131 143 57
133 132 219
170 121 91
116 125 114
62 124 136
106 137 229
27 129 165
135 135 236
193 123 145
120 115 75
116 125 66
107 117 120
174 118 98
118 135 61
49 120 129
121 139 77
229 129 158
140 125 92
99 120 116
121 138 179
141 117 88
139 130 54
136 137 80
159 119 114
129 161 228
159 125 102
203 123 142
127 143 31
151 137 232
77 122 131
135 121 25
58 116 116
46 127 145
93 121 126
122 139 201
81 115 85
133 137 27
113 118 83
128 114 130
124 140 130
122 132 19
123 129 213
116 127 123
138 128 31
123 142 45
123 117 159
130 140 156
117 133 52
106 118 132
110 119 102
132 114 80
137 136 174
90 138 235
76 124 111
135 114 95
136 137 124
139 123 152
118 135 235
142 118 118
137 136 139
137 136 107
140 121 72
124 140 149
112 110 118
138 134 47
132 115 137
207 117 128
177 123 138
62 124 151
145 124 106
120 118 58
131 108 122
117 132 111
149 123 83
85 121 112
124 119 20
145 125 98
120 110 120
128 175 238
44 127 157
98 121 100
119 137 104
126 114 122
165 122 130
111 119 126
126 142 207
123 114 110
128 155 210
131 138 228
170 122 124
198 119 128
135 130 203
138 134 149
73 125 136
126 152 219
120 121 173
139 130 110
132 117 167
219 128 152
102 120 108
128 165 222
128 132 236
137 136 185
131 115 62
136 137 158
118 122 166
125 140 162
50 115 121
157 120 126
117 131 156
110 115 113
129 140 171
127 121 11
148 136 217
139 131 67
137 122 167
89 122 106
136 124 180
128 144 51
118 116 90
87 111 89
84 125 117
167 112 90
138 116 128
135 133 211
114 124 97
131 137 20
85 112 100
164 125 116
129 146 229
135 124 19
94 121 111
128 140 142
71 124 123
104 120 93
145 119 126
136 119 44
119 119 141
116 125 145
121 139 122
124 139 217
173 117 83
123 133 227
126 121 186
101 137 224
128 118 174
116 128 73
117 117 97
126 114 77
118 135 137
142 135 231
119 115 126
128 151 205
113 123 107
119 136 45
208 127 144
130 143 72
140 125 116
55 120 133
132 117 29
199 115 115
111 136 214
153 123 116
127 132 7
116 126 131
25 128 158
197 127 129
71 125 115
121 140 70
170 111 84
129 115 143
133 142 64
14 133 170
129 116 37
137 117 65
140 127 136
125 140 195
137 115 75
62 125 129
123 142 60
139 124 159
171 121 110
119 133 35
186 124 124
197 126 141
150 119 107
49 121 122
161 121 108
136 138 42
139 132 94
178 123 112
139 123 141
138 130 187
117 132 97
134 131 15
85 119 101
125 123 198
153 125 96
206 122 119
134 117 151
133 141 95
109 125 93
135 125 193
154 121 89
131 139 221
131 120 180
206 116 121
172 112 95
162 137 237
131 142 86
114 125 87
116 117 113
149 120 95
125 114 89
134 114 111
118 134 174
79 125 125
89 123 130
168 117 102
130 139 235
137 136 53
125 140 185
120 124 182
57 121 127
136 115 104
133 116 50
129 116 161
118 129 190
54 122 115
129 157 222
136 137 131
129 125 206
121 115 133
124 115 24
56 126 149
124 125 7
129 155 232
125 115 61
121 121 29
106 124 105
122 114 116
147 136 228
191 126 130
224 128 162
34 127 147
143 111 111
98 118 129
157 137 226
139 129 174
139 123 56
103 125 89
120 132 203
116 125 51
138 133 162
112 137 220
117 119 71
128 168 245
130 144 218
157 119 120
219 128 146
129 164 234
147 120 88
124 114 71
117 132 87
31 128 157
126 114 101
99 137 234
98 119 122
151 125 104
116 130 62
120 134 222
193 124 151
87 119 83
145 137 222
124 142 82
43 127 151
126 140 137
128 122 192
169 122 135
123 139 28
127 140 114
52 123 137
119 137 149
137 115 84
107 111 117
188 125 137
235 129 166
128 128 217
168 122 119
125 116 47
148 117 119
122 140 91
100 124 112
132 142 34
136 136 198
130 140 129
78 123 137
143 118 106
89 125 112
144 125 87
179 121 133
137 136 219
126 137 17
61 126 143
118 134 79
122 117 153
202 123 133
148 123 112
85 122 95
53 114 131
140 125 76
188 126 119
139 132 125
130 141 204
119 136 184
167 119 96
105 122 119
120 137 195
112 136 231
137 116 116
128 153 239
134 141 77
178 125 128
123 140 102
82 126 111
116 127 162
124 116 145
111 121 120
117 133 179
213 127 157
130 146 207
117 125 40
117 117 79
137 135 112
136 110 125
119 110 129
123 136 23
124 131 11
179 123 143
140 128 149
210 127 138
125 116 40
58 118 121
120 115 102
136 137 118
242 133 172
125 143 37
193 123 139
107 118 108
139 125 69
19 129 165
121 119 35
150 118 126
120 137 162
91 115 89
132 114 126
118 121 152
171 113 100
150 137 237
122 137 212
118 135 143
52 114 116
159 121 98
139 125 130
202 114 128
122 139 117
156 121 106
224 128 155
125 111 30
135 135 230
110 137 225
104 120 102
177 126 118
199 121 122
124 143 75
142 125 81
53 125 125
126 148 224
116 122 126
121 140 64
126 114 82
138 134 85
133 138 209
168 122 106
120 130 24
56 127 135
136 132 29
206 127 150
138 124 172
117 123 136
134 136 224
140 123 111
164 122 103
129 129 224
159 125 112
118 127 29
129 170 234
133 139 183
136 129 197
82 118 90
117 123 61
134 139 143
118 121 45
174 119 88
166 138 234
118 133 40
132 126 7
139 129 45
107 120 88
125 132 232
125 141 96
68 126 136
213 128 147
89 124 122
157 137 232
118 126 177
95 125 99
138 123 40
112 111 109
59 126 126
95 124 116
130 140 109
132 114 100
94 138 238
50 115 126
202 126 129
131 116 24
183 124 120
136 137 75
121 126 195
83 124 130
153 121 130
165 118 89
230 128 153
82 123 121
125 109 122
203 122 114
139 132 136
130 114 93
137 135 67
15 131 175
143 111 117
100 125 102
94 122 104
140 127 98
138 135 207
182 124 137
118 134 191
132 130 10
112 125 82
138 135 144
129 154 215
140 128 63
124 138 223
105 136 235
86 111 94
89 119 98
203 118 118
72 124 141
147 119 99
52 125 146
116 127 151
87 125 102
133 139 194
131 140 118
96 123 122
128 162 240
112 119 110
146 122 117
171 126 110
136 115 70
40 128 147
53 119 118
33 127 153
113 119 116
122 133 216
131 121 14
144 118 93
44 126 141
134 140 55
127 134 240
127 141 229
169 115 86
141 124 103
172 125 121
117 133 75
163 123 96
199 125 137
155 120 112
120 135 229
126 143 86
136 136 190
138 116 91
121 126 18
139 133 170
116 128 109
137 118 138
146 137 232
132 108 127
86 116 87
94 122 96
99 125 97
116 131 126
116 130 144
126 141 213
121 138 128
136 116 133
121 118 164
144 118 114
234 129 157
22 129 162
141 119 123
90 119 92
117 131 134
39 127 157
127 160 232
118 135 114
138 121 156
116 127 78
240 130 165
135 138 152
203 121 138
136 121 30
130 142 199
144 119 84
140 127 121
107 121 126
128 174 233
50 126 133
134 134 24
132 114 75
232 129 161
84 111 84
74 125 129
121 139 137
165 122 112
171 122 95
73 126 119
123 142 50
140 129 89
174 125 126
132 116 147
198 125 146
114 124 102
124 121 15
137 133 36
160 121 130
133 139 173
121 137 32
131 115 57
138 127 183
139 129 50
140 120 127
123 112 125
127 115 157
147 110 114
119 119 157
128 142 99
139 133 101
165 115 93
155 125 91
122 129 208
128 114 28
104 125 94
82 119 97
115 122 111
122 138 206
91 125 103
146 122 80
206 121 129
126 114 66
135 140 84
86 126 108
203 127 140
139 125 145
171 121 100
123 139 166
116 131 67
126 140 180
116 131 168
86 119 106
55 114 121
130 136 238
118 134 153
79 123 115
138 133 79
155 121 95
122 135 234
125 140 190
109 120 82
116 136 213
121 117 54
116 123 118
135 138 178
126 138 237
114 118 101
130 140 161
24 129 169
82 113 91
124 140 107
189 125 144
121 128 201
204 127 146
135 136 215
133 126 202
138 133 42
118 134 57
100 121 95
145 119 110
58 125 131
137 119 50
158 123 118
83 118 83
138 133 58
119 118 136
116 129 116
105 119 113
88 116 103
119 137 92
128 140 166
140 125 107
50 126 143
140 122 120
232 129 169
128 115 49
123 141 33
132 122 190
128 173 242
122 141 40
135 136 31
130 144 212
198 117 120
114 125 92
118 124 171
47 126 154
119 136 169
122 114 79
135 138 103
131 134 16
169 120 83
138 133 89
102 121 130
196 126 124
129 140 151
136 125 23
98 120 110
119 137 73
118 123 162
139 117 101
127 114 135
121 117 45
117 131 48
99 121 105
136 138 93
69 124 119
127 158 225
165 123 126
129 144 225
127 116 165
120 115 70
140 136 237
126 124 202
117 120 66
154 125 101
106 117 124
134 141 43
115 118 124
121 123 187
128 143 234
125 116 36
133 127 206
64 126 140
101 125 106
118 134 102
180 124 116
124 118 172
93 125 109
173 123 136
129 167 227
143 137 217
129 150 221
119 115 110
106 136 223
68 126 123
122 114 105
94 137 233
120 122 178
122 141 86
129 151 230
63 123 147
173 119 93
147 124 103
110 124 99
169 122 128
166 113 84
154 138 235
130 114 121
89 122 126
138 126 176
136 109 121
135 118 155
111 111 114
138 122 52
138 134 70
130 123 8
155 125 105
108 136 232
136 134 202
159 121 103
126 143 203
172 124 104
119 136 157
48 127 150
119 122 36
95 138 242
140 127 163
120 138 81
168 125 114
95 121 118
133 139 199
128 144 62
131 134 234
103 120 98
133 116 143
52 123 130
31 128 163
117 133 107
135 138 168
135 118 40
111 122 79
162 121 118
50 122 116
120 138 58
138 135 178
127 143 55
135 138 162
152 138 228
200 122 127
53 123 141
159 125 108
93 121 130
203 114 119
90 119 86
119 109 124
129 143 47
128 126 210
126 147 205
155 122 122
131 114 133
139 124 44
89 122 114
140 128 125
138 128 36
140 127 140
139 117 106
136 138 47
127 140 176
147 121 122
160 123 126
114 136 235
59 125 138
124 140 153
131 140 139
202 124 121
145 125 94
140 128 80
121 121 25
126 154 222
96 125 112
71 126 127
215 128 152
126 148 219
117 133 91
124 138 227
217 128 156
133 142 38
173 116 102
52 127 138
126 156 218
121 138 133
16 129 169
124 112 129
89 115 99
131 142 91
128 158 214
129 150 211
107 125 89
131 111 129
124 129 217
161 138 241
87 122 118
118 121 144
124 140 126
174 123 118
128 114 111
81 123 127
120 137 41
135 119 164
114 119 79
193 126 143
132 117 34
128 117 25
197 125 133
128 158 241
168 111 93
117 132 140
128 142 193
145 108 111
