-8 -14 -86
48 16 114
-121 20 36
77 -3 0
-14 -3 39
-50 16 115
-40 -19 -24
-1 60 100
27 -18 -34
120 20 36
-73 -5 20
0 1 92
-3 14 -8
1 13 -53
32 -6 6
0 -5 -122
0 21 62
-1 -17 10
-8 -16 -35
-106 -1 14
-34 -6 6
105 0 15
10 9 22
-1 29 103
-62 -4 -8
-28 12 94
2 -8 63
25 13 96
4 -15 -60
5 11 -81
12 4 -29
52 -5 -12
19 -23 -8
-18 -6 -13
-8 5 -101
-15 2 -68
-13 6 16
10 -7 40
-11 9 -32
56 -4 11
-1 40 82
-31 -10 -42
10 -6 -96
13 -2 -6
-86 -2 4
2 14 41
83 -2 20
32 -5 -16
0 -16 -15
-9 8 75
-55 -5 11
-5 -16 -106
-22 -23 -4
13 -2 -48
10 -9 -77
-116 3 30
-14 -6 -51
-13 2 57
-41 -5 -11
-12 11 104
-2 19 88
-4 -14 29
10 7 57
10 -14 -30
115 5 30
11 5 -65
-17 -8 5
8 4 75
12 -6 13
9 11 103
-89 -2 21
8 10 6
38 -19 -22
-11 7 -85
-34 14 110
-29 -7 -25
-9 -13 -70
-2 45 99
-71 -4 5
-5 -11 49
-6 13 28
1 -24 -93
38 -11 -41
-13 7 1
5 2 -108
5 -14 -45
91 -1 7
2 13 -24
-12 8 -48
11 12 88
-2 13 -68
-12 8 -18
30 13 109
-5 -11 -3
70 -6 16
17 -10 -17
-15 10 88
4 9 -95
63 -4 -2
6 11 -40
-2 28 74
-3 -4 76
-14 -5 -26
-14 -6 22
45 -5 1
-33 -16 -13
25 -9 -5
11 7 -15
9 -10 27
12 6 37
-42 -16 -37
-8 -3 -112
-6 13 52
-13 -4 -93
-50 -4 -2
33 -6 -29
-1 14 16
11 -14 0
-26 -10 -3
9 -5 52
41 15 104
-29 -18 -31
-15 -1 -40
36 -15 -10
20 -8 -29
5 -14 -87
27 -17 -20
-10 -15 -21
97 -1 24
-2 31 90
-14 -6 -78
-12 9 40
5 -10 -108
-105 0 26
-1 17 100
11 2 -86
-7 -14 -58
12 -7 -65
-14 4 29
1 14 77
21 -7 6
2 -15 -73
-10 10 -60
-9 -4 66
-8 12 63
-1 53 108
-3 14 4
-95 -2 11
39 -19 -34
12 -7 -38
-2 6 101
0 -13 39
-11 -13 13
6 12 67
-24 13 105
12 3 -75
10 7 -54
-39 -8 -28
2 -14 19
-15 -14 -6
42 -6 -16
-1 -16 -26
9 9 -5
-81 -2 13
3 -14 -99
35 -7 -4
-4 13 -42
5 12 31
-114 0 20
-8 -13 -96
9 -1 65
-65 -4 13
20 12 106
-52 -4 -12
-36 14 100
9 10 47
-9 -14 -45
79 -2 10
-7 1 84
-1 48 89
-119 13 29
106 0 27
13 2 6
6 -11 -8
-11 9 -75
-6 9 92
-14 -6 -61
-15 2 -9
13 0 29
11 -9 -55
66 -3 7
-33 -20 -40
-59 -5 2
4 0 83
13 -2 -22
-26 -10 9
-41 -12 -18
-2 -11 -114
-44 -5 7
-31 -6 -15
114 1 21
-12 -5 50
2 -16 -35
-35 -6 -3
-12 -9 31
-11 -5 -102
29 -10 -42
4 9 94
-29 -17 -22
17 -13 -8
7 -15 -21
-46 15 106
4 13 56
12 4 -39
118 14 30
54 -4 -2
33 -20 -41
-7 9 -92
16 11 96
47 -5 10
-5 12 84
7 10 -70
-14 -4 13
-19 11 97
11 7 14
1 -16 1
25 -18 -4
-8 -8 58
-8 -16 -10
13 0 -57
-98 0 20
-14 -4 -3
-78 -3 0
-4 13 -16
-3 12 -85
26 -8 -23
-21 -10 -22
39 -11 -24
92 -1 16
-9 -15 4
6 11 -62
-32 -8 -33
-15 -8 -34
-3 13 -33
12 1 47
0 0 -115
39 15 112
-9 11 11
4 -10 48
9 -14 9
-15 1 -55
-10 -10 40
-1 61 109
-10 10 -10
-12 4 66
3 12 85
-2 36 97
8 2 -100
-3 16 69
-14 3 48
4 -5 72
-37 -21 -32
-70 -3 -4
-15 3 8
-7 12 -26
0 8 -104
-1 39 105
0 23 81
10 -8 -88
12 -6 2
12 -4 21
-25 -17 -7
-14 3 -26
-5 -15 -78
6 11 -30
-6 13 37
-74 -6 12
3 13 -13
-4 -15 -51
45 -6 -7
-8 12 20
-14 -1 -85
-2 12 -76
-2 53 97
3 13 -2
98 -1 11
13 -2 -14
-15 -1 -19
19 12 89
13 -4 -31
22 -6 -12
-39 -8 -37
-8 -12 22
31 14 101
35 -12 -18
-9 0 73
-37 -6 -21
10 -12 18
3 -13 32
-14 -5 -70
-14 -13 -29
-1 -15 -66
27 -9 -33
59 -5 4
0 23 94
-15 -21 -8
0 -10 55
84 -3 4
14 -21 -2
7 -13 -68
-22 -7 -29
28 -19 -27
-5 3 -109
-35 -20 -19
9 -14 -14
-42 15 112
-43 -6 -1
4 -7 -115
40 -11 -32
0 39 90
39 -6 8
11 7 30
-1 -16 -8
37 -7 -11
-12 7 -40
33 -20 -17
5 -14 -53
14 -11 -26
-2 -15 -93
-36 -10 -9
-2 -15 -42
58 -4 -9
-25 -9 -12
5 -14 -80
33 -12 -36
-14 -13 -14
-2 13 -59
8 -4 -105
12 -2 -81
9 -14 -39
12 -4 -72
-13 3 -79
0 33 79
-12 8 52
-12 8 24
-11 4 -94
11 6 -47
-46 -6 -16
18 -8 -3
-14 3 -34
6 11 -48
-14 -7 -44
7 11 38
0 14 24
63 -4 14
-50 -8 6
-27 -7 3
-4 -14 16
11 -8 -46
9 5 68
2 13 9
76 -2 16
-13 -13 -39
1 15 50
70 -4 -2
-88 -2 13
-3 10 -98
11 -6 33
-30 -6 -8
9 10 -24
-47 -6 -8
-28 -14 -37
72 -2 10
-9 12 46
12 -1 37
13 3 21
-15 1 20
-15 0 -46
28 -7 1
-9 11 -3
-1 24 69
86 -2 13
-33 -12 -19
10 3 -94
-6 12 -54
-117 6 24
6 9 79
-6 -12 35
-2 20 76
6 12 14
11 1 54
-2 15 93
-11 -10 -89
-13 12 94
-11 -12 -64
-20 -7 -1
-6 10 99
-7 -10 -109
52 -5 5
21 -6 -19
12 4 0
-1 47 105
6 10 -87
-5 -6 -117
34 -21 -29
-25 -6 -18
13 0 15
4 4 87
-15 0 2
-8 -16 -27
-10 0 -106
-2 19 56
14 -20 -9
3 -10 -2
-79 -3 7
1 -14 -105
7 -12 -93
-51 -8 14
-14 0 -74
-39 15 105
-57 -5 -4
-2 -6 69
98 0 18
46 15 108
9 -7 46
-31 13 101
-10 -15 -3
-33 -21 -25
12 4 -7
-39 -18 -42
-14 -12 1
-12 -10 -56
-35 -13 -37
37 -5 2
-112 0 25
4 -15 12
24 -10 10
26 -13 -26
-64 -3 6
-10 -12 -76
10 8 -34
0 12 103
-1 11 -92
-42 -13 -26
-4 -16 -20
-40 -12 -42
-12 7 60
-14 4 -62
0 30 84
71 -5 4
-2 -2 84
-8 12 -37
-7 11 -80
29 -11 -17
90 -1 22
9 8 -78
-9 9 69
-13 8 34
-37 -8 -15
-10 10 4
-108 1 19
7 -9 -102
-1 23 101
11 -10 -4
-19 -9 -7
-7 12 -71
39 -17 -41
-7 12 -47
-12 7 -53
-14 3 40
-3 -20 -96
-12 -4 56
29 -6 -7
0 14 31
-11 11 83
-22 -14 -3
36 -6 -20
-18 12 105
6 -11 37
-15 -2 27
2 14 63
0 17 83
10 10 94
14 -9 -33
3 -14 26
20 -16 -3
26 12 104
-8 -11 -103
12 4 -23
8 11 61
-4 14 46
4 -16 -29
0 -15 -56
30 -15 -12
0 29 97
-3 14 -2
-65 -3 -3
14 -7 -10
-4 5 95
-10 -9 -6
5 -2 77
8 11 53
9 -11 -62
-1 17 -12
-2 13 -48
34 14 106
6 -2 -112
-2 -16 -85
-7 6 86
26 -16 -40
6 11 -19
49 -8 14
-18 -19 -3
-7 12 -65
5 12 21
-15 -2 33
-21 11 90
-6 12 77
103 -1 21
-28 -13 -26
-12 8 -26
-13 -10 17
-19 -10 -17
-9 -13 -50
-14 -3 45
-40 -18 -18
-77 -3 18
-21 -22 -9
5 12 -7
1 13 -38
116 8 25
-14 -6 -8
13 0 -67
-29 13 108
-15 2 -3
-3 -16 -31
-8 12 57
-15 -2 -65
-3 -14 -101
14 11 105
6 -8 56
39 -16 -17
-91 -1 7
-1 44 86
-15 -2 -32
-8 11 -20
11 0 60
2 13 71
33 -11 -9
-12 7 -69
-7 -15 9
116 9 32
27 -6 -13
35 -7 -34
-2 35 86
-11 1 -101
-3 -14 23
7 10 72
3 -18 -95
112 1 26
12 -5 -60
8 1 71
49 -6 -3
-12 3 -89
40 -5 -6
-20 -15 -9
-9 7 80
21 -9 -24
10 -10 -83
-10 -8 46
10 10 83
-94 -2 17
-14 3 -14
5 6 -103
-38 -14 -12
-34 -6 -28
-16 -6 -20
11 -2 -90
-3 -16 -3
-5 2 89
11 6 50
6 11 -54
0 56 103
0 -12 45
-54 -4 5
0 43 94
9 -11 -51
-70 -3 15
12 -8 9
10 9 1
10 8 -60
12 5 42
2 13 90
7 -5 62
-17 -11 -25
0 24 86
-23 -6 -7
-29 -16 -42
-42 -12 -32
3 12 -73
21 -18 -8
10 -10 -71
12 2 -53
-5 -16 -15
-25 13 99
-22 -7 5
-32 -20 -35
9 10 -11
-13 -7 -85
29 -9 -28
21 11 98
-14 -12 9
13 -1 -40
-9 -12 28
-100 -1 13
0 -9 -119
1 11 98
9 9 -43
6 -15 5
11 -13 -8
16 -6 -22
-68 -4 10
13 -11 -13
-3 16 61
-5 -1 -116
-12 8 -5
-31 -7 -1
40 -14 -37
33 -8 -39
-15 1 14
-60 -4 10
40 -16 -26
2 -16 -20
10 -1 -96
-38 -6 1
24 -10 4
12 -6 -18
-94 -1 23
27 -6 -18
-10 11 88
-120 16 34
110 0 17
7 5 81
-4 13 12
-13 -14 -34
-35 -5 -11
-34 -8 -39
12 -13 -20
-49 -5 3
5 -16 -9
-28 -12 -32
6 -15 -2
-5 -12 -7
0 13 -29
-11 10 29
7 -12 23
13 -2 9
-11 -8 -98
-4 -15 -62
5 13 26
-41 -5 -16
32 -21 -34
12 3 -34
53 -5 -7
12 3 -16
-14 10 99
-12 8 45
13 2 -44
-2 48 95
11 -4 43
-41 -19 -29
-8 -14 -91
-11 -3 61
-12 8 8
-14 -12 -21
-12 -10 -48
0 12 -81
-8 1 78
-24 -6 -24
-13 0 52
1 5 97
13 0 -26
-83 -2 18
21 -22 -3
-3 -9 59
6 -11 42
-14 3 -50
9 7 -84
4 13 46
-4 12 88
-30 -17 -17
23 -6 -1
-49 -5 10
-10 10 15
-6 13 71
0 5 -109
-32 14 97
75 -2 5
-56 -5 -10
2 -11 -113
1 12 -87
-6 13 -11
-8 -15 -40
5 12 -35
42 -5 -12
-6 -7 64
2 0 87
48 -8 4
6 11 99
-38 -18 -37
-5 -12 42
9 6 -89
11 7 9
7 -11 -97
0 19 67
47 -6 -13
18 -6 -7
-15 -2 -51
31 -20 -21
-51 -6 -6
1 -15 -79
80 -2 15
-27 -19 -3
12 -5 26
12 -7 -50
18 -10 -12
9 -5 58
-14 -5 -56
-86 -1 9
3 -15 -41
3 13 -43
-5 6 -105
-1 49 101
-42 -6 -7
-17 -7 -30
26 -16 -30
-40 -9 -24
1 -3 80
-15 -3 9
11 -14 -24
-31 -6 -20
-3 -15 -72
-6 -15 -67
6 9 88
-118 9 32
-12 -3 -98
13 -4 -44
-30 -9 -37
41 -6 -1
-9 -13 -81
16 -6 -29
-8 -8 53
13 3 11
9 -13 13
10 -13 -45
-29 -13 -19
-74 -2 7
-13 6 -30
32 -6 1
-13 6 -58
-13 -14 -10
-13 -9 -74
-15 -2 -6
-15 2 36
-4 14 56
-1 37 101
44 -5 6
-2 -21 -91
18 -6 -15
1 13 -19
-15 -1 -60
-2 -13 -108
10 5 63
-37 -16 -17
-13 -9 -67
2 12 -65
2 13 3
3 -6 67
-49 15 110
9 10 33
-8 12 33
-14 -6 -39
-7 -8 -113
-2 15 74
10 9 18
-6 13 41
17 12 100
-14 4 -21
-14 3 25
6 6 -98
40 -14 -21
87 -1 8
0 24 76
31 -16 -17
13 -2 -1
-13 5 -75
35 -18 -36
-14 -4 -16
-7 12 -31
10 -9 21
-9 10 -51
-11 9 -65
8 -12 -75
2 9 -100
12 -2 -85
40 -16 -30
37 -9 -28
13 2 34
30 -20 -38
-3 -16 -38
-9 -5 -108
1 -16 6
10 6 -72
-42 -15 -21
-9 11 25
-32 -20 -30
67 -4 1
12 4 -58
-100 -1 24
-5 -16 2
8 -12 -57
-35 13 104
-5 -2 80
-10 -15 -15
20 13 94
-68 -3 1
15 10 90
-3 13 -24
-2 36 92
-14 -4 2
-8 11 -42
3 4 92
-21 11 101
8 9 -65
6 -16 -16
-1 52 93
12 -10 3
119 17 33
-7 8 -97
-82 -2 2
9 -10 33
34 -6 -25
62 -4 8
59 -3 -4
3 -15 -83
-14 5 21
1 -2 -119
32 -8 -13
30 -6 -22
-35 -15 -8
11 10 99
-2 -13 34
-33 -12 -15
-11 7 -80
67 -3 13
-11 5 70
14 -7 -5
11 -10 -41
29 -13 -37
-37 -7 -32
-15 -2 -11
35 -11 -13
-26 -11 4
18 -7 2
-2 14 81
20 -11 -5
-14 4 -38
-11 -9 36
8 1 -104
90 -2 12
10 9 41
30 13 97
31 -8 -35
11 6 4
-13 6 -10
-74 -4 -1
-12 -12 -43
62 -3 2
-3 11 95
-12 -9 27
-15 -4 19
-52 -5 1
38 -19 -29
17 -10 -22
-118 9 27
57 -3 0
12 -4 -55
70 -5 20
34 14 110
24 -9 -18
102 0 25
25 -21 -7
49 -4 1
-4 14 23
9 9 -49
12 4 -12
16 -17 -5
24 -7 -27
12 3 27
-29 -18 -38
23 12 92
-111 0 16
-29 -19 -26
-28 -6 -5
12 -5 -25
39 -10 -37
-27 -9 -16
-60 -3 -3
-16 -8 -4
-22 -11 -10
0 -5 74
30 13 105
-6 -6 68
7 -3 69
4 -14 -94
-1 41 101
-5 -17 -98
34 -16 -14
-40 -6 5
5 12 75
1 14 67
-1 14 38
-22 13 94
-4 -3 -119
-14 -7 10
-14 4 -45
-7 -15 -74
101 0 14
-12 0 64
-9 9 95
-5 -18 -94
0 40 97
-17 12 93
-12 -9 -81
71 -6 10
12 1 43
-21 -6 -20
8 -15 -35
-10 7 -90
-15 -23 -4
13 -1 3
-30 -10 -22
-1 -11 51
33 -10 -4
-20 -6 -26
-14 4 4
0 19 94
-23 -20 -5
2 13 -57
10 8 -27
-103 0 17
2 13 80
12 -2 33
3 -15 -66
-3 2 -112
-1 60 105
12 2 -71
-32 -20 -20
34 -5 -7
95 0 13
-60 -4 6
4 -3 -116
-73 -6 8
6 -12 29
15 -8 6
0 27 93
6 12 1
27 -17 -24
-5 13 67
42 15 109
52 -5 11
4 10 -91
25 13 108
-45 -5 2
117 11 27
-11 8 64
0 -15 -61
-6 10 -89
2 13 -9
9 -2 -100
44 15 113
-1 17 52
8 11 57
6 8 83
-7 -14 -54
-23 -6 -3
0 13 -15
79 -2 19
-13 -1 -90
-1 -15 -97
15 12 86
-1 57 97
28 -6 -4
13 -4 -36
24 -10 -1
-39 -12 -37
-13 -14 -25
-76 -3 13
94 -1 21
13 -23 -7
7 11 -57
35 -21 -25
-15 -8 0
-11 9 -14
8 11 28
83 -1 10
13 1 -63
-14 -2 -81
-5 13 17
12 -5 17
-4 13 -38
-2 20 84
2 1 -112
-4 0 87
-13 4 -83
-2 32 94
3 -17 -102
-37 -21 -26
-1 56 109
12 -1 -75
35 -5 -16
-32 -16 -36
-9 11 50
-12 9 19
