127 116 22
127 188 240
245 133 146
7 133 148
127 112 147
79 116 84
174 108 84
125 126 213
185 123 141
69 125 142
173 141 244
130 142 96
80 140 244
114 123 62
127 142 175
97 104 120
156 105 120
127 165 210
126 139 247
125 142 131
36 129 130
216 130 130
137 138 44
127 113 110
182 126 109
139 117 80
67 126 111
152 138 221
108 124 90
128 101 47
101 139 225
156 125 99
131 142 70
129 120 188
114 133 153
160 120 139
140 133 151
93 121 139
213 126 154
126 161 235
114 132 36
40 128 154
140 125 126
113 133 113
90 126 107
133 140 197
137 120 57
121 118 167
114 123 133
126 143 225
198 126 122
170 110 106
116 134 188
128 137 23
159 124 120
154 139 240
139 127 170
90 108 99
117 138 82
134 141 115
79 124 127
53 129 124
120 115 78
126 178 225
137 120 37
118 139 55
127 146 153
140 116 98
228 132 144
25 130 145
120 117 46
139 135 84
247 137 163
100 123 123
176 126 127
52 127 141
203 127 139
138 136 212
112 137 238
114 132 171
127 115 127
126 126 8
119 113 95
106 119 109
140 120 142
113 137 213
140 137 233
125 149 209
92 109 80
140 131 104
162 117 80
95 139 241
136 119 157
141 129 69
138 132 185
6 137 163
166 140 231
145 119 113
161 109 93
114 135 97
134 126 200
116 126 23
138 137 135
234 132 157
169 122 91
115 120 148
120 124 199
114 115 121
126 115 65
167 126 109
135 140 163
84 114 110
127 132 234
115 136 140
117 122 181
137 127 24
18 132 157
137 138 58
114 135 68
124 141 40
120 140 201
86 123 93
127 174 238
148 123 88
85 140 232
66 127 130
113 128 49
114 135 125
126 155 223
122 142 110
121 116 33
114 126 77
131 116 90
215 129 142
132 118 174
121 141 163
132 131 222
129 142 82
152 120 129
98 122 98
114 138 226
80 126 113
168 115 116
138 114 121
40 128 141
188 125 130
79 112 96
114 123 160
119 114 138
133 141 144
124 142 186
114 124 101
135 137 32
132 116 47
140 126 47
83 105 86
86 117 121
141 130 116
137 119 68
154 125 110
148 105 128
117 119 111
122 116 156
174 113 96
104 111 124
163 106 82
166 122 130
128 143 51
137 137 175
128 140 215
126 188 229
89 119 83
141 129 93
126 167 225
133 113 136
127 151 198
126 151 233
172 118 80
123 142 120
205 130 129
118 131 206
137 114 108
89 122 130
189 125 117
142 138 222
123 116 55
223 130 153
134 141 126
121 141 91
129 116 100
116 120 87
124 142 62
97 120 114
27 131 135
133 122 16
127 173 216
120 137 31
102 121 135
46 127 130
122 141 146
149 139 231
164 116 100
122 131 224
93 111 90
63 125 120
117 119 70
85 119 102
141 129 57
120 121 16
157 112 127
164 139 242
113 132 58
115 122 38
140 130 142
124 131 17
104 139 234
170 126 118
113 128 144
140 131 161
105 102 125
139 128 34
134 140 185
128 139 206
131 116 75
113 124 118
138 137 75
31 130 152
137 124 179
127 121 40
57 128 132
118 139 177
237 132 141
117 138 45
121 141 101
136 139 104
123 142 74
139 124 150
113 130 86
152 117 120
15 131 144
81 109 78
137 138 93
91 125 119
170 105 92
100 125 107
75 125 134
134 140 154
125 139 238
246 132 155
108 121 127
150 120 101
197 126 132
226 130 135
140 115 130
72 127 119
114 132 162
168 124 100
141 122 107
140 126 82
137 133 194
129 113 119
135 119 29
128 157 213
118 114 128
194 127 141
138 121 91
180 127 119
127 124 205
136 134 204
115 114 104
174 140 235
207 128 146
119 123 190
115 131 181
125 142 194
129 116 165
125 118 179
158 138 228
128 149 217
120 133 216
134 117 148
122 113 88
133 129 212
128 122 196
96 109 127
162 117 90
92 139 227
119 140 153
116 120 53
180 126 134
115 124 171
106 119 119
76 124 106
106 120 98
127 159 204
131 138 230
141 129 134
106 138 218
116 132 198
121 113 117
122 138 230
114 132 104
82 124 135
210 130 136
127 110 44
120 119 25
113 131 134
120 139 210
97 116 120
137 119 114
113 127 126
140 133 125
87 140 240
160 121 111
32 131 142
87 120 114
166 107 99
135 125 192
10 132 156
45 129 147
144 120 134
175 124 105
147 125 95
127 180 233
140 133 50
136 120 168
239 133 150
128 140 33
113 119 95
127 143 166
138 136 110
115 124 31
154 122 92
129 116 35
139 134 64
84 106 95
61 127 141
140 125 99
128 165 218
132 116 62
172 124 134
168 118 108
129 142 138
133 130 19
132 114 82
138 135 167
175 123 114
130 142 108
91 116 98
162 122 103
82 111 103
127 119 12
145 119 126
119 133 25
113 120 140
126 115 135
151 123 117
138 114 87
157 105 128
121 116 145
140 131 42
24 131 152
123 113 103
168 118 123
159 120 131
170 106 78
149 108 121
113 128 70
117 139 133
117 138 106
140 124 64
135 133 25
97 122 130
115 136 90
132 139 223
114 133 76
118 139 169
141 123 119
120 137 222
120 141 68
129 142 159
87 105 79
113 127 95
232 132 149
113 125 108
92 125 100
113 125 152
138 121 134
205 128 122
131 142 89
185 124 123
104 124 113
114 135 50
80 118 91
137 120 49
132 141 40
160 112 84
113 116 133
15 133 150
139 121 74
116 138 117
132 119 181
115 136 147
147 124 107
134 117 127
119 140 126
130 116 55
98 102 127
21 132 139
119 140 191
126 113 94
133 141 63
130 142 120
139 124 163
146 138 216
97 139 232
114 119 76
127 134 241
79 123 120
138 137 120
129 116 152
168 121 85
127 168 237
45 129 137
119 137 236
113 131 119
73 124 112
133 113 113
120 117 63
108 137 227
222 129 141
135 140 50
80 140 237
135 118 103
138 137 142
160 119 125
90 106 88
99 124 92
125 116 72
37 129 147
175 113 89
191 128 123
218 130 148
93 118 126
118 139 183
131 142 57
116 120 127
117 119 155
135 121 22
135 113 95
120 119 175
211 129 126
140 128 76
84 122 108
125 115 49
79 110 88
118 138 38
123 142 81
72 127 126
147 138 239
115 122 46
51 129 134
157 113 121
125 145 204
115 114 90
89 113 106
140 134 98
137 125 186
120 113 110
133 141 132
131 114 142
67 126 136
170 115 102
158 139 235
148 102 123
130 128 218
134 133 216
148 137 225
137 138 67
189 126 136
127 143 103
123 142 46
134 137 237
135 140 82
120 117 39
135 139 191
122 120 185
149 113 125
170 125 125
92 118 88
212 125 146
116 137 61
129 116 159
151 119 111
166 121 115
128 116 28
164 106 88
90 116 77
240 132 159
93 118 133
115 116 82
127 149 224
104 105 120
114 132 43
119 118 161
82 119 80
113 117 115
61 125 126
162 124 97
131 127 13
127 143 114
122 140 216
127 143 232
133 141 169
130 115 41
130 132 228
102 120 104
123 142 179
85 126 117
138 136 158
162 110 78
140 125 157
113 137 232
139 123 42
130 142 181
102 139 240
116 128 187
83 118 96
120 140 140
125 115 82
127 161 228
128 142 148
116 138 74
116 138 160
125 159 219
122 126 208
6 131 161
139 132 179
113 126 138
119 118 101
123 142 157
129 142 190
124 104 42
126 181 239
113 125 56
146 119 119
128 143 126
116 131 29
173 112 77
112 138 219
127 172 233
112 123 85
62 126 115
93 114 83
137 138 227
34 131 135
126 172 222
220 131 135
138 124 30
160 126 108
167 112 80
108 125 103
125 142 88
20 132 147
229 131 155
131 116 69
133 126 206
116 122 166
156 123 126
97 124 118
84 125 101
124 114 141
58 126 120
109 120 133
144 120 94
128 143 199
94 121 109
124 121 192
92 125 114
136 115 142
167 121 135
133 140 209
140 124 53
115 125 177
140 116 92
134 140 139
84 122 123
164 113 105
173 117 86
116 128 193
102 118 124
40 128 135
114 128 165
84 120 86
171 108 99
200 129 127
132 141 46
141 129 88
113 118 107
141 120 86
133 113 104
153 121 135
121 126 12
100 120 109
138 137 128
125 138 28
164 125 123
135 118 84
138 135 38
45 129 124
119 130 212
247 129 160
106 125 96
143 118 103
155 120 107
113 127 41
113 126 89
132 113 123
139 114 115
117 138 217
151 125 101
232 131 140
167 119 80
119 117 133
173 117 92
137 138 147
170 140 240
117 137 197
199 128 143
127 153 228
125 145 215
126 141 210
196 127 117
123 142 171
125 142 69
126 119 45
115 136 166
139 116 136
118 118 140
154 109 125
112 118 102
112 121 124
100 108 123
119 118 92
119 113 123
88 111 81
156 120 119
126 183 226
127 116 170
136 118 43
140 126 140
86 121 138
96 109 120
177 126 109
68 122 133
109 116 123
137 132 29
113 128 64
120 141 86
182 124 114
171 123 111
128 152 205
81 115 77
127 157 232
209 129 141
137 129 196
124 115 150
89 106 93
143 137 228
123 140 35
137 120 96
141 124 113
114 134 82
140 130 109
126 143 56
139 127 175
127 187 235
223 131 146
162 111 99
125 141 221
96 114 126
107 124 109
133 140 202
119 129 19
63 126 133
135 131 208
141 118 119
125 128 221
179 124 123
115 121 81
86 109 108
125 115 41
120 117 106
119 121 21
162 118 85
115 114 110
137 136 182
118 137 206
210 128 131
125 143 142
126 177 220
130 116 132
174 109 93
97 125 111
123 116 97
124 113 131
115 135 130
41 125 147
133 140 178
130 138 235
139 138 217
94 121 103
127 147 194
55 127 137
123 142 151
114 124 72
120 141 49
114 122 113
131 138 29
95 124 123
142 125 93
103 120 129
124 131 229
149 122 122
135 118 163
83 108 99
113 128 114
124 118 17
120 117 84
117 119 59
135 118 72
118 120 31
137 136 187
140 134 89
140 134 55
123 136 23
93 110 85
102 106 127
125 114 77
134 121 186
117 139 122
125 115 60
115 114 99
140 130 166
166 110 109
129 125 210
164 126 113
123 142 136
50 127 127
115 122 67
41 128 128
108 123 116
140 132 137
126 162 214
93 139 236
169 139 235
166 120 103
182 126 129
149 119 106
188 126 112
122 116 127
128 173 227
114 124 144
160 121 117
141 124 132
138 130 190
129 130 15
136 121 176
88 122 104
137 120 151
170 105 84
136 118 138
120 117 74
87 121 98
119 140 95
131 116 108
117 136 229
81 126 108
156 139 224
127 142 77
132 139 218
82 106 81
140 124 70
28 129 140
192 128 129
134 141 98
127 134 19
216 131 138
176 125 132
69 122 138
130 123 201
134 140 73
84 123 130
93 120 121
88 125 126
213 129 149
162 123 134
140 134 146
140 117 109
124 113 121
113 116 127
157 121 102
138 136 115
158 108 123
140 129 149
139 135 79
126 113 115
127 106 48
131 117 25
169 119 99
102 123 119
131 116 95
127 115 105
119 126 203
135 139 108
127 155 201
162 139 227
76 126 129
140 116 124
115 136 55
128 146 211
76 126 123
125 153 212
133 141 149
116 137 111
130 118 18
137 114 101
128 154 219
113 131 90
167 120 119
121 116 67
226 130 140
152 121 97
115 136 180
205 127 135
108 119 113
128 114 86
113 131 140
155 101 125
101 112 121
104 121 94
139 125 37
171 123 121
137 119 61
245 134 151
140 125 58
124 116 161
213 126 139
137 113 126
145 137 233
139 135 70
154 123 122
140 130 129
167 115 110
113 132 65
145 123 113
131 121 193
197 127 137
92 115 92
114 132 148
89 123 135
133 124 197
166 120 95
170 125 130
139 131 174
140 128 122
114 126 82
123 116 92
165 120 89
97 121 135
87 126 111
152 139 227
114 127 34
119 113 100
85 120 133
140 130 64
121 141 59
127 117 175
118 117 150
102 125 102
69 123 127
129 143 61
175 112 82
152 110 121
136 129 203
122 142 115
90 105 84
121 141 105
119 140 64
140 126 104
134 117 92
184 123 135
139 134 45
87 117 106
88 140 235
117 139 99
128 142 44
115 135 175
132 139 35
156 124 117
136 119 108
135 115 79
134 113 87
158 122 95
129 138 241
119 140 78
113 128 99
124 115 37
114 134 157
151 105 124
202 126 130
116 133 194
235 131 146
124 123 200
247 135 159
129 140 227
139 119 146
138 121 83
149 120 133
138 122 103
123 122 11
131 134 232
82 122 114
156 118 128
122 128 217
111 120 89
14 132 159
116 120 42
125 143 95
139 136 104
169 120 127
92 121 113
137 138 98
117 136 201
120 117 52
129 106 44
125 142 161
113 120 119
53 128 119
97 125 103
78 113 91
160 118 136
121 140 42
125 140 202
94 123 95
113 123 128
118 114 87
56 126 126
136 113 131
216 128 134
115 135 135
117 120 137
138 136 162
192 126 120
127 169 213
152 119 125
140 130 80
106 122 122
115 122 97
77 126 118
192 127 115
81 116 99
116 137 152
141 129 52
161 139 238
141 121 127
134 140 159
113 117 87
174 126 120
137 120 129
124 137 241
136 136 197
201 128 120
29 130 147
126 163 223
73 126 108
116 121 104
126 161 208
106 137 223
84 140 243
108 138 232
84 139 236
41 129 145
116 114 115
134 118 134
147 138 221
137 122 33
91 139 242
132 133 21
135 140 87
163 139 234
125 116 166
109 120 93
123 134 233
89 122 122
152 125 105
138 123 171
139 122 78
133 139 214
136 138 171
86 115 114
114 128 172
123 142 53
100 125 96
140 129 155
139 134 130
87 119 78
116 127 27
137 132 199
97 139 224
133 117 154
140 125 89
204 128 143
99 139 236
124 116 27
125 115 31
145 123 117
123 116 114
132 122 12
140 125 146
118 139 148
116 125 183
134 140 121
161 108 86
