127 93 162
84 164 13
170 91 50
170 164 239
86 164 110
85 123 241
172 159 125
85 92 64
170 164 14
156 90 240
117 162 187
131 162 65
170 91 115
121 110 15
170 129 188
85 104 120
85 118 186
117 163 240
170 132 83
85 144 62
126 93 91
125 162 139
117 93 210
169 117 12
84 156 157
83 157 213
127 156 13
170 96 158
158 164 166
144 130 238
86 92 23
129 93 51
156 93 200
172 160 54
88 91 157
151 162 205
136 162 103
85 129 26
170 132 149
85 119 88
102 91 241
135 90 125
170 125 49
107 162 41
148 90 16
170 115 223
170 164 90
85 123 149
85 100 215
170 128 115
170 94 83
105 162 84
85 134 114
116 118 238
106 93 182
107 90 135
147 162 37
88 164 186
86 91 95
150 138 15
88 158 241
170 143 218
85 118 54
85 128 212
109 135 15
144 164 232
110 162 213
97 164 135
129 90 241
171 156 187
113 90 29
111 162 162
146 93 73
170 144 31
110 93 70
111 162 112
85 145 91
147 93 147
135 93 186
150 93 100
170 111 134
151 162 142
141 93 220
85 152 36
85 142 177
170 134 241
112 93 112
170 91 220
170 103 182
170 95 26
135 162 171
85 143 137
85 93 192
170 113 69
103 140 238
170 113 98
144 115 15
153 162 75
84 164 74
100 93 47
98 115 15
170 144 168
150 93 39
172 157 149
151 93 169
142 108 238
170 145 101
157 162 109
147 164 15
106 161 12
170 111 202
126 143 238
166 90 136
170 117 166
107 162 62
169 164 216
170 150 73
87 164 52
130 133 15
141 162 123
131 162 210
85 103 236
155 148 238
126 162 34
85 108 36
125 90 13
125 162 85
107 93 162
85 142 197
102 93 13
168 164 34
169 106 241
88 143 12
170 137 12
106 93 93
85 109 164
85 142 231
137 162 191
86 91 135
132 93 31
102 93 222
150 162 56
125 93 142
85 117 106
170 143 134
85 120 129
170 109 40
101 164 230
85 125 70
85 135 44
154 162 183
102 162 197
170 127 27
170 143 200
95 164 168
97 93 205
127 93 71
136 162 153
170 110 115
163 93 66
170 134 64
85 138 158
95 93 79
85 106 74
85 105 144
159 120 238
153 91 117
98 113 238
85 150 120
96 164 29
85 95 174
95 93 109
122 90 226
86 104 12
85 111 202
135 93 108
135 162 49
160 103 15
87 164 90
149 93 56
150 162 94
170 142 47
115 101 238
140 93 203
119 93 193
112 162 128
85 127 171
161 150 15
97 164 151
167 91 99
170 129 207
132 158 241
85 96 49
170 113 150
127 162 225
156 162 127
84 164 227
168 164 200
85 113 223
131 122 238
135 103 15
83 159 140
170 149 236
170 106 55
111 162 26
158 93 184
170 143 117
170 93 193
170 128 134
98 162 119
170 91 235
171 161 173
168 164 67
85 120 13
157 162 225
172 159 110
85 149 76
116 162 98
120 93 174
116 93 44
129 162 115
120 162 49
97 93 32
103 162 179
166 164 138
96 93 145
150 90 131
170 91 12
170 110 25
154 93 86
170 129 227
85 142 216
117 124 15
85 147 106
170 128 96
139 163 26
98 91 123
83 160 198
157 90 226
101 148 15
170 104 215
155 162 240
168 91 171
137 93 172
85 125 198
170 115 83
129 104 238
156 125 15
137 162 79
170 129 172
170 150 88
106 154 238
85 104 100
85 154 171
112 93 148
84 164 124
111 162 142
105 127 238
170 117 181
170 143 182
121 162 172
119 162 201
115 148 15
87 91 229
95 164 215
139 93 84
117 93 59
122 162 154
160 164 45
98 93 62
142 152 15
85 132 93
142 93 241
97 164 102
85 153 21
85 113 23
161 93 148
85 128 228
158 90 26
85 120 40
85 132 56
155 104 238
85 103 86
124 92 116
139 162 138
85 152 186
137 93 138
114 162 226
87 164 39
170 99 125
167 91 207
161 164 153
141 93 158
119 162 69
137 93 62
170 148 59
164 93 37
85 134 80
96 133 15
156 133 238
170 154 41
142 145 238
95 164 66
157 163 26
170 103 227
146 162 161
111 103 15
130 120 15
85 106 61
119 133 238
85 132 184
116 93 84
170 153 207
85 92 119
96 168 16
85 134 128
98 93 171
140 162 218
127 93 202
170 155 22
85 106 181
85 147 49
146 93 191
139 93 44
117 93 100
90 92 241
91 134 238
86 91 38
83 156 98
85 140 32
141 129 15
170 122 60
153 93 211
170 163 161
172 160 228
137 91 12
170 145 152
117 90 241
95 93 186
170 125 73
93 147 238
85 92 206
126 144 15
113 91 16
146 90 28
84 163 27
158 164 85
125 164 22
98 162 52
170 100 145
124 90 128
139 140 15
130 162 182
85 123 118
146 162 174
144 162 67
170 105 89
170 120 37
130 93 217
85 109 132
109 93 202
170 105 168
170 118 212
170 118 124
170 139 91
83 158 61
170 123 237
117 152 238
165 164 182
93 157 12
147 119 238
166 164 101
127 162 127
158 114 15
135 162 91
170 128 161
85 94 145
170 101 69
85 153 231
162 90 124
170 117 192
131 133 238
149 162 193
123 90 24
96 164 78
103 101 238
159 164 13
172 160 80
143 90 230
146 162 108
112 91 122
170 153 139
158 163 213
103 90 23
88 112 241
85 137 145
85 148 207
105 124 15
160 93 55
132 93 152
88 91 219
170 134 105
85 117 140
170 132 40
170 127 16
155 93 157
134 164 16
85 164 174
85 117 213
85 137 103
147 105 15
98 164 240
170 154 220
85 100 200
170 103 108
119 162 119
170 120 142
101 93 194
170 143 80
170 120 108
159 90 15
85 133 13
163 164 118
163 164 57
96 103 15
170 155 98
85 147 152
83 157 84
88 94 12
83 157 46
159 164 193
160 93 110
127 162 75
140 93 98
85 109 192
85 117 76
156 93 76
121 162 212
120 135 15
112 93 220
170 105 192
110 162 51
110 93 172
85 96 76
107 93 37
170 105 12
141 92 116
170 92 181
119 161 12
85 154 132
95 93 90
84 164 150
143 157 241
170 96 59
96 90 135
145 93 181
106 162 73
85 103 225
85 142 22
85 103 22
109 114 15
155 162 65
170 152 177
125 93 39
85 114 96
85 137 168
126 162 99
170 138 159
85 128 159
170 133 124
97 164 42
85 135 67
90 164 206
85 109 46
139 162 201
121 162 59
129 93 81
85 106 154
85 92 105
85 118 176
146 162 150
170 153 197
170 144 21
117 93 162
85 104 110
111 162 152
160 138 15
170 153 161
117 90 136
163 155 239
170 153 118
87 91 85
163 140 238
129 162 163
85 134 203
170 124 198
100 93 156
106 93 56
144 162 86
125 162 193
170 134 54
111 162 173
85 147 164
164 93 90
85 98 128
170 100 98
166 164 23
131 90 228
85 142 241
101 162 94
121 99 15
98 162 187
170 115 51
125 114 238
95 122 238
170 133 218
116 93 183
170 135 74
170 139 227
85 99 32
98 93 99
103 93 83
107 162 188
170 100 44
170 139 191
85 120 30
85 128 106
170 147 125
114 143 238
126 93 104
85 113 115
85 118 161
170 103 79
153 162 118
147 162 130
84 164 162
155 93 139
100 162 207
170 99 135
171 156 65
129 164 233
170 91 150
158 163 36
161 164 75
110 93 191
144 162 183
147 162 47
151 149 15
114 162 89
117 162 36
149 162 221
136 93 75
139 162 114
170 101 206
85 93 166
141 162 59
107 115 238
170 138 210
170 152 50
135 90 23
155 93 46
170 110 232
85 123 221
170 137 142
137 162 35
107 162 120
85 118 65
170 120 91
119 162 106
127 93 179
85 125 137
161 164 94
107 93 212
85 104 172
145 93 108
107 93 104
114 162 78
85 147 223
85 98 184
134 111 238
132 93 194
85 127 49
134 149 15
109 164 238
160 164 174
163 93 164
147 162 27
161 93 217
161 164 232
93 93 54
170 103 34
131 111 15
170 122 154
110 162 202
88 164 99
85 150 198
95 100 238
141 162 210
103 162 129
170 100 117
170 124 220
124 93 153
85 100 67
98 93 213
122 96 238
102 164 21
168 98 241
102 162 218
168 115 241
84 156 112
170 147 13
170 164 42
170 155 31
95 164 223
127 93 62
85 142 186
168 164 191
84 164 133
136 164 228
170 156 12
100 162 110
100 162 143
85 155 12
142 90 130
127 152 238
92 93 69
85 152 144
130 90 135
167 91 75
97 90 234
96 90 17
93 93 163
102 162 34
120 164 231
100 162 162
119 162 147
170 144 66
117 93 74
135 142 238
85 142 118
117 162 135
124 125 238
85 118 194
85 120 232
85 124 80
170 137 176
170 108 127
131 162 56
127 162 202
165 164 208
170 109 176
85 108 210
155 93 62
170 149 109
170 109 143
159 111 238
85 100 162
85 153 69
103 162 169
97 164 86
85 164 217
170 137 27
164 164 129
83 157 179
161 93 174
111 164 18
93 93 40
83 160 235
90 164 139
86 91 56
109 94 239
172 159 134
159 164 143
84 156 223
160 96 238
90 93 198
95 164 198
162 90 232
149 99 238
170 108 157
142 162 98
85 109 231
103 108 15
127 162 148
85 130 37
85 133 222
85 140 74
101 139 15
126 93 189
85 124 181
135 99 238
134 93 208
134 162 132
85 148 27
85 113 149
170 134 197
147 139 238
144 93 50
93 93 177
111 93 50
85 100 56
145 93 89
141 160 12
137 164 237
120 162 221
121 93 218
85 112 12
170 91 107
85 110 84
124 162 41
114 110 238
103 93 142
146 123 15
85 143 41
121 106 238
170 125 127
170 124 178
120 162 162
85 130 152
129 162 106
85 127 18
140 93 149
170 118 27
153 162 101
170 145 142
170 91 123
149 156 12
150 98 15
136 152 238
170 91 65
85 134 233
119 90 234
126 164 14
170 96 212
93 164 128
122 157 241
90 90 29
93 90 224
100 93 115
155 162 149
158 163 134
170 157 241
137 90 235
97 164 176
91 124 15
170 149 189
85 127 62
117 93 201
129 162 217
170 92 227
91 149 15
85 139 55
85 119 203
98 156 241
170 119 133
140 93 32
85 114 123
85 133 135
139 120 238
170 124 84
170 152 132
170 138 235
136 162 162
149 93 201
170 98 90
149 93 218
145 93 210
142 93 166
85 144 84
129 98 15
135 162 145
170 135 113
115 93 36
98 133 238
129 93 169
86 164 83
170 153 169
85 99 153
170 143 39
109 162 99
145 93 139
84 156 205
88 164 20
170 164 146
84 161 191
85 164 65
160 93 207
85 149 241
91 164 231
170 98 16
158 164 202
151 162 83
91 164 158
111 133 238
134 93 91
136 93 51
170 113 108
109 164 231
170 137 20
85 132 192
85 101 192
170 113 90
170 149 228
85 108 217
146 93 65
170 95 34
170 103 235
170 106 62
170 128 142
165 90 29
108 90 226
164 93 156
113 156 12
84 161 104
164 164 222
133 92 118
85 152 57
166 164 168
83 159 34
170 93 143
149 154 238
168 91 43
163 104 238
88 91 184
114 162 181
172 158 213
163 129 238
170 122 206
170 96 200
154 93 191
151 93 177
103 162 149
170 113 59
85 150 217
140 93 194
85 127 124
85 124 191
132 93 40
119 93 108
114 162 193
137 162 71
170 115 44
149 90 226
137 119 15
170 133 182
141 162 44
170 101 22
85 101 40
102 93 69
107 144 15
142 162 144
107 152 15
149 111 238
170 108 221
170 132 90
170 164 115
85 95 223
104 90 234
85 149 99
96 164 59
164 93 189
157 162 51
170 164 61
170 98 169
170 130 235
163 157 12
105 91 30
149 90 235
163 90 241
85 95 235
126 164 240
155 164 20
166 164 84
170 91 163
83 156 150
115 162 207
85 99 140
106 162 106
170 150 147
170 108 103
155 93 95
85 134 21
125 93 212
132 162 40
85 123 101
170 133 166
170 124 167
131 162 29
139 162 178
105 162 138
111 123 238
170 110 78
102 162 46
170 98 177
85 98 17
153 162 42
161 90 132
91 164 120
169 164 75
135 157 12
169 142 241
91 93 99
91 93 139
170 91 20
111 158 241
170 98 51
154 162 171
165 111 15
88 91 112
91 108 15
172 159 202
157 162 158
84 164 46
172 160 194
154 93 31
93 164 49
141 164 20
172 157 74
172 157 89
85 106 52
163 128 15
139 93 213
170 123 101
135 93 178
115 93 94
92 164 108
170 111 34
85 140 109
93 93 153
85 139 210
134 93 69
85 130 143
124 93 56
134 92 223
117 92 116
136 93 163
83 157 119
85 111 67
135 127 15
170 134 132
115 130 15
115 118 15
134 162 124
170 140 56
170 120 18
170 138 152
85 144 124
130 162 156
170 123 186
85 138 90
85 125 90
101 93 177
110 93 80
147 162 212
85 140 130
85 124 56
170 119 66
102 130 15
120 93 65
170 119 172
106 90 126
164 164 162
170 147 210
147 93 83
85 111 171
85 100 93
141 108 15
85 149 113
156 93 103
102 93 149
103 93 188
170 139 99
91 93 60
135 93 144
164 95 15
164 90 225
84 156 76
112 93 139
90 93 171
94 90 128
171 162 97
164 91 117
85 98 108
83 160 20
87 164 239
91 138 15
88 100 241
89 92 212
127 90 234
119 93 12
83 156 53
122 152 15
170 96 110
84 162 168
101 90 229
149 92 241
171 162 28
85 98 117
171 162 180
96 93 240
170 155 105
170 155 233
168 164 109
84 164 210
85 91 126
172 159 37
85 154 30
92 164 147
85 96 100
153 162 32
83 159 69
88 91 47
170 109 183
170 110 213
101 162 64
150 164 231
100 93 39
160 164 69
93 93 192
109 93 156
170 152 153
149 93 156
102 93 76
145 162 74
