74 171 90
237 86 178
19 86 178
210 166 76
151 163 178
140 85 96
18 87 77
58 166 178
107 86 178
237 86 90
232 171 157
145 168 105
18 145 125
173 89 155
71 89 121
101 168 140
97 120 80
183 117 80
238 135 115
199 133 174
17 166 76
63 114 174
186 168 136
21 86 127
18 136 174
47 128 80
113 134 174
215 89 133
67 86 76
57 168 132
130 89 139
141 131 80
238 124 158
113 166 76
153 122 174
178 89 114
235 124 76
221 171 116
24 171 156
173 157 80
101 85 92
197 170 171
95 167 177
202 85 78
141 171 143
144 85 177
18 114 101
51 89 150
201 86 178
168 86 76
34 171 105
18 115 142
96 89 147
239 162 90
110 168 109
42 88 98
75 85 172
47 161 76
234 147 178
82 138 174
238 103 120
144 162 76
18 134 77
124 107 80
189 168 106
78 144 80
123 171 170
206 138 80
238 96 149
173 145 174
82 168 117
35 111 174
91 109 174
171 171 159
238 149 140
47 138 174
114 89 116
220 111 174
184 108 174
76 168 154
209 89 106
123 108 174
70 114 80
158 89 132
46 86 178
212 111 80
212 168 140
25 171 129
117 140 80
162 168 128
152 106 80
18 90 152
35 106 80
18 149 100
189 89 136
47 89 123
34 161 177
18 144 149
216 86 157
166 134 80
18 90 104
76 88 98
220 166 178
57 168 109
135 141 174
168 86 178
47 168 156
238 117 101
120 171 129
149 89 155
127 85 161
86 98 80
167 168 98
238 140 93
118 86 76
73 89 147
91 161 77
235 102 76
162 87 97
141 89 118
238 157 118
238 118 137
210 170 98
195 88 156
92 89 116
127 167 93
233 169 136
40 86 76
190 170 83
18 123 122
18 115 163
188 85 93
235 85 129
224 149 80
213 147 174
178 166 178
144 87 76
31 150 80
185 141 80
222 86 76
75 157 174
54 102 80
92 169 98
18 155 166
223 130 174
231 89 109
120 171 150
32 85 164
144 104 174
238 104 171
139 171 123
106 100 80
16 162 115
112 156 174
142 171 163
119 86 97
200 168 122
238 144 159
18 102 118
239 166 177
193 152 174
166 104 174
196 168 152
174 124 174
18 167 95
188 98 80
153 144 174
59 146 80
75 168 136
18 115 78
96 144 80
134 123 174
152 146 80
104 171 159
65 163 76
54 171 90
218 91 174
92 85 164
18 131 106
65 133 174
16 162 143
215 171 159
57 89 109
152 171 89
229 166 76
97 127 174
111 89 133
134 147 80
201 112 174
59 97 174
171 103 80
37 89 139
85 89 132
173 168 115
197 89 120
43 168 120
18 107 178
31 171 84
39 168 140
109 85 160
18 100 89
228 171 100
197 155 80
98 168 123
158 89 114
157 168 148
124 87 178
98 146 174
34 128 174
220 85 93
218 127 80
59 149 174
79 120 174
58 89 136
32 145 174
117 122 80
127 167 110
107 113 174
81 128 80
64 85 160
58 85 93
238 100 99
134 161 177
184 85 175
238 123 175
233 85 160
63 129 80
238 133 144
238 119 118
197 124 80
138 115 80
78 101 174
18 166 178
97 86 76
32 89 116
32 122 80
62 171 161
129 89 109
153 122 80
18 97 137
81 171 170
18 131 159
172 168 143
112 171 92
71 168 105
238 153 103
128 161 78
204 89 144
238 139 77
157 85 167
118 89 148
18 129 92
185 171 161
174 89 138
158 168 112
18 129 136
238 157 153
162 171 171
158 160 80
238 102 134
18 104 153
91 168 152
34 96 174
145 89 138
137 175 86
81 85 84
18 122 177
238 135 129
42 171 170
27 85 88
130 85 85
226 89 145
95 95 174
172 171 84
46 153 174
238 111 153
18 155 85
64 168 147
216 89 118
43 142 80
46 120 174
85 113 80
91 89 101
206 160 174
100 171 84
156 85 83
18 93 165
111 100 174
162 89 145
48 106 174
127 89 126
65 168 120
183 86 76
201 102 80
163 134 174
122 146 174
186 140 174
237 155 76
205 85 92
139 100 80
106 89 104
196 171 95
239 166 107
48 114 80
68 101 80
195 89 105
220 171 129
46 85 164
188 124 174
78 157 80
128 131 80
226 111 80
238 87 77
46 168 100
238 125 89
191 97 174
133 97 174
109 151 80
211 150 80
183 171 94
238 112 89
178 129 80
174 85 93
20 101 76
129 167 140
109 170 171
53 86 76
238 135 169
164 155 174
168 89 122
107 130 80
144 152 174
82 88 156
177 96 174
218 171 88
204 168 109
18 158 131
27 171 171
87 168 132
30 171 117
18 141 88
86 150 174
98 89 129
129 167 159
232 171 123
95 168 110
86 171 87
151 168 136
210 127 174
185 89 148
155 98 174
19 150 178
207 85 166
224 155 174
184 168 148
168 115 80
35 89 152
184 168 123
201 89 132
62 85 177
18 150 112
167 146 80
18 141 137
34 134 80
122 122 174
200 168 139
183 85 163
238 149 128
151 168 122
71 89 133
79 89 111
146 131 174
185 155 80
18 102 101
226 136 80
209 98 174
33 161 76
30 89 103
20 85 115
211 170 171
230 171 170
87 85 176
217 96 80
92 171 165
135 89 150
184 89 125
112 111 80
69 170 171
223 171 144
110 168 122
69 85 88
182 166 76
112 171 138
24 171 142
238 93 167
175 168 132
43 89 112
59 118 80
194 113 80
18 135 117
16 162 156
71 146 174
195 85 167
21 145 76
238 150 87
57 124 174
18 109 132
35 171 150
147 89 109
238 160 142
144 85 165
238 86 118
18 86 141
169 85 166
64 171 97
134 85 171
239 165 165
23 168 107
162 86 157
43 96 80
238 156 171
100 109 80
65 89 101
156 168 101
127 134 174
202 145 174
18 117 90
18 113 116
166 117 174
156 111 174
138 89 129
238 133 104
123 158 174
171 89 105
238 106 109
102 160 80
42 171 87
220 161 78
189 162 178
239 162 128
228 100 174
112 85 85
47 85 85
213 85 83
103 168 100
135 112 174
224 141 174
109 145 174
211 168 121
59 89 125
196 144 80
152 133 80
238 146 114
32 85 177
175 156 174
238 96 87
199 166 76
220 89 106
82 168 106
177 168 104
125 93 80
139 171 96
54 136 80
18 120 153
229 115 174
29 92 80
226 89 123
91 133 80
202 171 160
206 89 155
53 171 169
57 157 80
237 85 149
48 168 145
123 171 84
206 171 85
219 171 105
76 93 80
167 164 178
129 167 125
161 169 83
27 171 95
85 162 178
232 170 89
229 93 80
101 158 174
239 166 80
238 95 126
238 117 166
224 85 166
101 104 174
87 150 80
90 85 90
82 168 145
149 171 171
45 164 178
151 170 156
209 123 80
102 136 174
128 119 80
178 134 174
131 151 174
47 89 136
117 171 160
18 160 104
183 89 101
102 85 169
18 144 166
119 171 117
238 103 160
117 100 80
67 139 80
163 96 80
107 89 123
130 88 98
109 168 150
38 169 129
21 97 178
27 119 174
237 114 76
133 171 150
18 152 155
147 85 89
157 86 178
215 89 148
46 96 174
18 87 94
108 89 145
238 96 111
180 107 80
82 89 144
106 141 80
23 85 161
188 127 80
238 122 148
18 139 98
65 160 174
63 170 83
173 171 170
175 92 80
152 89 99
82 171 96
221 171 167
16 164 166
46 152 80
87 89 77
133 170 171
185 169 171
188 89 115
238 134 154
76 111 174
238 124 109
67 89 112
224 89 136
210 168 131
138 171 111
68 106 174
119 89 107
18 152 144
217 141 80
195 168 131
174 139 80
200 123 174
211 117 174
74 168 126
63 89 144
229 171 111
238 109 143
215 135 174
18 124 83
144 151 80
53 168 121
174 109 174
54 85 159
163 93 174
134 89 77
161 171 158
237 86 139
18 155 121
120 155 80
238 144 103
57 138 174
18 129 145
18 97 127
87 127 174
153 153 174
18 103 165
92 136 174
164 85 88
193 88 76
227 85 177
233 167 147
30 89 131
231 87 97
74 167 79
107 85 77
18 127 169
32 171 161
76 167 177
152 167 77
21 155 77
18 104 143
18 95 112
238 112 125
120 89 133
116 85 167
147 89 126
238 141 122
146 115 174
195 168 114
76 107 80
53 85 170
16 166 123
211 85 176
54 166 81
25 108 80
234 138 177
97 86 178
142 171 133
101 87 157
142 171 153
131 171 103
103 168 115
231 161 177
238 141 148
104 168 132
75 129 174
69 153 80
238 127 126
139 89 105
162 125 80
48 168 136
180 117 174
209 168 149
109 85 95
238 153 161
153 89 142
97 96 80
29 136 174
52 89 99
113 164 178
18 167 85
135 166 79
141 167 172
40 168 111
26 89 144
126 166 178
239 166 118
182 85 85
166 166 76
18 91 85
191 161 78
117 89 125
101 89 138
101 89 114
238 91 101
211 107 174
204 113 80
162 146 174
144 108 80
67 85 169
144 123 80
209 93 80
18 141 158
68 95 174
18 104 110
122 85 88
200 95 174
206 89 122
156 89 123
38 89 126
117 91 174
175 149 80
238 93 158
166 168 150
19 166 134
21 166 149
207 158 80
222 171 154
73 85 158
40 103 174
85 171 160
104 122 174
25 167 79
74 133 80
37 114 80
169 168 123
87 89 123
238 133 84
86 140 80
112 92 80
107 118 80
238 140 137
195 85 88
51 146 174
78 119 80
82 93 174
223 119 80
18 127 114
177 89 129
26 103 174
194 107 174
177 168 153
56 158 174
26 139 80
108 169 83
100 171 170
63 93 80
84 167 79
213 168 112
25 128 80
237 167 99
196 86 97
101 168 152
200 166 178
103 93 174
149 92 174
97 115 174
60 109 80
18 118 131
195 89 142
118 131 80
174 171 93
58 106 174
59 85 84
184 151 174
162 104 80
130 101 80
139 85 84
18 123 103
135 139 80
74 168 116
42 129 174
227 128 80
65 168 131
238 114 110
238 108 100
18 140 107
151 97 80
91 89 138
18 96 145
116 115 174
233 146 79
149 170 98
56 168 155
168 89 114
144 141 174
158 89 105
194 171 161
103 167 177
226 102 80
96 152 80
235 111 178
25 161 177
226 170 83
145 168 114
235 95 178
191 89 177
41 167 79
180 171 84
75 85 78
67 89 153
144 168 82
131 171 116
70 171 159
224 87 157
40 85 90
26 152 174
212 164 178
116 171 103
21 85 170
140 87 157
229 124 174
40 85 172
41 87 157
114 125 174
151 155 80
193 168 144
70 118 174
158 168 139
175 120 80
51 130 174
238 125 100
56 125 80
123 89 115
238 157 110
124 144 80
18 138 128
117 86 157
130 89 118
169 168 107
145 139 80
91 168 117
37 120 174
56 168 142
238 111 133
91 168 139
89 124 80
120 114 80
217 123 174
238 150 95
27 89 155
156 89 152
22 167 117
238 156 133
21 130 178
146 175 86
124 95 174
235 85 170
229 85 89
18 113 172
54 168 98
161 171 94
204 89 99
85 86 97
177 86 178
18 157 175
103 171 92
138 158 80
89 167 171
151 86 76
158 161 176
92 160 174
84 89 105
218 106 80
152 85 161
84 106 174
150 85 171
238 96 139
52 89 142
201 131 80
158 115 80
37 135 174
52 89 129
238 129 134
38 150 174
161 141 80
114 89 140
18 153 94
149 114 80
97 89 106
197 168 104
65 141 174
37 89 107
91 89 153
85 114 174
18 106 84
180 168 140
238 130 163
52 115 174
168 89 133
209 140 174
26 89 111
18 135 150
193 133 80
151 89 117
38 128 80
182 168 110
95 85 84
31 85 77
144 89 149
129 153 80
218 153 80
35 168 171
74 139 174
49 168 111
42 108 80
43 89 148
217 85 169
71 168 144
41 142 174
51 89 115
130 104 174
136 89 112
138 134 174
238 119 128
171 138 174
189 168 154
128 114 174
107 129 174
212 89 140
161 168 120
217 160 174
18 113 150
156 171 164
194 104 80
211 101 80
218 89 126
67 166 178
40 171 94
108 89 111
118 171 143
21 142 178
228 171 129
127 167 132
186 88 156
36 85 83
40 171 157
93 167 82
161 88 76
60 170 171
26 86 97
32 171 134
32 171 125
79 171 84
183 160 174
71 169 98
131 171 87
231 89 153
217 168 149
218 171 137
235 129 178
54 86 178
120 139 174
220 171 95
45 89 105
238 150 148
79 145 174
238 103 85
191 89 126
79 89 122
18 135 166
221 103 174
178 89 149
53 95 80
26 112 174
145 123 174
128 89 149
134 85 163
186 131 174
118 171 110
64 168 112
90 168 125
140 96 174
60 89 117
18 93 120
238 142 170
119 171 93
123 167 77
76 85 165
195 97 80
86 85 169
153 130 174
177 168 125
216 118 80
175 89 121
18 112 109
238 86 109
237 95 76
23 170 164
49 85 93
116 171 83
18 90 132
238 158 84
226 157 80
197 171 83
26 89 176
239 161 159
239 163 149
183 92 80
238 96 118
98 133 80
85 89 116
97 168 132
127 85 169
238 134 122
211 89 99
209 130 80
112 171 131
82 168 125
64 168 139
231 89 116
69 85 177
201 104 174
124 171 100
133 171 136
103 91 80
238 120 82
40 158 174
238 140 84
24 89 121
18 157 138
36 156 80
174 85 81
18 91 172
21 122 76
144 160 175
235 155 178
179 141 174
199 89 111
18 167 103
238 125 142
27 157 80
238 102 145
18 100 159
84 168 138
18 109 122
155 168 128
195 139 174
231 119 80
224 171 122
183 92 174
188 85 169
18 149 138
91 109 80
65 152 174
78 85 90
52 149 80
111 171 164
184 89 109
131 112 80
138 89 177
18 122 137
145 168 126
157 138 174
18 125 129
171 130 174
238 109 116
91 117 80
185 101 174
161 150 80
18 108 159
189 147 80
190 113 174
