-27 34 -61
30 -35 119
-32 34 53
32 -34 -1
32 -35 -119
31 34 92
-32 -35 -37
-33 -34 81
32 34 -102
32 34 21
-33 -7 -119
-30 20 118
32 -14 -61
32 -19 58
-33 -20 22
-33 32 -4
23 34 -35
-8 -33 -86
-12 34 -118
-11 -20 117
5 -35 32
11 1 -118
-33 -6 -67
7 -35 -37
32 5 -7
31 5 119
-7 32 83
6 -33 85
-33 -5 57
-6 32 23
-33 6 -32
9 32 -73
32 19 58
-10 -33 -5
3 34 118
-33 18 -94
32 -3 27
-3 -33 -120
32 2 -91
-33 2 90
-12 32 -31
-33 12 26
32 -14 91
29 -34 -87
9 32 -6
-32 -35 49
2 32 53
32 -18 -29
-32 -35 -107
-33 -14 -9
32 16 -58
-32 -35 -67
11 -33 -65
-34 30 91
32 -32 28
4 3 117
-32 -35 109
-4 -33 60
32 31 118
-33 -6 116
32 9 -33
14 30 -120
31 -35 -48
-7 32 -94
-33 -8 -92
-33 18 -119
32 11 82
31 -35 79
33 31 -12
-33 16 70
-12 -33 -53
33 30 -78
15 32 74
-33 9 1
32 12 -113
-32 -35 2
6 -35 109
32 -11 -111
1 32 -50
10 -33 9
18 -15 117
23 34 43
14 -33 -15
-11 6 -118
-13 -33 19
-34 30 -37
-29 34 18
-13 -33 96
11 -33 -103
-12 -33 -27
-33 -12 -46
-33 14 -54
17 -33 50
-15 32 105
-12 32 1
10 32 96
32 -16 10
-27 34 -82
32 14 15
25 -33 99
-33 -29 -87
32 -1 49
-15 32 41
-33 -19 94
-29 34 -107
32 16 37
14 32 -92
15 -20 -118
32 15 102
-33 -15 74
32 -33 -67
-13 -35 41
-23 34 72
-33 15 -74
-33 14 45
-12 -14 -118
-33 -5 37
23 34 -58
11 32 14
-33 -31 -18
15 19 117
-17 6 117
-11 32 -71
32 -14 -81
-33 20 -19
32 -3 70
-15 -33 75
31 -35 -24
-33 -15 -28
32 -14 -10
15 -33 69
32 2 -70
32 31 -120
-29 -35 31
-33 -3 16
5 32 -26
32 -19 40
32 33 69
-12 -33 -103
-32 34 35
9 -33 -82
32 -26 -102
32 -1 -48
-33 2 -15
-20 -33 -120
-15 -33 -70
-32 34 108
28 34 5
32 -8 108
-20 32 -15
0 19 -118
5 32 36
-33 -19 47
-6 18 117
32 18 -98
-17 -35 118
33 28 -46
5 32 -107
-33 5 -108
-28 -22 117
-33 -28 64
-33 15 103
-17 32 -48
18 34 111
0 32 69
32 23 -27
-33 -20 -61
-33 1 73
32 -20 75
-33 -20 -111
26 -33 14
32 -34 60
-15 32 60
13 -35 -120
32 19 1
32 -1 7
-33 22 9
-30 -35 -52
32 -1 -22
32 2 94
32 12 -81
32 -24 108
-19 -33 57
-33 -18 7
5 -22 117
32 -20 -44
17 32 56
29 0 -120
32 -18 24
22 -35 -36
19 -35 35
-29 -34 16
30 -35 45
-6 32 -15
19 32 28
31 34 54
15 -33 -49
-22 34 118
-33 -16 -81
0 -33 -19
17 32 -18
-33 2 -46
-19 -8 117
2 -15 -118
32 -11 -96
-20 32 28
32 26 81
15 32 -46
2 -33 -54
-19 -33 6
-33 2 -83
0 -33 45
18 16 -118
1 -33 19
-16 -35 -40
-15 20 -118
16 -33 119
-20 32 92
-31 -35 95
31 -22 -120
-33 31 -119
-32 34 -20
33 30 35
-33 18 87
-34 30 -71
-33 -8 103
-2 -33 73
-4 32 96
-2 -33 -73
-33 28 -51
-3 -34 119
-16 32 -105
-33 7 118
18 2 117
1 32 -120
32 -5 -35
4 -33 -6
-6 -7 117
32 33 105
18 -33 -2
31 18 119
32 12 -18
1 32 5
-20 -33 -12
-33 -22 -98
-10 32 -58
-24 6 -118
11 -33 98
32 10 67
32 3 -104
32 -17 119
19 32 87
-33 -8 -105
32 -26 -15
-4 -33 7
-17 32 12
0 -33 -98
21 -33 -77
21 32 -108
-24 34 -95
-34 30 65
22 -35 -111
33 28 -64
-33 -34 -120
-21 -33 -83
-33 18 -41
-33 7 61
-33 22 -105
21 -33 87
-3 32 -82
21 32 -77
-33 28 77
-7 -33 86
-33 19 -6
-33 -23 -40
32 20 26
-2 32 -37
15 -33 20
-9 32 118
-6 -35 106
-4 -35 -44
27 34 -88
-24 -33 -98
-33 22 36
9 32 -60
17 -33 -91
-17 20 117
32 -26 -77
-33 -23 33
32 -5 83
-33 -6 5
-33 22 54
-33 6 -65
-15 32 -84
32 24 -109
32 -29 90
-33 3 -95
5 32 82
0 -1 -118
32 11 -46
-33 3 102
7 -33 58
-7 -35 31
-21 -35 105
32 9 27
32 -6 39
-33 23 -83
17 32 3
-33 -24 104
32 -26 -54
21 -10 -118
-33 -27 -75
31 34 -23
23 -33 -60
-3 33 108
-23 34 -33
32 19 -70
-21 -6 -118
11 -33 -27
-24 -33 -29
32 20 -39
-33 -5 -37
-21 -33 -61
-33 -11 28
32 27 12
-33 -8 83
-33 -26 -3
7 32 24
7 -7 117
-33 7 12
32 -10 1
-33 -15 61
-33 23 22
32 -22 -91
-19 -33 86
-33 1 27
32 -2 -60
21 32 -7
-11 -26 -118
22 33 100
-33 -23 82
32 -28 -36
-25 -33 70
-2 -34 -31
-25 -16 -118
22 -35 109
-2 -35 -109
-22 32 -71
-34 31 119
-32 34 7
32 23 92
-18 -35 30
32 23 109
32 6 108
-33 18 -29
32 22 48
-8 32 50
1 -33 95
32 10 52
32 -11 -50
-33 -8 -57
32 -27 7
-33 3 48
-33 -5 -26
32 22 69
-23 33 -1
-34 28 -94
-22 28 -120
29 21 -120
-28 -34 119
31 -35 -98
23 -26 117
-33 9 36
6 14 117
32 23 -88
-17 32 82
-33 -19 -18
32 -11 48
32 -3 -82
32 2 18
11 32 47
-20 32 50
-7 5 117
26 -33 70
4 32 -96
32 1 60
-33 -24 -50
-33 12 -84
7 32 107
22 32 16
-6 32 -107
-24 -35 40
-31 -35 -8
32 -35 -11
30 -6 119
-28 34 83
5 -27 -118
32 -34 107
32 -34 -108
32 -27 50
32 19 -10
-33 7 81
32 -11 -22
32 6 41
-7 32 35
32 -8 16
32 -22 -3
-6 -33 -61
9 32 -39
-34 30 44
33 31 -34
32 -27 19
-27 34 -44
23 34 65
-25 34 61
33 31 45
-33 26 -62
15 32 -28
4 10 -118
32 10 6
-11 -35 -113
32 -12 66
9 32 65
32 -18 100
-33 -27 -31
32 -10 -70
5 32 -15
-2 32 -6
-11 -33 -16
-33 27 101
-33 -29 41
11 28 119
12 -35 42
-25 34 102
-24 34 40
32 34 -55
-21 -35 -107
19 -33 60
-33 11 -12
32 7 -56
-33 -15 -70
21 -33 -100
-33 -26 54
32 -28 37
23 -27 -118
-24 37 -117
-32 -35 -79
22 33 -99
25 34 -48
27 34 81
1 32 -67
-19 -26 117
14 -33 79
0 32 15
21 11 117
-33 -1 -3
6 32 -87
6 -34 119
-25 -35 -44
-33 -28 9
32 -27 65
32 -24 -64
32 -20 -109
-33 -7 -79
-15 -33 -92
32 -22 85
11 -11 -118
21 2 -118
-33 -6 66
32 -7 99
32 -10 57
32 -27 99
-33 -24 73
-4 32 60
-2 32 43
14 32 37
9 18 -118
-13 32 -9
23 34 -119
-33 16 -64
-34 28 -28
-33 2 -119
32 11 -91
-10 32 69
-20 -33 -3
-4 32 -26
-33 6 -74
23 -33 -15
21 -33 -27
-33 -10 94
-33 -28 90
-25 12 117
-33 -31 -96
-33 23 109
33 30 -2
-33 -29 -58
4 -34 -46
-28 -33 57
23 28 119
26 -33 53
22 -35 -120
-33 -14 15
-21 -24 -118
32 20 -50
-33 2 -57
-25 2 117
-11 -33 67
-33 -8 -18
-33 -8 45
32 10 -66
-8 32 11
0 -33 -82
-7 32 -46
6 -33 69
7 -33 -94
-8 -6 -118
-33 7 109
-33 -28 26
-33 14 -102
-24 16 -118
31 34 -111
17 32 -69
9 34 -115
-20 -33 -22
32 -34 -58
32 -27 -26
-33 -15 113
32 27 -96
-19 -33 48
32 -8 -120
26 34 -70
-33 -34 -27
-34 30 26
9 -35 -111
13 -26 117
-23 -33 96
-24 -33 24
-27 34 -10
-34 28 -14
1 26 117
22 -35 -45
-19 32 -58
-6 28 -120
-13 -35 109
29 -34 -77
-30 -23 -120
-33 9 -41
32 -10 75
1 32 90
32 -6 -15
-15 32 -22
-15 32 22
-33 12 -23
1 -12 117
4 -33 3
26 9 -118
23 -33 5
32 2 78
7 -33 24
32 -11 -40
32 3 -40
32 18 77
-10 -33 53
-33 -3 -112
-10 -33 -77
-33 12 54
-17 11 -118
32 27 100
32 27 -19
-16 32 -95
-23 34 109
13 9 117
21 24 -118
32 12 94
26 34 -16
23 34 -24
32 -18 -73
32 3 33
-33 -12 53
19 -33 -67
-24 -33 -75
-33 12 -111
15 9 -118
-21 -16 117
-33 -19 -90
-33 -28 -113
-33 -14 36
14 -35 107
-27 -35 -113
6 26 -118
27 34 29
28 -35 36
22 -34 44
-32 10 -120
32 -27 119
32 -29 74
-27 -33 88
26 -33 -6
-21 -33 -50
-33 23 94
32 22 -81
31 -35 7
-13 32 -39
32 7 100
32 11 -26
-33 14 18
-33 -15 -39
-25 34 -53
-33 -24 -11
32 -3 -112
32 5 -83
-33 -12 -1
-4 11 -118
32 -2 -1
4 -33 -66
32 -19 49
32 10 -99
32 -16 109
-13 32 98
30 -35 -40
-34 30 -102
-34 30 -80
-25 27 117
-32 34 71
23 34 73
14 -34 29
-33 -28 112
7 32 74
15 -7 117
-33 -32 73
14 32 -100
-33 22 45
9 32 -52
32 -18 -102
32 -14 83
-33 16 78
-13 -33 -61
-33 -1 109
-3 -20 117
-3 -26 -118
32 -19 -22
5 -35 -120
-33 -7 74
26 34 111
32 15 109
11 -33 -73
1 32 -60
32 -28 -44
25 -18 -118
32 -35 95
25 -33 26
-6 -35 39
22 33 50
-33 23 -75
33 28 64
32 27 -71
30 34 14
32 3 -15
-7 -27 117
-10 24 117
-33 -12 -112
-3 32 -74
-3 32 77
32 18 9
32 -12 35
11 32 86
-33 7 69
-33 9 94
-2 -33 -90
6 -33 -15
-33 1 9
-11 -33 3
10 -33 -2
-15 -1 -118
-13 12 117
-33 -15 87
-33 -22 14
-33 -16 -53
-13 32 88
-19 -33 66
32 -27 -113
32 -22 -83
-33 18 61
-19 32 -78
-33 -12 -99
32 -7 -90
4 -33 -26
-33 -1 -102
-15 32 -65
17 32 -83
-25 -33 -90
6 -33 49
-22 32 -25
-22 32 21
-16 32 73
-8 -35 -37
-32 34 -88
14 -28 -118
27 -34 -31
-34 28 -109
-30 -35 65
33 31 85
-32 34 98
-23 34 7
17 32 -54
32 14 -5
-33 19 -49
5 -6 -118
-4 -33 -10
-33 24 -1
1 -33 54
-33 -3 98
32 -6 -102
-15 32 33
-33 14 6
32 -23 29
-33 -26 -23
-33 -26 -66
22 33 9
-25 -33 2
23 -5 117
-33 31 -45
-10 34 111
-12 -33 -120
-16 27 118
1 -28 117
-33 -31 100
-10 -35 116
33 30 27
-29 34 -27
-17 -35 -32
25 20 117
-34 28 16
-32 -16 -120
32 27 -54
2 -34 104
-32 -35 -45
-28 23 -118
-7 -33 24
-33 31 -58
30 -35 19
-20 34 -112
23 -33 81
32 -28 82
25 -18 117
7 -33 77
7 -20 -118
32 5 87
-10 32 -100
-7 -33 14
11 32 31
23 -33 -94
17 -33 -57
-33 -24 -104
32 -18 -37
-6 -33 98
-4 -18 -118
-10 32 -79
11 32 -12
-33 -3 -10
32 -10 24
30 34 -95
-33 -15 105
-21 -33 12
17 -33 11
9 -33 -52
-33 -5 -49
4 32 99
14 32 22
32 7 12
-33 5 -9
32 -20 67
14 -33 91
-33 -18 67
-33 16 112
32 -20 16
22 -33 -52
-8 32 103
32 -6 64
6 32 -79
32 -28 -6
2 32 62
32 2 -28
-8 -14 117
32 18 -107
-24 -33 -67
-33 -20 -33
-21 32 -87
-15 -33 -47
30 14 -120
-31 -35 23
-31 -35 10
32 -28 -86
32 -2 113
-27 34 91
-27 34 27
-24 -35 -36
10 34 115
2 -33 -104
0 -33 28
15 -35 -108
17 32 104
0 34 -111
33 28 73
18 32 95
27 34 -40
27 34 -7
33 28 5
23 34 35
-32 -35 -91
-28 34 115
17 32 118
27 -33 -103
32 -33 -18
-33 23 66
-23 33 -104
32 26 41
33 28 -84
29 11 118
33 30 112
-32 -28 119
32 -19 -56
-25 -33 82
-25 -7 117
10 32 53
-33 -10 22
-8 -33 47
32 9 61
32 9 -73
-33 10 87
32 12 -40
22 -33 -83
26 34 87
32 22 32
-33 -29 -41
-33 -14 -62
32 -2 -9
-30 -35 -61
32 -10 9
32 -16 2
32 15 -32
-33 20 15
-31 34 -75
-31 34 -67
-33 1 62
15 32 64
32 26 -7
-7 18 -118
9 20 117
-17 -2 117
-3 -33 -3
-33 2 39
19 -33 -8
32 -7 90
0 32 -88
-19 -15 -118
32 6 -112
-33 6 -22
-6 -33 -104
-33 19 -112
18 -33 100
-33 15 37
32 19 83
11 1 117
32 10 75
2 32 -44
-33 -3 50
-3 -33 66
32 -1 107
1 32 22
17 32 -40
-33 16 95
-33 27 50
32 26 19
-33 27 32
32 24 118
-32 1 119
30 34 61
-28 -33 -22
32 -34 67
27 34 -78
-33 28 5
32 -35 86
23 34 58
-33 27 -21
28 34 -29
-33 -12 -86
-16 -33 -79
27 -35 -115
-33 -24 -83
5 32 -33
-33 -5 88
9 -16 117
-33 12 -46
23 -33 119
-33 -29 33
-20 -35 -113
-33 7 19
17 32 -62
1 -33 12
-33 -22 61
32 -19 -15
32 -14 -87
-33 -26 48
32 -26 -70
-10 32 75
32 3 -98
32 -3 -75
32 -15 -116
-16 32 6
6 32 43
17 -5 -118
-25 -1 -118
15 -33 -82
32 -11 -29
-33 10 -95
-33 -1 -71
32 16 -87
-7 -33 -69
-7 -33 77
6 32 18
10 32 -22
-15 -7 -118
-15 -14 117
32 2 66
-2 -33 82
-2 -2 117
-33 -7 -5
-3 10 117
-6 -33 -53
-4 5 -118
-33 -10 10
17 -33 5
-8 32 -5
32 -8 -6
-6 32 5
5 -33 -73
-15 -33 -86
-33 19 -12
5 3 -118
32 -6 -26
-33 23 83
-33 -19 40
-33 -14 -22
32 24 54
19 -33 -20
11 -33 15
-33 16 31
-33 -28 78
-33 -16 -105
-33 6 -88
19 -33 75
-3 -11 -118
-33 -1 -32
32 -5 -43
-33 -23 3
-33 -19 -5
11 -33 64
32 -3 -95
-2 32 28
-2 32 -102
-33 -14 99
-33 11 74
-6 32 -53
32 12 22
-12 -7 117
32 11 -107
-33 -11 -33
32 14 47
-33 7 -102
32 24 -103
-16 32 66
-33 -19 53
-33 -24 98
-20 -33 19
32 -28 44
9 32 -45
11 32 79
-33 -1 -64
6 -33 91
-11 32 27
-21 -33 75
21 32 -88
14 32 -77
32 20 15
25 34 94
1 -35 -40
-13 -35 35
-22 32 86
-33 -32 -3
14 34 -111
-16 34 115
32 6 -120
-11 34 -112
32 27 -40
32 -31 113
32 23 -60
27 -11 117
-19 33 -119
13 -35 36
30 34 -65
-29 34 -100
-33 23 73
-33 23 -56
-3 34 116
-33 26 -43
-31 -35 41
-12 -33 28
32 -28 -120
0 -35 113
32 20 -19
32 34 76
-17 32 -3
-23 33 79
-15 -35 -108
26 34 117
-28 -34 104
26 -33 -71
-25 34 53
-29 34 77
32 -31 -94
25 34 22
-22 32 34
-33 -29 19
