36 156 70
220 61 184
218 197 69
63 59 186
124 195 186
140 62 69
220 162 168
39 59 88
36 156 168
124 197 86
220 103 92
142 105 183
100 122 71
167 59 135
169 146 71
100 59 125
179 195 125
69 195 123
36 97 141
81 120 183
220 109 150
165 156 183
220 156 109
195 60 68
69 197 184
73 197 69
116 59 178
220 61 125
88 59 69
51 107 71
169 60 186
36 144 119
130 197 135
169 197 69
187 197 178
118 148 183
187 116 183
169 97 71
38 105 186
35 194 94
55 59 131
126 156 71
37 197 154
220 197 139
219 138 69
77 154 71
75 158 183
138 61 109
95 195 152
138 120 71
36 95 103
112 87 71
173 61 97
91 85 183
195 61 158
36 65 162
157 195 160
130 61 145
212 197 105
219 131 186
81 61 156
217 95 186
195 169 71
75 61 101
219 191 186
155 195 101
220 142 139
102 195 115
37 185 186
220 69 92
36 179 123
61 77 71
36 128 152
191 122 71
102 181 71
36 130 88
112 111 184
106 61 94
199 91 71
100 177 183
220 79 152
195 150 183
55 136 183
220 124 115
189 83 183
220 93 125
153 171 71
83 97 71
63 89 183
144 59 170
185 195 92
192 60 118
148 181 183
46 183 71
142 134 184
65 195 154
36 165 97
220 173 86
167 69 71
140 89 71
124 85 183
69 128 71
220 169 133
63 195 97
36 77 123
191 195 152
36 118 123
37 77 186
153 81 183
91 195 90
36 160 141
89 59 180
218 111 68
114 59 69
36 85 74
142 195 68
122 197 160
102 148 71
169 61 160
155 195 133
106 61 150
167 101 183
218 75 68
193 59 182
185 173 183
128 197 111
169 132 183
193 195 69
220 132 92
216 197 164
91 197 176
48 197 133
163 120 71
124 171 183
100 134 183
144 142 71
57 173 183
165 197 184
220 138 164
53 61 109
36 103 164
218 59 162
197 144 71
59 61 162
124 179 71
77 59 129
59 114 183
36 124 174
51 196 172
142 158 183
118 109 71
120 132 71
61 59 84
150 61 90
67 175 71
122 59 123
199 61 97
128 60 87
55 144 71
215 160 70
220 179 154
146 59 129
36 177 162
202 61 137
220 114 174
210 173 183
220 179 115
218 152 186
42 60 68
173 167 71
140 197 172
38 132 68
36 63 141
97 154 183
220 152 88
89 195 131
36 107 86
220 87 105
48 197 112
77 179 183
110 195 137
220 95 164
201 195 131
93 79 71
114 198 69
42 59 180
38 146 186
220 93 74
75 138 183
148 61 152
203 195 86
36 77 97
212 59 78
134 60 186
108 75 183
39 166 186
124 126 183
172 60 117
36 83 158
220 158 150
220 122 135
81 195 109
181 83 71
36 140 137
126 75 71
199 132 183
167 177 183
173 195 148
157 118 183
206 73 183
219 179 69
183 61 143
171 79 183
36 97 121
93 197 70
219 59 143
195 195 113
36 118 105
220 142 121
75 73 183
110 197 173
220 197 121
55 197 78
36 148 88
110 195 99
85 136 71
36 162 115
110 165 71
163 195 117
91 61 109
83 101 183
85 171 71
220 77 133
220 75 170
155 196 82
221 191 88
36 197 76
37 59 118
128 61 164
173 195 168
70 59 69
141 197 149
143 196 120
67 61 145
81 195 162
120 61 105
201 105 183
65 97 71
215 60 108
157 61 107
100 103 71
185 103 71
89 61 88
206 197 178
36 179 86
150 107 71
55 162 71
220 181 172
79 114 71
36 181 145
208 126 71
36 144 156
220 107 109
59 152 183
108 95 183
36 183 107
177 195 107
159 83 71
36 136 105
36 111 150
36 81 139
126 101 183
77 81 71
79 195 145
201 107 71
220 126 152
220 85 88
181 59 170
189 59 84
169 195 92
153 60 186
140 197 94
75 59 170
181 185 71
66 60 118
116 197 123
175 130 71
181 142 183
75 195 86
206 59 172
153 146 183
55 73 184
99 61 168
179 59 70
93 61 139
55 190 186
46 89 183
37 100 69
155 59 74
187 99 183
183 152 71
63 195 137
112 59 135
134 103 71
51 61 148
36 195 123
207 196 148
35 193 168
38 116 68
169 59 82
220 116 82
102 59 80
150 197 185
161 59 172
181 158 183
220 95 145
36 71 78
220 107 131
138 89 183
104 60 186
159 134 71
220 138 107
138 120 183
106 196 82
203 77 71
206 187 70
220 75 113
220 169 101
153 154 71
95 109 183
197 181 183
67 126 183
110 162 183
181 59 129
104 193 186
181 197 78
140 181 71
177 190 186
220 77 184
65 195 170
132 144 183
220 154 131
89 167 183
134 75 183
134 183 183
36 120 137
36 150 103
114 181 183
114 61 162
110 73 71
155 185 71
110 61 115
36 93 174
75 59 82
206 59 123
36 173 70
35 193 137
220 183 135
173 116 183
65 111 71
36 165 82
126 89 71
130 142 71
38 132 186
85 185 71
49 196 91
108 195 160
36 65 105
128 197 70
148 73 71
199 195 166
51 195 158
36 140 174
44 118 183
36 75 172
42 197 184
61 190 69
201 89 183
36 91 86
183 71 183
36 162 156
155 169 183
91 158 71
36 154 129
185 195 137
155 95 183
71 107 183
197 195 99
208 61 152
197 167 183
53 101 183
53 61 94
85 190 186
120 197 145
93 71 183
157 197 173
46 75 71
220 183 99
159 59 119
207 196 119
218 109 186
208 144 183
220 118 101
89 144 183
69 144 71
136 165 71
220 162 121
132 59 131
36 128 115
173 111 71
36 130 129
189 73 71
116 148 71
61 195 113
165 177 71
55 89 71
221 193 152
108 124 183
220 150 172
120 71 183
77 59 184
185 130 183
159 195 145
114 136 183
220 146 154
36 173 174
161 61 148
187 61 101
36 120 162
206 118 183
220 118 162
79 61 113
142 197 82
114 59 84
206 60 186
220 128 76
128 59 74
220 73 80
41 144 70
36 195 109
55 59 70
48 197 145
77 197 174
208 171 71
167 195 135
181 61 156
57 132 71
102 134 71
79 61 143
140 171 183
136 61 97
36 167 127
130 156 183
46 195 69
75 87 184
185 140 71
185 195 166
95 91 71
220 165 180
167 144 183
210 146 71
193 183 71
146 130 71
203 61 111
220 142 80
49 122 71
126 197 99
136 196 185
181 59 184
157 132 183
36 77 111
81 195 121
130 197 123
126 114 183
112 122 71
53 59 172
219 61 69
155 197 69
93 61 152
218 197 176
197 193 186
203 158 71
208 158 183
40 59 129
142 59 80
122 197 174
159 187 184
57 195 125
192 196 83
100 67 71
124 120 71
95 195 105
36 107 111
36 118 80
36 97 154
155 61 162
97 169 71
83 71 71
51 162 183
177 93 183
36 73 152
220 101 174
183 173 71
67 160 71
163 160 71
36 103 131
120 61 152
197 132 71
138 61 158
153 93 71
220 114 121
112 99 71
36 87 129
73 185 71
69 169 183
212 101 71
144 195 107
143 196 160
83 197 78
134 59 119
220 162 80
220 190 111
36 185 76
142 196 131
49 59 119
202 60 85
220 67 154
173 167 183
65 181 183
220 146 99
55 175 71
91 114 71
36 175 135
116 197 109
106 144 183
220 134 131
220 171 145
220 95 113
36 111 172
163 71 183
36 138 80
36 89 113
194 60 169
46 179 183
206 65 71
142 61 139
132 59 174
208 197 76
46 59 78
170 197 81
212 59 133
67 59 135
220 63 172
114 187 70
86 60 169
36 105 99
220 77 101
220 169 158
177 73 71
220 71 143
85 134 183
140 154 71
220 134 174
220 87 137
134 130 71
55 124 183
177 105 183
165 195 105
71 148 183
104 85 183
95 61 99
106 195 127
63 61 105
183 61 111
73 195 133
65 77 184
208 185 183
114 175 71
146 60 117
37 59 152
212 61 90
155 60 136
67 61 92
220 177 182
65 59 174
218 197 80
65 196 82
220 152 76
122 60 138
142 67 183
175 197 178
220 124 178
102 191 68
163 61 90
212 87 71
85 59 121
46 61 162
220 187 125
46 60 138
95 197 81
220 105 76
214 197 94
93 195 162
36 65 174
167 195 158
187 195 105
85 156 183
193 73 183
36 81 84
138 75 71
100 195 139
191 59 131
220 83 123
181 120 71
79 126 71
36 130 141
153 195 115
220 152 119
185 195 115
220 128 105
36 128 78
220 158 99
36 95 184
89 179 183
157 105 183
220 83 76
36 175 99
89 124 71
161 105 71
197 61 148
189 93 71
220 97 103
165 91 183
44 91 71
36 173 113
87 146 71
148 118 71
97 120 183
220 107 160
36 120 90
93 99 184
220 95 84
51 60 186
36 152 178
220 188 74
187 189 185
130 187 70
95 187 184
38 67 186
212 197 133
63 67 71
51 195 103
220 87 180
73 69 71
206 195 158
102 61 107
220 126 125
36 136 162
220 136 154
193 195 125
69 195 107
36 69 129
36 85 168
179 195 158
81 195 95
75 103 71
106 111 71
73 91 71
132 197 160
122 169 71
142 144 183
36 140 94
36 148 143
110 140 71
49 152 71
220 103 121
218 122 68
179 93 71
110 195 148
65 136 183
79 169 183
91 195 115
36 148 78
169 59 72
36 171 145
220 73 123
179 59 84
69 61 162
183 162 71
146 61 103
132 134 183
208 136 71
122 99 71
49 144 183
220 175 125
193 140 183
169 195 125
191 111 71
59 120 71
220 169 113
148 126 183
220 154 160
197 195 143
65 99 183
61 152 71
144 99 71
124 181 183
36 99 80
83 79 183
36 152 113
114 193 186
85 61 99
219 59 99
220 67 133
220 187 164
171 61 107
59 197 180
40 197 86
44 162 71
36 69 90
220 61 84
36 187 129
75 189 185
130 197 148
210 134 183
122 61 94
110 59 125
110 59 170
220 171 74
102 195 90
150 195 90
36 85 180
123 62 185
36 183 176
120 197 135
85 59 135
167 187 70
104 61 139
217 142 186
37 73 69
173 69 183
48 197 122
132 67 71
146 195 141
210 116 71
85 59 80
44 61 101
37 59 77
212 83 183
36 69 117
38 189 68
148 195 168
40 197 174
212 197 185
199 59 76
170 60 169
120 67 71
100 59 178
114 61 143
218 120 186
36 188 151
161 59 182
42 59 170
212 103 183
102 197 178
79 62 69
91 61 162
220 188 143
116 197 78
104 105 184
85 195 154
36 85 105
181 181 183
114 171 183
173 152 183
75 97 183
220 93 94
169 61 143
83 69 183
142 81 183
116 79 183
220 130 143
220 114 139
120 162 183
146 116 183
59 195 145
220 124 88
155 126 71
36 126 101
36 107 139
220 97 133
124 140 183
36 144 129
155 142 71
220 99 154
220 69 180
85 111 183
75 165 71
220 126 166
195 83 71
195 124 183
197 114 183
102 160 71
69 195 145
36 148 164
93 59 76
55 99 71
159 73 71
220 171 172
175 177 71
71 61 109
173 61 152
36 89 150
199 118 71
65 136 71
134 97 183
91 195 143
220 114 92
51 81 183
220 71 162
148 85 71
102 61 158
44 152 183
104 95 71
220 91 172
220 87 156
191 61 92
220 65 117
73 195 166
142 190 186
132 197 176
46 134 71
134 197 86
144 59 180
218 148 68
167 197 174
38 175 186
189 59 74
93 197 185
57 61 139
177 193 68
195 197 173
208 61 164
36 188 114
169 187 184
46 132 183
138 197 139
79 191 68
120 59 170
118 197 94
36 162 178
81 197 184
65 190 186
220 190 172
171 59 125
42 61 111
122 61 115
191 61 139
65 158 183
36 158 107
197 197 76
220 146 113
169 136 71
150 195 154
163 111 183
95 142 71
208 197 170
116 158 71
83 195 137
221 193 103
142 171 71
132 114 71
75 138 71
36 134 121
220 132 119
75 195 115
36 130 168
132 81 71
120 81 71
175 126 183
120 95 183
120 107 183
132 107 183
220 120 145
191 160 183
171 79 71
179 195 86
165 89 71
79 177 71
187 61 162
171 195 113
73 61 152
195 101 71
220 175 107
36 167 168
55 71 71
91 177 71
199 67 183
220 69 107
75 195 101
108 154 71
106 81 71
97 61 115
59 195 164
71 65 183
37 156 186
36 124 70
211 60 117
130 197 168
185 197 69
36 187 162
59 59 123
136 200 73
38 197 131
93 187 70
206 195 97
218 197 113
57 61 154
157 158 183
220 177 162
102 165 183
175 103 71
175 158 71
195 97 183
69 83 71
197 71 71
67 116 183
220 134 84
36 138 145
36 111 129
132 150 71
36 122 145
36 138 113
148 179 71
85 93 184
220 181 88
91 101 71
36 114 180
77 61 92
36 103 148
191 150 71
150 61 143
165 195 166
36 97 94
161 195 90
144 97 183
108 195 107
191 61 109
163 165 183
36 63 97
112 61 103
144 162 71
36 89 137
77 130 183
87 126 183
167 124 183
177 195 133
159 140 183
165 128 71
128 61 107
220 142 176
36 105 119
93 195 123
132 173 183
36 156 121
220 85 115
220 156 139
116 128 183
183 59 121
63 69 183
220 175 94
220 103 143
212 197 86
161 148 71
177 195 95
161 61 99
100 77 183
112 87 183
36 105 156
36 99 113
36 179 154
36 85 94
130 61 156
199 59 129
36 73 137
36 122 182
193 195 135
126 77 183
36 79 131
36 85 121
163 59 127
110 195 117
183 132 71
36 165 72
51 111 183
163 83 183
179 61 103
220 79 141
181 85 183
203 195 111
193 160 71
210 179 71
49 171 183
203 81 183
36 95 162
150 69 183
220 160 90
108 152 183
36 152 154
36 75 160
36 183 97
81 89 71
91 69 71
36 190 83
169 59 178
36 132 178
44 99 183
81 59 176
138 61 88
67 59 78
120 59 78
46 189 185
122 197 117
138 197 113
