139 130 161
32 54 93
30 201 93
225 54 92
226 202 93
30 128 164
128 198 91
129 54 100
226 108 163
82 198 164
80 128 94
75 57 164
183 201 163
185 125 94
171 57 164
226 164 143
30 182 147
30 107 111
87 112 161
130 108 94
226 57 145
179 177 94
134 202 144
81 74 94
78 179 94
178 73 94
30 78 153
125 79 161
226 102 111
226 152 93
33 152 92
183 151 161
68 153 161
120 152 94
175 101 161
225 202 161
108 165 161
63 199 128
104 57 133
56 57 128
197 200 123
189 57 129
149 170 161
101 200 123
30 148 130
149 57 133
161 200 117
155 145 94
226 130 135
202 80 161
48 84 94
60 89 161
113 81 94
202 176 161
30 73 120
227 194 128
148 80 94
52 202 159
201 94 94
31 202 124
106 54 163
212 143 161
226 86 139
93 82 161
117 109 161
196 202 93
141 54 163
47 126 94
99 202 93
112 195 164
30 176 109
150 178 94
38 157 161
100 54 104
159 54 104
58 118 161
46 54 156
94 140 161
66 153 94
165 103 94
214 126 94
30 106 145
226 66 118
146 98 161
208 174 94
98 105 94
60 55 91
62 202 93
198 54 100
197 118 161
152 198 164
70 101 94
168 127 161
106 175 94
226 166 116
225 81 91
188 152 94
130 202 118
52 176 94
203 54 163
106 130 94
176 176 161
56 176 161
165 198 92
166 200 143
30 54 137
76 57 112
226 73 164
130 154 161
202 200 149
135 132 94
84 174 161
226 138 112
30 132 111
91 156 94
156 148 161
155 77 161
79 200 109
79 57 141
226 179 160
125 54 146
86 200 141
128 179 161
30 127 138
128 57 122
178 78 161
154 122 94
115 131 161
30 202 161
226 108 139
169 57 140
33 100 92
47 199 110
226 186 108
42 98 161
30 169 131
147 202 100
179 56 110
107 199 144
140 160 94
53 139 161
45 54 109
223 107 91
30 74 94
41 202 142
199 73 94
75 130 161
181 200 110
164 164 94
30 93 126
207 57 119
226 157 163
186 54 151
204 57 143
210 200 106
127 178 94
132 198 164
58 69 161
114 202 105
225 128 164
30 156 112
208 98 161
30 61 164
226 145 147
207 149 94
51 107 94
81 56 91
153 116 161
223 54 163
69 201 150
30 145 148
130 88 94
226 120 119
226 84 119
226 152 129
199 113 94
30 133 92
179 54 92
184 200 136
30 88 107
32 172 91
149 200 134
33 175 164
226 174 93
62 55 146
180 93 94
226 189 145
81 198 91
171 136 94
143 57 112
92 54 153
104 97 161
166 57 122
51 143 94
108 72 161
144 60 94
191 136 161
114 98 94
30 56 119
226 91 162
148 104 94
124 57 164
213 202 135
114 54 92
30 116 96
75 79 161
72 102 161
99 183 161
64 120 94
47 66 94
30 193 109
198 158 161
87 155 161
154 54 152
161 69 94
30 187 131
98 70 94
208 195 164
116 57 110
65 81 94
30 109 129
84 91 94
191 95 161
136 114 161
45 82 161
117 202 131
42 189 161
113 148 161
30 80 136
219 54 108
181 194 92
70 187 161
92 140 94
131 71 94
166 189 161
189 186 161
30 165 148
214 66 94
190 66 161
226 178 130
48 193 94
215 190 94
95 200 108
95 202 156
99 125 161
140 83 161
226 70 133
224 202 115
226 121 150
113 194 92
199 187 94
119 121 94
92 187 94
181 109 94
43 115 161
83 112 94
46 57 141
45 162 94
226 54 130
86 57 124
226 136 92
64 200 111
81 200 124
119 94 161
212 116 161
226 73 148
60 57 110
65 136 94
77 164 94
181 118 161
47 199 126
33 143 164
60 54 163
87 96 161
161 91 161
162 85 94
105 148 94
174 200 124
226 72 104
88 66 161
31 89 164
149 201 150
163 166 161
56 103 161
64 185 94
193 137 94
120 137 94
191 168 94
99 85 94
111 54 148
140 57 145
137 68 161
30 107 164
119 202 154
30 62 106
168 117 94
226 152 109
226 117 105
71 57 128
52 154 161
212 69 161
55 200 142
34 186 93
144 156 161
128 140 161
102 57 119
212 161 161
29 197 147
68 168 161
167 113 161
140 187 161
95 119 94
226 101 126
214 161 94
153 131 161
215 94 94
140 119 94
207 130 161
72 116 161
220 202 148
42 57 127
226 143 163
30 117 154
140 191 94
226 88 104
32 54 151
186 166 161
30 122 121
166 181 94
117 68 94
116 165 94
30 93 141
169 202 156
124 166 161
80 143 161
189 62 94
144 199 114
196 200 106
79 150 94
177 161 94
193 57 116
30 67 132
208 54 92
212 200 120
172 143 161
167 70 161
188 202 151
226 101 152
95 57 91
148 134 94
100 153 161
66 172 94
134 202 103
168 202 104
212 57 131
59 93 94
136 202 130
104 113 161
111 178 161
65 202 162
190 84 94
154 64 161
114 57 124
87 54 105
57 189 161
92 57 140
65 67 94
197 202 162
116 202 118
216 82 161
214 185 161
166 57 93
185 54 163
154 190 94
47 127 161
136 148 94
102 163 94
95 167 161
30 143 118
226 121 92
118 205 94
172 54 152
98 199 136
159 179 161
155 57 116
226 176 146
30 129 151
30 164 103
107 113 94
30 88 92
212 112 94
226 165 102
47 167 161
30 185 118
71 200 136
212 54 154
30 156 140
38 202 103
226 201 138
142 93 94
130 103 161
30 65 144
87 186 161
105 84 161
89 168 94
137 168 161
189 83 161
187 107 161
57 163 94
137 57 132
63 131 161
177 57 128
226 166 129
226 133 148
215 173 161
81 202 153
199 125 94
80 54 153
87 124 161
29 199 136
48 54 96
154 54 92
30 189 163
30 142 105
180 142 94
122 121 161
166 150 94
139 144 161
210 137 94
118 57 135
30 92 153
42 64 161
30 134 129
208 81 94
30 165 120
71 54 97
94 57 164
214 202 93
39 142 94
200 199 134
226 84 152
120 202 142
151 163 94
226 119 132
30 121 108
201 148 161
174 163 161
175 89 161
99 195 164
31 76 164
185 57 140
219 57 119
130 89 161
104 134 161
72 202 100
155 104 161
226 190 163
226 187 93
122 190 161
158 201 106
200 188 161
159 57 142
185 200 122
40 109 94
108 202 156
226 128 107
66 142 161
104 186 94
226 177 118
41 202 163
43 146 161
168 57 111
177 200 149
38 202 115
71 91 161
226 139 123
129 161 94
162 199 128
190 179 94
69 66 161
200 162 94
56 74 94
226 169 155
159 112 94
136 172 94
95 104 161
226 61 104
163 137 161
56 202 103
175 202 94
105 62 94
226 93 92
226 109 119
200 106 161
226 144 102
217 145 94
227 195 100
41 76 94
105 200 114
226 175 106
179 190 161
30 103 102
30 117 142
159 132 94
179 64 161
117 65 161
120 187 94
90 202 99
226 101 99
69 54 153
39 202 131
33 65 91
33 118 164
159 202 157
206 194 92
41 93 94
158 54 163
203 54 110
129 57 110
42 202 93
102 95 94
226 142 133
116 157 161
181 139 161
38 202 152
75 88 94
99 69 161
188 54 104
42 179 94
75 177 161
153 201 93
172 190 94
72 190 94
76 66 94
125 100 94
158 57 128
30 84 120
66 57 136
30 102 120
174 126 94
199 57 134
226 191 117
175 84 94
226 154 153
220 202 103
204 104 94
86 134 161
132 54 157
143 54 103
153 188 161
137 203 93
140 202 155
136 56 91
124 202 106
223 70 92
102 57 145
174 54 100
224 164 91
71 200 122
30 175 122
200 70 161
30 179 138
50 92 161
79 162 161
158 172 94
226 152 140
163 155 161
38 54 164
172 200 134
30 119 131
131 124 161
147 199 124
30 138 142
226 89 129
117 54 156
226 59 155
191 176 161
86 76 161
30 130 102
216 132 161
30 78 105
90 199 130
137 80 94
81 140 94
150 85 161
214 106 161
36 124 94
217 96 161
30 164 159
217 57 140
186 202 95
43 152 94
220 202 128
80 102 94
193 200 143
118 112 94
130 188 94
226 98 138
226 94 118
149 114 94
34 54 110
33 162 91
203 200 116
120 88 94
217 196 164
146 145 94
60 107 94
227 197 154
30 179 99
204 202 97
118 54 100
224 118 164
144 109 161
191 146 161
52 57 119
30 97 111
226 80 110
75 116 94
127 62 94
46 72 161
46 180 161
30 102 154
141 177 161
30 102 136
126 202 127
186 127 161
148 140 161
65 80 161
39 132 161
195 54 146
224 64 164
104 202 100
207 202 157
30 67 156
142 195 164
164 198 164
194 57 163
41 57 117
124 202 162
30 176 155
172 169 94
54 78 161
30 151 156
56 151 94
199 57 124
159 200 138
197 128 161
138 103 94
53 118 94
183 57 120
226 157 121
81 89 161
64 110 161
155 98 94
111 155 94
189 115 94
146 121 161
226 186 135
90 200 116
96 92 161
189 104 94
62 54 102
56 202 151
153 89 94
226 58 112
106 73 94
226 127 127
30 70 111
59 165 161
144 71 94
47 106 161
173 200 114
154 158 161
226 109 148
110 90 94
95 57 111
146 57 124
146 71 161
55 57 138
125 131 161
226 173 138
107 187 161
95 57 130
29 195 119
226 77 127
114 180 94
54 199 117
128 202 137
30 136 157
125 78 94
191 200 116
65 57 121
39 54 99
158 156 94
30 84 146
59 149 161
92 79 94
211 90 161
107 54 109
59 193 94
223 166 164
82 189 94
89 62 94
192 194 163
75 202 161
101 54 156
128 57 138
214 54 98
172 65 94
199 55 91
191 194 92
29 199 102
143 54 153
46 201 150
188 76 94
41 54 148
216 83 94
68 144 94
210 152 161
200 167 161
187 74 161
127 70 161
30 65 122
93 128 94
30 167 111
30 112 120
137 57 120
38 194 93
226 117 141
110 199 135
101 138 94
101 175 161
130 202 156
108 54 98
173 199 163
32 98 164
226 99 163
213 59 161
52 202 95
171 92 94
184 91 161
88 179 94
173 107 94
226 78 141
144 200 142
176 131 161
191 199 132
226 61 138
123 150 161
226 92 147
200 65 94
30 151 104
208 186 94
166 175 161
156 77 94
74 79 94
53 185 94
226 149 120
118 85 161
56 127 94
139 92 161
30 161 130
44 117 94
173 154 161
65 177 161
51 94 94
93 96 94
41 170 94
184 133 94
80 200 133
132 124 94
110 105 161
152 65 94
65 97 161
30 144 95
120 175 161
226 112 128
226 131 119
117 74 161
30 172 142
163 140 94
82 104 161
55 61 94
199 173 94
30 190 154
187 202 104
201 89 161
199 85 94
52 57 164
71 198 92
226 136 102
190 93 94
226 74 118
84 57 164
146 62 161
98 200 145
79 57 132
95 113 161
165 77 94
210 199 143
150 57 145
226 81 160
99 192 94
190 54 95
160 200 149
130 61 161
207 200 127
221 115 94
217 174 94
35 182 161
227 197 109
127 115 161
110 119 161
127 54 92
30 88 132
42 132 94
95 174 94
142 128 94
110 57 140
201 137 161
77 200 143
71 57 145
126 116 94
226 181 100
226 114 156
219 149 161
45 101 94
178 54 157
226 186 155
136 181 94
226 185 122
200 142 94
226 139 155
71 130 94
209 72 94
90 194 164
69 195 164
33 54 129
89 54 96
117 57 144
103 61 161
110 204 94
137 54 108
165 54 146
60 54 154
69 54 108
144 200 92
111 200 127
77 151 161
83 57 116
207 121 94
171 81 161
187 187 94
219 182 94
184 100 161
191 160 94
67 113 94
226 128 98
128 140 94
166 57 132
226 70 156
226 155 100
164 54 155
92 177 161
50 54 148
30 81 112
103 145 161
119 142 161
203 62 161
226 80 100
211 57 111
30 191 139
137 64 94
203 54 151
41 55 91
221 195 91
177 55 146
81 202 98
63 200 145
30 192 97
89 202 150
115 202 163
115 54 164
197 202 154
30 153 164
151 54 110
77 192 161
30 54 103
130 191 161
153 199 119
149 179 161
105 103 94
150 154 94
87 164 161
152 93 161
30 184 107
79 54 103
40 169 161
226 65 147
108 140 94
174 120 161
110 120 94
87 148 94
226 109 103
149 56 164
124 167 94
138 101 161
86 119 94
164 145 161
214 202 155
220 54 152
161 129 161
174 57 120
217 134 94
178 101 94
45 199 118
30 55 158
224 54 99
116 168 161
50 119 161
30 82 159
180 118 94
38 85 161
181 167 94
159 60 94
30 157 152
30 71 140
226 126 143
134 96 94
122 103 161
30 112 103
116 143 94
166 129 94
68 122 161
77 122 161
114 132 94
102 202 152
226 66 97
102 161 161
81 83 94
34 195 164
57 198 164
142 202 106
227 197 144
217 56 91
88 194 92
91 202 163
127 202 98
226 144 92
38 57 135
98 146 94
40 107 161
180 182 161
226 163 151
100 77 161
56 85 94
205 112 161
30 69 99
195 76 161
204 130 94
44 138 161
30 90 115
30 127 128
127 129 94
176 57 135
205 122 161
30 131 119
143 170 94
226 115 114
30 93 102
30 72 147
30 156 98
88 144 161
162 121 94
30 109 138
138 152 161
110 57 118
87 57 134
50 188 161
183 83 94
58 142 94
122 160 94
115 173 94
90 104 94
64 202 104
181 158 161
30 98 146
60 157 161
179 66 94
30 79 126
29 195 127
152 54 99
227 194 135
30 110 92
190 202 158
60 61 161
30 85 99
226 54 120
55 131 161
30 151 118
175 108 161
155 166 161
30 62 114
163 77 161
79 112 161
152 200 142
102 155 94
138 110 94
66 164 94
216 76 94
161 98 161
217 153 94
138 202 118
64 128 94
136 140 94
120 198 91
75 138 161
33 202 142
91 112 94
88 200 108
98 200 116
220 69 161
200 98 161
30 172 99
