200 146 113
57 98 229
56 103 26
191 98 229
82 157 130
163 101 27
124 157 211
139 97 154
113 157 52
98 97 91
195 156 185
59 97 158
57 159 195
201 156 42
126 98 229
160 97 94
56 144 74
141 159 108
200 98 163
147 156 160
109 108 27
99 127 174
68 161 27
200 101 64
154 152 25
170 155 229
56 112 112
87 134 226
158 102 195
115 123 125
171 148 75
200 103 119
129 124 79
60 99 68
158 125 125
98 156 90
59 139 158
92 100 203
200 120 25
56 116 193
197 136 152
98 98 151
200 133 214
111 156 152
153 123 226
137 100 54
136 124 178
173 156 136
171 130 174
80 129 30
92 157 196
55 154 109
86 126 75
56 150 228
153 152 195
138 159 74
200 99 196
97 100 57
197 125 88
128 100 104
171 102 144
138 122 29
88 102 121
125 100 197
83 157 166
201 156 74
56 125 49
98 156 25
82 156 55
172 156 104
123 157 180
200 125 180
119 126 226
171 100 59
114 156 123
126 148 27
79 104 178
181 141 27
157 122 75
56 135 130
193 97 91
163 97 223
88 130 129
197 127 59
71 97 94
85 98 229
59 124 219
149 100 124
83 101 29
186 124 129
119 100 74
174 156 50
198 156 227
135 140 129
59 120 86
167 100 170
110 103 174
198 97 38
174 152 162
141 152 48
179 124 226
143 151 227
123 100 132
81 159 223
63 100 133
56 134 25
107 153 229
56 151 46
173 100 118
68 100 206
56 158 145
79 156 104
76 130 178
162 125 27
201 156 139
141 100 179
174 152 206
121 157 92
179 113 79
108 133 29
77 157 77
200 108 141
133 159 141
109 134 75
147 100 75
56 118 168
73 102 51
81 103 75
154 151 125
144 100 212
138 100 31
62 159 170
56 133 104
56 140 180
155 152 92
108 102 112
106 109 226
199 156 161
200 125 111
180 102 203
59 98 183
135 117 129
56 139 202
188 102 179
201 156 205
102 152 178
145 139 75
180 115 30
173 152 185
99 156 67
149 140 178
200 116 227
118 135 174
119 102 152
198 156 94
78 102 152
56 158 89
56 116 148
156 116 178
197 118 161
200 133 40
105 115 79
116 100 52
155 152 62
119 156 71
74 156 187
63 154 127
74 115 226
73 114 125
135 114 224
62 159 63
65 156 212
200 137 195
105 140 129
96 156 117
59 126 68
110 102 210
193 156 25
183 131 75
197 115 206
176 100 42
104 100 131
135 155 196
56 98 44
186 145 129
185 141 174
185 102 131
133 102 86
81 149 29
158 100 45
164 139 224
200 145 58
73 156 150
136 134 226
99 157 213
92 157 150
153 102 142
197 113 47
176 102 99
132 159 123
91 143 79
114 156 196
143 156 177
169 140 125
181 102 158
200 112 99
96 120 29
125 155 229
147 100 107
153 156 212
97 156 44
115 102 93
143 139 27
72 102 111
129 157 158
59 118 34
115 159 34
56 102 86
162 152 149
171 113 129
200 98 214
159 152 44
87 142 174
195 109 79
99 102 39
104 133 224
138 159 30
200 136 136
145 98 229
111 157 107
93 100 170
70 136 226
106 102 193
173 156 25
160 156 175
100 156 133
184 120 174
197 139 99
71 136 75
121 120 27
99 117 129
165 104 75
128 109 174
73 137 129
87 102 103
83 100 137
155 152 108
59 118 131
199 136 25
200 142 83
151 98 165
125 143 79
59 113 59
186 101 27
166 114 224
90 117 224
152 113 27
186 145 224
185 100 72
74 114 27
152 102 59
142 115 75
90 115 178
70 117 75
56 109 211
177 102 220
186 102 56
134 100 119
132 142 178
188 100 110
56 143 91
59 142 58
124 102 36
128 102 214
102 102 72
200 141 169
174 153 119
80 157 205
107 149 79
175 102 188
111 117 178
74 102 193
81 102 213
199 136 229
120 139 125
72 157 44
59 148 31
126 156 45
88 156 180
59 132 145
153 156 76
200 112 187
93 148 226
174 156 87
57 98 117
95 142 29
91 102 186
118 141 224
126 157 110
59 125 118
142 102 194
163 100 131
138 159 211
131 98 165
163 140 27
200 123 142
147 156 146
111 156 167
158 102 210
164 134 79
68 100 169
70 100 35
91 145 129
135 154 87
195 156 123
57 98 100
65 159 100
129 157 61
138 102 140
114 157 138
70 148 174
155 102 179
200 116 123
59 137 43
147 134 125
56 152 159
128 111 75
185 112 226
56 101 196
188 129 27
200 127 74
113 97 225
134 100 67
129 134 27
73 156 118
108 148 29
56 143 216
186 100 146
58 115 229
161 102 154
173 112 174
154 113 129
164 102 108
163 142 178
81 156 91
116 122 75
59 143 115
168 152 62
70 151 224
180 100 84
56 130 192
59 111 96
56 133 82
200 114 63
69 113 178
97 156 166
200 106 25
125 100 184
200 98 104
61 127 178
124 111 125
59 123 204
86 102 89
95 102 221
197 148 216
200 104 175
147 102 93
90 114 75
188 143 75
141 152 63
70 102 220
143 113 178
59 145 138
86 113 129
153 108 226
140 152 131
149 127 174
71 137 27
60 159 76
196 132 124
197 149 149
171 123 79
87 102 43
199 97 148
95 106 27
104 97 163
130 129 125
123 113 226
197 145 36
160 152 163
197 141 182
71 157 138
191 124 224
80 102 165
124 124 174
197 126 201
56 104 146
85 157 42
69 156 198
85 156 67
130 108 27
141 152 118
72 102 63
111 102 38
175 127 27
161 156 137
99 156 102
121 100 119
175 127 125
110 102 141
151 100 30
59 148 191
170 156 216
166 156 35
56 158 220
167 112 29
108 141 178
174 152 148
59 159 37
113 100 64
102 156 189
93 100 80
148 134 226
104 97 102
56 98 215
101 109 178
55 153 206
80 144 224
181 156 222
151 129 29
56 157 180
118 148 174
70 102 144
136 146 75
143 126 79
180 102 170
69 157 86
118 102 165
77 100 124
70 106 79
59 133 229
174 144 226
114 159 221
86 102 64
151 156 36
163 152 203
189 102 214
87 159 26
56 103 168
174 156 173
104 127 125
101 157 55
156 142 75
155 108 79
56 149 171
189 102 44
154 154 229
56 158 26
194 153 51
200 98 75
124 156 132
185 134 226
137 105 129
56 122 98
200 117 36
133 155 221
121 132 75
197 129 167
97 133 79
110 121 30
88 97 156
197 142 47
56 132 167
59 109 45
200 156 175
196 99 133
125 157 169
85 157 141
197 145 70
128 100 146
125 102 61
56 117 180
197 98 50
198 97 184
85 157 115
113 157 207
109 157 89
68 125 129
129 102 46
200 114 110
197 126 99
104 159 35
97 156 79
70 148 75
64 127 29
174 143 178
144 156 189
126 157 80
107 100 82
169 100 205
81 124 224
157 102 117
190 122 75
95 131 29
170 102 90
144 100 45
176 100 30
61 100 54
197 143 123
181 152 31
200 125 48
56 109 79
116 102 104
163 156 191
67 158 159
146 152 204
181 152 76
145 156 95
157 141 129
106 109 125
182 114 129
97 140 178
134 136 79
184 135 125
146 120 125
86 125 178
59 148 101
138 159 151
127 158 26
161 156 118
109 120 224
70 100 183
200 118 216
56 142 148
197 114 171
191 97 156
56 105 127
200 104 228
165 100 183
191 145 27
162 156 70
80 146 79
185 152 174
67 123 226
71 148 125
184 130 178
65 108 29
87 157 214
134 145 226
201 152 104
55 153 57
161 125 174
132 159 186
200 145 159
200 150 196
172 98 229
72 157 58
59 112 160
163 125 224
59 131 92
59 123 156
200 136 109
59 150 83
134 103 223
136 102 96
124 156 193
191 114 27
192 102 203
200 106 90
130 125 226
200 114 150
137 148 27
142 125 226
117 139 30
185 102 194
162 156 82
56 133 211
124 157 149
119 105 27
85 112 29
102 97 228
123 100 84
120 100 207
133 102 204
100 100 212
79 100 203
111 157 180
197 139 205
161 100 84
55 153 69
104 143 226
186 97 100
197 146 136
125 149 125
177 139 79
194 108 129
80 124 125
115 146 129
102 157 144
85 137 27
172 156 196
55 156 134
142 102 169
56 107 221
56 116 71
129 132 178
83 136 75
70 157 70
197 125 154
200 123 131
83 107 224
137 159 169
148 152 136
195 156 61
69 97 155
172 97 160
153 142 27
67 104 125
63 159 48
116 102 188
95 102 136
102 151 125
111 156 62
184 102 121
200 126 191
81 146 129
160 152 218
98 123 79
109 131 178
100 100 180
64 159 188
65 159 112
71 151 30
67 102 102
80 115 178
102 156 200
169 113 79
59 132 58
151 144 226
152 97 152
83 157 192
86 157 82
89 157 107
154 102 219
59 109 136
92 157 59
82 102 112
177 102 52
173 132 224
143 108 29
56 122 109
59 115 121
197 107 163
59 107 185
62 144 129
137 159 55
63 136 174
141 159 40
93 127 224
166 102 51
105 100 47
191 100 170
124 100 173
200 117 75
166 130 129
108 97 152
201 153 31
141 132 174
175 122 178
96 134 125
154 148 174
174 153 40
176 100 128
146 102 133
173 146 30
143 102 115
200 152 85
164 150 125
161 156 101
93 159 221
69 98 229
165 102 38
57 121 25
120 156 102
115 104 129
152 156 169
90 157 124
157 102 67
93 156 35
116 102 217
78 157 178
133 159 102
77 156 214
200 136 67
72 157 128
59 130 37
88 100 54
102 156 156
176 100 109
153 133 75
133 102 191
73 100 133
172 136 27
56 106 35
144 112 226
97 106 125
176 100 75
144 100 66
78 102 100
77 130 79
141 126 129
96 109 226
61 152 150
163 107 174
169 156 95
197 108 198
154 156 152
105 157 113
153 156 182
153 156 51
113 100 201
78 100 40
145 146 125
189 153 229
141 105 79
146 150 79
56 106 104
197 109 215
130 151 174
111 131 129
200 116 88
65 126 75
195 145 226
141 159 124
115 152 25
120 129 29
110 157 42
117 156 82
110 156 74
90 156 159
181 108 178
126 159 35
142 158 139
56 158 99
95 100 67
85 102 146
82 156 152
101 100 201
78 140 174
59 114 202
200 132 145
127 136 226
197 134 90
67 100 86
197 105 154
83 102 195
107 125 79
129 125 29
148 152 219
76 102 88
158 102 168
164 106 125
91 102 212
77 158 36
197 115 136
142 158 222
69 159 220
181 100 228
201 153 130
197 133 81
151 102 187
143 152 167
189 152 79
173 102 152
107 97 217
74 102 27
71 156 170
130 157 70
197 105 55
189 112 174
197 146 94
160 134 174
192 134 178
138 131 27
138 100 105
145 102 147
200 109 71
148 102 84
99 141 75
149 117 79
124 122 125
175 113 224
165 115 178
106 102 91
114 105 79
107 156 25
181 100 63
95 100 115
183 102 36
59 139 191
65 102 193
106 100 27
198 126 229
163 149 27
56 141 167
163 118 129
167 149 174
56 98 206
106 100 57
117 115 129
193 102 83
200 105 206
200 130 30
59 136 71
199 156 112
59 135 220
155 100 228
164 152 182
136 153 97
142 157 82
89 152 75
87 100 178
161 156 56
148 156 115
123 116 79
82 113 79
172 103 179
151 126 129
82 139 125
191 136 29
117 102 179
201 155 214
119 157 117
155 156 203
114 157 96
174 153 69
92 157 96
183 102 92
149 156 67
145 107 125
95 100 194
120 153 221
126 102 158
144 121 174
90 157 135
56 122 141
56 120 43
129 100 127
93 148 174
152 156 101
192 120 178
138 148 178
95 102 159
89 97 95
120 131 129
56 105 155
197 136 54
119 103 226
64 159 179
62 149 178
162 148 79
63 155 229
90 155 229
166 99 213
165 156 48
193 100 123
200 116 179
160 117 30
56 105 62
56 135 113
93 105 178
137 153 204
74 158 228
106 102 121
170 156 128
62 152 219
196 102 111
176 102 211
167 100 67
67 100 43
190 102 64
160 102 56
120 157 157
199 97 223
143 97 161
174 131 79
192 146 174
59 113 25
97 100 107
184 97 165
158 108 30
197 121 67
197 123 210
158 133 30
65 143 224
61 100 110
132 102 179
72 120 174
63 154 92
65 137 125
170 106 226
115 97 158
172 146 129
194 154 70
104 140 27
139 97 219
86 107 174
156 100 105
192 106 226
61 103 80
145 156 55
63 105 178
182 152 127
104 126 27
143 140 224
197 132 185
197 137 117
79 135 224
197 140 144
56 131 152
56 121 79
59 108 195
59 111 86
132 100 136
126 102 112
92 100 35
95 100 46
195 101 29
67 102 73
194 156 146
124 97 92
135 154 112
80 120 30
135 140 30
200 148 208
148 156 129
130 116 30
144 152 154
80 97 222
63 136 29
65 159 144
108 157 131
124 157 53
89 156 206
141 99 87
129 156 94
57 159 154
200 151 168
102 102 171
149 102 39
200 150 180
67 144 29
193 102 140
155 102 132
80 100 185
85 152 174
61 152 197
56 117 213
88 133 178
200 116 55
167 102 98
161 102 140
59 146 39
182 120 75
127 100 76
114 125 174
169 100 82
188 156 32
122 152 32
146 122 27
92 157 173
108 156 214
64 159 133
100 151 223
197 131 222
145 102 54
176 102 136
118 100 141
157 100 75
179 100 144
151 100 195
116 149 226
60 99 33
70 121 27
101 111 27
169 156 74
73 127 226
119 157 59
88 126 29
164 126 75
64 141 75
114 146 75
183 106 79
107 100 185
125 145 224
129 120 178
114 113 224
116 113 27
132 100 36
76 131 125
108 116 129
200 145 189
171 97 220
173 120 125
59 122 62
131 158 177
166 156 170
165 102 191
63 97 220
161 151 227
197 104 100
88 103 129
200 144 26
100 150 30
56 150 128
178 152 229
67 100 27
88 152 221
136 100 75
170 121 226
110 130 226
134 157 228
197 105 191
197 123 120
