150 110 69
51 208 189
58 45 189
207 199 189
204 46 191
54 192 64
51 46 68
204 210 76
131 124 186
51 122 129
122 206 127
127 50 133
204 127 137
204 46 90
124 47 64
82 114 69
118 173 69
141 199 191
54 143 191
204 146 64
56 210 126
63 50 127
186 210 133
142 48 191
204 106 190
82 95 186
204 73 139
176 154 186
204 99 90
152 210 84
97 171 186
204 169 110
51 165 107
51 86 97
93 208 89
51 173 154
158 48 96
101 45 171
163 167 69
163 88 186
51 84 154
84 206 160
52 146 64
169 51 156
95 50 97
204 167 154
175 77 69
114 90 69
118 80 186
152 206 152
78 73 69
120 133 69
133 161 186
90 135 186
51 126 94
107 210 188
204 135 99
184 50 120
80 167 69
122 208 66
175 210 182
51 116 167
204 137 171
51 100 64
184 118 69
204 77 173
59 210 92
51 84 189
167 122 186
56 176 190
199 179 64
203 45 158
159 47 64
51 47 158
88 205 126
95 50 139
206 204 108
154 206 116
207 199 158
175 201 64
204 65 65
51 52 99
204 168 190
173 58 186
50 207 156
92 46 64
116 206 158
204 105 158
127 50 101
204 71 107
144 75 69
204 101 120
124 206 97
78 196 189
163 180 186
178 206 97
141 45 161
148 141 69
51 77 126
82 61 186
82 197 64
51 144 160
142 188 69
156 50 129
92 141 69
109 109 186
51 154 131
199 92 64
51 182 127
52 73 64
139 97 186
184 45 73
73 45 82
204 190 129
76 45 163
176 143 69
51 167 78
204 160 86
116 48 191
181 207 158
75 156 186
204 188 88
204 152 133
55 108 191
112 148 186
116 188 186
51 188 92
204 46 133
62 214 68
148 141 186
51 105 112
51 67 173
105 65 69
135 210 171
125 110 69
57 124 67
116 50 154
51 190 173
51 141 112
190 126 186
141 163 69
109 50 116
188 184 186
51 97 135
73 50 107
184 78 186
180 47 96
182 101 186
204 127 77
104 195 68
142 45 80
103 206 109
148 69 186
112 45 84
90 94 69
203 146 191
51 105 86
169 99 69
51 160 176
69 210 144
67 210 175
204 180 171
103 120 69
204 77 86
51 146 88
72 210 112
75 120 186
49 196 111
204 50 112
188 45 173
184 163 69
109 154 69
97 78 186
184 50 141
204 158 173
142 208 66
203 67 191
204 124 116
144 50 112
158 45 173
156 160 186
154 210 180
199 210 173
71 141 69
167 205 139
51 63 141
163 127 69
103 206 139
204 46 69
124 45 173
51 97 175
88 210 178
51 65 82
204 95 139
129 63 186
139 180 186
75 50 144
81 217 70
95 48 191
144 205 133
204 110 67
90 50 120
204 210 127
125 71 69
204 141 152
71 97 69
141 94 69
51 112 148
175 206 116
99 177 69
204 150 114
110 129 186
193 199 64
204 95 175
204 58 175
156 107 186
51 137 141
204 171 133
71 80 186
180 184 69
135 206 114
51 84 78
133 210 82
56 66 190
71 47 64
204 118 176
49 204 77
204 85 190
204 63 156
50 195 142
186 210 77
161 190 69
144 50 144
165 208 166
114 210 82
51 126 186
197 210 94
80 176 186
129 143 186
204 124 158
75 45 184
101 210 166
169 50 110
204 90 105
189 204 190
123 204 190
199 210 146
161 63 69
186 46 190
144 206 99
95 194 186
109 65 186
204 110 103
131 206 144
92 116 186
204 186 107
95 152 186
114 167 186
71 137 186
51 73 109
158 196 190
92 51 156
63 175 69
122 192 69
52 45 141
51 50 175
86 206 143
150 124 186
51 122 110
165 139 186
161 45 189
204 88 158
192 77 69
76 208 89
169 45 80
161 206 101
167 210 77
159 84 69
204 182 146
99 210 73
61 60 69
144 58 69
61 196 188
52 45 116
184 61 69
204 163 64
186 99 69
86 205 103
204 63 126
103 103 69
161 150 69
139 127 69
204 82 126
131 150 69
176 171 186
185 50 157
90 45 80
125 109 186
65 95 186
51 158 148
95 78 69
69 190 69
192 137 69
56 210 109
51 137 175
118 210 173
204 60 82
204 175 78
109 51 64
90 61 69
51 90 116
112 50 137
135 82 186
61 158 69
73 209 129
63 82 69
206 196 173
175 198 191
204 131 189
204 110 141
184 141 186
51 171 139
51 129 154
204 141 84
204 137 124
51 65 158
51 180 109
173 45 171
51 82 171
58 45 84
171 50 127
101 95 186
51 188 158
188 210 110
127 45 84
69 210 160
51 173 169
204 183 190
124 50 116
204 194 73
190 60 186
51 210 141
71 208 189
54 158 191
141 45 176
63 110 69
204 116 86
141 112 186
80 152 69
204 171 95
152 177 69
206 196 143
65 51 156
48 201 97
48 197 126
86 182 69
109 206 95
51 78 141
51 99 154
51 120 80
51 182 78
190 160 186
169 114 69
80 50 131
131 178 69
93 161 69
49 204 171
161 50 143
109 205 122
51 112 99
139 206 158
97 206 152
51 160 94
204 154 99
150 210 166
71 124 69
112 50 97
141 48 96
193 50 99
156 47 159
63 45 171
51 170 64
78 45 95
173 51 65
139 46 64
204 88 77
51 58 122
171 75 186
51 154 116
129 84 69
86 127 69
51 141 127
141 50 126
148 86 186
69 58 186
195 210 160
51 73 94
90 45 178
51 171 120
204 152 160
193 94 186
207 201 86
161 204 65
199 126 64
163 206 126
84 77 186
114 94 186
204 60 141
107 141 69
180 114 186
169 103 186
51 175 94
190 150 69
65 165 186
51 109 127
204 161 124
129 190 186
204 61 97
51 158 163
51 148 101
156 45 78
139 210 184
165 205 152
186 210 173
75 107 186
129 50 154
127 163 69
176 129 69
129 48 191
51 139 75
201 210 186
51 86 65
107 198 191
63 46 96
198 48 144
159 58 186
69 210 78
51 112 67
204 78 67
75 58 69
193 45 82
204 116 129
105 50 148
158 50 116
204 77 152
204 141 139
112 45 165
204 152 146
169 178 69
110 77 69
51 152 77
176 90 186
63 150 186
156 99 69
103 182 186
131 60 69
173 158 69
127 173 186
101 141 186
103 50 127
84 146 186
51 110 178
204 180 118
112 45 178
204 154 75
67 201 64
51 56 186
92 205 190
133 196 65
61 118 186
110 184 69
95 60 186
169 208 89
49 196 188
51 97 188
95 203 64
67 178 186
195 50 126
109 207 66
49 203 64
163 210 189
195 194 186
154 173 186
97 50 110
204 101 75
118 146 69
118 120 186
51 180 180
84 163 186
146 190 186
51 97 103
112 110 69
51 56 75
139 133 186
176 129 186
118 61 69
51 129 120
69 210 99
51 92 163
204 119 190
144 152 186
165 167 186
92 107 69
182 88 69
51 148 180
76 50 120
51 182 143
175 205 129
103 120 186
129 99 69
131 137 69
204 114 165
127 124 69
178 205 146
192 173 186
78 210 171
204 80 97
152 160 69
204 127 90
137 114 69
193 114 186
204 139 110
112 206 146
83 51 190
195 58 69
199 45 169
156 210 73
204 188 160
193 210 122
105 52 186
175 45 188
153 196 64
63 45 73
192 47 64
51 54 148
182 50 107
51 47 129
204 80 114
204 107 178
205 201 64
101 92 69
63 50 143
165 152 186
159 77 186
204 169 169
142 152 69
152 129 69
122 206 109
101 45 82
80 84 69
133 205 131
165 139 69
51 60 110
204 112 114
120 45 75
169 50 98
51 134 64
195 77 186
195 139 186
207 201 120
204 47 101
204 124 105
186 210 88
171 88 69
204 158 184
99 210 178
173 63 69
109 165 69
63 50 116
61 129 186
127 206 164
127 210 182
93 192 69
55 180 64
76 207 65
86 188 186
56 210 165
67 69 69
51 124 144
97 150 69
105 161 186
51 77 180
124 133 186
61 210 135
51 135 99
204 146 176
51 148 141
97 129 69
124 156 186
133 206 103
92 205 112
51 133 84
51 95 80
190 190 69
193 169 69
80 50 154
51 95 92
80 129 186
51 86 131
150 97 186
204 67 167
59 210 150
133 50 143
129 92 186
122 50 143
92 101 186
204 114 152
107 84 186
141 58 186
124 210 77
101 45 71
204 135 67
86 50 103
182 210 66
82 50 64
148 207 189
99 205 127
118 50 107
124 45 161
122 45 93
204 176 182
193 210 66
51 61 65
80 205 118
195 210 82
204 47 178
183 210 122
204 194 99
188 210 99
114 206 135
204 56 186
197 210 135
51 73 150
152 205 141
159 129 186
137 71 186
63 210 118
63 133 69
204 97 150
51 65 101
51 77 161
180 65 186
90 88 186
80 45 75
51 114 118
204 94 127
51 65 129
51 186 190
51 169 184
51 58 90
58 50 107
195 105 69
195 116 69
52 158 64
193 50 112
148 45 90
48 197 161
195 45 184
50 205 116
88 210 75
52 210 84
152 50 105
205 208 163
178 45 86
150 51 64
184 194 186
151 52 186
51 161 124
73 67 186
73 178 69
204 99 101
51 54 165
86 45 169
193 150 186
204 124 146
180 109 69
95 206 99
120 50 126
58 210 178
204 90 93
204 86 178
204 176 161
190 210 143
105 210 86
175 50 137
118 160 69
188 127 69
159 118 69
51 120 158
144 206 120
204 133 161
51 133 163
131 45 75
204 60 116
165 73 69
165 210 178
204 69 78
112 206 105
71 163 69
86 50 143
51 109 158
204 82 143
80 137 69
48 197 88
100 46 159
131 210 69
80 210 186
116 210 184
204 47 122
142 210 88
206 203 135
88 45 92
99 45 182
118 199 64
144 210 175
204 97 186
51 88 180
61 50 64
71 217 71
204 127 180
197 157 68
88 210 167
50 205 131
205 195 112
51 190 120
60 82 186
204 210 116
50 195 72
125 210 88
203 190 64
127 206 154
60 101 69
165 45 90
63 107 186
205 205 179
171 210 66
76 206 148
124 54 186
73 109 69
154 73 69
51 101 144
204 180 97
204 167 178
73 45 175
204 186 180
51 124 176
204 180 135
51 101 165
167 45 71
131 50 124
51 114 139
165 112 186
135 50 110
182 50 129
92 50 129
137 171 186
114 120 69
178 210 166
51 95 126
107 206 160
163 206 114
93 126 186
142 103 69
148 120 69
51 65 182
204 97 165
204 71 95
110 45 73
80 99 69
173 169 69
146 50 154
146 210 75
93 69 186
65 45 182
204 161 144
73 146 186
51 110 77
204 56 73
51 139 150
204 103 129
120 71 186
135 73 69
154 150 186
51 75 77
61 92 69
171 192 69
51 84 107
158 67 186
125 45 182
51 192 103
48 201 180
205 208 99
180 206 107
204 184 73
69 50 191
178 186 186
51 129 73
99 109 186
144 206 109
71 150 69
51 161 139
204 116 77
51 84 88
54 45 167
51 90 146
92 171 69
158 206 160
152 90 69
163 45 165
51 182 99
204 143 161
131 199 191
178 45 178
120 103 69
204 161 161
204 67 146
167 65 186
114 58 186
158 205 133
204 101 110
195 50 135
51 116 186
204 73 129
51 188 135
120 178 186
101 131 186
150 114 186
131 45 93
139 50 135
92 206 135
84 50 112
204 160 107
178 210 82
204 88 167
205 208 154
93 120 69
190 180 69
148 180 186
144 84 69
95 69 69
78 210 78
152 63 69
195 67 69
50 195 151
84 107 186
152 186 69
75 165 186
204 127 171
204 69 116
204 144 99
204 171 143
51 156 107
114 158 186
204 61 107
204 161 133
95 161 186
204 163 75
133 152 186
62 205 190
180 45 165
51 160 84
51 150 169
148 165 186
109 175 186
93 182 186
51 167 161
51 178 161
150 50 122
105 50 105
99 58 69
204 56 150
204 56 161
122 206 118
182 196 65
176 50 150
204 77 182
190 69 186
86 206 94
107 45 92
52 45 92
184 210 186
110 210 167
60 144 69
188 210 152
52 75 191
156 45 182
193 45 73
182 47 64
52 210 71
158 207 90
51 210 101
60 58 186
204 65 182
193 50 152
118 196 189
73 190 186
173 205 160
124 54 69
76 205 99
165 54 69
55 45 150
51 47 184
59 45 160
52 45 77
88 207 66
197 52 189
51 135 188
159 50 152
165 201 191
133 51 67
198 161 189
207 201 77
59 205 65
163 192 186
190 45 163
60 186 69
133 188 69
204 144 73
95 206 161
195 45 92
199 177 191
197 103 186
51 50 84
198 126 188
61 71 186
173 210 173
71 199 191
184 167 186
105 73 186
107 84 69
204 95 82
186 90 186
146 45 73
51 67 73
107 210 77
51 160 73
137 45 184
173 143 186
112 206 114
122 101 186
165 50 120
158 120 186
204 169 120
51 126 103
99 50 120
118 82 69
131 45 169
51 118 90
78 206 139
75 210 178
120 144 186
90 154 69
88 206 152
204 109 82
165 45 176
51 112 109
65 210 107
71 86 69
67 45 163
99 110 69
190 92 69
204 150 169
152 50 141
97 45 90
148 169 69
204 71 160
204 56 90
141 137 69
120 206 143
51 129 137
204 129 127
73 50 127
139 175 69
125 84 186
173 122 69
84 122 186
139 206 141
131 101 186
204 150 92
169 160 186
51 167 88
165 107 69
150 45 169
51 139 92
204 137 77
51 71 137
158 143 69
51 178 135
152 133 186
204 188 139
163 50 133
125 92 69
171 206 109
142 206 150
173 178 186
184 176 186
204 192 152
75 92 186
51 182 169
88 173 186
101 158 69
51 150 152
51 173 103
152 206 95
51 77 101
204 107 93
144 78 186
163 92 69
86 77 69
180 54 186
60 75 69
125 206 135
167 197 64
58 165 68
154 206 126
198 84 67
204 175 69
114 210 71
204 139 186
54 54 64
166 52 186
141 196 64
171 207 189
71 45 92
