-88 13 72
92 -49 -74
88 45 74
-69 -49 -74
10 50 -36
14 -46 42
-96 44 -29
-4 49 60
94 45 -74
93 -17 8
-94 -49 11
12 -46 -44
85 -49 74
-44 19 -72
-55 -50 73
64 47 8
43 4 -72
-59 47 25
39 4 71
-32 -50 0
-94 -15 -36
-15 -8 71
47 -50 -2
93 -2 -46
-94 4 14
-42 47 -27
-94 22 -74
-24 -25 -72
58 47 -40
-2 47 11
-49 41 74
93 0 58
90 -49 -27
45 49 55
-94 -31 54
47 -45 -73
1 21 -72
-65 -46 -31
42 -47 74
72 -46 33
93 21 -11
-96 44 44
-13 -50 73
93 34 35
35 46 -73
-57 -46 31
-22 53 -65
-67 50 -61
-55 -8 71
-91 -17 -74
8 -50 4
-26 -46 -40
18 -23 -72
-95 41 7
72 -19 -72
31 47 -6
52 -46 -38
-22 -46 35
95 44 -38
66 -19 71
14 -27 71
-94 -46 -52
74 17 -72
10 21 71
-55 -12 -72
-28 47 37
92 -49 6
-81 45 74
0 -49 -74
66 21 71
-94 13 -19
-70 47 -11
33 47 25
-34 47 6
-63 -50 0
93 -29 48
-94 -49 -20
-24 21 71
43 -46 27
-94 0 44
-94 -23 -2
93 -19 -21
64 45 -74
93 46 6
-40 -50 -69
7 51 -67
-15 50 -19
93 6 25
-5 -46 -21
77 50 -17
-84 -50 73
22 46 71
93 -31 -52
-96 44 -59
-94 15 -46
-22 2 -72
-94 -21 25
22 -46 -19
72 -49 -56
72 48 46
-82 -14 71
92 -24 74
64 -50 58
93 23 -54
-61 17 71
6 50 35
-30 -29 71
-86 -46 35
-47 45 -74
91 -2 -75
41 -21 71
-67 47 -36
-72 6 -72
-57 47 50
-36 -50 56
71 -49 -9
93 25 60
47 -21 -72
-28 50 62
26 23 -72
63 45 74
20 -50 65
4 -4 -72
16 -2 71
-22 27 -72
29 47 -50
-24 47 -42
-94 27 27
-42 -46 -21
8 50 -11
39 29 71
54 47 -15
79 50 -57
22 -50 -67
41 -46 50
-92 -42 -75
-49 -46 -48
52 25 -72
-13 -46 14
-94 21 52
-69 -49 55
-65 -29 71
-49 47 -48
22 -46 21
-19 -50 -63
-5 -47 52
68 -47 12
-38 -46 21
-84 50 23
-70 -47 -53
33 -46 -48
-81 41 -74
94 45 53
93 -46 27
93 -27 -73
81 50 23
93 21 -34
-3 -27 -72
33 47 -27
54 47 27
93 2 -23
22 47 50
77 2 71
93 -17 31
-36 4 71
-74 -46 19
-72 -25 -72
-94 -6 -57
-7 -27 71
91 -49 50
-5 50 -50
-61 31 -72
93 -33 -6
92 25 -74
24 -4 -72
93 2 2
-94 19 0
-89 49 -11
-94 -4 -9
-47 -31 -72
66 -40 -72
94 41 -13
-75 48 40
18 47 8
-49 47 -6
70 -46 -34
-3 -46 31
-5 8 71
93 21 12
-5 34 71
-94 -25 -52
-94 34 67
49 50 -57
45 47 6
-36 -10 -72
-94 -33 -34
-24 -46 -19
58 0 71
29 -50 0
-76 -46 -15
77 50 -38
-94 -33 74
-8 40 -73
90 -49 -48
93 17 44
66 0 -72
43 -46 -21
-92 -50 56
-9 -46 -48
5 -47 74
-15 50 25
-74 2 71
-84 50 -42
-94 34 -44
49 -49 -56
-70 47 10
-94 -10 58
56 -35 71
-82 -46 -38
-90 4 -73
-65 36 71
93 -33 14
94 41 -57
33 -35 -72
93 -12 -61
93 13 73
-36 -49 74
45 46 72
79 36 -72
-51 -46 48
14 36 -72
-44 21 71
26 17 71
-49 -33 71
-11 50 42
-94 34 -15
-76 50 58
-44 47 35
93 -21 -38
-94 -40 -4
-7 -50 -4
74 -33 71
-51 47 10
-94 -21 -19
-32 36 71
-30 42 -75
-16 49 -2
-7 50 -34
-55 4 -72
-38 50 -61
-80 50 -25
-94 -37 23
-40 47 52
88 49 39
92 -5 74
4 -14 71
-38 -46 37
31 -33 71
14 11 -72
-82 -50 -63
-94 -12 10
79 31 71
-57 -46 14
58 -46 44
62 50 58
93 -40 62
4 -50 -59
91 -50 -11
68 -49 74
93 8 -63
-78 21 -72
-94 -31 37
-11 -10 -72
-94 13 33
-94 6 58
93 0 39
-34 47 23
-94 27 -29
-94 -4 74
43 47 39
93 39 21
77 50 65
-80 29 71
-47 -50 -6
-18 45 74
-19 -50 56
16 48 23
-34 -47 -53
14 50 -52
-30 47 -17
93 -17 60
-94 -4 29
-70 -44 72
-76 -8 -72
-32 -10 71
93 -12 -6
26 -46 -34
58 -46 -17
-57 47 -23
-28 -40 -72
-72 -46 39
-57 -50 -65
37 -47 12
-60 49 68
31 -46 35
41 47 -40
8 -46 -29
47 17 71
-94 23 -59
77 -46 48
9 -48 -11
81 -14 71
8 46 72
23 51 -66
81 50 -2
18 47 -21
77 -49 -74
-90 48 62
-94 -15 39
31 -10 71
64 47 -25
93 31 0
66 47 -6
33 -19 -72
-57 -46 -19
-7 6 -72
93 -33 -23
58 -46 25
-22 6 71
54 31 71
93 -31 29
-82 -50 2
49 44 -75
-94 0 -36
-94 27 12
8 -46 21
93 21 27
-96 44 29
-44 -50 8
-96 42 -73
83 -46 17
88 49 -26
68 47 29
-67 45 -74
-82 50 4
65 48 -54
-42 -21 71
56 47 46
64 31 -72
-67 -14 71
58 13 -72
-59 -37 -72
54 -8 -72
26 -47 52
-94 -33 8
-38 6 -72
93 -12 46
12 -35 -72
93 -4 14
-49 -46 -34
93 -37 -40
39 31 -72
-38 31 -72
92 31 74
-94 8 -61
33 50 62
-1 46 -21
-53 50 -63
-86 -29 -72
49 -50 60
-94 -35 -19
14 50 60
-11 -42 -72
52 -48 10
37 -50 -61
-18 48 53
93 -40 39
47 -8 71
-15 -46 -29
93 13 -44
6 50 50
-28 15 -72
-19 -37 71
-94 -35 -61
56 -31 -72
24 47 35
33 -49 -74
93 -48 -61
-94 -42 46
93 31 -42
-28 -47 12
-63 47 -48
-76 -37 -72
-19 -21 71
-76 17 71
-51 4 71
79 17 71
14 34 71
29 8 -72
33 47 10
-94 -4 -23
-59 17 -72
39 17 -72
93 29 48
-53 47 -36
62 -46 -48
24 47 -38
-22 47 10
-40 50 66
37 50 -61
-8 51 -66
-49 -50 60
79 -4 -72
-94 -19 73
-94 44 74
87 50 -46
-80 50 -65
77 50 11
62 -50 -65
-94 31 42
-1 46 25
-78 -27 71
-28 47 -29
39 -46 -36
93 34 -29
-61 47 37
-19 -50 -2
16 -40 71
91 13 -75
-27 48 -54
-47 47 23
56 -49 74
-94 34 54
-94 21 65
-36 -23 -72
-2 47 -2
-3 21 71
8 8 71
-24 -12 -72
29 -49 74
81 -46 -17
-94 -49 -33
41 47 -15
54 -21 71
60 -50 -2
-94 4 2
81 48 -69
-82 -46 50
36 -48 -11
8 -47 52
-92 -50 25
-88 -49 -10
91 -37 74
22 -48 -54
83 50 52
8 -17 -72
93 -8 -36
81 -46 -40
93 -15 -48
47 47 -25
-15 17 -72
79 -29 -72
-36 -46 -34
-59 -46 -42
93 8 -9
1 -2 71
-5 46 72
39 -8 -72
93 15 2
-75 48 -51
24 -21 71
-94 -35 -46
-63 47 0
-55 29 71
-82 -46 -25
81 -50 -2
-82 -48 -75
81 -50 62
-34 -47 -12
-95 45 -46
-94 -17 -63
12 -50 -73
35 -50 60
90 -14 -74
-84 50 48
4 -35 71
33 41 74
-51 -48 -75
93 38 62
43 -35 71
35 47 50
45 47 19
-30 -46 46
-94 -40 62
93 4 -36
66 8 71
54 47 -2
-22 -46 23
-94 -48 -65
58 50 -65
-17 34 71
93 -35 -65
-26 -50 69
74 42 74
-94 34 -2
-51 50 60
4 42 -75
26 38 -72
70 50 -65
-16 49 -50
93 31 -63
93 -21 21
-94 17 17
-38 47 -38
-13 17 71
-11 -46 39
70 -8 71
-94 8 -9
93 -29 4
93 -6 27
-94 -15 -48
93 29 -19
93 -8 -17
-95 39 18
93 -23 -11
83 -40 -72
94 45 30
77 50 36
-86 31 -72
-80 -50 60
-47 -50 -59
-74 47 25
83 -50 -65
88 49 62
-19 38 -72
-23 -49 -74
-92 25 74
-72 36 -72
83 6 -72
-51 36 -72
-64 -48 -11
-70 -49 9
-84 -37 71
-63 -50 65
-3 -47 12
6 -50 62
1 -46 44
-30 47 50
56 47 17
-86 50 -52
68 34 71
-94 23 -13
62 -17 -72
93 15 58
33 -46 25
-40 47 -15
-28 47 -6
-76 -46 29
-30 -50 -65
45 -33 -72
93 8 14
-94 11 -29
-61 2 71
-42 -8 71
-34 15 71
-59 47 -13
-70 47 -25
-86 50 33
43 -46 -46
93 -23 -63
93 -2 -59
70 47 19
1 -46 -42
-9 -40 71
-7 -50 -61
-11 29 -72
93 34 10
-53 -19 71
18 -50 6
29 0 71
-94 11 46
-19 -46 -50
14 -6 -72
4 8 -72
29 47 -17
-65 -15 -72
-80 -46 -48
83 -46 31
-61 -46 42
10 -46 31
56 2 -72
37 15 71
93 19 -23
93 -29 65
-49 -46 23
-32 -40 71
16 25 -72
-88 -6 -72
12 50 0
68 47 -44
-90 48 -21
16 46 -73
88 49 -11
-94 36 -65
-92 -50 0
-1 46 -61
-84 -46 14
81 25 -72
-38 -37 -72
-70 25 71
66 -46 -23
20 -46 33
60 -10 71
49 -46 37
-49 -4 -72
-94 -19 52
-55 -23 -72
-9 -17 71
-72 -50 -63
72 -46 23
-70 49 68
20 8 71
41 47 -4
-94 0 -48
-74 -50 -4
-94 6 25
93 -2 -9
49 6 71
18 47 -11
93 6 50
-94 -6 19
20 -50 -6
93 -23 39
58 -46 -29
-72 -46 -40
-94 -46 71
16 -12 71
-13 -46 29
-65 -46 25
-94 -6 2
-7 -46 -36
-94 19 -36
-11 -21 -72
-19 -46 46
-94 -21 62
-32 -46 29
22 -35 -72
22 -46 -44
-40 47 14
54 50 65
24 34 71
-44 31 71
66 -29 -72
-57 45 -74
62 47 37
-94 -15 -9
-94 -23 -42
83 -27 71
-86 15 -72
-17 -33 -72
41 47 -50
15 49 43
-58 -49 55
-95 45 54
93 -44 17
91 -50 65
1 47 -40
93 21 -65
93 -40 52
-90 48 14
-53 -50 2
-7 -50 65
-18 48 -29
87 50 14
-29 45 74
-90 48 -67
95 42 44
-47 -44 72
-4 49 -11
-84 -2 71
91 -49 39
-80 50 -6
93 29 21
-88 50 -31
-13 50 62
-24 47 21
83 -48 -54
-96 42 -9
89 37 -73
65 -49 -74
87 50 -36
-1 -40 -72
89 48 -63
14 -49 72
95 42 -25
93 -44 -19
-67 48 54
93 -42 0
-59 42 74
92 -37 -74
-94 -2 65
-82 -17 -72
-94 -42 33
-94 -46 -42
43 49 -68
81 -46 -27
-19 -50 8
-7 50 19
47 -47 -12
16 48 -43
22 47 0
-2 47 42
1 34 -72
8 50 -23
-9 50 52
92 -49 -36
-61 -40 71
90 -15 74
-80 50 14
68 -46 42
66 21 -72
-94 23 37
62 -27 71
-32 -46 -25
31 -46 -23
93 -25 -29
-34 23 -72
-67 21 -72
93 8 35
-44 47 2
93 -8 4
-44 -15 -72
-3 -15 -72
-67 -4 -72
-94 -2 -65
33 0 -72
93 4 67
-94 -31 -11
93 8 -52
68 -50 2
-61 47 14
-9 0 71
8 50 8
-24 -4 71
-94 -25 17
-47 -46 33
31 25 71
-94 25 -48
83 -21 -72
93 -21 52
66 -37 71
54 47 -48
18 -46 -29
62 -46 -38
56 21 71
-32 -2 -72
93 -21 0
-7 50 33
70 8 -72
56 36 -72
74 -23 71
93 46 -4
-17 47 -70
72 50 56
-86 -23 71
93 -40 -57
43 50 65
-18 48 35
-88 -50 65
6 50 65
-94 6 69
6 50 -48
-13 50 8
-56 48 -54
-25 -49 -9
43 -50 6
-76 -50 69
-34 47 -48
68 47 -17
33 -46 46
-61 -50 -57
-77 49 -34
18 47 -31
-95 41 -20
-94 38 -36
-76 38 72
-75 48 -18
95 44 -48
83 -37 71
-13 50 -42
60 -50 8
-47 47 46
74 -46 -46
8 50 25
20 -12 -72
31 47 42
93 -40 -29
-38 -33 71
74 49 -25
26 -44 -72
-94 -8 -42
-94 15 -67
10 2 -72
-94 13 6
-51 13 -72
83 -4 71
-94 6 -42
93 -6 65
-67 8 71
-94 -40 -27
49 -46 21
37 47 33
39 -25 -72
93 -25 -46
-94 21 -23
83 -46 42
-51 25 -72
70 -50 65
-94 -29 -25
-42 -46 -42
20 17 -72
-94 -15 -25
-51 15 71
93 15 21
-11 27 71
93 -12 -27
14 -50 -57
-7 -46 21
6 -46 -50
-11 -46 -15
-36 47 44
-49 -46 -15
-70 -46 -21
85 25 71
52 -46 50
39 -42 -72
-42 -50 67
-94 38 35
-67 47 31
-47 50 -57
-67 47 44
-94 -27 -69
52 -50 -67
-1 -48 -11
70 38 -72
18 -46 50
56 40 73
-93 46 -38
-26 -50 -57
41 -50 -69
93 31 -11
-15 -29 71
-26 47 2
93 31 -52
29 50 -59
-59 50 58
-30 -31 -72
-53 47 39
-94 -31 65
-38 47 -6
93 23 35
31 -27 -72
-94 31 -57
-38 -46 48
49 -46 -27
56 47 -23
-42 13 71
-57 -27 71
93 -10 54
-94 -42 6
6 -50 -67
68 -8 -72
-80 4 -72
6 -46 -21
6 -23 71
-63 8 -72
6 36 71
-72 -6 71
-94 -42 -13
-7 19 -72
6 -25 -72
10 19 -72
-94 4 -17
-94 4 35
93 23 -2
93 -8 37
-5 -2 -72
93 -12 17
93 -35 -15
-30 -19 71
-30 50 -63
60 -46 17
39 -46 37
-49 -40 -72
74 -37 -72
-94 -29 46
-24 -46 -31
-84 -40 -72
-51 47 -15
-94 -23 33
24 -46 44
54 47 8
-94 -12 27
37 -4 71
93 -40 8
-94 -12 -17
-94 -40 14
83 -50 6
77 50 -48
-94 36 -27
22 -29 71
49 47 -38
93 -31 56
-86 -48 -54
-82 -46 23
-34 27 71
85 4 71
-88 38 72
81 50 44
-36 -48 10
-19 47 44
8 -47 12
56 -47 -74
85 50 6
64 47 48
-36 48 -69
-74 48 -41
-39 40 -73
77 -49 72
-59 -47 -74
82 -48 54
-32 -50 -73
-72 49 -68
-41 45 74
-57 -50 -6
14 50 33
33 47 -38
91 -50 -2
-94 -49 38
-7 -8 71
-94 -15 2
-94 -15 19
-94 15 25
29 49 55
-34 47 31
-53 47 2
24 50 62
93 11 -23
93 -31 39
-40 -50 0
47 17 -72
68 50 65
-47 4 -72
-15 50 17
-17 -46 -40
37 -50 0
-24 47 29
29 -50 -61
-65 -46 17
-40 -2 -72
-94 -29 25
83 17 -72
-15 -49 -74
58 -46 33
-30 6 -72
-94 27 -38
33 -21 71
-65 -46 33
-30 -46 37
18 -44 -72
-30 -46 21
-94 -25 -34
-57 -46 -31
54 47 37
94 41 -65
93 -40 -48
-92 -50 48
93 -2 50
-94 -23 6
52 -46 -48
-94 34 -74
16 41 74
-32 47 14
92 22 74
28 -48 -11
-7 -50 -69
29 8 71
-7 50 -25
-90 -50 -73
93 -42 -9
72 -50 56
-17 -50 65
-34 -50 65
-82 50 65
-72 47 0
24 47 25
-49 -50 -67
14 50 52
40 40 -73
93 -4 -67
-95 41 61
74 48 2
94 45 68
74 48 -8
49 -50 69
-94 -10 69
24 46 -73
85 38 72
70 47 -34
35 -44 72
-11 50 -59
81 46 71
-11 50 -9
29 -50 8
89 48 23
14 50 -63
-6 -47 74
-1 46 -69
-88 45 -74
72 -46 -17
-9 -50 8
-70 42 74
91 46 -19
14 -50 56
