48 139 85
206 100 224
206 96 32
59 95 224
159 160 128
127 159 32
128 162 218
100 97 142
47 159 170
205 95 113
83 97 31
140 97 79
202 162 68
197 162 191
138 94 221
95 159 128
163 99 164
66 156 31
71 159 224
48 103 166
102 136 79
104 139 176
206 141 142
52 96 115
154 115 34
150 159 77
169 136 221
150 151 176
49 94 68
140 117 125
182 124 83
100 97 195
206 95 178
174 159 33
48 139 130
95 97 98
51 130 202
48 120 34
100 130 218
202 162 108
114 120 37
174 99 202
206 95 73
206 134 37
184 130 176
169 94 125
128 162 148
131 113 176
206 136 219
127 162 109
77 159 96
83 124 125
174 97 58
104 97 62
80 159 159
95 155 49
176 130 130
69 130 172
206 128 109
182 159 159
206 105 144
133 94 47
97 159 204
74 120 79
133 97 149
138 130 83
66 97 191
53 159 62
119 162 75
140 128 218
157 161 205
85 128 37
68 99 142
171 159 100
119 139 130
169 97 89
123 97 109
49 159 109
89 94 222
184 115 37
49 159 199
206 120 195
203 128 65
87 97 168
123 159 183
150 162 48
70 124 221
193 161 219
206 147 170
76 97 62
201 161 37
51 122 64
146 99 195
57 94 41
48 113 94
48 145 224
77 159 187
188 155 129
176 159 66
48 132 155
108 94 37
159 122 176
80 96 119
114 109 218
77 155 70
144 139 37
70 155 128
159 109 221
150 97 109
114 113 79
112 99 166
102 155 100
206 122 164
206 145 89
70 99 96
48 113 136
174 160 183
171 94 33
48 143 43
203 110 92
159 117 79
190 111 125
110 111 125
55 157 147
186 97 157
104 155 155
182 96 224
159 159 155
123 97 199
197 97 202
142 141 130
129 136 176
190 120 221
121 141 221
167 134 37
206 111 49
48 122 180
93 117 176
182 97 180
148 159 102
48 117 224
165 143 83
51 122 115
112 143 37
202 162 146
206 143 195
123 159 54
51 105 206
184 97 109
154 99 140
97 159 178
106 156 224
135 94 125
152 97 60
91 107 79
149 95 32
178 159 204
97 159 73
191 162 90
144 97 172
70 113 37
148 155 224
51 159 83
186 101 78
161 113 125
188 145 34
51 145 185
133 160 128
133 113 34
64 132 34
83 141 221
203 144 121
206 149 51
97 136 130
100 94 121
206 124 132
85 143 172
48 95 147
131 159 89
117 162 202
74 111 176
78 99 206
68 143 83
114 160 134
64 126 130
138 160 195
167 159 222
190 99 47
123 97 66
121 97 87
49 94 89
76 157 51
184 97 138
85 159 32
185 145 83
66 97 161
61 105 79
48 139 106
65 148 172
170 144 172
193 109 172
115 121 172
48 98 185
174 159 142
91 113 221
97 111 37
188 149 176
133 159 166
104 159 33
201 126 83
85 155 113
47 159 33
163 97 187
191 159 54
146 156 31
202 130 179
64 105 125
91 99 49
48 105 54
186 143 221
168 161 50
76 155 207
121 145 79
171 147 125
207 156 210
119 99 136
106 94 212
87 147 83
205 117 31
157 94 209
206 115 214
129 97 183
144 160 142
51 139 60
140 160 62
133 113 79
131 113 221
138 99 96
174 120 218
66 141 218
108 155 117
184 159 113
159 136 130
93 143 37
206 103 161
85 97 185
138 147 79
78 159 142
74 105 221
112 97 183
171 159 83
206 111 117
51 113 153
148 133 172
203 113 70
78 141 130
159 100 77
112 154 171
76 97 79
176 117 172
85 95 135
171 97 149
108 155 60
55 159 219
203 94 130
157 160 189
202 162 165
116 162 96
93 109 125
189 95 32
159 94 45
125 94 33
205 159 128
193 130 125
49 159 132
104 97 81
57 124 79
129 132 37
190 97 94
121 128 79
87 130 79
59 114 172
108 155 191
48 95 130
203 142 74
121 94 219
205 95 52
51 139 170
48 103 32
76 94 47
121 122 130
102 128 34
87 159 222
76 145 34
80 97 151
129 97 164
114 126 218
169 111 37
154 132 218
206 136 157
154 97 94
206 115 178
146 114 172
167 160 168
135 143 218
51 128 96
148 105 125
163 159 113
48 113 193
190 97 64
206 95 89
146 100 157
193 128 34
106 159 85
207 156 183
112 97 151
161 160 64
51 124 49
108 97 106
144 160 117
157 147 37
114 97 51
106 109 176
51 159 47
51 147 208
97 159 142
53 132 218
203 126 49
153 135 83
100 118 83
138 99 60
176 113 125
48 149 73
78 109 125
204 150 224
163 95 224
62 95 207
70 97 176
49 134 31
203 147 106
186 165 38
203 120 149
48 109 70
68 97 111
68 97 31
61 100 54
170 130 172
114 94 123
51 126 143
159 147 218
144 162 212
131 132 125
135 159 43
169 130 79
83 126 172
61 111 221
100 97 157
83 97 104
89 97 68
146 115 218
135 149 176
203 150 156
203 130 206
48 149 159
207 159 95
92 95 207
52 153 96
133 160 75
64 143 125
193 101 216
51 124 166
51 143 147
142 124 37
48 132 73
161 162 37
121 158 159
135 99 208
206 101 191
51 105 104
148 160 166
159 105 176
48 103 222
119 107 34
171 105 218
171 97 73
76 157 172
191 159 75
100 97 174
110 159 47
178 99 168
191 95 120
171 99 104
193 99 189
108 147 130
48 147 117
93 155 164
129 147 130
184 141 130
148 128 125
89 159 193
48 117 210
193 115 83
48 109 117
195 159 204
95 145 221
206 103 210
154 159 89
123 107 125
106 124 125
87 126 218
49 94 197
206 124 96
157 94 121
180 130 37
179 162 218
116 143 176
191 162 176
145 155 129
174 160 128
74 155 83
176 145 37
159 139 176
85 111 34
83 153 130
96 95 32
119 153 223
148 101 216
202 161 83
136 126 172
157 160 140
135 97 111
180 111 83
186 159 144
146 120 79
108 143 221
206 147 39
195 162 119
135 149 34
146 95 48
114 160 149
89 155 64
193 134 79
102 107 218
195 109 34
184 130 218
207 156 197
193 122 172
206 111 130
48 126 130
68 130 83
138 160 183
57 97 176
202 102 103
54 159 188
150 147 83
93 99 111
57 147 34
197 97 168
55 157 121
195 97 144
197 103 83
51 111 43
206 143 208
184 160 189
87 97 85
110 97 94
206 130 121
87 159 79
48 109 176
101 96 224
194 136 172
49 94 212
97 159 113
148 105 83
202 137 131
205 95 151
57 130 176
48 105 83
202 161 54
121 109 172
119 153 39
85 155 43
156 162 218
120 154 125
203 115 104
133 161 207
203 152 138
112 97 73
167 109 79
152 130 37
106 94 132
206 141 60
93 155 92
68 97 70
169 159 195
89 159 151
116 155 109
124 152 172
74 94 130
171 94 212
178 155 173
190 160 102
108 149 79
93 130 176
205 122 224
182 101 125
138 99 32
180 103 34
127 162 64
114 155 210
51 134 119
74 124 34
55 113 125
48 149 56
174 149 221
207 154 115
180 94 47
138 100 138
150 115 130
163 99 64
133 99 193
59 97 100
169 99 47
116 154 85
129 136 79
135 153 223
64 153 79
74 143 176
89 145 125
152 145 125
48 117 81
167 97 138
59 120 34
57 143 79
78 136 83
91 155 212
70 115 130
87 120 83
93 124 130
193 159 155
125 107 83
59 94 128
186 109 221
142 99 185
148 97 70
138 159 106
125 130 218
104 120 218
144 109 34
206 132 168
135 107 125
195 134 218
51 126 191
112 97 195
163 160 178
206 113 81
81 109 83
127 97 56
57 122 218
74 159 40
87 159 172
171 107 176
203 132 190
127 162 195
78 159 121
112 132 172
161 120 218
48 115 106
48 134 183
48 141 199
48 95 48
119 130 34
206 141 180
116 162 117
74 149 218
157 102 37
134 104 171
202 153 61
178 159 45
186 100 199
161 99 151
76 97 195
157 97 197
180 99 87
163 103 130
108 107 37
74 134 37
167 124 34
61 107 34
125 105 218
206 115 60
193 155 31
184 154 223
51 149 136
203 112 202
203 137 96
104 159 166
118 155 64
188 160 64
174 100 187
171 160 157
197 111 218
91 99 149
100 99 185
129 99 75
48 113 164
57 99 140
76 97 166
161 159 79
87 97 197
159 159 100
148 159 153
144 97 147
174 99 115
123 97 147
150 160 60
161 97 111
110 126 79
195 100 178
198 154 172
206 130 147
195 159 136
97 149 172
114 99 208
83 101 216
126 96 119
207 154 77
180 160 77
138 105 218
138 159 151
178 160 92
165 160 92
144 97 117
89 94 125
148 124 176
206 113 157
206 105 58
48 105 142
87 109 176
152 97 187
182 107 176
128 162 137
144 159 85
169 120 79
123 120 218
131 97 87
76 94 222
125 120 37
123 128 176
182 122 130
74 134 221
167 122 125
169 159 210
146 139 218
129 115 125
123 97 172
178 136 79
87 159 183
146 99 206
102 99 49
180 97 66
152 97 166
108 155 202
53 159 73
49 94 79
121 97 157
76 115 221
55 97 155
129 100 132
191 162 166
49 159 210
48 149 85
206 132 75
150 94 130
68 94 121
123 94 43
68 99 43
106 159 128
102 115 130
206 107 32
106 109 83
61 115 83
123 117 83
97 128 83
72 130 125
70 109 83
112 141 83
195 103 130
197 97 157
57 155 174
178 139 176
76 155 107
206 139 113
203 105 171
125 162 41
64 99 87
125 147 34
98 101 130
57 149 221
59 141 176
129 102 37
117 162 168
102 149 34
167 153 38
106 124 176
197 139 37
129 161 175
48 105 128
127 94 210
89 94 41
180 99 214
98 151 83
57 156 40
118 155 191
127 152 218
78 159 216
87 159 98
206 134 85
68 99 214
48 136 210
91 155 136
197 99 73
206 124 39
193 159 43
118 162 218
93 120 34
203 110 186
102 139 34
48 132 45
129 151 83
49 94 58
48 149 193
55 128 37
128 161 119
197 153 125
111 97 223
206 147 130
203 104 43
55 156 159
66 157 216
66 120 176
85 159 56
201 97 64
106 155 144
203 122 116
169 139 130
202 162 178
169 97 178
95 155 187
133 124 130
76 145 79
108 132 130
182 99 98
171 97 159
100 99 70
150 162 37
197 96 224
199 141 83
206 134 51
93 101 216
206 113 224
57 99 70
57 99 195
78 155 195
57 99 214
114 155 180
52 109 216
127 162 81
80 134 176
195 143 125
50 95 102
57 136 130
202 161 218
72 99 54
57 132 83
193 124 79
108 159 68
89 155 202
119 130 125
47 153 219
199 156 100
176 160 117
157 155 31
106 149 176
186 160 199
188 162 210
146 159 199
180 160 104
77 159 62
131 124 221
199 117 130
204 95 139
184 157 31
129 160 99
207 156 33
101 153 216
186 97 56
85 139 37
195 147 221
171 105 125
48 113 58
83 99 54
146 160 178
154 113 176
157 109 83
146 99 100
48 147 102
129 99 100
154 126 79
165 128 218
48 130 174
119 97 100
91 134 218
176 120 34
70 97 153
100 97 89
106 159 183
74 97 185
80 97 176
100 155 195
121 97 187
87 149 221
116 103 79
206 95 199
119 155 142
57 99 32
91 100 178
51 103 94
49 94 172
48 147 34
159 159 49
163 94 37
95 159 37
199 145 176
114 100 113
158 147 172
195 101 39
142 100 41
76 156 151
47 153 151
70 99 202
161 99 100
78 99 140
48 117 144
48 96 39
48 147 176
110 132 37
152 122 221
51 124 153
178 139 218
121 162 128
108 132 221
199 149 79
206 122 77
190 94 132
108 153 39
61 132 221
51 105 191
74 122 172
207 156 104
178 151 83
165 99 119
104 97 204
207 154 164
93 138 172
148 95 224
189 95 207
51 126 85
202 145 217
51 132 136
59 99 168
112 99 43
74 99 87
183 121 172
206 128 214
193 99 106
165 99 195
161 99 87
133 159 56
144 159 189
157 159 172
144 160 70
180 99 151
59 97 62
89 97 157
80 99 96
154 99 51
146 139 79
78 102 37
171 102 37
100 102 37
48 149 128
51 149 64
51 117 202
152 139 34
51 139 98
59 155 129
116 162 38
204 141 31
80 117 176
102 97 113
154 159 109
108 155 94
91 159 119
144 99 89
48 120 123
165 130 130
142 143 176
197 126 221
176 130 221
51 130 56
165 115 176
51 139 191
176 94 132
93 141 83
87 115 125
167 160 70
165 159 149
203 114 170
125 159 206
85 103 125
184 159 85
201 155 43
199 156 89
47 159 142
66 149 37
66 104 171
93 155 106
110 159 159
155 122 125
135 151 125
74 147 125
129 122 79
178 151 130
203 94 43
68 136 130
138 97 68
110 159 104
146 97 138
171 160 58
203 149 201
135 159 140
76 99 111
59 99 109
112 99 142
152 97 151
57 99 185
180 160 151
110 152 218
206 98 121
184 160 136
91 153 177
119 162 104
76 159 134
114 103 176
182 159 56
121 137 172
161 131 172
206 105 83
186 100 170
199 156 185
182 122 221
188 136 37
106 115 37
104 155 109
102 159 45
80 97 70
51 105 151
206 113 142
184 97 189
125 120 176
55 128 125
140 107 83
131 141 37
85 132 125
48 141 138
203 94 210
133 134 218
66 141 34
48 95 160
154 159 180
95 97 60
123 139 34
148 147 218
206 115 41
150 136 125
144 147 34
184 132 125
135 97 157
51 120 73
186 141 176
85 155 89
174 97 81
100 145 130
112 120 130
95 97 79
193 117 34
112 117 218
66 99 134
203 152 191
51 147 168
162 155 216
137 158 214
112 97 60
180 153 38
197 149 37
51 139 161
127 105 176
95 159 81
129 94 222
121 162 87
203 123 184
142 159 49
93 96 137
51 94 221
169 149 79
150 159 123
102 107 125
51 103 45
157 151 79
114 96 31
184 160 123
48 128 212
206 96 81
