-72 -26 -32
74 71 72
71 -78 16
39 70 -75
-71 77 71
-39 -77 74
-71 76 -72
14 -77 -75
-2 12 69
72 13 -2
-12 72 2
-5 3 -70
71 -20 74
-12 -73 0
72 -24 -71
-72 -10 46
32 -78 74
-72 40 -11
-58 -78 -74
53 77 -9
6 77 69
-72 -70 21
69 -78 -44
-69 17 -75
-16 77 -57
72 31 -57
48 26 69
72 -36 -12
-60 77 21
-48 29 69
-23 -43 -70
-5 -42 69
-66 -77 -27
25 -73 -28
43 72 37
27 -73 26
23 -33 -70
72 -63 60
-72 -47 71
72 -22 30
-52 76 -25
-70 -36 -75
72 36 35
-72 35 32
-19 -78 -45
72 76 -47
36 13 -70
-30 36 -70
16 72 -30
-72 1 3
30 -15 69
-35 -11 69
-34 76 52
-9 -78 48
11 43 -70
72 -4 -37
-42 -10 -70
-72 45 -50
48 -61 -70
72 47 -20
-72 -36 7
-16 47 69
75 70 19
7 72 32
-72 10 -34
-37 -73 26
37 59 69
72 6 51
44 -45 69
-67 -78 53
72 -43 -44
53 -73 -12
-41 66 -75
72 59 -74
-41 -43 69
27 72 7
-72 -59 -53
-72 -10 -59
14 38 69
-72 -43 37
-67 4 73
-42 -73 -5
71 6 -75
-25 -74 -75
-74 71 -5
-72 47 71
72 -49 16
-72 61 44
46 42 -70
43 72 -43
48 -78 46
11 75 -73
72 42 64
2 -75 74
-17 72 -28
72 -78 -73
-72 -50 -18
-46 64 74
18 -73 0
-41 72 2
44 -15 -70
72 40 7
-49 -78 -48
-21 72 28
-72 75 -43
69 77 46
-49 -52 -70
-62 -22 69
43 -78 -48
72 12 25
4 -15 69
72 22 -28
18 -54 69
0 -73 23
7 -78 -50
-48 77 -52
-72 54 14
72 -38 53
-69 51 -75
55 -1 69
72 -17 5
18 -8 -70
0 -54 -70
72 18 74
-7 -24 -70
71 -49 -75
0 -73 -25
27 10 69
-44 15 -70
-72 15 48
57 -78 72
-20 71 74
25 77 53
-19 -61 69
-9 58 -70
-72 26 9
72 -63 35
72 -61 -21
73 74 -23
-26 19 69
72 52 -43
18 -78 55
48 -73 12
-10 73 49
-35 -73 -28
-72 -13 23
52 77 64
-67 -78 0
25 -56 -70
46 -38 -70
-56 77 51
68 -45 74
23 77 -53
59 77 -66
11 19 -70
73 62 -2
-70 -72 74
-72 17 -12
-72 -6 -18
9 72 -9
-10 26 -70
51 74 17
32 72 -14
72 -15 -18
-72 -31 -53
-53 36 -70
-37 -78 48
72 56 44
-72 54 -30
-72 31 -32
72 -22 -50
-72 26 72
-72 13 26
-44 -31 -70
-19 -26 69
72 -63 0
-46 8 69
36 -78 -73
72 -61 -57
-69 -57 -75
-5 -78 -67
-72 17 -53
0 72 -44
14 -33 69
-26 4 -70
-72 -57 53
-51 -61 69
52 -26 69
-72 -29 53
59 56 69
-72 -57 5
-72 42 51
55 19 -70
-44 72 35
27 31 -70
-51 -73 12
72 -19 49
-56 -73 37
72 13 -48
-69 -78 -46
6 72 12
18 58 69
68 -78 48
67 40 -74
27 75 72
72 -4 -59
25 58 -70
-5 31 69
72 26 51
-12 -4 69
-72 -20 -4
-19 -73 19
52 -73 -32
-37 72 -37
72 -78 -12
-26 72 -11
34 38 69
55 -78 -62
72 -29 -32
72 51 23
72 -43 35
36 -73 -7
-72 -45 -36
-25 -15 -70
-72 -8 -39
-72 61 -59
-23 -78 64
72 4 -18
-51 81 -71
-62 1 -70
-67 -19 -74
-33 43 69
-26 54 -70
72 -4 34
-32 -78 -59
-72 74 -23
-58 77 2
53 1 -70
25 -78 -51
55 77 -27
46 -63 69
-23 74 -73
-72 33 -67
-23 -43 69
29 72 26
-23 -73 -14
0 58 69
72 -4 65
-71 77 35
64 77 5
-49 -78 60
72 1 11
13 -73 39
-72 -33 -16
55 -73 28
-23 -73 39
-72 -77 -64
59 77 32
-58 64 -74
55 59 -70
7 76 52
-35 77 69
-53 49 69
71 24 -75
-72 -10 64
-72 -63 37
6 -38 -70
32 -73 42
-26 72 12
-16 -59 -70
72 -33 11
-46 -27 69
13 1 69
72 31 -14
-44 51 -70
-28 -73 5
-53 -8 69
-51 -73 -21
-42 -72 -71
75 65 -59
-72 75 11
-72 -66 -11
34 -31 69
72 24 14
-2 -57 69
-72 -26 37
4 -73 -9
30 -73 11
0 72 -27
-14 42 -70
-56 -40 69
-72 74 55
-35 77 -62
-7 76 -72
41 77 -60
67 -77 -28
-72 58 -14
16 22 69
-42 72 18
-55 77 67
-73 62 28
-72 -65 -36
-62 64 74
-35 -61 69
32 72 -30
72 -61 -41
72 -47 -28
-72 -50 23
-72 -29 21
-16 -73 -28
67 -9 -74
72 -78 65
53 77 48
71 -78 32
17 -73 74
-32 59 69
57 -26 -70
72 -40 -62
27 77 -69
72 59 62
-72 -1 34
43 8 69
60 -73 3
72 40 -34
30 -63 69
6 77 -59
-56 -78 73
72 47 -57
-71 -78 34
72 -52 48
-30 3 69
-30 20 -70
-72 -45 -59
-7 72 -12
13 -73 14
-37 72 -21
2 -78 58
7 -19 -70
41 -73 -21
21 8 -70
-5 72 23
-62 77 -60
-58 19 69
57 77 -44
68 -65 74
-21 77 60
-28 73 -50
60 35 69
41 -78 62
72 76 -71
-62 36 69
-3 -73 -41
-23 33 69
72 -63 19
72 15 39
-72 49 35
-70 -33 74
-72 51 0
75 65 -36
-56 77 -39
75 66 34
72 17 -62
-12 -78 74
-55 -73 -36
-33 -73 -43
39 54 -70
37 77 62
-30 -61 -70
-9 -40 -70
-72 28 58
-72 -43 -5
48 42 69
30 -47 69
-37 -45 -70
-9 77 67
16 -73 -16
34 22 69
34 -1 -70
-72 54 58
72 -75 -59
-3 -27 69
55 -78 58
48 68 74
59 15 69
72 42 49
72 36 21
-58 77 -12
-72 -43 53
5 62 -71
67 -62 -74
72 29 -43
41 72 -4
41 -6 69
72 -45 -2
72 -10 19
-2 -73 9
-72 4 57
34 -45 -70
-53 -20 -70
72 49 -4
29 -17 -70
0 35 -70
44 28 -70
11 -73 -37
-56 -65 -70
-58 -73 -9
32 -73 -41
-72 6 -62
-17 -78 -59
11 -65 -70
-16 13 -70
-55 -40 -70
-10 -10 -70
72 56 11
-17 8 69
72 10 -34
-72 58 -44
57 -38 69
44 72 -20
-72 42 19
2 43 69
72 61 -18
-9 -73 35
-46 72 -11
59 -75 -75
-74 64 68
71 54 74
37 73 49
57 -74 -44
73 75 58
-72 -68 62
71 77 -11
64 77 19
-28 -27 -70
25 72 39
-72 49 -62
72 -3 -2
13 -50 -70
-72 4 16
7 6 -70
-56 77 34
-72 -20 -20
-72 29 -50
72 29 67
36 -29 -70
59 -42 -70
-72 38 5
21 72 -5
-72 28 44
-72 13 0
-23 72 46
-7 72 37
39 -73 32
72 -31 42
37 72 14
-72 6 -46
72 -22 -7
-72 -22 11
72 -38 23
-30 -33 69
-56 -78 -59
36 -78 -59
72 -49 60
57 -56 69
67 6 74
13 72 -48
13 -78 -62
-73 62 5
72 -33 72
-51 -78 48
-72 -22 -62
66 77 -36
9 -45 69
-53 -73 25
16 72 23
4 -6 -70
25 -3 69
0 72 0
20 72 -18
-72 28 -4
16 -13 69
23 45 -70
72 -52 -12
-72 43 -37
-39 20 69
-37 -78 62
-46 77 58
-3 15 -70
-72 42 -23
23 -68 -70
72 -77 0
13 68 74
-67 -78 12
72 24 26
14 -73 26
72 -6 49
72 -22 18
-23 -11 69
72 19 -14
-32 72 35
-49 1 -70
-72 -59 71
62 68 -75
-62 26 -70
29 -78 62
44 -78 74
60 31 -70
-3 68 74
62 66 74
-72 -66 -23
72 54 -30
-69 -78 -12
72 15 62
60 -17 69
-14 61 70
72 76 -59
64 77 69
72 29 2
-72 24 21
-41 31 -70
16 77 64
-7 -73 -14
-72 4 -12
29 49 69
-72 -10 9
-72 -1 -28
4 22 69
52 77 -55
-16 72 18
72 -17 -39
-25 -78 49
-72 61 -71
-67 -13 74
-72 -24 64
-66 -70 -74
71 77 30
69 -34 -75
-72 13 67
13 72 42
2 -75 44
-74 66 -32
-28 -73 73
7 -66 69
50 75 -73
-72 -4 -71
20 68 -75
-42 -73 39
60 -54 -70
-67 -78 65
27 64 73
-14 24 69
-72 19 -41
-72 26 -20
72 40 -48
23 -26 69
-25 -73 -36
72 -52 -64
23 31 69
-25 72 -37
72 -29 60
-12 -50 69
-9 -66 69
-72 -36 -43
-72 -24 -44
-72 -38 64
13 72 3
72 -4 -25
-16 -31 -70
72 -54 28
60 77 57
-72 -47 -71
72 -17 64
4 -73 -74
57 -11 -70
32 72 -48
46 -78 -69
41 -19 69
-39 -73 9
44 -50 -70
-72 -42 -25
23 20 -70
-21 29 -70
0 47 -70
-56 -10 -70
-44 -73 -39
0 -4 69
-42 -3 69
18 -22 -70
50 73 5
72 -33 -2
72 -27 -60
-72 -49 -46
34 42 -70
-12 -78 60
72 -8 -48
59 -73 16
-10 72 -48
14 29 -70
72 13 11
-62 -65 69
-72 20 -64
29 -73 -18
-41 -73 -18
60 -73 41
-14 -70 -70
-73 72 -53
-19 63 -73
73 62 -48
-72 -34 -64
-55 54 -70
38 72 73
-3 77 57
-46 72 46
72 -26 -20
-72 12 -23
-72 -54 -7
-3 -78 -57
11 12 69
72 6 -57
-72 -59 16
-30 -73 16
-7 -17 69
72 -33 -46
-58 -50 69
-72 -40 25
72 -50 -53
-72 -57 -64
57 43 -70
72 33 -25
-72 -33 -4
-72 -15 34
-35 33 69
-39 72 -48
-60 13 -70
-33 75 -73
-72 76 25
73 72 4
67 42 74
-72 -72 46
25 -78 -62
72 -17 -28
14 58 -70
-30 72 2
39 -73 21
72 51 34
9 72 -20
-72 1 46
-51 -73 2
-35 -22 69
44 72 -30
-32 72 25
-16 3 -70
-72 15 37
-51 26 -70
23 -45 -70
-72 52 25
72 -13 -66
21 -75 44
-69 40 -75
-65 -74 -37
72 -54 71
50 73 28
75 68 48
71 -10 74
-49 73 26
-61 82 -70
60 10 -70
-62 77 -30
36 -73 -30
-44 54 69
-72 -68 -46
72 -68 9
13 -78 64
-28 -73 -5
-35 -1 -70
-12 72 -37
44 -73 -2
-28 72 -27
72 -57 11
-55 77 12
-30 -52 69
-72 -52 44
-72 36 64
-10 -73 25
-25 77 -62
72 51 55
57 -73 -23
-39 -22 -70
39 -54 69
72 19 -39
-72 -4 -5
-7 72 12
2 24 -70
4 -36 69
2 72 42
-72 -20 48
20 -42 69
-72 -56 -30
46 13 -70
-10 -73 14
72 -11 -7
72 -13 41
72 -66 -12
50 -11 69
6 72 -36
72 40 -9
-35 45 -70
-74 70 -64
-65 77 62
72 -68 -30
30 -78 51
20 -74 -44
-69 6 -75
-35 59 -70
-62 -52 -70
67 -75 74
-48 72 -41
-69 77 46
-35 -78 -74
-74 64 55
-39 -78 -50
-49 71 -74
46 62 -71
-65 77 -5
-72 -13 -27
-12 -33 69
-42 -54 69
-72 -3 23
-72 17 14
-49 -78 -66
-26 -73 26
29 -73 0
-46 -15 69
-72 -4 72
-62 -33 -70
72 38 -66
72 -40 65
16 77 -60
-25 52 69
60 77 -16
72 -70 51
62 52 -70
-5 77 -55
-48 -73 73
72 56 -62
-67 -78 25
64 -27 70
-72 -70 -57
44 77 55
-65 77 -50
-60 -73 18
33 62 -71
-30 66 -75
-32 70 74
-10 66 -75
-72 61 -5
-35 12 69
72 -57 -30
72 33 58
18 47 69
-72 -15 -48
72 28 39
-72 -59 28
-32 -73 35
-44 38 69
-60 -73 5
2 -27 -70
-12 -49 -70
39 -73 7
-17 72 -7
72 -1 -67
13 -73 -25
-72 -47 3
72 4 62
-60 77 42
30 77 -60
-46 -61 -70
52 -78 -51
-72 36 -59
-72 22 -28
-72 -50 62
-17 51 -70
23 72 16
9 -78 51
30 72 -2
-7 -63 -70
25 -73 -9
-21 -1 69
-7 -73 -32
-21 -6 -70
72 47 14
-14 36 69
39 -65 -70
48 -34 69
-72 -34 41
64 -73 -5
24 -78 -74
64 -73 25
-72 -72 7
64 -19 -70
-74 68 35
-49 73 5
2 72 -73
72 61 23
-60 73 -74
-62 47 -70
-42 82 -68
23 -73 35
-72 76 -14
-73 62 -24
-72 76 -32
-67 18 74
37 77 -69
-14 -73 -39
-63 -78 45
-51 76 -4
-72 -27 -73
52 -70 70
60 -66 69
72 -68 -69
52 75 39
-53 77 -62
72 -42 44
66 -78 57
48 -27 -70
-55 58 69
-72 15 58
72 -52 -39
-72 -42 16
14 -31 -70
-37 72 44
-58 -78 58
59 43 69
-72 45 62
-72 -66 -66
-67 -78 -55
-60 -78 -48
44 3 -70
-35 72 -9
72 -42 9
4 35 69
72 12 -25
72 -15 -57
-70 28 -75
-72 52 49
-64 77 -21
-32 -73 -16
-60 -31 69
-3 -73 -2
72 4 32
44 17 69
6 -73 0
-12 77 58
46 58 69
72 -8 7
9 -56 69
16 -65 69
-72 -70 -2
72 29 -67
53 77 -36
14 -22 69
-63 -73 -18
-9 72 -21
72 -70 -39
-21 -34 69
-62 51 69
57 24 69
72 -45 -20
-62 -6 69
-72 49 -12
-72 -8 55
25 19 69
-49 20 69
-72 26 34
-30 -36 -70
41 75 -51
-60 10 69
62 -1 -70
14 72 -39
73 62 -27
-64 77 11
53 75 72
-3 77 -64
-62 75 72
64 -4 70
-73 62 17
72 -75 41
-16 77 -66
72 -77 -21
62 77 -51
-72 -15 -12
-62 -78 -66
72 -68 26
-21 -52 -70
72 -40 -34
-49 -49 69
-72 40 39
-14 -42 69
-19 -73 11
72 1 19
36 13 69
64 77 -27
-14 -73 -20
72 6 42
14 -40 -70
-72 -56 -39
16 -78 -51
-26 45 -70
-70 -24 74
-74 66 -41
34 72 39
-72 -42 -16
-33 -10 -70
36 28 -70
-16 -22 -70
29 77 62
-72 33 21
-44 -73 18
-17 72 9
72 1 -50
27 -6 -70
41 -6 -70
6 -73 -18
-35 -73 0
72 -26 5
-72 -4 -51
-9 6 69
7 51 69
36 3 69
37 72 5
2 -65 -70
-69 38 74
-72 10 9
13 -1 -70
-16 -17 69
62 77 41
43 35 69
72 -31 28
72 29 -34
39 -68 69
72 -65 44
-16 72 41
-72 -15 -67
-72 -33 32
43 -73 -36
-72 -27 3
44 77 69
-32 12 -70
-51 1 69
-72 52 -21
72 35 44
-42 40 -70
-72 -59 -18
-72 -19 57
20 36 -70
-72 -54 35
53 -49 -70
72 -66 -48
-23 -66 -70
2 72 -14
6 -73 34
72 -1 -11
71 15 -75
-72 -17 -39
66 24 71
48 -73 34
-41 -68 69
72 15 51
7 52 -70
30 -63 -70
-30 -52 -70
-46 -36 69
-53 -29 -70
-17 72 -20
57 -47 69
-23 61 70
-72 33 51
-21 20 -70
72 -42 -53
62 -78 65
-72 35 -43
25 -34 69
-32 -70 -70
16 77 55
60 -68 -70
69 51 -75
62 -33 -70
34 -78 -48
50 52 -70
-44 59 -70
64 -78 -60
59 -78 48
59 77 -2
26 -72 71
75 65 9
-71 -77 -74
71 68 -75
-21 -78 74
-74 70 44
-19 -78 -69
-3 -78 -48
-66 -41 71
-51 72 73
53 62 71
46 72 -11
75 68 64
-51 -72 -71
65 -74 -17
73 63 72
50 -78 67
74 71 -4
-16 -75 44
20 -73 -36
-52 77 42
-44 -78 67
75 70 -16
-64 26 70
72 76 15
65 -74 -36
-74 65 -50
-46 72 -21
-71 -78 -33
-11 71 74
52 77 -19
