-8 0 -111
-1 48 118
107 2 30
-109 3 31
-1 -13 3
2 -3 71
45 -10 -43
-47 -11 -43
53 -4 13
-57 -3 13
-39 12 105
-1 15 -55
38 12 110
-6 11 34
-1 6 109
78 -9 -15
5 -14 -34
0 -13 -79
-79 -10 -15
-1 32 85
-33 -4 -13
31 -4 -13
2 12 -15
83 1 13
-86 1 13
1 15 -87
-19 -3 -42
-19 9 86
20 9 89
7 9 10
5 -10 27
10 -7 -57
-57 -2 -12
1 -20 -101
55 -4 -11
9 0 48
-17 -20 -17
15 -20 -12
25 -3 -34
0 28 107
-11 4 55
-12 -2 -64
-32 -8 8
7 9 -36
20 -9 5
-1 18 67
-12 -1 18
9 -1 -98
112 8 49
-12 3 -3
-73 -11 4
-88 0 33
-11 -3 -91
1 13 90
-12 0 -23
-115 8 49
10 3 -74
70 -10 4
88 0 33
-44 -14 -25
40 -15 -25
-5 -14 -49
19 10 110
-21 10 105
0 45 100
10 -3 -9
-10 -6 39
39 -6 3
0 -1 -126
-71 -2 21
-1 -14 -17
68 -2 21
2 12 -105
-6 14 -71
-25 -9 -27
-45 -3 0
10 4 32
-9 9 -42
-11 -12 -33
-22 -11 -5
2 12 53
10 0 -25
6 -3 -113
-7 9 77
-98 1 22
13 -3 -43
-2 -7 55
9 -6 14
95 1 20
0 0 86
21 -9 -22
30 11 98
-5 11 17
-11 4 -79
45 -2 -21
0 -13 -63
-65 0 -1
-45 -2 -19
-9 9 97
10 7 80
9 6 -55
-2 12 1
-37 -4 -31
-6 11 -28
61 -1 1
9 7 100
-7 10 -96
8 5 63
-3 -12 15
3 -9 41
9 -6 -86
-8 -20 -6
-99 1 39
-30 10 96
-74 0 9
-11 6 -54
101 1 41
-12 -7 5
39 -5 -33
-3 21 79
-1 17 102
10 0 3
-6 -9 -104
-7 -9 27
-12 -6 -11
1 -12 -92
5 13 -65
21 -10 -9
68 -6 -7
-9 0 66
43 -3 -8
7 -19 -3
-14 -7 -52
80 -1 24
-78 -4 -4
72 0 9
-30 11 112
9 6 -88
4 11 40
-8 10 46
4 11 24
8 8 -4
0 39 110
7 -14 -48
5 13 -76
32 -2 -24
-12 2 30
1 28 95
-10 7 -14
-22 -5 -17
51 -6 0
-9 -9 -73
-40 -16 -36
10 -12 -22
0 15 -44
-12 -11 -22
16 -10 -32
-11 6 9
-32 -10 -3
-82 0 23
8 -8 -68
-12 1 -34
-71 -12 -7
-3 -7 -117
29 -8 -2
1 6 -117
37 -16 -36
-28 -7 -37
4 -10 -102
78 -8 -3
10 3 18
9 -11 5
19 10 99
-8 6 87
-56 -4 1
10 2 -64
64 -6 12
6 10 -24
-22 -9 5
-10 2 -101
-109 3 41
4 11 73
-2 2 96
9 7 90
-8 -10 -85
-13 -11 -43
-1 39 92
110 5 39
-42 -6 -9
-9 8 -64
5 11 -96
-66 -5 9
-31 -3 -23
-47 -9 -34
23 -6 -43
-12 1 45
-9 -13 -58
-8 11 -85
7 4 -106
9 -4 36
-71 -6 -15
-3 22 88
30 -8 8
29 11 112
0 -14 -7
5 -4 62
13 -11 -14
-48 -5 9
9 5 -16
-20 8 96
-38 -9 -41
-40 13 115
-12 8 106
97 2 31
-4 -14 -26
-11 -12 -4
-5 12 62
41 -10 -18
-6 -7 47
36 -10 -43
-12 0 -46
73 -2 0
7 8 -46
-9 -19 3
10 -2 26
-7 8 -106
14 -9 -4
-2 36 100
-1 14 -35
-20 -10 -36
0 48 109
-21 -19 -9
-2 -14 -41
-18 -4 -28
20 -18 -19
-7 -10 -95
9 -6 -77
-7 0 76
46 -11 -33
46 -5 7
23 -5 -16
-42 -10 -18
-9 8 24
-3 -11 35
-101 1 31
71 -4 -15
-40 -6 5
11 -11 -41
76 -2 17
11 -4 -35
73 -14 -7
14 -8 -50
-9 -13 -13
-51 -5 -6
-7 12 -49
-4 12 -7
-5 1 -120
-11 6 39
4 -12 11
9 6 55
4 0 78
-12 2 -71
19 -4 -28
26 -9 -29
1 -10 -109
-19 -12 -16
88 0 25
7 9 47
4 11 64
-91 0 19
-12 -4 -82
-3 -5 63
6 -14 -59
7 -8 -93
11 8 107
5 11 32
36 -4 -5
2 -8 49
-6 11 54
-78 -12 -5
-63 -3 17
-8 -12 9
10 4 -31
-4 15 -62
10 2 11
48 -1 -14
26 11 105
10 2 41
2 12 17
5 -10 19
-8 -3 57
-25 -6 -10
70 -12 -15
2 -13 -71
-75 -4 15
32 -6 -34
-28 -2 -30
39 -7 -24
-9 -8 19
2 11 98
56 -4 5
-9 7 70
8 -3 -105
-4 12 84
-71 -5 -1
-3 12 8
-12 -3 11
-40 -6 -24
3 11 80
-11 3 -87
10 2 -48
1 21 95
4 13 -50
9 7 -80
-41 -16 -43
7 -14 -12
-9 9 -34
76 -4 -9
-10 6 62
-38 -4 -4
-3 15 -78
34 -7 -19
-52 -4 -17
-10 -9 -65
-11 -5 32
-12 -4 -2
3 -4 -121
-6 11 -19
-77 -4 -11
89 2 17
15 -6 -19
-58 -1 -5
8 5 71
-81 0 8
-2 14 -99
-3 12 24
-78 -6 5
41 -16 -42
-13 8 82
-93 1 28
-3 12 41
6 10 3
-1 27 79
-9 9 1
21 -9 -37
1 15 -71
66 -3 5
7 -3 54
61 -3 18
35 11 103
-12 -1 -56
-72 -12 -15
6 -11 -83
-1 -12 22
57 -4 -4
-28 -8 -17
-4 12 72
-10 6 -27
-6 -7 -110
25 11 94
-7 12 -56
-37 -11 -30
36 -12 -29
76 -7 4
107 2 45
7 9 -11
-9 9 -75
0 4 102
-12 2 4
10 2 -40
-10 4 -93
-30 11 105
-12 1 -11
-3 9 -112
8 -13 -5
94 1 37
3 -19 3
21 -10 -1
-2 -13 -101
27 -5 -8
79 -1 8
15 8 93
27 -8 -22
-27 -7 0
7 9 -72
-15 -6 -21
-38 -3 -18
-18 -9 0
-2 -14 -34
21 -17 -10
39 -3 -13
1 19 84
5 -14 -40
-62 -4 4
2 17 76
-69 0 5
-14 9 90
38 -2 -20
18 -3 -38
72 -6 10
14 8 85
-1 21 107
-1 -14 -54
10 0 -81
100 2 25
-35 11 101
-9 -3 -105
-4 -3 70
-6 -15 -3
-2 12 107
50 -5 -7
10 0 -55
3 3 91
64 -1 -5
-15 -10 -28
4 11 -30
8 -5 42
0 12 -24
-46 -15 -38
-14 -3 -38
-1 12 48
-70 -5 -7
-46 -15 -31
-10 7 17
-6 2 82
-4 12 94
10 4 -9
45 -5 0
-9 9 -5
-12 0 37
10 -1 -18
-69 -3 15
83 0 29
-15 8 101
2 12 -5
73 -2 25
3 -14 -2
-41 -8 -35
-11 -12 -52
43 -7 -37
6 11 -58
6 11 -90
-12 -2 -17
105 3 36
-24 10 91
-4 14 -92
10 -2 -91
-1 23 74
7 0 66
16 -7 -9
-76 -1 26
5 6 -112
-17 -9 -9
-22 -18 -19
26 -3 -27
6 -14 -28
-5 -12 -70
10 -4 -3
44 -8 -28
-12 -3 -74
-22 -4 -24
-105 1 36
-33 -6 2
-24 -3 -35
10 -4 8
-54 -4 7
70 -2 15
-33 -8 -26
-113 7 42
-9 -13 3
59 -2 10
70 -10 -3
-1 12 30
1 27 88
-31 -9 -9
8 5 -100
-12 -1 24
3 2 -121
-18 -5 -48
-81 -1 16
5 -11 -77
-13 -4 -32
-52 -5 16
8 8 -63
0 23 100
-8 -14 -39
18 -14 -15
2 15 -60
-6 -14 -20
5 5 85
10 -4 -62
-5 3 90
4 7 105
75 -12 0
82 -1 18
-5 5 -116
42 -16 -32
-7 7 103
-47 -2 -11
9 4 -93
1 40 103
10 4 -2
-1 -12 28
-44 -8 -29
45 -14 -38
-10 -4 -97
-25 9 101
-9 -9 -79
9 -6 21
37 -10 -37
3 -19 -7
-2 15 -49
9 7 23
-4 -4 -122
32 -8 -27
-2 -2 80
9 7 38
-94 1 36
9 1 58
-12 3 -40
78 -11 -9
-5 13 -40
-24 -8 -41
-74 -13 -2
-44 -7 -41
35 -3 -29
-88 1 26
44 -6 -14
5 13 -82
7 9 16
-32 -7 -33
14 -10 -26
7 -8 31
-10 7 50
-24 10 110
-5 -9 41
-2 33 95
1 -14 -24
0 -13 -86
-111 4 46
-66 -4 22
-24 -9 -21
-77 0 19
-78 -11 2
-11 4 -60
15 -19 -18
-14 -10 -15
-1 41 115
9 5 -23
0 13 58
17 -10 -42
-6 11 67
-17 -16 -11
-11 5 -46
-11 0 51
0 33 111
-76 -12 -10
27 -7 -37
10 -12 -32
6 10 57
-50 -3 2
10 -3 -71
60 -1 -9
-14 -11 -38
-10 -4 45
10 -11 -53
-3 27 84
-36 -7 -20
13 -5 -26
6 10 -18
-9 9 30
8 -18 2
-20 -10 -26
-36 -2 -26
68 -2 -1
-23 -10 -12
-62 -2 11
5 -10 36
6 -12 -64
3 10 93
-2 -13 8
-7 -3 -117
-62 -2 -8
-45 -3 -6
-6 -13 -64
5 10 -102
-12 0 -28
-104 2 26
-3 17 88
3 -7 -115
28 -3 -20
51 -6 8
32 -6 3
-4 12 -13
-5 12 -104
-10 -13 -27
7 -14 -17
2 12 10
-9 -8 14
-9 8 -69
64 -1 9
-8 10 12
-83 -1 29
-3 18 72
-9 9 -22
-111 4 36
-18 -9 -44
11 -3 -49
-52 -1 -10
1 12 36
-28 -8 -5
-11 -6 -87
52 -2 -3
-27 -9 -32
25 -8 -12
44 -12 -23
-8 11 -80
10 -2 19
2 4 97
-34 12 108
-38 -7 -13
-4 12 78
-42 -2 -14
72 -8 -11
16 -3 -33
-77 0 4
-9 2 -106
-19 -6 -13
-12 3 14
1 -14 -45
35 -7 -9
18 -6 -15
-2 44 107
14 8 99
-40 -16 -28
92 0 29
23 -4 -23
-78 1 13
2 12 4
32 11 108
-1 13 -29
15 9 104
10 5 3
-5 -12 -80
18 -4 -46
-75 -8 -6
-2 17 94
64 -4 23
1 23 81
-3 25 92
-5 6 96
-2 31 103
-60 -1 0
10 0 -86
5 12 -43
75 -4 -4
99 2 36
3 -11 -96
3 -6 58
-80 -8 -10
-2 -13 -74
10 -1 32
7 3 76
-44 -6 -21
5 -7 -108
-48 -5 -15
-8 10 7
19 -10 -28
-4 -18 -99
-74 -8 -12
27 -7 3
52 -3 -16
5 -14 -53
-3 12 99
16 -9 0
-8 10 -90
-1 -9 45
2 -12 15
31 -9 -6
9 9 95
13 -10 -19
-4 -19 -3
-8 7 -100
4 10 86
-4 15 -85
-104 2 42
-33 -5 -5
-8 -9 34
-12 0 -6
-8 -4 50
-9 9 56
-72 -6 5
-58 -2 8
-86 -1 20
40 -6 -4
2 12 -10
-14 9 95
7 -9 -89
-99 2 27
-27 -3 -25
-70 0 0
7 10 -53
-38 -4 -9
76 1 12
1 15 70
37 -12 -24
-7 13 -66
10 4 -59
10 -2 -30
3 10 -109
26 -8 -18
11 -7 -11
11 -11 -47
9 5 50
8 8 -29
9 -12 0
-42 -12 -40
33 12 113
-9 1 71
1 -14 -58
8 7 28
-28 -4 -20
71 -5 4
-3 16 82
0 35 89
-4 -18 1
-12 -10 -8
0 -14 -29
-2 36 105
-9 -8 -91
-3 -12 -95
47 -3 -3
21 -7 -5
38 -2 -24
3 13 -37
24 -3 -39
-11 4 -18
6 9 68
-22 -9 -31
-5 12 -33
103 1 31
21 -9 -17
-42 -5 -32
38 12 115
13 -11 -36
-18 -3 -33
3 14 -92
7 9 -41
3 14 -55
-10 1 62
-52 -6 -1
53 -2 2
-11 5 -9
-74 -2 -6
68 -8 -13
-17 9 109
-9 7 92
41 -10 -34
110 6 44
75 -13 -12
-76 -6 11
-19 10 100
0 41 97
10 1 -69
18 -5 -23
74 0 5
4 11 46
-44 -4 5
2 -14 -37
-5 -14 -31
-40 -6 1
25 11 100
-13 -10 -49
-12 -2 -51
1 15 -83
-19 -10 -21
35 -3 -17
40 -8 -41
-4 12 13
-6 11 27
-28 -4 -14
-8 11 -61
-4 -12 -88
49 -3 -19
-42 -12 -33
-7 5 -111
1 -5 65
-19 8 91
-4 12 89
-11 6 34
-1 -14 -12
-8 -14 -44
-12 -3 -69
-29 -8 -24
-55 -4 -8
76 -4 -15
-8 6 82
-22 -3 -28
-34 12 113
7 2 -111
-3 -2 75
9 7 43
-22 -7 -45
-2 -8 51
72 -6 0
12 -7 -16
9 -10 9
49 -4 11
-16 -10 -33
-1 15 -66
21 -18 -14
6 8 75
-12 -6 -56
-22 -18 -14
-6 13 -45
-49 -3 -3
-38 -13 -42
24 11 109
-42 -10 -23
-10 -18 -1
5 0 73
-11 5 21
2 -11 31
-12 -3 3
-11 -5 15
-10 7 -86
-10 -6 25
10 -5 2
-3 29 88
0 10 111
21 10 94
-13 -5 -27
6 -8 -98
-15 -3 -45
-22 -8 -1
41 -5 -29
5 -14 -8
36 -7 -15
-1 48 104
2 14 -98
-54 -2 -2
9 -9 -63
-5 -11 20
4 1 83
42 -7 -21
79 1 15
23 -6 -10
30 -2 -30
1 28 100
6 -13 6
-7 10 40
-2 15 62
72 -3 -7
-52 -7 11
37 -6 -1
1 18 90
31 11 103
-78 -6 0
7 9 -68
3 -14 -20
-25 9 97
2 12 0
13 9 89
4 -8 45
1 14 84
1 23 91
-14 7 86
-66 -4 2
-9 9 -10
-22 -7 -8
75 -11 5
7 -4 48
3 -19 -2
-43 -3 -25
7 -18 -7
-1 12 20
-9 5 74
-53 -7 3
-2 44 112
86 1 21
-29 -3 -34
48 -3 1
-11 -8 9
8 1 -103
66 -3 17
-46 -12 -28
-62 -4 -3
-2 4 -120
8 9 86
10 -2 -75
-90 1 15
45 -13 -28
35 -6 6
91 2 22
-70 -10 0
-66 -1 9
47 -5 -10
-9 8 -58
43 -4 4
40 -6 -10
-8 -2 62
106 2 40
39 -9 -29
-74 0 14
73 -10 -6
-1 -10 39
-46 -10 -39
-11 -13 -17
9 -6 -82
-5 11 -3
77 0 20
22 9 102
-12 1 -76
-94 0 22
-70 -9 -11
1 12 104
-8 -14 -7
7 -6 -102
60 -4 5
-11 5 -36
-1 -6 60
37 -15 -43
-5 14 -53
-11 0 -97
109 3 35
-45 -15 -42
6 3 80
-15 -6 -17
19 -5 -19
74 -5 13
57 -1 -1
45 -14 -43
70 0 3
-49 -1 -14
7 9 -76
74 -3 8
31 -5 -4
-49 -3 -20
7 -9 -72
-5 2 86
-4 -11 31
10 2 -21
-4 -11 25
-2 -9 -113
16 -16 -11
36 -10 -33
58 -3 16
5 8 101
96 2 27
-30 10 101
69 -5 -3
1 34 98
-11 -5 -77
-11 -11 -56
-11 5 43
-105 3 30
-3 2 -124
24 -7 1
-28 -8 -12
-17 -20 -10
23 -9 -33
-67 -2 18
50 -3 5
7 -10 13
-19 -16 -16
-12 -1 -85
-51 -5 -12
7 8 -91
-2 26 103
-75 -4 -15
-59 -3 16
68 0 7
8 -13 -44
-9 -7 -99
93 1 32
11 -10 -7
10 4 -36
4 -13 3
-40 -8 -29
69 -12 -9
18 -9 -5
-32 -2 -28
9 8 104
-36 -2 -21
-100 2 35
-6 11 50
25 -8 -4
-80 -8 -5
-11 4 -30
54 -1 -8
3 -11 23
17 -10 -23
43 -7 -32
-34 -3 -17
-8 9 -38
45 -5 -18
-70 -11 -3
54 -3 9
41 -17 -36
-37 -13 -34
-40 -7 -20
-12 -3 28
-15 -9 -4
0 -12 12
-40 -14 -23
70 -4 -11
-1 -14 -3
7 9 51
18 10 105
84 -1 25
-21 -3 -38
10 3 -78
-2 25 98
43 -12 -40
8 0 62
6 -9 23
42 -5 -25
-47 -5 -8
-5 -14 2
-3 20 85
-30 -6 -1
-43 -8 -14
7 7 -95
-12 -8 -1
