85 163 147
197 91 27
197 90 228
56 91 28
198 164 118
58 90 228
127 165 43
138 90 104
137 164 227
56 91 116
129 92 185
55 158 75
198 93 152
61 165 220
198 164 29
198 155 189
127 95 28
134 165 108
198 102 90
143 163 167
56 111 172
92 92 72
105 120 226
78 142 29
101 92 141
171 163 74
156 118 226
160 133 29
103 163 194
162 92 59
56 137 121
174 92 189
101 163 79
198 129 54
197 135 228
151 92 147
56 115 65
55 160 179
198 135 147
87 92 198
56 126 209
129 90 228
176 165 219
174 92 116
165 163 134
92 107 29
120 131 29
198 120 183
198 142 90
127 92 68
96 160 228
81 162 108
89 92 108
118 165 141
57 165 41
198 115 121
67 92 147
160 163 43
188 165 158
137 165 74
165 91 27
196 89 59
151 163 198
94 163 48
56 140 154
61 91 85
56 91 196
96 90 228
199 160 61
167 89 220
56 122 28
131 135 226
56 118 99
165 163 103
94 92 170
57 165 139
171 91 87
81 135 226
196 120 27
70 92 54
56 115 139
107 163 114
123 89 156
125 92 127
107 162 167
198 93 201
56 137 50
158 144 226
107 92 50
169 163 178
76 163 194
55 158 102
114 89 94
114 92 207
78 109 226
197 90 125
199 160 227
145 92 205
56 135 185
198 118 209
127 165 203
176 89 163
185 142 29
143 151 29
107 153 29
180 113 226
78 163 68
197 90 176
151 92 172
191 165 94
147 109 29
147 92 81
58 142 228
174 113 29
56 135 81
140 92 48
72 92 178
198 142 125
83 163 172
151 92 123
143 163 141
56 151 203
81 165 28
198 115 158
198 144 170
78 92 127
127 113 226
176 163 27
56 146 28
198 124 77
120 165 90
96 129 29
57 113 228
114 163 61
78 89 32
180 91 42
198 122 99
56 107 46
198 109 46
112 144 226
198 146 209
182 163 48
180 92 139
198 157 141
65 165 158
116 165 223
162 163 158
72 162 88
76 89 216
198 149 43
125 165 178
114 111 29
105 91 27
89 163 127
109 92 114
176 133 226
151 162 119
176 163 198
107 92 185
191 91 106
89 163 209
76 120 29
56 113 192
56 115 119
140 131 29
156 165 217
81 90 89
57 90 166
65 165 119
143 163 54
149 91 228
187 92 77
149 163 92
198 109 65
176 163 119
198 135 194
193 165 209
56 102 212
180 92 207
198 149 108
198 107 139
198 142 68
125 165 158
76 157 227
145 89 28
158 89 101
85 89 152
56 140 101
114 100 226
74 163 48
109 92 77
96 163 96
56 104 154
72 90 104
123 165 123
197 108 228
197 165 174
56 95 65
56 122 156
185 149 226
58 165 59
56 95 134
191 165 77
89 92 50
156 92 189
125 151 29
180 162 143
134 92 143
158 160 26
65 107 29
156 163 65
130 90 89
118 167 29
56 109 81
56 146 139
158 91 42
198 133 37
56 98 101
137 165 189
136 166 28
58 165 194
103 162 145
118 92 172
74 92 74
129 115 29
198 107 105
74 163 132
56 142 65
147 92 63
138 89 161
198 104 187
94 92 123
98 89 90
96 106 226
56 98 181
56 131 170
98 135 226
187 104 29
178 92 63
169 163 57
63 162 27
169 149 29
56 149 167
72 163 209
65 126 226
198 104 170
180 95 226
176 163 92
198 124 136
129 92 209
56 131 136
129 151 226
89 122 226
125 92 52
96 163 63
107 89 158
56 122 48
72 92 201
165 92 205
198 129 167
198 133 110
145 107 226
140 163 210
98 92 209
197 90 43
154 163 178
165 92 139
198 164 45
188 165 130
58 89 43
198 102 214
160 102 226
112 163 43
185 163 183
162 92 74
74 89 163
180 91 27
116 92 143
69 163 181
185 89 92
137 165 125
145 129 226
56 149 88
180 126 29
89 163 187
118 129 226
56 153 125
167 92 176
85 163 81
123 92 108
87 92 183
103 164 216
98 165 30
116 90 39
56 153 50
167 157 227
198 151 154
56 155 152
160 89 158
109 162 130
118 165 105
65 135 29
57 165 88
89 146 226
158 163 81
198 151 79
89 151 29
107 137 29
143 144 226
136 92 119
182 92 178
109 92 130
158 118 29
69 163 145
146 165 38
191 122 226
149 157 227
56 149 112
56 122 85
94 163 163
103 92 63
56 122 181
180 163 105
56 129 61
65 102 226
118 165 192
189 165 196
114 163 207
162 104 29
98 90 39
198 151 28
176 89 103
136 165 90
61 90 214
56 151 218
125 165 70
186 164 227
140 89 218
56 164 207
185 163 61
83 95 226
56 137 198
105 163 181
94 163 112
78 104 29
198 131 207
198 122 196
147 162 105
145 163 154
143 92 187
189 89 165
198 155 127
196 89 139
198 135 181
127 165 57
56 151 189
67 164 75
154 89 216
194 89 214
131 165 147
103 89 103
185 90 151
129 165 216
167 163 209
193 91 189
56 140 212
198 109 79
169 120 226
85 92 139
56 126 112
123 92 196
154 144 29
198 100 116
165 163 192
101 92 196
107 122 29
156 163 147
140 92 132
198 142 54
78 163 158
129 90 40
176 162 161
114 163 77
120 89 218
109 163 96
56 102 123
66 165 105
198 95 70
70 92 116
172 90 151
92 90 27
169 92 48
172 164 39
85 163 57
116 92 61
198 144 139
182 92 125
165 92 125
56 131 39
187 165 35
198 164 105
197 90 92
83 165 220
199 163 152
56 164 167
157 90 89
198 146 225
56 115 216
143 89 92
134 92 172
56 91 152
114 163 152
72 91 228
70 142 226
198 157 165
67 92 132
198 129 88
198 137 79
123 92 79
160 129 226
56 124 196
174 137 29
138 118 226
198 109 198
169 163 147
198 153 94
136 92 77
136 92 59
56 126 125
78 92 46
81 92 59
198 140 158
76 122 226
180 162 172
198 102 32
187 92 52
117 90 27
68 90 27
105 89 220
88 90 215
199 160 201
156 92 112
68 165 38
67 149 29
180 153 29
105 102 29
55 160 114
134 104 29
136 165 176
58 155 228
198 104 156
198 122 65
165 163 121
56 124 74
198 93 81
96 89 156
92 163 198
56 104 57
198 131 121
145 120 29
198 122 39
154 92 134
116 115 226
76 162 121
83 92 172
105 92 172
94 118 29
176 102 29
198 129 218
56 93 54
171 104 226
70 92 189
198 153 178
72 163 170
169 89 37
85 163 41
109 157 227
187 164 116
198 157 216
136 165 63
56 164 127
56 102 194
126 164 227
70 89 92
92 163 139
56 104 92
154 163 165
131 165 136
56 102 112
176 162 130
118 142 29
189 92 116
160 163 92
81 163 96
147 163 81
154 163 134
56 153 61
118 92 183
101 146 226
92 92 61
56 133 220
56 131 94
198 122 110
198 113 147
129 124 226
96 142 29
187 92 198
198 100 52
198 118 54
198 118 88
134 140 29
136 100 226
134 92 196
76 131 29
198 124 147
56 142 39
169 126 29
87 135 29
182 163 83
198 135 99
56 142 176
72 163 59
78 153 29
56 111 205
103 162 156
56 102 165
176 92 77
56 104 143
149 89 158
94 163 174
182 163 207
198 149 198
81 92 114
103 163 205
154 163 54
61 91 74
105 163 54
199 160 86
198 95 163
195 138 27
198 100 130
56 157 34
118 165 167
129 165 81
178 157 227
187 133 226
56 98 37
191 165 141
67 113 226
198 115 220
160 164 227
69 164 227
114 89 227
137 165 46
167 92 108
151 92 50
139 164 200
145 92 112
160 91 228
198 164 184
189 89 37
190 158 27
191 129 29
182 89 218
85 89 99
67 164 199
103 98 226
198 155 52
145 163 68
56 111 30
134 165 163
58 165 150
182 163 72
145 165 220
198 164 133
129 165 99
189 100 226
156 95 28
67 91 42
145 162 27
134 155 28
65 165 94
87 89 37
56 104 223
156 92 201
56 146 74
118 102 29
151 129 29
98 92 114
167 140 226
65 89 158
56 107 70
165 163 170
105 163 68
156 163 207
198 144 189
56 109 183
70 92 65
198 115 132
56 111 130
56 120 167
120 92 119
198 133 132
145 140 29
56 133 70
180 124 226
131 126 29
198 111 178
165 92 194
89 163 72
78 146 226
123 104 226
85 163 116
85 124 29
174 92 130
56 126 147
120 140 226
198 129 156
101 162 134
63 165 50
176 144 226
61 89 96
81 163 203
83 92 79
149 163 187
96 92 187
198 98 99
56 113 150
63 92 174
198 155 70
136 89 32
109 163 27
57 90 126
189 165 218
117 157 28
131 89 152
139 164 116
127 165 114
149 89 37
101 163 41
162 91 168
58 89 185
118 165 52
168 158 27
127 89 165
89 162 27
195 109 27
65 165 132
83 92 207
127 165 32
147 89 101
129 89 101
198 98 223
198 155 116
104 91 149
56 124 225
158 165 35
81 92 189
169 163 85
101 163 121
182 92 110
56 140 132
198 131 70
147 163 127
94 92 134
56 111 161
169 92 68
154 92 70
158 163 110
56 100 77
56 111 105
151 135 226
198 135 61
116 89 163
198 137 214
56 115 41
81 163 139
176 163 65
103 163 90
74 92 141
116 92 85
63 92 205
191 165 54
63 165 174
65 120 29
56 133 28
57 90 106
114 163 121
115 164 178
94 165 219
56 157 162
138 155 226
56 98 203
57 90 141
87 155 226
67 89 220
171 91 228
173 164 227
104 164 227
85 95 28
189 92 68
114 92 194
112 163 85
89 133 226
56 120 57
198 118 167
76 163 79
178 163 189
167 89 99
92 163 154
56 149 99
56 140 165
87 113 226
67 151 226
149 92 181
156 163 101
81 163 185
125 92 145
118 92 70
182 118 29
56 135 145
116 120 29
198 113 112
198 144 116
120 153 226
105 109 226
74 100 226
145 163 176
129 165 194
198 107 123
118 92 134
143 92 141
114 91 106
72 133 226
56 129 103
138 92 68
193 165 68
171 92 57
94 92 81
198 102 147
167 163 112
98 92 52
162 111 226
140 92 178
105 113 29
105 163 105
56 137 110
92 98 226
151 163 46
191 155 226
56 155 136
123 165 150
199 160 37
158 155 226
189 165 170
56 151 178
198 91 114
189 165 150
138 91 228
72 164 28
58 165 70
197 165 161
107 89 37
96 115 226
198 102 205
56 140 92
167 163 65
167 165 219
98 153 29
160 92 147
198 109 57
154 163 156
103 92 123
109 129 226
98 126 226
107 92 85
116 92 50
56 115 74
123 165 132
198 124 127
129 89 218
109 162 139
198 144 99
143 92 196
191 165 85
178 92 198
136 109 226
198 144 181
180 162 152
147 118 226
158 92 181
83 89 163
56 149 158
198 164 193
198 100 43
165 163 201
189 165 105
189 92 134
187 89 227
96 98 29
56 98 46
127 165 170
57 103 27
57 165 108
198 98 61
92 92 147
74 89 152
145 90 166
67 164 66
143 98 29
63 89 35
140 89 152
123 95 226
189 165 43
198 164 220
72 92 209
137 165 99
199 162 97
56 157 195
112 162 187
180 92 85
189 92 85
138 92 85
112 162 196
81 91 106
167 165 32
116 165 37
90 90 89
56 153 41
74 92 85
134 165 37
56 157 94
72 165 217
185 89 101
189 91 27
76 163 150
118 165 114
107 165 36
178 163 57
65 165 187
198 157 108
120 165 212
120 165 81
57 165 96
115 90 151
198 126 227
56 164 227
56 95 172
57 165 32
151 165 226
87 89 223
198 98 178
72 162 110
174 89 216
112 89 216
191 89 156
198 111 35
149 155 28
83 162 228
56 95 223
140 135 226
67 98 29
174 163 101
198 100 194
160 163 185
98 163 187
85 92 121
139 164 133
56 113 92
65 92 110
165 113 29
56 120 203
198 118 46
169 129 226
134 144 226
56 126 187
198 129 43
56 122 37
65 92 123
198 137 203
87 163 103
56 129 161
198 129 176
198 149 63
158 163 127
154 98 226
198 109 94
165 142 29
78 92 68
101 92 77
156 92 79
85 111 29
187 109 226
160 163 72
174 163 50
56 98 88
145 163 194
160 163 141
61 134 227
120 89 99
56 142 189
56 120 130
198 153 205
176 92 174
198 109 163
198 142 39
198 102 74
149 149 226
56 98 158
65 92 196
107 92 203
140 113 29
123 111 29
116 92 125
125 122 29
198 140 105
112 131 29
56 120 108
70 126 29
198 126 187
134 92 127
56 129 52
198 135 172
171 162 139
76 163 176
198 137 48
143 92 123
198 115 70
198 111 214
198 149 145
123 120 226
105 140 226
189 142 226
182 89 158
103 146 29
112 92 178
180 109 29
74 111 29
167 92 185
149 163 61
165 149 226
56 113 50
198 95 37
156 163 192
160 163 59
158 92 209
81 163 127
55 160 218
114 149 29
182 163 123
191 92 205
63 92 59
92 92 205
149 163 212
98 92 176
198 151 134
56 155 209
56 151 145
138 90 40
136 165 154
185 163 99
56 155 83
70 92 170
198 126 32
189 151 29
178 89 35
187 91 211
61 153 28
67 92 79
76 165 36
76 165 225
196 165 125
195 90 51
65 165 214
199 163 75
61 165 79
127 160 26
197 117 228
191 92 172
191 92 181
72 162 96
196 89 74
199 163 52
94 165 36
198 164 144
125 165 187
103 89 165
154 89 165
55 163 156
123 89 90
134 165 52
78 163 214
71 157 28
96 89 220
105 90 228
58 165 183
166 90 213
56 93 209
182 98 29
167 98 29
178 165 35
55 163 50
191 98 29
118 160 228
117 165 158
112 95 28
58 100 228
191 89 96
191 165 178
172 90 27
78 89 225
182 160 26
131 92 108
92 89 163
74 90 39
56 153 70
140 163 148
131 165 121
147 91 43
131 160 228
167 92 81
125 89 35
85 102 226
178 163 181
