210 79 59
33 173 201
37 79 54
218 173 201
123 178 97
125 79 186
222 170 101
220 81 161
34 85 153
34 174 59
121 82 92
126 174 196
55 176 130
163 132 57
90 132 57
171 175 144
71 118 199
173 124 199
34 124 99
181 82 113
220 141 153
90 82 140
219 139 54
220 116 103
105 175 148
155 79 54
34 134 167
183 178 67
88 82 54
171 82 165
40 79 201
220 109 201
61 82 97
119 126 199
73 175 86
80 168 200
140 173 54
171 170 202
37 126 54
138 79 136
82 79 186
123 108 57
190 81 201
98 172 53
163 175 103
212 178 140
220 79 121
34 164 99
34 174 163
34 118 200
71 175 165
34 145 132
222 173 65
138 178 163
192 112 57
156 93 199
194 175 175
204 141 199
65 157 57
34 95 119
123 143 57
92 175 115
156 82 88
220 110 138
65 108 57
132 178 130
220 108 72
188 82 82
220 143 119
192 175 115
220 114 169
61 79 128
65 82 159
148 149 199
34 93 82
55 149 199
220 143 86
190 149 57
220 79 192
90 82 109
192 82 142
220 79 88
105 97 199
115 82 157
117 79 61
100 176 181
34 114 142
222 172 169
165 175 173
105 153 199
34 147 74
34 103 175
63 79 67
142 82 163
156 175 76
86 82 82
165 80 138
165 105 57
115 79 121
198 82 175
55 178 186
80 175 140
183 87 57
100 175 84
144 116 199
220 147 180
150 82 113
203 177 84
167 161 57
49 178 80
194 110 199
34 155 182
119 178 67
61 95 199
63 132 57
49 82 177
90 108 57
55 175 103
92 132 199
33 170 138
34 116 76
181 147 199
35 79 101
138 79 72
149 177 195
146 149 57
142 122 57
92 82 163
202 82 103
34 103 55
194 173 200
34 124 121
75 177 60
200 172 53
132 97 199
192 175 153
154 175 124
34 141 198
183 175 94
220 126 188
144 99 57
148 175 144
34 145 109
34 153 157
154 80 182
169 79 71
82 99 199
110 176 126
127 153 199
220 164 124
40 79 132
117 178 167
34 174 117
100 151 57
52 177 152
37 153 54
220 89 140
75 147 199
144 176 93
107 120 57
219 118 54
220 95 103
55 176 60
220 95 177
175 101 199
171 79 192
105 79 183
220 153 67
220 153 200
94 80 202
200 79 124
210 99 57
104 173 201
220 161 148
34 97 194
34 101 101
198 130 57
55 128 199
107 97 57
140 80 201
75 178 184
51 93 57
73 175 111
119 161 57
220 99 121
175 175 126
220 124 124
206 95 199
90 175 161
220 99 157
44 79 71
194 175 134
220 126 74
102 116 199
102 82 94
34 132 148
34 166 78
115 79 201
61 168 200
220 89 72
71 79 201
136 82 54
140 178 111
84 159 57
156 132 199
36 174 182
126 175 147
212 178 184
102 79 72
136 178 182
129 82 111
179 178 186
206 178 105
208 178 159
220 164 84
134 178 78
71 82 111
220 132 169
177 122 57
34 114 161
202 82 157
171 82 99
138 132 199
220 120 153
71 91 57
71 82 142
204 82 76
105 175 103
78 120 57
34 128 186
220 153 105
204 159 199
121 82 140
87 177 73
140 82 92
210 178 121
220 137 136
34 141 92
206 153 57
51 82 148
67 82 177
57 79 192
53 82 113
49 114 57
179 79 130
40 157 199
156 82 155
220 99 86
165 79 121
165 151 199
220 132 105
53 110 199
179 175 165
161 110 199
49 141 57
202 124 199
125 124 57
34 97 140
98 79 126
34 85 169
82 79 126
34 81 186
158 176 60
53 176 170
169 175 86
88 175 94
34 157 119
64 177 73
125 82 169
121 110 199
140 164 199
181 82 177
220 164 184
34 91 65
182 169 54
94 175 134
46 82 90
175 143 57
188 130 199
220 126 90
34 130 70
185 82 159
107 137 57
117 178 184
90 178 194
206 79 200
220 134 201
67 82 82
124 177 112
103 79 54
188 82 99
34 110 115
165 178 190
34 99 157
86 114 199
107 82 109
220 151 165
80 145 57
121 82 75
102 82 148
163 175 157
113 141 199
177 82 146
102 178 70
215 81 175
220 159 54
190 79 67
115 178 84
38 80 116
171 79 55
208 79 136
69 175 128
90 157 199
51 159 57
177 175 111
34 112 90
144 178 67
206 178 65
134 159 57
150 175 175
161 147 57
75 82 94
220 112 184
125 93 57
220 151 134
200 89 57
220 81 107
154 164 199
71 132 199
190 159 199
78 79 67
220 95 192
49 82 163
41 178 105
48 173 201
150 164 57
216 176 78
220 89 57
140 79 184
38 174 90
169 178 70
190 175 80
61 82 54
163 91 57
158 79 198
148 134 57
158 118 57
220 114 84
34 130 134
34 141 180
188 95 199
34 153 86
78 82 165
204 118 57
34 108 130
150 82 142
134 82 148
50 177 117
34 161 169
92 82 177
65 175 151
36 79 82
194 79 188
113 173 54
198 178 188
200 82 88
119 178 136
34 159 65
215 172 53
115 166 199
183 101 57
34 155 140
34 139 59
34 130 84
34 118 177
109 79 134
107 82 167
161 175 136
67 175 99
44 178 138
158 82 103
34 103 70
119 93 199
34 110 190
169 137 199
49 91 199
78 103 57
82 175 124
167 82 177
34 166 153
154 82 75
220 143 192
222 173 154
127 174 57
142 79 124
222 172 134
67 170 53
156 82 169
41 178 70
215 122 199
105 175 169
55 82 78
165 175 115
206 178 171
136 137 57
220 114 115
194 175 103
51 126 57
136 110 57
78 175 153
132 118 199
175 82 84
127 79 198
34 118 63
144 99 199
94 145 199
112 177 113
192 161 57
92 79 65
82 175 173
65 178 194
215 81 148
156 175 88
150 175 163
90 175 148
88 82 94
194 82 113
88 177 60
115 178 155
220 122 138
63 145 57
34 149 169
127 141 199
55 175 91
150 175 105
171 174 57
46 139 199
39 177 151
144 176 130
84 82 151
179 157 57
206 79 184
73 79 55
220 141 65
217 175 112
67 157 199
208 112 199
173 89 199
96 91 57
113 149 57
140 82 105
119 82 105
183 116 199
34 145 146
183 175 140
188 137 57
34 91 107
220 153 92
84 93 57
148 79 65
208 177 195
204 141 57
61 139 199
107 130 199
210 130 57
34 139 121
220 143 99
63 175 177
34 130 111
154 79 128
194 147 199
63 175 117
220 105 59
49 79 54
127 79 130
40 128 199
175 159 199
46 82 103
192 79 54
208 82 115
138 176 196
132 82 82
219 89 202
94 105 199
109 82 82
34 166 190
115 82 175
152 108 57
34 85 140
127 174 159
126 175 174
114 177 195
46 170 53
194 178 61
216 176 92
129 79 63
49 79 124
169 82 111
202 176 147
53 79 136
92 169 201
39 177 128
36 105 202
220 164 111
35 92 54
34 166 128
82 170 53
51 161 199
220 79 65
146 175 82
180 174 197
204 177 132
71 103 199
220 164 72
175 110 57
34 151 192
220 99 144
34 91 130
105 161 57
71 79 190
34 89 92
34 93 180
94 122 57
196 175 163
220 159 173
173 97 57
117 132 57
220 103 111
34 122 153
156 120 199
115 89 57
138 145 199
220 110 126
61 175 140
146 82 173
167 82 151
59 118 57
82 124 199
34 141 157
86 89 199
84 175 105
179 79 63
212 82 99
75 178 72
136 178 140
41 178 194
134 178 90
46 79 188
160 173 201
220 130 61
121 178 124
210 82 165
220 174 190
142 178 153
105 79 198
35 79 66
112 177 94
199 176 74
59 175 161
100 175 159
220 93 167
61 95 57
34 105 80
98 82 84
34 155 107
144 82 153
179 175 82
190 79 126
71 79 124
34 124 163
220 130 159
220 161 136
220 153 117
220 137 182
34 118 132
107 175 138
86 175 84
202 108 57
134 178 65
34 120 109
109 110 57
115 79 188
78 134 57
117 151 199
171 114 199
194 99 57
90 147 57
34 149 63
134 108 199
62 80 117
44 178 175
208 164 57
113 82 146
90 177 182
82 82 115
98 82 115
219 79 76
82 79 200
204 178 95
179 79 200
148 87 57
177 175 153
80 82 105
146 126 199
185 175 124
220 151 148
161 175 146
202 82 146
129 82 101
71 93 199
37 164 54
220 132 115
136 149 57
220 99 134
219 149 54
61 116 199
146 82 84
132 82 161
100 175 121
220 91 128
220 87 184
46 118 199
190 82 169
94 122 199
96 91 199
34 155 130
210 149 199
220 108 92
46 101 199
111 105 199
34 108 151
175 175 101
220 137 78
220 118 67
134 99 57
125 153 57
136 82 171
220 110 153
34 124 142
220 143 109
113 116 199
94 175 103
34 164 88
49 103 57
188 122 57
158 79 65
220 141 163
194 175 92
220 120 177
220 155 78
202 79 65
148 87 199
198 175 124
61 82 169
127 164 199
80 79 136
156 178 184
102 178 192
204 170 202
219 79 138
34 166 111
220 89 92
220 161 194
36 116 54
165 175 126
39 80 161
46 178 97
220 174 124
107 179 60
61 85 199
39 90 200
140 178 121
165 82 80
124 79 54
44 178 165
94 175 173
210 82 86
39 176 80
220 105 192
127 174 186
107 79 63
210 132 199
220 116 194
44 177 60
219 79 54
98 79 190
222 173 144
75 177 195
220 99 201
124 177 81
33 169 68
183 175 177
102 164 199
171 176 181
148 170 202
148 174 59
165 164 199
65 178 63
127 174 72
198 79 136
130 177 105
59 82 142
198 85 199
215 177 102
86 79 72
203 177 116
56 168 55
44 149 199
54 177 195
132 79 120
53 178 72
37 79 92
220 157 157
220 122 165
154 95 57
98 82 103
152 103 199
100 82 159
55 151 57
179 82 92
220 97 63
34 103 165
98 112 57
150 82 99
71 149 57
34 126 173
169 79 130
198 132 199
123 82 153
220 128 148
220 122 111
169 118 57
194 120 199
34 134 103
179 132 57
34 120 84
127 130 199
34 149 97
69 116 57
115 178 144
158 157 57
171 153 57
171 175 161
188 178 190
73 82 155
34 87 74
82 82 173
34 101 111
34 101 186
198 101 199
34 110 105
34 120 190
34 139 78
102 139 199
34 137 190
102 128 57
42 82 144
59 82 86
82 112 57
90 79 130
57 82 105
100 175 94
73 161 57
198 82 165
59 175 80
212 103 199
222 173 85
150 79 190
119 178 105
218 80 201
71 171 202
55 79 183
113 178 175
212 166 199
146 79 132
183 79 186
220 89 157
220 89 111
127 174 138
161 169 54
53 79 200
143 177 171
111 177 74
181 166 199
212 79 128
179 79 72
34 174 99
215 177 166
167 80 201
144 79 57
92 166 56
215 141 199
214 178 61
179 176 60
181 80 138
42 166 199
42 79 61
154 178 68
158 145 199
210 79 192
150 139 199
171 128 57
220 93 80
165 79 186
34 93 163
152 143 57
71 175 144
33 173 173
220 141 173
119 118 57
132 118 57
34 139 140
44 132 57
138 91 199
220 137 126
142 178 188
220 153 186
163 126 199
154 175 153
156 175 169
84 151 199
84 79 61
57 79 61
67 82 103
113 79 70
59 82 153
220 137 92
148 175 117
94 175 78
42 97 57
34 81 126
140 82 115
134 169 201
42 82 171
36 79 177
75 82 180
196 82 78
190 82 180
163 87 199
44 149 57
132 178 117
78 159 199
204 81 53
190 173 54
98 177 60
165 175 78
214 178 153
49 178 109
34 166 180
102 175 130
113 82 90
220 161 63
100 103 57
34 89 192
73 175 175
144 157 57
220 85 169
188 175 167
146 157 199
198 155 57
210 110 57
220 99 74
34 99 92
92 155 57
190 82 90
220 103 182
69 82 167
78 82 86
75 175 94
55 79 70
167 175 94
57 82 161
63 105 199
107 79 124
57 139 57
34 103 121
220 124 99
63 126 199
169 175 134
80 134 199
34 149 117
136 155 199
140 89 57
220 149 126
129 82 90
123 82 84
69 141 199
34 132 94
220 143 144
117 79 130
196 143 57
144 112 57
94 82 151
65 149 199
34 112 169
163 82 163
220 161 94
208 91 57
185 103 199
102 175 113
34 155 76
105 89 57
150 126 57
34 105 138
115 99 57
220 91 148
57 110 57
78 87 199
158 82 144
192 175 142
96 175 142
220 134 190
125 134 57
194 82 155
220 97 94
34 130 157
179 132 199
121 82 113
117 82 165
90 97 199
90 79 188
173 82 157
156 155 199
179 82 169
220 166 159
173 79 120
100 79 136
176 176 74
219 174 180
214 178 132
46 178 188
35 79 195
33 173 107
132 178 153
67 178 186
94 178 67
158 80 117
109 177 182
34 149 200
53 176 143
88 175 140
67 79 136
185 175 132
220 89 119
177 175 134
220 101 167
220 147 78
220 110 161
86 120 57
200 164 57
67 82 90
215 79 184
183 112 57
220 118 76
90 99 57
198 93 199
181 124 199
42 89 57
181 89 199
105 89 199
202 99 57
142 82 142
41 178 113
220 116 94
220 161 103
161 101 199
84 82 159
34 139 67
196 122 57
80 175 132
34 116 121
188 139 199
82 175 115
129 82 140
34 110 63
219 126 54
123 118 199
94 114 199
46 178 88
34 153 148
183 175 103
181 82 105
34 93 171
210 82 157
210 79 67
136 178 99
138 79 192
34 83 109
34 166 119
163 79 57
222 170 57
222 170 78
125 87 199
63 79 186
176 79 183
179 79 55
171 79 63
34 174 190
214 178 70
57 175 111
71 175 78
35 164 201
132 178 169
120 169 54
154 79 136
117 178 60
53 176 178
220 83 99
171 87 57
44 178 157
111 82 54
61 175 169
71 79 72
92 79 120
34 164 142
219 161 202
201 176 181
148 79 198
212 85 199
40 112 199
40 110 56
33 170 146
149 176 74
192 87 57
