28 33 -58
-32 -35 119
29 32 54
-32 -35 -119
-32 -35 0
-20 37 -113
32 -35 81
32 -35 -82
-29 33 96
-29 34 -15
32 -11 -3
32 19 118
-33 -10 -61
-33 -16 60
32 10 -119
-29 34 40
9 -35 35
4 -35 -37
14 32 6
-20 34 -60
10 -21 117
11 -34 -120
32 -8 -49
-33 4 14
32 -7 50
-12 -2 -118
-7 -33 -83
10 32 90
-30 3 119
-12 -33 86
10 32 -92
-33 -6 -23
5 32 -29
32 1 87
32 4 -83
4 -33 -1
-33 17 -87
-31 -35 -39
-25 -35 33
-6 28 119
-33 15 69
32 14 -24
-4 32 61
-33 -16 -92
32 15 27
-33 -11 91
29 -35 -21
32 -35 15
-15 32 14
32 -16 -105
9 -33 64
6 31 -120
-33 5 41
7 32 36
-33 15 -44
31 -35 -50
-32 -35 -73
32 -35 109
7 5 117
32 -33 49
32 -7 113
-32 14 -120
-11 -33 -58
33 31 -103
33 31 79
-13 -33 -19
32 -11 22
32 14 1
-13 32 -84
-15 -33 56
13 -6 -118
-11 -35 -107
5 32 -64
-16 -16 117
13 -33 95
-33 28 119
32 11 65
32 27 -81
-32 -35 74
-17 32 -36
-33 -20 18
26 34 -14
-6 32 -7
14 -33 -96
-33 -12 -119
-6 -35 108
-33 11 94
10 -33 -69
32 -12 -26
-11 -33 16
27 34 -36
32 11 -60
-33 14 -6
32 -15 71
29 32 101
32 -17 -69
-33 -32 96
-11 32 86
32 -19 95
-33 14 -66
-33 2 -103
-25 34 64
15 31 119
32 -33 -117
-33 26 22
24 34 24
-3 -20 -118
-33 -16 37
-33 -12 -1
14 32 69
-33 -28 -19
-30 -35 -98
-33 -16 -43
-8 18 -118
-12 10 117
-29 34 -96
-33 -2 -78
7 -33 -19
32 15 47
11 -33 16
-32 31 -74
32 -31 -3
-31 32 3
-33 -34 50
-33 17 -24
32 2 -102
-11 32 36
13 13 -118
32 -17 -87
-33 -19 109
26 28 -120
32 18 -43
-4 32 -103
-33 -2 74
-3 32 -46
-33 -31 -56
33 30 9
32 -19 37
32 9 104
-13 33 104
28 -35 32
-13 -35 -41
30 -7 -120
-34 31 78
14 32 -48
32 -34 -100
1 32 20
17 32 -77
-33 23 53
32 0 35
4 34 105
-7 -35 40
-32 31 -48
32 4 14
5 -33 81
27 -33 65
-20 -23 -118
-16 -33 1
-33 -19 77
27 -33 -66
-33 0 -39
-33 2 58
21 -35 -35
13 -33 -50
-33 31 -31
-2 -8 117
32 1 -35
18 -35 118
10 32 52
9 32 -14
32 17 -95
-33 21 -105
-34 31 -120
32 17 88
32 2 -14
-33 15 109
29 -23 119
33 29 39
-33 -2 104
32 -25 -39
-33 -20 -75
18 34 -107
-33 -24 -108
-33 19 36
-16 32 50
14 -33 49
-31 -35 16
-33 -3 28
-7 -33 69
-13 32 -20
32 -2 -67
21 -19 -118
-21 -35 106
1 32 -78
17 -7 117
1 32 77
18 -33 -8
-33 5 -54
22 7 117
17 -33 -82
32 -21 10
-4 -34 -120
32 -34 95
4 -35 -107
-15 -33 119
-24 -33 -84
26 34 -91
32 0 73
-11 32 -70
32 -20 58
-21 34 27
32 -21 -15
-13 32 71
-16 -33 -73
21 -33 6
33 29 -24
21 34 41
-33 19 9
3 -33 119
-25 2 -118
-2 32 6
32 -23 -56
32 23 -67
-20 26 117
-34 29 -61
18 33 -26
-8 31 -120
32 -6 99
-33 0 -7
32 21 -12
-33 -7 48
28 34 67
-17 32 -1
-33 -19 -29
28 32 115
32 5 -48
-3 -21 117
-2 -33 56
-20 -33 69
2 5 -118
17 34 105
19 -33 75
32 -25 24
-21 -33 -29
-21 24 -118
32 19 -109
23 34 87
-33 -15 -14
-24 -35 -109
-2 -33 -95
-17 -33 -96
-24 -33 -10
10 -35 108
22 -35 -109
-33 -10 118
-3 -33 28
0 -33 -49
-28 34 109
-25 -33 85
-16 32 -99
-33 -2 -91
-33 -24 6
32 -11 83
33 31 -4
-33 18 83
-2 -33 92
1 15 117
-33 13 26
-3 -33 -26
32 5 54
15 18 117
32 21 100
-21 -33 -52
32 -23 107
32 15 -77
-4 -33 -11
32 -8 -95
32 -8 10
-3 32 45
32 1 2
-33 -23 88
-33 -28 27
-33 -28 62
-34 30 -86
13 32 23
18 33 -65
32 23 64
1 -33 -61
32 13 77
32 15 12
-33 -8 15
22 4 -118
-15 32 -48
-19 -35 43
-19 -34 -120
32 -11 -37
22 -33 103
-21 -4 117
-33 -24 -6
-15 -33 28
32 22 -54
-3 32 -90
-33 5 -28
0 -33 11
-2 32 -19
-33 1 -66
-33 22 99
-4 -33 -71
-33 -21 49
-7 32 -31
32 -21 -116
-27 34 16
-24 13 117
-12 -33 99
19 34 -5
-2 32 95
32 -25 -27
5 34 -109
15 24 -118
32 -8 -77
-33 11 52
22 -35 41
-33 -7 -49
-33 10 -78
32 -8 62
-25 34 86
-7 32 -57
7 -16 -118
-33 0 87
-10 32 24
-33 18 -56
-33 -27 -88
32 27 20
-33 28 -7
-31 -24 -120
-33 -32 108
-33 31 -108
-33 -23 -64
4 -33 -79
-24 -33 -65
21 -33 87
33 29 -45
-33 27 67
32 -35 -33
32 -25 -77
-31 -24 119
-33 -29 39
32 -25 74
2 21 -118
-33 -8 -100
6 32 -3
-15 -12 -118
23 -33 22
-32 -35 -27
-21 34 -71
-24 34 -86
33 30 90
31 2 119
-24 34 -26
32 5 24
32 -21 48
-3 2 117
-17 13 -118
-33 -3 5
6 24 117
4 -33 47
32 0 -57
-33 -21 99
21 -17 117
18 -33 -61
-28 34 50
-21 -33 12
23 34 77
32 2 -24
32 -11 -14
25 34 14
32 -25 85
29 32 -71
-13 33 114
18 33 60
14 -33 -27
-33 10 -95
-33 -6 -111
6 32 -41
-33 23 -95
-33 7 2
-33 7 81
-33 -10 68
-33 23 -37
-33 10 -16
-33 27 88
32 24 -33
27 34 -112
-23 -33 95
32 -27 -94
25 34 -46
23 -33 54
-33 -28 -45
-32 31 31
22 -35 -120
32 11 36
-33 -11 -71
32 -10 -61
-33 -11 -82
-8 7 -118
32 -2 -111
7 -33 -88
2 -33 102
17 32 32
32 26 -91
-33 26 -20
21 -35 -45
-25 -33 57
-25 34 74
-33 9 -112
-20 34 -10
32 27 108
25 -33 -88
18 33 -39
25 17 -118
-33 26 108
-12 -35 -32
31 -33 119
-33 22 -75
-32 18 119
-33 14 -33
32 -20 -1
-33 -12 26
14 -33 26
-12 0 117
2 -33 71
-33 -8 -32
32 -10 41
32 2 45
-7 -33 3
-33 26 44
-20 34 96
1 33 114
-24 -33 -20
-17 -33 78
6 32 12
-23 -7 -118
-21 -24 117
32 23 52
-33 -27 -35
32 13 -35
13 -24 -118
32 9 94
32 7 -71
23 23 117
22 -33 -74
2 -33 20
5 32 -100
32 -33 6
-29 34 -39
25 34 -82
32 -25 -103
32 -12 106
4 -27 -118
19 -33 -18
32 10 -108
9 -12 117
-2 32 35
32 11 -11
9 -33 -10
32 22 73
32 -10 31
11 32 81
9 32 61
32 10 113
32 -7 -86
-33 -25 -98
32 -28 39
-15 32 62
10 -33 7
-33 5 68
32 14 56
20 34 -56
32 26 30
-20 34 38
18 33 95
-33 21 -12
31 -35 -11
25 34 5
-33 -7 58
4 -6 -118
5 32 -54
10 32 -83
32 17 -86
13 4 -118
-25 -15 117
-33 -3 -120
15 33 -116
19 34 50
10 32 99
18 33 -96
-32 -35 -13
-33 23 -115
-7 -32 117
-13 34 -108
-34 29 11
-33 -33 -108
14 -34 -105
-4 34 -112
31 -14 119
32 -29 58
-24 34 -105
-33 11 61
-23 -35 -43
32 -19 -48
-33 -31 -81
-33 7 102
32 22 -3
-4 -35 -41
-33 9 33
32 1 109
-33 -10 108
-23 34 9
-33 -15 -53
-17 32 79
22 -33 -100
-16 18 117
28 33 32
10 34 111
-32 -35 -88
32 27 -113
23 -33 -27
-10 -33 48
-33 31 60
-28 -35 43
-23 34 -45
22 -7 -118
32 23 83
-4 32 70
23 -2 117
-13 -33 -88
32 -3 -7
32 6 -5
-33 5 -86
32 -4 -19
-33 -29 81
-33 -12 82
32 -31 -60
-33 0 -16
32 -3 -43
14 -35 -40
23 -33 -53
32 21 36
-29 33 -66
-11 32 5
-25 -16 -118
-33 4 111
-25 -35 113
32 21 -120
-32 -35 66
5 -33 -29
15 2 117
-10 -11 117
11 -33 73
32 -14 -113
32 2 62
5 32 28
-24 -33 3
-33 -8 99
7 32 -71
-4 32 -65
26 34 -27
6 -33 90
-3 -33 83
-33 -15 -111
5 -3 117
32 -17 27
32 -28 -47
17 -33 66
-33 22 1
-13 -33 9
32 9 85
-7 -10 -118
-33 -19 -84
-21 5 117
-4 32 14
-12 -20 -118
13 32 -32
-33 2 -47
32 -28 -111
-10 32 -39
17 32 -16
11 -31 117
-30 -35 -49
-33 23 -48
31 -35 24
32 1 -119
-6 34 106
28 34 45
33 29 -12
29 -34 73
-27 34 -5
32 -34 -73
-4 -35 -112
17 32 14
-33 -34 9
4 -35 -119
-32 -35 -64
18 33 -87
25 34 -102
-27 -33 26
32 -16 -78
32 -16 -96
-33 -8 39
-24 -33 -74
32 -25 -67
1 -35 39
-33 2 22
-33 0 96
-10 -33 -50
30 -35 -108
-33 -23 -54
-33 23 -67
32 -24 66
15 -33 57
-15 -33 -81
-13 -33 64
-33 1 49
2 32 53
-33 7 -40
-33 -14 7
-25 32 -117
6 -33 54
-25 11 -118
-16 32 -28
9 13 117
32 -20 18
-33 -20 -20
6 32 44
-33 -33 88
32 -27 -84
-33 18 45
21 -35 31
7 -35 -45
-33 22 61
-20 34 108
-16 31 -119
32 -35 -43
-21 34 -18
6 -33 -96
-13 -24 117
30 -35 41
-33 13 18
-33 -19 69
-11 32 94
32 2 -94
21 -27 -118
-33 -27 -27
-4 -2 -118
2 13 -118
-11 -31 -118
6 32 69
-11 32 44
22 -33 95
32 -34 -91
-32 6 -120
32 28 119
10 -35 42
-19 -33 -104
25 -33 -2
33 30 60
33 30 -64
-29 34 -54
-33 28 -101
32 -28 113
-21 34 56
32 -29 103
32 -19 81
32 -19 -31
32 -4 18
-17 -33 20
-13 -35 36
32 -6 91
4 -25 117
14 -33 -2
-33 -14 52
32 10 -91
32 17 109
32 7 6
32 -14 54
-33 10 10
25 -33 12
-16 5 -118
-33 -8 -10
-33 11 -50
-33 7 -70
32 -15 6
-24 -33 -92
32 21 -102
32 14 -49
26 14 117
-10 32 -78
-33 22 77
32 -8 -107
2 32 88
-6 -33 -102
32 -4 -28
13 32 -58
19 -35 111
32 23 14
33 31 -52
-33 -34 31
-33 -3 115
-11 32 -94
-33 22 -29
-19 33 -92
6 -33 28
17 -12 -118
1 32 -36
-10 -33 -66
32 7 71
26 -14 -118
-27 19 -118
-33 -21 32
-33 21 27
-23 34 45
-33 -28 -73
-33 -29 -115
-29 33 24
-24 31 119
29 -35 88
-13 -35 112
22 34 111
-25 -28 -118
-25 21 117
33 31 -119
-13 32 -8
-25 -35 -117
33 30 70
-28 -33 103
-34 31 103
-20 34 19
7 31 117
32 22 -27
32 13 19
-33 13 75
-33 -19 -100
-13 32 -64
32 -3 79
32 -14 90
-7 32 77
-8 -33 23
-4 -33 75
26 34 60
32 13 -102
32 -25 92
32 -28 18
-33 -14 -23
-33 -2 36
-33 -27 12
-33 -3 65
32 24 3
-7 -33 61
-4 -33 -3
-15 21 -118
-6 13 117
25 -33 -81
-17 -35 -112
-33 -23 57
-17 -33 -62
11 -35 -33
-15 32 -56
32 -3 28
32 -27 3
-25 34 103
32 5 -65
32 1 -77
-33 -8 -88
-6 -33 -19
-33 11 -58
-33 13 -102
32 31 -96
32 -14 15
32 -16 -58
32 -28 -20
-33 -25 106
-8 22 117
14 32 39
29 33 -20
32 26 45
-1 27 -119
-32 -35 57
13 -35 -113
-33 21 91
17 32 86
-30 32 -81
21 34 70
32 31 -86
26 -35 113
14 -33 103
-33 -16 116
-19 33 86
-19 33 -78
26 34 -5
22 34 -73
-33 2 -115
29 -27 -119
28 34 92
-33 23 -84
-34 30 -94
32 31 25
32 -15 112
0 -35 113
33 31 -39
33 31 -31
25 -33 -11
-31 11 119
32 22 -75
-33 -28 45
-33 19 19
-33 15 -73
-33 -10 -39
1 -33 65
19 11 -118
-33 15 -111
-21 34 -52
-25 -33 -58
-33 -16 -60
-11 -33 -95
32 -2 9
32 -17 -39
11 32 -65
32 -8 -69
-6 -33 100
9 23 -118
32 10 -18
11 33 -106
-33 6 -6
32 1 98
2 32 -12
32 -7 3
-33 -2 -31
32 10 -82
1 -33 -18
-33 -23 -12
1 32 -70
4 32 -88
-4 32 85
25 -8 117
6 -33 -52
10 -33 -81
32 22 -19
-33 28 -42
-33 24 -54
18 -33 14
32 -20 -8
32 -15 64
-33 -11 75
-33 9 87
-3 -33 49
-33 -17 -7
7 32 -20
-17 -33 -11
-8 -33 54
-11 -33 79
0 22 117
-33 -20 -36
-24 -33 19
19 -24 117
-15 -33 -26
-24 -33 77
-33 27 36
-25 -33 -103
-33 -34 23
-29 33 10
33 29 96
-34 31 53
15 32 -10
-29 33 -22
28 33 19
19 31 -120
-29 33 69
27 34 -65
2 33 -116
32 -7 74
32 -4 57
-21 -33 -3
14 9 117
-11 32 57
-3 32 -96
32 23 90
11 -33 79
32 5 -41
6 32 -48
32 22 -61
-33 -23 39
15 24 117
-7 -35 33
-7 32 -24
-33 -2 43
32 15 -70
-16 -33 91
-33 -16 -67
-6 33 114
-19 -33 100
15 -33 -73
-33 5 -20
-4 -33 -57
-7 32 31
32 6 32
-2 -33 -87
32 -2 -49
32 6 -31
-4 32 53
32 -3 41
-33 11 41
2 -33 -11
-7 -33 10
-33 -3 11
4 -35 108
-33 -17 92
-33 22 -61
32 -29 30
25 -33 79
-25 -33 65
-13 32 30
32 19 22
32 -23 31
-33 -25 75
32 17 82
-10 24 -118
21 -33 -94
32 4 78
-4 -33 18
-33 -19 11
-8 -33 94
32 -4 -100
-7 32 -84
-33 -3 -71
-33 -14 103
-33 2 -96
2 -12 -118
7 9 -118
-32 -35 -20
32 14 -113
7 32 6
32 -4 106
32 22 -48
-33 15 103
-33 -28 69
32 -27 -8
32 -28 10
-33 -8 32
-4 -35 -35
-33 -2 -84
-33 -20 1
-21 -31 117
-17 -33 -47
27 34 82
22 -33 61
27 34 107
33 31 15
19 34 -32
18 33 20
13 32 -99
7 -35 115
15 -35 35
-24 34 33
26 -33 -60
-33 -29 54
-33 -31 -94
-8 32 100
32 24 -40
-28 26 -118
30 -35 102
32 23 113
33 29 -74
22 34 100
26 -35 -40
33 31 49
-19 -35 -35
-20 -33 49
-34 31 18
-30 -34 -6
-31 -35 81
-30 32 -103
-29 34 -90
-33 -29 -65
22 34 -19
30 -35 58
-13 -34 105
-23 34 -33
-33 28 94
-28 -31 117
-33 31 47
-33 21 113
-31 32 115
2 29 119
-34 29 -15
-31 32 83
29 -35 -28
17 -32 -119
-16 30 119
29 -6 119
1 -35 32
-34 30 -67
-16 32 23
26 34 37
17 32 45
-33 31 -2
32 31 -110
13 31 -120
-27 34 -112
22 33 -116
26 34 -53
-34 31 40
-33 2 -60
-33 -29 3
-33 -29 -8
32 -15 100
-33 11 -28
-33 -20 83
14 -33 -87
32 10 49
14 -17 -118
32 10 -44
-19 -10 117
32 -12 -90
25 -2 -118
