141 172 101
15 85 168
240 84 168
24 167 86
127 84 169
242 163 86
182 84 88
76 84 86
73 164 169
203 167 169
138 153 166
15 104 105
241 103 106
15 150 148
84 146 89
181 110 166
72 88 146
131 111 89
189 141 89
241 145 139
152 88 126
102 168 129
181 169 128
97 124 166
55 168 125
202 88 131
49 123 166
108 88 124
48 126 89
222 120 166
218 169 118
49 88 116
15 111 142
15 140 111
208 110 89
242 166 169
153 140 89
173 146 166
144 115 166
143 172 136
39 171 162
107 174 94
203 85 169
108 169 163
241 106 140
97 114 89
58 167 91
173 171 93
22 172 123
161 84 159
238 129 86
210 167 86
149 84 87
113 84 87
94 85 169
35 84 88
117 140 89
49 84 169
171 114 89
18 125 169
19 84 129
224 84 86
222 172 147
159 172 161
241 145 110
78 88 116
16 124 86
80 172 108
74 108 166
77 169 143
202 140 166
42 88 143
73 138 166
182 88 114
237 84 125
70 111 89
14 165 169
222 85 148
128 88 143
122 131 166
240 139 169
37 145 166
131 88 111
216 140 89
242 166 125
207 84 105
184 84 149
33 104 166
194 172 107
117 106 166
241 123 120
182 172 153
125 171 120
222 154 166
159 169 115
105 85 148
31 143 89
39 172 104
104 146 166
95 84 101
241 106 164
72 85 169
22 172 145
38 106 89
122 172 145
15 133 134
164 125 166
55 172 148
200 169 139
241 126 150
160 84 106
55 93 89
124 164 86
153 162 87
63 143 89
221 98 166
16 93 86
29 87 108
201 119 166
88 167 87
237 108 86
227 172 99
179 87 169
15 161 106
242 164 148
163 169 140
230 84 106
152 106 89
171 88 134
88 88 134
171 150 89
16 145 169
202 87 86
133 172 162
55 151 166
162 103 166
95 172 148
95 104 166
188 103 89
38 169 134
15 118 121
21 85 148
103 155 89
132 91 89
15 154 126
137 130 89
148 135 166
241 86 144
191 162 86
99 133 89
192 123 89
183 129 166
137 150 89
112 103 89
82 126 89
144 90 166
15 104 159
242 164 106
146 87 147
220 88 121
58 88 133
241 90 93
174 165 169
87 153 166
116 121 89
47 153 89
87 99 89
15 151 89
189 154 166
113 85 107
82 169 125
196 100 166
50 105 166
232 149 89
102 169 111
171 133 89
63 84 106
167 93 89
33 84 163
15 133 154
55 84 153
56 171 108
122 159 166
241 119 101
87 171 162
109 91 166
211 172 103
203 86 148
225 118 89
227 171 162
122 172 104
34 88 124
15 124 103
220 136 166
202 169 123
21 109 89
241 151 159
54 109 89
240 122 169
241 106 124
134 88 128
152 123 89
31 125 89
74 159 89
45 84 100
57 167 165
34 128 166
65 126 89
174 169 110
42 167 87
90 84 153
15 96 119
241 138 125
191 84 101
143 84 103
145 172 121
149 163 169
78 123 166
79 84 101
93 84 86
200 172 154
16 84 101
159 172 100
203 149 89
28 158 166
225 162 87
40 168 119
230 172 131
187 88 133
206 129 89
218 99 89
129 116 166
241 134 100
134 101 166
88 138 166
241 123 135
68 172 157
144 172 153
119 84 154
198 88 116
15 96 136
112 120 166
15 138 94
63 118 166
174 84 100
68 169 118
93 172 100
162 156 166
62 95 166
233 172 115
168 88 118
52 138 166
134 139 166
25 172 100
216 88 135
162 88 145
97 162 169
217 84 162
14 162 138
212 110 166
116 172 130
14 164 154
136 84 157
241 93 157
15 118 157
241 153 123
40 171 147
73 172 95
69 98 89
208 153 166
122 145 166
212 172 160
123 84 98
190 168 163
241 91 114
84 96 166
44 159 166
193 84 160
161 141 166
108 168 144
64 169 135
24 171 162
230 88 135
217 168 134
63 88 119
90 88 120
167 168 128
116 88 139
75 88 130
177 169 140
103 93 89
117 154 89
186 172 98
172 84 153
148 88 114
231 130 166
241 114 153
241 139 153
49 140 89
198 172 95
16 84 114
19 112 169
167 162 86
137 167 90
241 154 99
65 84 94
105 134 166
100 88 135
68 150 166
121 172 158
28 95 89
15 108 129
211 126 166
114 172 114
129 140 89
43 84 155
26 138 166
223 130 89
157 115 166
80 84 160
231 98 89
43 94 89
131 171 137
87 114 166
189 169 119
168 91 166
14 167 94
143 98 89
179 123 89
154 169 131
179 159 89
212 84 93
228 108 166
29 172 113
188 140 166
121 88 128
45 88 129
233 172 152
169 172 150
14 164 118
208 95 166
241 160 136
233 95 166
23 84 90
26 88 138
35 156 89
83 110 89
241 134 114
59 154 89
43 94 166
87 169 136
241 140 89
241 96 134
124 101 89
134 172 111
142 116 89
178 96 89
151 148 166
230 143 166
136 126 166
92 169 118
218 87 108
211 169 145
67 84 157
102 166 86
215 162 169
15 95 152
97 144 89
144 88 135
60 130 166
15 125 143
15 138 123
42 114 166
74 140 89
147 104 166
172 134 166
110 156 166
104 111 166
118 171 93
206 98 89
107 84 96
218 153 89
20 95 167
15 150 103
154 84 169
134 163 169
226 84 169
195 130 166
15 151 159
192 111 166
21 171 134
241 134 139
92 155 89
188 169 139
48 84 86
240 84 103
157 84 95
182 98 166
241 118 90
230 84 157
15 145 138
241 113 111
104 123 89
126 126 89
15 128 116
43 116 89
134 172 148
68 172 105
149 169 110
176 120 166
48 169 139
237 154 169
149 176 96
49 172 158
171 172 161
230 162 168
241 103 95
164 123 89
177 141 89
40 88 110
79 172 153
57 120 89
15 115 109
193 88 144
124 84 87
139 84 93
241 130 160
215 121 89
200 138 89
88 136 89
183 113 89
124 98 166
15 136 144
154 169 146
108 113 89
152 125 166
230 88 118
97 103 89
21 84 159
208 169 114
100 88 110
54 88 143
241 167 158
98 172 160
159 88 134
110 172 104
223 84 98
235 168 92
30 172 152
33 170 93
15 111 98
32 84 149
206 84 159
35 164 169
218 172 93
149 153 89
149 172 162
157 95 89
55 84 96
72 169 128
210 88 119
92 124 89
164 103 89
72 98 166
201 159 89
149 84 159
116 167 169
14 166 128
67 169 145
31 172 126
193 91 89
65 163 86
241 154 148
94 88 144
83 162 168
49 172 94
235 85 86
62 84 165
178 155 166
119 93 89
30 115 89
89 88 110
191 151 89
142 141 89
176 88 125
15 123 130
78 146 166
188 88 123
241 96 123
162 145 89
26 151 89
157 94 166
15 99 96
171 111 166
112 172 153
172 84 87
60 105 166
189 87 169
225 108 89
15 108 119
241 96 144
15 93 106
35 84 100
33 94 166
15 150 113
133 172 126
162 166 169
28 114 166
220 172 108
81 84 149
200 84 95
24 88 119
161 85 86
116 85 169
50 163 86
137 85 169
112 162 87
118 88 115
192 172 148
179 88 142
48 169 113
58 133 89
40 133 89
200 105 89
18 135 169
241 116 128
230 138 89
110 133 89
195 168 129
215 145 166
109 148 89
179 84 159
212 169 125
83 87 169
20 169 109
235 115 166
24 136 89
107 84 158
235 170 104
240 153 86
30 172 139
130 170 100
26 87 169
24 149 166
139 106 89
105 100 166
143 88 123
87 126 166
60 141 166
241 156 114
233 172 140
83 84 93
98 168 138
15 141 158
157 88 118
75 171 162
172 88 109
132 84 103
128 167 154
242 167 115
241 85 134
78 167 88
183 167 88
144 162 86
154 169 93
97 84 160
17 143 86
19 156 169
240 99 86
15 86 142
142 167 167
123 85 107
25 84 99
47 149 166
241 116 144
64 162 168
43 130 166
176 105 89
95 144 166
227 172 123
137 88 145
146 133 89
241 125 111
189 120 166
15 109 150
40 145 89
169 169 119
68 151 89
183 172 108
109 169 124
69 88 138
235 159 89
164 171 108
191 88 111
154 84 152
182 84 105
74 121 89
121 114 89
241 126 95
54 88 124
126 88 120
184 134 89
45 168 126
124 148 89
201 158 166
182 149 89
157 114 89
203 105 166
208 88 140
15 135 104
217 113 89
60 172 99
137 110 166
201 115 89
99 91 166
21 159 89
78 93 89
179 170 162
240 84 153
88 169 109
166 84 96
173 99 166
241 104 115
77 169 116
99 88 125
83 158 89
232 84 96
72 88 110
116 138 166
121 115 166
179 169 119
241 151 131
241 129 126
228 88 126
195 146 166
231 124 89
82 88 140
241 144 119
15 126 160
79 131 166
78 169 134
49 100 89
15 159 96
63 88 144
197 90 166
59 169 116
48 167 167
158 154 89
29 104 89
212 85 148
231 86 148
184 161 167
163 85 169
105 163 169
126 169 111
42 104 166
182 146 166
241 145 101
208 168 134
162 136 89
103 84 86
108 88 115
97 133 166
92 169 126
241 105 153
15 104 168
70 84 101
52 84 106
14 163 86
129 158 89
89 172 154
83 172 93
124 172 129
75 156 166
40 86 169
14 167 145
198 167 86
15 160 162
62 88 86
196 84 152
215 160 89
126 84 160
218 90 89
133 91 166
124 167 164
213 85 169
240 100 169
161 167 87
221 167 167
94 168 92
25 124 166
23 119 89
63 108 89
232 114 89
203 130 166
79 103 89
38 88 135
161 88 125
139 88 115
15 141 130
83 106 166
55 114 166
112 88 131
210 88 128
179 138 166
83 88 126
188 104 166
129 84 150
238 167 133
200 171 162
242 167 96
151 169 139
151 85 107
176 172 103
95 162 86
241 93 104
33 88 115
19 100 88
242 167 140
172 84 168
53 84 162
18 133 86
144 169 93
241 146 168
241 159 164
35 119 166
85 119 89
195 131 89
21 84 106
49 88 136
127 88 133
128 106 166
58 101 89
187 84 94
144 143 166
103 84 165
212 148 89
64 88 128
28 88 129
134 100 89
15 130 98
223 88 140
241 111 134
237 84 112
105 125 166
64 116 89
218 172 155
57 169 140
235 172 124
23 106 166
15 159 145
15 91 128
15 116 87
241 130 169
206 170 93
22 171 93
24 128 89
208 138 89
64 168 125
97 114 166
114 84 99
157 168 123
143 124 166
113 145 166
77 133 89
163 134 166
118 129 89
189 172 155
60 172 154
207 172 152
94 155 166
100 172 103
92 94 166
98 84 94
129 148 166
128 119 89
241 116 160
113 172 138
241 111 99
197 84 106
15 120 149
213 131 89
223 143 89
88 84 163
186 94 89
15 104 144
215 118 166
74 84 94
84 169 145
23 172 154
118 88 146
15 85 154
142 98 166
48 84 149
138 176 95
50 91 166
133 84 86
163 171 93
15 119 165
15 85 88
129 84 93
65 171 93
146 169 146
93 91 89
216 84 101
70 119 166
226 154 89
47 172 103
122 123 166
28 165 169
141 134 166
221 129 166
143 124 89
137 159 89
141 172 128
15 129 124
136 123 89
241 139 133
42 88 118
39 124 89
33 134 89
172 121 89
15 153 136
72 130 166
104 172 154
241 155 106
54 159 166
110 95 89
15 143 150
193 114 89
103 155 166
241 144 160
82 88 109
64 169 163
241 93 167
43 160 89
15 167 101
234 172 160
31 170 162
202 171 108
210 88 86
220 89 167
162 149 166
154 104 166
85 91 89
179 88 134
40 169 111
134 172 119
112 113 166
100 88 118
142 172 111
43 138 166
34 135 166
198 88 124
29 161 89
42 172 94
171 155 166
221 108 166
87 145 166
35 95 89
84 169 116
168 88 125
241 153 139
240 84 160
207 121 89
50 130 166
241 160 94
191 169 93
223 172 136
157 170 108
231 166 86
148 156 166
193 84 88
173 167 87
219 169 125
29 88 87
29 84 155
103 169 120
215 101 166
212 104 89
103 106 89
18 167 162
187 169 131
241 145 149
72 88 124
156 129 89
53 146 89
73 172 149
78 114 166
33 172 100
42 84 91
45 106 89
15 144 99
73 84 160
196 145 89
15 104 113
116 128 166
178 130 89
116 84 160
186 126 89
108 168 133
59 88 113
206 88 113
151 88 142
69 133 89
108 88 138
168 88 142
103 84 103
151 111 166
164 115 166
38 155 166
231 121 166
191 94 166
212 94 89
241 160 120
73 169 110
70 169 139
98 84 149
127 163 169
43 84 163
125 172 95
143 88 87
241 148 91
172 158 89
168 162 168
69 87 86
240 112 169
152 172 101
38 172 155
114 176 97
23 131 166
164 88 110
237 93 87
196 162 169
35 164 86
137 172 140
56 87 169
15 106 87
225 167 91
233 87 169
112 84 152
90 84 93
83 172 101
231 153 166
15 155 118
149 168 126
30 84 94
241 159 153
222 84 157
15 155 153
168 141 166
15 113 162
63 155 166
131 131 166
119 93 166
119 106 89
168 169 135
241 91 139
15 119 98
197 88 136
93 88 129
241 101 129
241 139 144
158 129 166
241 98 162
108 169 115
34 172 118
63 94 89
15 90 93
163 170 147
177 170 147
102 167 165
15 95 162
75 90 166
169 169 144
37 169 142
156 167 165
186 169 146
235 136 166
92 167 165
70 167 88
57 160 89
39 84 149
240 84 119
118 84 91
154 172 153
21 167 169
15 160 130
202 170 147
21 172 115
177 85 148
84 85 86
208 167 165
87 87 147
55 85 86
15 148 119
241 134 91
187 169 113
68 113 166
108 139 89
227 100 166
89 84 104
144 148 89
241 95 98
103 119 166
159 108 89
143 155 89
176 105 166
226 114 166
25 100 166
227 93 166
216 156 166
172 99 89
205 172 100
217 172 100
200 94 89
177 84 94
116 151 166
212 139 166
15 135 116
15 125 110
15 120 115
241 145 129
58 169 133
