0 32 58
105 -40 -59
-105 -41 -58
104 -26 58
-10 36 -59
-105 -20 58
73 38 -9
16 -38 -5
-100 41 -12
-31 -38 58
-32 -40 -59
-70 41 52
-67 -38 -2
46 -2 -56
69 33 58
36 -40 58
79 -38 0
-33 38 1
-68 10 -56
106 22 -59
19 38 -15
106 15 27
-106 -6 9
18 -41 -59
106 -3 -17
-107 36 -57
-62 -5 55
64 41 -52
63 -41 -42
34 4 55
34 38 27
-24 -38 13
-106 -2 -35
-107 32 31
-3 -6 -56
-46 40 -38
-74 -41 39
-106 -40 -17
70 -39 38
-7 -6 55
-68 -41 -45
-33 41 41
-69 38 14
27 33 -59
107 36 57
6 -38 35
108 34 -23
106 -23 20
-36 -38 -23
-2 41 21
82 -11 -56
-103 -41 18
106 -37 -24
69 -3 55
-34 10 -56
47 -38 10
-94 11 55
70 38 24
-79 40 -39
-12 41 -25
101 40 8
-7 -38 -39
-33 13 55
35 37 58
106 6 56
34 -38 -29
-50 -14 -56
43 38 -32
-89 -13 -56
45 38 0
-63 38 -15
-50 -38 23
106 -12 -43
72 15 -56
-104 37 58
-106 15 -10
44 -29 -56
83 38 -33
17 -18 55
-106 -2 35
-62 37 -59
-102 10 -59
19 7 -56
105 -41 2
-56 -31 55
96 -41 39
97 41 35
-106 27 -33
-4 -41 58
36 -38 33
-36 -13 55
57 -25 55
8 41 -40
-102 -41 44
106 19 -3
56 -38 -16
87 -41 -41
-26 -17 -56
-15 -38 -10
-56 19 55
-90 -38 -36
11 10 55
13 41 40
21 -17 -56
-35 35 -59
-55 38 33
-106 -13 -13
86 35 -59
-82 -18 55
80 -23 55
-2 41 -4
-17 -38 38
47 22 -56
85 15 55
-106 16 14
106 -4 7
106 10 -38
106 -10 38
-80 -38 17
-44 -38 1
-2 -38 10
17 38 9
-96 41 14
-106 -23 -42
-87 27 -56
-85 -40 58
53 17 55
52 41 40
-82 38 34
-73 -38 -23
0 17 -56
14 -38 -37
-43 35 58
-88 -38 -5
1 -29 -56
-106 -20 25
-20 37 58
25 -38 14
78 -38 -59
83 -38 22
-35 38 -20
-106 -29 2
-83 -38 -59
-45 -41 -43
105 1 -59
101 38 -45
62 -18 -56
37 -38 -8
-26 38 22
74 -38 -25
-69 -22 -56
-16 -24 55
39 -16 55
-42 -41 42
-13 13 55
90 -40 58
70 -40 58
-22 41 -42
106 -19 -6
-50 21 -56
-81 38 -6
79 41 43
92 41 -13
17 -41 54
-7 41 40
-48 38 13
58 38 -20
-75 22 55
96 -24 -56
44 41 -51
-55 -38 -59
52 38 17
64 -38 20
103 -41 21
106 21 45
91 -7 55
52 -41 43
-27 -38 -39
-54 -38 -18
-106 16 41
87 35 58
1 -38 -23
58 -40 -59
10 37 -58
-107 32 2
-106 -3 55
106 -19 -26
106 -34 -42
-77 4 55
90 13 -56
-86 36 58
-12 -40 -59
26 41 -42
90 -38 -15
-90 -38 31
-50 3 -56
18 32 56
-96 41 -44
84 38 10
51 -2 55
-15 9 -56
-106 -7 -57
-62 38 -33
41 -41 -44
-85 6 -56
106 15 -22
108 35 23
-87 41 -23
1 -25 55
65 0 -56
106 -27 37
-103 -24 -59
-46 2 55
-14 41 9
36 38 -17
-21 38 -11
63 -38 0
-95 41 43
5 41 -22
-48 38 -4
64 38 4
-41 -27 -56
-22 -2 55
51 -38 -31
34 13 -56
-106 -39 -40
34 -41 -58
-106 2 -19
61 38 -36
-34 -38 29
-69 -41 54
106 -6 22
-30 -38 -8
37 41 42
-106 -24 -26
-70 -6 -56
-106 11 -43
85 38 25
30 38 -3
34 20 55
106 21 13
69 13 55
-7 41 -40
20 -38 29
15 40 24
-57 -41 39
106 -40 53
-53 41 48
105 37 -6
37 -13 -56
91 -38 9
-106 21 57
-14 -38 23
-52 -16 55
51 32 57
-106 -27 40
19 -38 -23
-1 -38 -5
-63 -38 16
-106 3 21
-10 -19 -56
6 -41 -49
107 37 -59
106 -9 58
-100 41 -30
-49 40 -53
-46 -41 56
50 -38 29
-79 38 -53
-106 -36 57
-92 -38 9
19 -2 55
-61 -38 -31
-92 -6 55
106 28 -36
-106 29 -19
-88 -38 -22
17 21 -56
-42 -27 55
-106 2 -4
-33 -4 -56
-82 38 8
106 4 42
-106 13 -29
-22 -38 -24
-64 38 0
71 29 -56
-69 -38 -59
34 38 13
73 38 -23
17 38 -29
91 -41 -55
-17 24 -56
106 -14 -57
-107 33 17
66 41 38
31 -27 55
-96 41 29
-70 -27 55
51 -41 57
27 -41 43
-21 -30 -56
86 41 -46
-106 -13 42
107 32 37
-17 -41 54
30 -29 -56
78 -25 -56
106 -34 -10
-94 -41 -50
58 14 -56
-90 -29 55
-74 23 -56
7 -14 -56
27 -41 -40
106 -4 -32
11 -38 14
-53 38 -23
0 19 55
96 41 -26
-20 41 44
-107 32 45
84 -41 44
53 36 -59
29 -3 -56
-14 40 28
93 41 48
-74 38 -25
103 19 58
25 41 48
106 -25 7
38 -38 20
76 -41 -46
-106 19 27
59 -12 55
72 -38 -12
106 8 15
-88 -41 45
-62 30 55
-101 23 -56
-4 -41 42
92 -38 -29
-67 40 38
-40 38 30
-103 -41 1
-16 -5 -56
12 41 -3
21 19 55
-88 23 55
6 -5 55
80 2 -56
-98 41 1
-32 26 55
-35 41 -48
106 11 -51
-29 -25 55
17 45 -50
16 -29 -56
-106 -26 -13
-89 -26 -56
73 41 -42
-10 26 55
106 8 -10
-39 -38 17
-82 -41 -45
-2 6 55
74 -38 11
5 6 -56
1 -38 23
80 3 55
-65 -38 29
-19 -41 -49
97 41 20
-15 -38 4
27 -38 1
25 38 35
43 -38 -19
-106 -16 1
-106 -10 -44
-106 -29 16
90 41 0
-47 -38 -31
-33 38 -36
7 40 52
-79 38 22
-106 20 2
-66 8 55
40 -41 47
-75 -38 -36
-23 38 -24
40 32 -59
-81 41 45
46 41 50
92 -5 -56
29 -10 55
-43 19 55
-36 38 16
13 -4 -56
94 27 -56
-95 37 -57
-1 41 -51
-106 29 -45
-106 -36 -29
47 38 -15
-43 -41 -57
-74 -7 55
-28 -41 47
46 38 29
-36 22 -56
91 -29 55
-21 38 -54
45 -31 55
-57 41 -44
51 41 -41
-6 41 52
59 38 -9
-55 -38 -6
79 -9 55
49 -38 -2
92 4 55
106 3 30
106 -7 -5
-1 41 8
106 27 -12
49 -13 -56
106 26 -48
-54 -38 8
-106 -9 25
-106 2 -50
19 -30 55
-62 38 23
-69 41 -46
58 40 52
77 23 55
-94 -3 -56
1 29 -56
106 -38 33
-43 -38 -13
-81 -38 4
64 -38 -30
-21 -13 55
-55 -41 -48
106 8 2
-106 -38 34
-106 10 53
106 -29 -58
63 -41 49
62 -30 -56
-33 37 54
94 -38 28
53 -41 -49
-59 -27 -56
-89 41 -35
79 -34 55
99 29 55
97 -18 55
106 31 4
19 -41 -48
-24 38 34
-106 -17 13
76 40 -53
-106 -10 -24
-67 -17 55
-34 -38 4
-21 22 55
-106 6 7
-37 -17 -56
-65 -38 -15
3 -39 -59
-95 -41 55
4 41 30
44 11 55
7 -38 -13
-27 38 10
59 7 55
84 22 -56
-95 -17 55
-10 41 -12
45 -41 -59
-107 33 -9
16 -41 40
106 -3 -49
1 41 -32
-44 41 40
-13 44 -49
72 -38 28
106 -26 -17
106 -19 44
-8 -31 55
-63 21 -56
73 38 13
106 -22 -37
-9 -38 -20
93 -38 -2
-61 -12 -56
37 -38 8
77 38 2
7 -38 2
84 38 -20
60 24 -56
26 38 -23
-80 -38 -15
26 -38 -15
72 41 51
-106 -33 -50
106 37 47
-76 -31 -56
-13 41 -2
-6 -17 55
-81 -5 -56
67 -26 55
-35 -3 55
6 -39 58
-106 37 -38
74 -38 -36
106 -14 7
-87 16 -56
-80 -38 28
83 -38 33
-59 38 13
11 21 55
29 41 -52
8 41 15
25 38 22
-37 38 -9
-72 -38 9
-83 14 55
-106 8 30
58 -38 9
97 37 -55
-74 34 58
92 41 -37
-60 -40 58
-54 36 58
98 -41 -42
73 -41 48
-96 30 55
106 -41 -33
-22 38 1
-7 -38 33
-106 -18 -51
-45 32 -57
-36 -41 -49
4 -41 48
106 -18 33
58 -38 35
106 -33 13
45 23 55
53 -38 18
-88 41 20
-62 0 -56
-45 11 -56
91 23 55
53 38 -30
106 -29 48
-79 -41 49
-106 1 45
-13 -38 -30
50 8 -56
-77 38 -16
-79 -18 -56
52 -23 -56
-94 -38 22
-41 41 49
-6 -41 -51
-55 30 -56
-43 -7 -56
-26 3 -56
-95 -38 -12
45 38 10
78 38 33
63 26 55
-90 41 -8
-80 -32 55
101 40 -18
65 -41 -52
26 -38 57
27 29 55
-56 -41 49
105 -41 -49
105 37 -32
106 23 33
-49 28 55
-28 29 -56
29 -41 -50
84 -38 -23
54 38 7
59 -9 -56
-43 -38 31
49 -13 55
-27 -38 22
106 -12 -15
72 -13 -56
-106 -30 28
36 41 -44
106 -40 42
93 -41 49
106 26 22
84 38 -8
-106 -26 50
106 -26 -49
108 33 14
0 41 -13
-74 33 -59
-33 -40 38
106 6 -30
86 -30 -56
-13 -38 14
65 -38 -20
61 38 20
-26 15 -56
94 4 -56
11 -38 -28
7 -14 55
-12 -29 -56
-39 -38 -36
106 20 -30
-45 38 -28
-8 2 -56
3 41 41
10 14 -56
-8 22 -56
-106 -14 -32
-75 -38 -6
5 -38 -38
40 -6 55
89 41 40
-48 38 -15
-96 -38 -26
-59 11 -56
-41 2 -56
-87 41 -45
26 38 8
-13 41 18
78 35 58
-53 38 23
-94 -39 -59
-106 26 38
-17 -38 -39
69 -12 55
38 22 -56
-53 -38 -39
59 38 33
20 37 -55
-22 -33 55
99 -34 55
87 -18 -56
25 6 55
106 -2 50
27 -38 23
-81 -38 -29
-106 -36 10
71 -31 -56
-55 1 55
-106 17 -50
17 -38 7
106 -30 -30
-54 38 3
41 -38 -35
-72 38 30
8 45 -50
52 -41 -40
44 -40 38
-99 -14 -56
-90 41 52
29 38 -33
-101 37 -22
-16 38 -32
53 -33 -56
-33 -31 -56
106 13 38
-95 2 55
-49 -6 55
83 -38 -9
38 4 -56
-106 -6 -8
-106 23 -6
-23 -38 1
-49 -31 -56
-36 -41 50
-67 19 55
23 -38 -31
-66 -41 45
-74 38 4
-72 -38 21
-2 -38 -15
-86 1 55
-53 10 55
18 39 -38
-61 41 44
-10 34 58
61 33 -59
-99 41 52
82 41 52
-102 37 8
92 41 10
-102 -10 58
-99 -31 -56
-104 2 -59
-77 -41 -53
103 14 -59
-87 40 1
-15 39 36
-107 37 39
-30 -38 -31
-94 10 -56
-23 -38 -59
-54 -38 31
-59 -23 55
29 -19 55
-106 -18 34
26 15 -56
106 13 48
-53 -5 -56
45 -38 -11
10 27 -56
45 38 -24
46 -22 55
54 -33 55
92 -38 20
27 38 -11
71 -38 2
43 38 18
21 38 0
103 37 30
-106 -16 50
-106 21 -17
-102 37 24
-106 -38 -9
61 -38 58
-83 34 -59
58 41 -46
54 38 25
-106 22 -26
-106 -31 -20
106 -27 27
69 38 -30
-106 26 22
65 38 -16
-106 22 -40
38 38 4
40 38 -10
7 41 4
108 34 -49
106 2 -42
66 38 -4
11 -38 28
106 -7 -24
8 -30 55
-106 21 48
97 -38 -19
39 -22 -56
-41 9 55
-106 -24 -5
14 -9 55
43 15 -56
-13 -41 47
94 -13 -56
-43 -38 10
80 38 18
10 33 58
-82 38 -31
-107 32 -27
-98 -41 -42
-62 41 -52
-99 -25 55
78 32 -59
36 41 50
-27 -41 -48
-50 -24 55
106 -27 -5
-75 13 55
19 -38 21
-54 38 -32
40 38 35
106 15 7
53 38 -3
-28 -7 55
-28 4 55
-10 4 55
-106 10 -20
-106 11 22
-1 -16 -56
-106 -5 1
64 -38 -9
-32 -38 -16
-92 41 -16
11 41 -11
10 -23 -56
-70 38 -35
-52 -23 -56
-61 -41 -53
-81 -38 36
29 -12 -56
37 -4 -56
98 41 -2
-73 38 -5
106 -13 15
106 19 -39
-41 27 55
83 -38 -31
-62 -38 -23
93 14 55
73 -38 20
97 -32 -56
-1 -38 -32
-39 -38 -5
86 -17 55
-99 -38 29
52 41 -52
44 37 57
15 41 51
99 -38 11
-107 37 -49
97 37 55
83 -38 14
106 -33 4
59 -2 55
106 27 -4
29 6 -56
106 1 -5
-44 -38 -23
-63 38 -23
27 -38 -23
-8 14 -56
-21 14 55
-106 -9 17
-76 6 -56
103 -7 -59
-24 38 -32
-96 22 55
100 41 43
1 37 -59
25 -38 36
-40 -36 55
-24 41 51
-25 -38 38
-81 30 55
-62 -41 -40
39 30 55
-66 37 58
-106 -36 49
26 26 -56
-69 37 -54
-107 37 -16
-87 41 27
69 -39 -59
-15 39 -18
-18 32 -59
-103 37 -3
-66 -38 38
25 36 58
-17 -16 -56
-7 -38 20
-82 -6 55
1 -33 55
97 -38 -9
-95 -41 41
50 -38 -23
62 -38 28
-106 -32 -36
73 6 -56
106 -14 25
31 -41 50
106 4 22
-80 13 -56
-106 23 9
-106 6 -11
23 -25 -56
-55 38 -8
-54 -38 -28
71 -22 -56
-45 38 3
24 -38 -6
-69 1 55
12 2 55
63 -19 55
106 8 -18
-19 -38 -17
-17 -38 30
-103 5 58
106 29 47
60 41 44
27 -37 -56
18 38 17
-14 40 52
-106 28 54
38 -41 -51
-2 41 -25
-89 40 -53
14 41 -22
98 -38 -35
-76 41 38
44 -38 58
108 35 -13
-100 31 -56
16 32 -58
-99 -38 -5
80 -41 51
58 -38 -36
106 -34 23
103 -41 -12
11 -39 -59
60 36 58
104 -2 58
-26 41 -49
-75 -38 57
47 32 -57
-103 -41 -33
-98 -38 15
78 -39 38
102 31 -59
-41 37 -54
-21 -38 -32
-100 41 -51
-61 37 53
80 -41 -52
-30 38 29
-32 -12 -56
73 -18 55
0 -41 -44
54 -38 -6
17 -11 -56
97 -41 -59
-30 38 -15
45 -38 23
34 38 -29
36 -33 -56
13 -38 -18
27 14 55
-50 -41 44
-33 -38 13
66 20 -56
-30 -23 -56
-106 7 -33
85 -3 55
54 -3 -56
-77 38 14
-106 10 -4
-87 -12 55
18 38 30
-10 -41 -45
106 -12 -30
-93 41 7
92 -41 -46
82 41 -41
36 -41 41
-48 38 29
-106 17 -35
37 -32 55
78 -38 -17
13 -41 -52
106 26 58
-88 41 37
101 11 55
29 41 41
-72 41 44
-65 30 -56
39 -24 55
54 -18 55
70 21 55
58 -38 -23
-13 -38 -3
-60 -12 55
66 -38 13
-106 14 7
-17 7 55
-4 -38 3
-48 -41 -50
-36 -23 55
-81 21 -56
-14 -11 55
-106 6 37
-106 8 14
10 -22 55
52 9 55
-74 -38 2
-106 0 -43
44 1 55
4 -38 16
-106 -4 -15
6 41 23
-9 41 -32
18 8 55
39 -38 0
93 41 -49
90 -38 35
-74 -19 55
60 38 -28
-63 -33 55
-94 -38 2
-72 -14 -56
-3 -41 50
18 -38 -12
106 19 20
-37 38 -30
-94 19 -56
99 41 -11
-85 38 -13
85 -37 -57
-7 41 3
-101 40 35
-26 -41 54
-105 -16 -59
1 41 -42
103 37 17
-105 -41 27
100 41 -36
34 -39 -39
-87 -41 -53
-62 -34 -56
67 38 31
106 27 -23
-77 40 52
70 37 -55
8 41 -32
-43 41 -45
106 -34 -51
106 -40 -5
103 -22 -59
-53 41 39
45 41 43
-98 -34 55
-62 -38 9
