176 89 169
51 163 34
206 164 34
50 164 220
58 86 127
128 86 43
126 168 113
206 164 221
99 86 220
205 92 86
207 164 134
128 168 193
50 165 138
51 87 48
128 162 33
128 89 113
51 110 187
205 103 222
51 133 86
149 119 219
176 166 84
184 108 36
106 89 165
89 125 36
89 166 70
205 133 175
95 139 219
163 166 158
91 89 80
81 166 179
205 104 134
159 89 78
205 135 70
160 165 221
167 148 36
51 123 146
58 87 221
167 86 125
113 166 154
136 89 191
85 166 113
136 168 74
51 90 88
89 86 39
136 125 36
51 125 43
192 168 185
205 133 109
170 87 221
163 166 119
141 89 152
184 133 219
51 125 221
95 86 129
68 89 162
87 164 33
51 145 175
205 87 189
50 165 70
205 87 53
124 89 76
206 165 98
52 165 103
161 86 45
130 145 219
81 89 193
83 168 212
51 112 111
83 166 146
201 167 65
118 112 219
205 133 39
81 110 219
205 135 144
157 166 189
134 88 221
205 102 165
152 167 50
112 166 88
79 89 107
192 89 111
142 167 137
51 139 123
205 125 202
51 108 66
110 166 217
206 160 163
56 168 193
68 104 36
112 166 55
112 106 36
108 89 193
51 143 202
110 143 36
68 143 36
182 168 47
136 168 167
176 89 196
106 166 129
182 89 66
68 89 68
205 110 63
55 168 163
188 89 144
53 87 196
101 166 193
163 123 36
155 89 103
184 166 144
153 166 96
106 89 103
75 166 90
205 150 200
106 89 59
70 166 53
120 88 136
68 148 219
180 168 206
205 108 105
176 110 219
51 141 63
186 166 111
51 96 148
161 139 219
149 104 36
178 89 92
139 168 214
151 89 173
163 89 148
190 86 35
51 145 152
205 142 221
194 86 210
51 123 169
145 148 36
145 86 127
145 89 59
205 102 37
51 104 210
205 150 53
89 89 150
205 108 187
184 133 36
51 92 175
205 125 88
126 89 173
155 89 202
68 166 126
205 154 80
157 166 74
51 110 86
108 165 35
115 167 175
136 89 92
79 86 220
184 166 165
51 90 109
186 154 219
51 145 103
108 87 34
118 86 210
151 98 219
114 133 219
205 123 127
205 150 119
93 166 163
205 122 221
89 89 175
51 106 132
205 87 125
188 154 36
132 168 51
70 89 142
130 168 94
99 106 219
205 115 150
73 89 86
51 145 45
205 87 152
93 166 94
205 154 181
116 125 36
51 131 187
145 166 115
51 156 86
198 168 204
70 129 219
178 166 66
161 166 138
103 166 111
51 106 45
91 145 36
70 125 36
130 104 36
132 127 219
85 89 59
68 86 41
51 158 119
145 86 35
194 89 171
161 165 34
194 168 82
94 167 51
64 168 210
205 100 204
68 162 33
110 87 120
77 86 125
51 121 202
66 89 183
134 106 219
51 106 162
170 166 103
147 152 219
167 100 36
124 168 138
170 166 177
51 145 220
51 90 66
191 168 128
50 164 51
67 167 74
66 168 147
172 89 109
180 86 48
95 102 36
126 139 36
51 129 107
205 108 82
122 89 156
110 89 86
108 166 72
198 89 70
205 143 160
68 166 107
73 166 163
184 86 127
51 125 68
51 123 125
205 148 101
205 127 55
66 102 219
184 96 219
143 89 76
161 89 61
163 167 205
145 165 35
89 166 129
128 89 59
50 164 179
73 166 196
106 89 144
91 156 219
204 165 115
198 119 36
163 89 185
165 123 219
101 123 219
147 166 152
51 95 34
68 86 208
91 86 206
205 152 144
198 168 47
143 167 196
93 89 113
190 117 219
151 133 36
126 161 221
52 86 160
115 167 202
99 166 148
205 87 101
66 168 180
198 168 152
151 166 171
108 152 219
73 162 221
178 166 191
205 119 165
97 168 208
51 150 138
205 137 189
202 147 35
64 89 99
205 96 113
87 127 219
81 112 36
176 166 132
51 152 189
112 98 219
66 89 115
204 87 221
122 168 78
132 168 150
176 165 220
176 162 33
99 166 179
51 102 101
186 89 185
122 89 189
122 89 94
147 133 219
91 89 99
205 112 49
205 139 86
178 89 154
147 166 63
205 87 34
51 160 206
167 167 50
205 123 187
108 89 179
87 166 193
192 168 96
58 168 86
176 86 35
133 87 205
134 168 181
53 137 34
120 171 40
196 168 171
53 115 34
60 168 43
114 86 48
116 168 103
167 152 219
163 89 162
147 166 84
205 96 177
95 89 187
205 112 210
51 135 140
81 139 219
51 135 162
205 143 132
51 100 119
103 119 36
204 165 191
180 86 210
60 115 219
157 88 136
192 89 84
147 86 212
205 100 150
122 168 63
134 168 123
189 168 215
79 168 43
62 89 55
140 168 103
118 168 125
192 89 55
79 135 36
51 121 96
51 117 55
165 102 219
51 98 78
120 152 36
145 89 111
205 119 74
51 133 53
205 115 117
51 87 209
174 89 76
51 100 196
205 100 72
51 154 162
51 98 55
174 89 140
200 88 138
60 168 61
58 168 115
85 88 138
124 168 163
85 98 219
205 127 154
192 89 156
190 89 198
95 89 68
139 89 169
151 119 36
132 86 132
149 89 187
149 89 88
161 166 86
110 89 72
176 166 154
81 89 72
51 152 74
77 166 66
159 89 115
85 166 82
51 135 212
58 152 36
167 86 206
101 154 36
189 167 57
130 89 144
79 86 48
145 89 140
113 166 189
128 168 208
205 135 121
51 110 148
205 110 175
93 89 162
106 166 165
172 135 36
205 152 68
190 89 96
159 166 61
205 98 59
165 89 94
182 121 36
52 165 150
58 89 140
103 86 208
205 87 204
53 99 221
51 106 175
66 89 196
205 87 165
124 98 219
120 92 35
198 154 219
196 133 219
147 86 47
77 94 36
148 165 221
122 86 123
149 166 127
77 89 152
62 89 80
205 139 206
147 166 183
51 139 76
81 152 36
122 115 36
205 115 94
51 133 175
170 112 36
157 166 109
79 89 181
79 89 169
155 154 36
153 89 154
180 166 96
77 166 136
155 87 221
188 166 198
101 166 82
101 166 61
205 98 96
207 162 53
206 160 208
192 98 36
163 88 33
64 168 96
60 158 219
112 86 220
62 137 219
101 135 36
205 123 103
51 117 76
97 166 121
192 104 219
170 166 74
157 110 219
180 145 36
141 112 36
188 165 37
149 168 206
83 166 55
132 152 36
169 89 53
93 88 51
196 168 138
51 156 59
192 88 221
99 164 221
110 86 132
103 168 45
51 87 77
136 88 51
180 88 117
207 164 74
136 171 41
205 98 191
62 89 173
172 166 142
118 89 105
172 135 219
118 143 219
79 152 219
180 123 219
93 115 36
205 100 123
51 119 136
122 123 219
205 125 140
196 168 107
180 166 121
51 121 183
81 166 103
101 89 154
64 89 152
205 139 57
204 165 86
205 123 45
132 89 103
194 137 36
116 89 169
205 98 47
83 89 90
83 166 167
205 154 43
58 86 37
203 166 180
134 90 35
198 86 43
60 129 36
113 166 140
54 166 125
207 162 146
113 167 115
136 168 61
75 166 117
87 86 121
68 92 219
51 94 134
99 86 43
186 166 76
205 152 169
186 166 177
95 89 140
165 89 173
205 131 165
70 117 219
51 133 198
51 115 212
106 166 101
159 166 148
157 150 219
51 100 90
51 156 99
205 143 177
141 135 36
97 166 138
196 108 36
51 141 113
182 96 36
51 143 88
116 89 146
116 89 61
51 125 156
51 156 43
56 88 185
205 156 90
60 168 136
172 89 63
89 86 218
139 158 219
200 113 220
176 166 55
126 168 173
138 88 119
58 102 36
205 131 214
201 167 125
93 115 219
205 115 196
184 89 175
151 89 70
155 96 36
99 89 92
51 152 111
103 96 36
182 89 103
176 145 219
167 166 191
93 166 105
136 168 84
194 86 127
184 89 76
176 89 185
122 168 51
51 110 202
141 141 219
108 115 219
51 112 123
132 89 158
126 135 219
51 98 183
205 123 175
51 131 117
136 89 66
51 141 191
132 89 82
172 166 113
116 135 36
51 123 86
205 94 212
205 148 212
124 86 218
81 166 156
143 89 179
172 166 165
157 129 219
159 106 36
147 89 162
99 89 173
157 166 179
205 139 47
205 112 140
68 115 36
51 160 196
205 131 96
143 89 101
143 89 200
51 137 96
112 89 156
186 143 219
205 143 150
103 133 219
75 89 59
122 89 200
51 90 99
118 154 219
205 156 111
118 164 33
81 86 210
83 164 221
170 168 39
50 164 92
51 156 173
51 152 212
143 167 54
51 158 130
180 87 221
174 96 219
159 168 43
95 168 39
51 110 221
204 86 179
51 156 148
56 88 117
97 88 33
151 166 140
122 168 88
136 168 204
204 86 111
159 86 212
143 167 93
52 86 148
51 96 160
205 112 39
191 168 68
66 86 134
99 89 200
157 168 212
64 168 158
64 168 200
206 158 123
198 158 35
115 167 165
205 94 132
205 156 154
205 125 34
205 87 63
205 88 76
172 168 212
145 169 43
50 165 82
60 127 219
155 166 200
62 168 169
73 168 214
91 166 185
51 96 204
205 143 78
60 89 90
77 166 78
91 89 196
130 115 219
205 141 113
51 117 160
165 166 129
205 123 113
145 110 219
132 117 36
124 129 36
51 131 129
205 110 160
85 89 158
155 166 163
196 96 219
194 89 181
169 89 84
153 86 123
205 123 66
190 125 36
120 89 84
139 98 219
205 129 80
51 129 76
159 137 36
60 86 212
73 89 76
91 166 175
176 104 36
101 89 76
87 98 36
103 143 219
93 166 78
51 121 115
161 166 171
205 154 191
53 137 221
112 156 36
198 168 74
163 89 198
161 94 219
77 89 202
194 162 221
55 168 212
142 167 174
106 166 202
118 168 212
67 167 85
167 158 35
51 123 34
120 168 146
134 168 111
58 168 74
91 166 202
198 168 214
200 168 163
51 125 212
92 166 217
188 166 88
184 162 221
101 86 121
207 162 173
188 166 156
155 86 37
81 167 203
206 160 63
172 86 43
145 90 220
124 168 185
51 146 34
176 154 36
68 154 36
189 87 120
75 98 219
206 165 44
60 86 47
139 86 43
50 164 111
106 89 113
153 143 36
51 145 129
182 89 162
114 89 185
106 166 185
205 104 90
51 104 142
73 89 189
170 166 90
151 143 219
205 94 144
178 166 171
205 96 158
51 102 154
178 166 107
205 106 55
51 117 175
159 89 88
155 89 55
77 89 96
178 89 57
128 89 183
205 139 169
77 123 219
205 131 134
51 148 119
128 168 43
87 145 219
64 96 36
157 89 179
143 98 36
51 150 53
60 89 202
145 166 165
198 88 117
60 165 35
138 160 35
145 166 74
93 158 35
111 171 40
52 165 59
198 89 90
184 86 41
66 168 191
182 88 138
75 88 117
207 162 200
97 89 105
51 119 105
118 89 177
174 123 36
128 96 36
97 127 36
205 143 66
101 166 156
70 168 41
79 166 187
51 98 43
180 89 84
51 152 200
51 106 76
70 89 105
194 141 219
141 121 219
205 154 136
108 127 36
132 133 36
51 117 45
192 125 219
192 145 36
51 125 57
132 168 132
51 100 70
51 143 144
51 150 66
163 89 105
205 112 125
114 121 219
205 121 212
51 133 66
68 133 36
51 133 148
205 106 198
51 112 99
51 123 191
114 89 96
120 104 36
95 129 219
155 166 121
73 137 219
205 117 86
106 166 119
81 127 36
205 139 103
205 102 142
51 139 183
110 166 63
58 168 53
73 166 99
205 104 212
79 104 36
60 89 66
182 104 219
151 89 146
161 166 99
114 98 36
83 143 36
60 145 219
70 89 171
70 166 171
184 166 185
180 89 146
205 106 113
108 166 146
101 166 92
62 89 107
141 89 84
120 89 115
136 168 189
134 168 142
134 168 158
73 108 219
51 143 160
178 156 219
93 96 219
51 154 181
205 148 88
79 165 35
101 98 219
190 168 45
54 166 202
64 165 218
110 89 202
198 89 196
190 89 68
51 88 57
196 166 38
85 86 129
70 87 50
58 168 185
77 88 136
166 87 134
87 168 41
103 88 51
172 167 203
200 94 35
188 166 119
190 88 136
58 168 144
50 165 43
83 88 33
55 88 169
127 87 34
153 158 219
60 141 36
172 89 148
188 86 48
85 89 113
51 137 105
124 168 154
51 106 55
51 104 111
130 168 103
85 166 90
95 148 219
68 166 134
51 137 45
60 121 36
51 94 125
51 117 66
130 86 123
89 133 36
91 166 148
198 168 55
106 166 173
153 165 35
99 145 36
167 110 219
170 166 66
205 137 198
205 108 72
161 89 70
176 89 177
118 104 219
83 89 82
126 89 165
205 135 152
205 100 105
176 86 127
205 100 82
112 166 80
87 89 187
128 89 68
93 166 86
178 166 76
60 89 162
51 141 53
93 166 61
205 145 191
157 119 219
51 129 99
192 89 76
139 133 219
103 110 36
68 166 66
51 106 35
85 89 202
205 94 169
155 89 193
120 89 53
51 143 212
51 154 220
77 166 125
175 88 204
51 90 216
203 86 212
77 86 39
116 161 221
206 158 103
130 89 198
116 168 94
145 156 36
55 168 173
142 167 145
205 139 34
200 88 158
50 164 158
134 165 221
146 88 119
118 86 41
126 168 123
66 88 33
205 134 221
73 166 144
110 168 208
206 158 216
204 95 221
113 166 132
205 92 198
101 166 53
103 168 215
188 168 208
108 160 220
198 168 196
159 166 53
171 88 119
205 150 221
67 167 118
198 168 90
149 166 191
181 168 215
170 92 35
130 86 212
51 154 34
87 168 49
132 154 219
192 168 163
167 165 218
184 89 111
51 88 39
189 87 205
203 87 145
122 168 202
