-4 46 94
69 -50 -95
-73 46 -65
-71 -50 27
69 -50 39
47 51 -27
-38 -51 -94
-74 44 31
-5 -48 94
5 -47 -19
72 42 54
3 22 -91
-72 -8 93
71 45 -95
-72 -20 -38
70 -18 -27
-5 48 20
66 -12 94
-18 48 -40
12 -47 39
-63 49 87
-68 -1 -95
14 -33 -91
70 -1 23
16 -1 91
-72 30 -17
70 -3 -75
-55 -51 75
-72 -3 41
45 41 94
41 -51 81
41 -47 -55
-45 -49 -13
41 48 18
-32 50 -87
32 51 -70
49 -51 -5
-30 9 91
-30 48 58
20 48 58
-26 -10 -91
-15 -47 -59
-30 -47 37
-71 -50 -66
-72 -12 2
-38 48 -2
70 19 -13
70 34 -57
41 22 -91
12 48 -13
70 -16 58
-72 9 -61
-72 19 68
-36 -26 91
-53 51 -38
70 17 77
47 -22 -91
-68 32 -95
66 -51 -34
-68 -35 -95
-7 -50 11
-1 51 -75
70 32 20
70 -35 -63
69 -44 94
70 -28 6
-72 -33 54
-45 -47 -44
-22 -48 68
-72 19 12
-34 41 94
39 -51 -86
41 -47 50
-38 48 29
22 -3 -91
-34 19 -91
14 48 -46
-72 -49 -30
70 5 -46
-9 -51 -88
45 9 91
-72 -41 0
-72 -20 -67
10 -49 69
35 -24 91
26 -47 14
64 49 -4
70 13 48
71 46 82
-72 -37 93
-66 50 58
14 -47 -63
-7 -18 91
22 42 -95
69 17 -95
-65 51 5
47 51 45
-22 -47 -27
72 41 -30
-72 7 -32
68 -51 66
22 51 85
-55 19 91
-45 -47 14
-1 19 91
37 -47 -27
-72 -24 25
-72 -10 66
24 26 91
58 51 -71
-7 50 69
-32 48 -61
45 51 71
-72 34 -42
18 48 31
-38 -48 -69
-13 48 -15
-72 22 43
-30 -51 93
-49 -20 -91
20 -46 93
-53 -47 48
70 -3 -5
-1 -12 -91
-57 51 -86
-11 41 -95
58 -47 18
-3 48 45
47 46 -94
70 -28 -86
35 48 -5
70 -28 31
53 1 -91
1 -47 -42
-49 -6 91
45 49 -50
-24 -33 -91
-9 -47 50
70 -43 -13
70 -28 77
-65 51 -19
58 -51 -72
-26 -51 0
63 51 31
-47 51 73
-72 15 -82
24 -51 -7
70 -16 -50
-72 -24 -17
14 48 10
-53 51 -61
66 28 95
-72 5 -11
-38 48 -23
-57 -51 -82
-11 7 -91
26 48 -27
22 -47 -44
70 26 -75
-72 1 20
-24 48 12
-72 -28 75
-53 -49 95
-53 11 -91
-71 -50 63
12 -24 91
-72 30 89
-72 -39 -50
70 3 -23
51 -35 91
70 24 -40
-7 48 -57
-51 51 43
-26 51 77
70 -10 -94
20 -51 -94
-57 -24 91
70 -33 -40
-49 32 -91
70 -35 54
1 48 -32
70 -3 73
70 15 6
-11 1 91
-26 -47 18
-18 32 91
-74 41 73
64 49 -46
68 7 95
-72 -18 -86
47 -10 91
39 -47 31
-7 -47 31
66 -51 -52
-72 11 93
22 22 -91
-3 48 2
-20 48 37
70 -12 39
-55 51 20
-9 -51 -9
33 -35 -91
69 -50 4
-72 28 -63
-20 51 -73
22 -47 54
-55 -47 -59
-38 -47 58
-72 -6 -50
-26 -12 91
-3 -50 -71
70 15 29
-20 -33 91
70 32 0
70 26 60
-57 -51 0
-72 -37 -78
8 -47 20
63 51 66
-36 48 -42
58 51 14
28 -51 -72
8 -51 2
-72 -49 45
-72 -49 81
53 -43 -91
16 51 -80
-24 -51 -78
-15 24 -91
-72 34 0
70 36 37
53 -47 -23
70 9 -63
-74 42 -82
-66 49 -49
28 -49 69
72 42 -71
-72 34 56
-38 -51 77
51 -47 -40
-53 -47 -30
-45 -3 -91
39 -8 -91
70 -20 -11
55 30 -91
-72 5 77
70 -20 -71
12 48 -63
-51 -47 31
12 39 93
-51 -39 -91
58 -47 54
5 41 -95
-3 -33 -91
43 -50 11
-51 41 95
-71 -50 -91
35 48 35
70 -12 10
28 9 91
53 -51 91
-72 -3 -71
-72 -10 -25
24 -20 -91
-72 -20 43
-26 -47 -46
53 51 85
41 26 91
10 51 75
-7 -51 79
40 56 -83
20 -47 -25
70 -43 -80
-72 34 18
-72 3 56
-36 24 91
-28 34 -91
-43 51 -75
45 -47 66
-72 -37 35
30 48 -44
63 51 -22
-66 -49 -15
-64 -48 13
-72 46 -32
-49 51 -13
29 40 94
68 -28 95
-23 -50 -95
5 -47 -95
-43 48 12
10 -51 -80
70 -1 52
-72 13 -46
-3 -33 91
3 3 -91
-15 15 91
71 46 11
-72 15 27
70 36 -15
49 51 -2
38 51 86
30 9 -91
70 9 64
-72 -33 12
-72 -33 -30
55 -47 35
70 -39 18
-38 51 85
39 48 58
37 36 -91
14 13 91
70 32 75
-7 -47 64
-72 17 -2
-28 5 -91
-36 -47 -25
-36 48 43
70 -6 -36
22 -47 29
70 -6 -61
30 -6 91
-13 -22 -91
-34 -22 -91
64 -51 81
28 51 70
-72 -22 91
-49 51 58
-45 46 -94
60 50 -87
36 -47 94
-7 -47 -27
-45 9 91
26 48 18
-72 -20 -52
-61 51 73
-74 44 45
-20 46 91
63 46 94
-24 48 -2
55 15 -91
60 51 52
70 32 -90
70 5 -88
-68 17 -95
58 17 91
5 -47 56
-15 48 58
-73 46 -9
48 51 31
-15 51 -87
37 -50 -12
70 -39 -27
12 48 43
-59 -47 -42
-13 -47 -40
1 -6 91
-61 51 33
24 48 -57
-72 46 -95
10 -51 83
5 48 62
-9 51 83
-49 -37 91
-24 -48 -13
28 51 -87
45 49 -67
-71 -50 94
-26 48 -30
-59 -12 -91
-61 51 -71
-72 26 -32
-72 30 33
70 5 37
3 48 33
58 -1 91
70 11 -34
22 -33 91
55 -20 91
22 -16 91
70 -20 20
-36 -47 -55
58 -14 -91
43 48 -15
-53 -47 62
63 51 -59
-38 -47 27
-36 -37 -91
-72 -16 79
-72 17 -21
28 -47 -59
-22 -47 54
-72 -12 29
-72 7 8
-43 -51 2
70 3 10
22 48 0
53 -47 -59
43 -51 -73
-72 -20 58
-22 48 -52
-3 -47 -55
-72 -37 -13
-72 42 95
-22 -51 81
58 -31 -91
70 -49 -65
-59 -50 -95
-53 51 2
-59 42 -95
66 -51 27
68 -37 -95
-68 -51 -52
70 -16 83
8 -41 91
33 -51 4
70 -41 75
70 22 -59
-18 48 25
70 26 -27
-72 30 -75
-13 -6 -91
-1 48 -11
-72 -26 -5
-72 17 81
-40 -47 45
39 -47 -42
-11 48 -27
70 -1 85
-57 7 91
70 -37 41
-72 -33 -65
14 48 -25
-45 -51 -80
-3 49 -88
70 36 -42
70 -47 52
58 51 -34
-72 19 56
-72 -6 -38
-72 -10 -13
70 9 -75
-17 -50 94
-26 48 -17
-72 -20 12
-72 38 -55
24 -51 81
72 42 27
72 42 68
5 51 86
56 -50 70
60 41 -95
-43 48 -55
-72 -39 23
-20 -47 29
70 -39 -50
70 -10 -17
16 11 -91
-1 7 91
-5 48 -42
8 -47 -32
70 -33 -7
12 -10 -91
55 -51 6
-59 -26 -91
-13 -39 -91
-72 -39 68
-61 -47 37
-40 9 -91
70 30 48
1 34 91
-63 -47 54
-74 42 10
66 -22 -95
33 -48 -95
55 30 91
-43 -51 89
72 42 -84
64 -51 -7
-72 26 -50
-72 7 35
33 -47 41
70 22 39
-40 -14 91
12 30 -91
45 9 -91
-55 51 -25
-55 -49 -70
22 -51 -82
-49 51 31
-59 24 -91
37 48 -59
43 48 -38
-36 49 68
-61 -41 91
-55 -47 -17
-71 -50 -41
62 -51 -86
-63 51 -7
35 -47 60
65 -49 -21
-43 34 91
-26 -47 -67
-61 -51 85
-74 42 -21
16 -50 11
-34 -51 -9
-68 -51 -78
-72 28 77
70 -41 31
70 22 16
70 7 -9
8 -20 -91
37 48 8
1 -47 45
3 48 -50
-32 -37 91
70 -24 50
-72 -31 -42
-18 48 -63
18 48 -36
70 -26 62
70 -26 -55
-26 19 91
24 48 48
-72 26 -86
39 -35 91
-72 1 -21
-13 48 6
-1 32 -91
-72 -8 12
-72 -10 -61
10 48 0
10 48 20
-34 -1 91
22 48 -17
-24 48 48
-24 15 -91
70 -16 0
53 51 -13
43 -39 -91
71 46 43
-15 -49 -70
49 51 58
-72 -6 -86
-34 -51 -84
-49 -51 -90
-61 -10 91
-20 49 68
-28 44 -95
55 51 39
70 36 87
51 56 -84
-66 49 16
63 51 78
-61 39 93
70 17 93
-71 -24 -95
18 -47 -15
37 48 -25
-9 48 35
72 42 0
-72 9 66
71 46 -55
-34 -47 -36
70 -28 -30
70 -18 -82
-45 22 -91
47 -47 20
70 -20 -38
-22 -1 91
10 -51 -9
-72 5 -84
-72 7 -73
-72 -8 54
12 24 91
3 48 -21
70 -6 62
37 -24 -91
-72 -22 -27
24 32 -91
3 -16 91
-72 -6 81
-51 51 -48
20 50 -70
-38 36 -91
70 11 18
-68 -51 -5
-63 51 43
-65 51 -39
8 50 -87
-74 42 62
-57 30 91
43 -49 -95
-18 -51 10
22 -41 -91
-63 7 -91
70 -39 6
14 -47 -50
37 -14 91
18 49 68
-32 48 18
35 46 -95
-72 36 -30
-13 -47 -19
70 -18 68
33 -47 23
70 -18 -61
45 -26 91
-72 -31 -86
28 -47 -34
-5 48 58
70 9 83
-57 -47 23
3 -47 31
-3 -51 2
-3 13 -91
3 48 10
-47 -26 91
-11 48 -5
28 -47 -19
-32 51 -75
-72 -20 68
22 -47 41
-72 -31 43
-72 7 45
18 -51 -72
-72 -39 79
70 -33 -17
-3 -22 -91
70 -6 -50
-72 3 -44
-7 28 91
-13 -10 91
-1 -51 -82
70 -22 39
5 48 52
-72 17 -67
58 51 4
37 3 91
35 17 91
-53 51 81
-26 -24 91
70 15 -84
-43 -28 -91
62 -47 -42
45 -43 91
65 48 -78
-72 -43 -21
71 46 -39
-72 38 82
-30 -51 10
65 47 22
70 24 85
-61 -41 -91
-66 50 -59
-53 -51 10
10 -50 94
-62 -48 68
18 -47 64
-9 -47 20
55 -48 -13
66 -1 -95
-73 46 -42
-28 34 91
-47 51 -86
-11 39 93
19 46 94
-46 49 -31
48 51 12
5 -50 11
-45 -49 69
-68 -12 -95
8 -49 -70
62 -39 91
22 -51 4
-35 -48 68
-67 3 93
-67 19 93
37 -47 -67
0 -50 70
53 51 -59
45 -47 -17
-28 49 87
-40 48 56
-5 48 -67
37 36 91
68 46 -13
-65 51 -80
70 -41 85
64 -51 91
58 -50 -95
-73 39 -73
35 51 77
-72 36 41
56 40 94
36 46 94
-3 -47 -15
14 46 -94
-32 48 -50
70 -16 29
-72 28 64
-51 -51 85
-72 -28 64
47 -47 -32
70 26 31
16 -47 -36
-38 -14 -91
-72 -41 58
51 -47 43
-47 24 91
70 17 -50
-53 -14 91
-72 -24 -75
30 -47 -48
-20 -51 -86
-72 -43 -59
-45 -47 -34
-72 26 4
5 48 -40
1 -47 -63
47 -12 -91
70 15 -21
-53 -51 -9
-18 -47 45
-72 -1 31
-13 -51 0
70 24 -5
-55 -3 -91
-11 -37 91
-72 1 -2
26 48 8
-5 -1 -91
49 51 -75
-72 17 -38
-72 24 23
70 -37 66
12 -10 91
-34 -6 -91
70 7 2
8 3 91
70 -43 -2
-72 17 -57
30 48 27
33 -16 -91
-72 -41 -69
70 22 52
70 -28 -75
-45 -47 -59
-34 48 8
-11 -51 87
70 -6 31
-72 11 18
41 -51 0
-18 -14 -91
-24 51 -82
-63 -47 -34
45 32 -91
53 51 66
58 -47 -50
-72 -45 -84
70 36 8
-5 -47 -95
53 51 -48
-30 -45 -92
-66 48 26
-63 51 -30
70 -49 18
-72 -43 10
-45 46 89
68 -51 -75
7 51 -70
69 -2 94
-22 -43 91
70 36 60
72 44 91
-34 -51 85
70 -6 -86
12 -51 -90
-1 51 79
-1 -51 87
-9 -51 -78
-53 51 -78
72 44 -21
-47 -47 -21
14 49 87
20 36 91
-38 48 -67
-73 46 2
-68 46 77
-72 9 -94
51 -51 -88
28 -51 91
-57 51 54
-49 51 -69
70 -49 -44
-55 51 66
-72 -28 85
-26 48 31
28 -39 91
47 -47 56
-72 -39 -36
-72 -39 48
70 32 -34
-20 -18 91
-13 48 43
70 1 -67
-72 -16 -7
-22 -1 -91
-72 -12 -44
-32 48 -11
-72 -12 -80
-11 48 -48
24 48 37
70 -41 -69
-47 -47 39
70 15 -69
-32 -47 52
8 -47 -57
-53 -47 -48
-15 -47 60
28 -51 -88
-47 -47 54
-72 24 -11
70 28 -65
-15 51 77
37 48 67
70 -43 60
39 -51 71
62 22 -91
-63 -31 91
62 9 -91
-73 46 20
-70 -51 73
-70 -51 37
70 -20 93
-47 -47 23
-20 39 -94
-36 -47 16
39 48 45
30 48 60
70 -33 87
-28 -47 -57
58 -28 91
30 19 -91
70 -45 -88
70 34 -71
70 -14 48
-72 -14 20
70 -12 -69
-11 51 -75
70 3 -55
53 7 91
1 -24 91
-72 7 85
49 24 91
70 24 68
-24 -47 -36
-72 -22 35
14 -47 27
55 -47 62
16 48 -55
70 24 -88
70 -31 16
-26 -24 -91
-72 -31 -52
18 51 77
1 48 -59
-72 1 68
70 -10 20
70 -3 41
10 -47 48
43 1 -91
14 3 -91
-9 9 91
70 -6 4
-72 -24 4
-5 48 -19
-72 1 -59
70 -12 -9
-20 7 91
-59 -1 91
-1 -47 23
-72 15 -13
70 -12 75
33 1 -91
24 48 -9
-72 9 0
5 -35 -91
-34 -47 -17
16 -18 -91
41 -47 39
53 -47 27
70 17 62
45 -31 -91
53 -51 -80
-72 9 -19
70 -22 -19
-45 48 64
-7 -47 41
70 -20 8
49 24 -91
20 -47 -57
22 17 91
-30 -51 75
-72 -14 87
33 -47 52
60 -47 45
-18 -47 -50
-45 48 20
5 46 93
-63 -18 91
47 -47 -67
-72 36 27
-55 46 89
-63 -47 -61
70 28 -17
-45 48 -40
65 47 -31
60 -6 -91
16 -39 91
15 38 -92
64 50 44
-3 42 -95
66 46 58
-70 -43 -95
72 41 18
-15 -47 -95
70 -41 -42
-72 36 -65
65 36 94
1 51 70
16 -51 75
26 48 -65
-59 51 12
-28 48 -42
-36 48 -34
-40 48 -11
70 24 6
39 -6 91
30 48 -36
-34 28 -91
18 48 18
-57 32 -91
-72 22 33
22 -33 -91
22 48 -46
-72 22 -75
-68 46 68
70 9 56
70 -37 -86
55 -51 81
49 -1 91
-72 34 -86
53 51 75
55 -47 -32
-30 -47 29
-51 -12 -91
-24 24 -91
70 13 37
55 -12 91
-13 48 14
14 48 52
-5 22 -91
70 3 -36
-18 -47 20
-72 34 8
-1 -41 91
-72 34 -9
-68 -51 4
-72 -12 41
33 -51 -5
-3 -47 56
-72 11 56
-72 7 27
-5 48 12
70 -10 -27
70 32 -82
30 -8 -91
-61 -47 45
-38 -47 35
70 5 45
-34 -51 2
30 -47 31
-51 -31 -91
12 22 -91
70 -26 -63
71 46 -64
71 46 34
-15 -50 70
-72 -45 -9
20 47 -89
-63 -49 -70
24 51 -80
-36 51 77
-18 51 85
43 -51 91
58 51 25
64 50 9
-70 -51 18
-61 -47 -50
31 47 88
-65 -48 -23
-57 51 -15
-59 51 -46
72 41 -48
-74 44 -50
-43 -43 91
51 46 91
66 -51 58
58 51 -80
63 50 86
-7 -47 -65
53 -43 91
-72 46 54
-1 -41 -91
-28 50 69
63 -48 12
41 48 29
47 51 23
-11 34 -91
-63 46 -90
-65 -51 -86
37 -47 -19
