160 130 122
54 107 130
255 120 137
100 152 123
117 107 132
209 132 125
57 151 132
153 95 132
86 119 121
133 150 132
234 140 135
117 131 121
87 96 132
184 123 123
139 115 123
228 115 132
80 141 132
153 159 125
74 161 124
100 132 132
72 104 120
101 106 123
130 127 134
72 118 132
115 147 132
143 132 122
252 137 139
87 156 132
224 131 126
111 121 132
67 143 123
71 94 132
88 135 121
240 126 132
101 122 121
148 147 132
124 116 123
140 103 132
74 129 123
84 110 132
174 133 124
195 132 124
86 128 132
97 116 132
125 143 123
150 105 123
93 144 132
130 128 121
105 140 123
69 153 132
121 136 132
131 106 124
67 106 132
150 123 125
139 144 123
112 113 123
80 149 123
83 107 119
242 115 137
61 100 124
63 155 123
216 123 124
202 123 125
133 113 132
169 123 123
104 146 132
110 137 132
137 139 132
106 108 132
94 105 132
78 101 128
75 114 123
145 154 123
64 111 123
122 121 132
91 99 123
98 133 120
70 138 132
90 148 123
93 111 120
110 149 123
230 126 133
76 139 123
107 130 123
82 120 132
242 134 138
77 130 132
144 111 131
89 157 123
137 125 126
235 133 128
184 132 124
55 147 123
250 128 135
96 153 132
115 140 123
120 107 123
113 122 121
126 143 132
63 144 131
73 94 123
78 153 132
126 106 132
141 103 123
93 126 123
151 133 123
148 156 132
223 122 130
75 110 132
72 152 123
149 103 132
227 135 134
83 128 123
95 141 123
153 96 123
91 135 132
177 125 127
125 135 124
115 130 132
193 123 124
133 149 123
104 115 123
98 124 132
235 120 136
129 122 127
121 124 121
60 101 132
167 130 127
73 160 132
78 122 121
132 141 126
118 147 123
158 122 123
73 145 132
216 130 127
235 121 128
85 148 132
147 146 124
115 114 132
106 127 132
90 119 132
247 120 134
125 114 132
140 152 131
57 108 123
109 106 126
143 123 122
131 114 124
209 125 127
94 119 123
234 132 136
135 132 124
106 116 132
62 156 132
84 141 123
190 128 128
73 124 128
242 133 130
71 110 126
100 103 131
67 96 127
103 139 132
146 128 127
82 113 123
84 101 123
151 151 127
147 99 126
78 107 123
133 105 131
123 129 132
201 130 127
145 110 124
143 142 129
123 148 128
61 109 129
67 159 127
73 103 132
130 132 129
155 127 127
61 145 125
116 141 132
83 153 127
85 102 132
93 128 132
67 113 131
67 100 132
241 122 138
82 134 123
101 145 123
228 122 127
71 136 126
89 106 123
86 142 132
74 156 128
83 136 132
118 119 122
95 101 127
241 140 136
134 122 122
139 115 130
99 110 132
69 115 123
108 149 129
110 143 132
111 135 123
139 151 123
66 104 123
91 113 132
180 128 123
94 154 126
153 159 132
162 125 127
240 119 132
127 123 121
73 144 123
107 120 123
247 136 134
139 109 132
138 145 132
197 126 127
183 127 127
120 137 122
126 111 123
75 100 123
58 103 127
170 128 122
73 120 123
58 152 126
137 139 123
123 130 121
102 129 120
81 126 132
99 143 132
77 116 132
225 127 131
132 141 132
89 141 123
87 96 126
222 126 126
88 129 120
104 134 122
111 106 131
244 127 137
75 136 132
106 109 123
148 107 128
126 138 129
98 114 123
95 105 123
127 123 132
121 144 132
128 149 128
93 100 132
139 108 123
88 114 123
206 127 123
102 151 130
80 107 132
148 128 122
118 113 123
227 120 134
212 128 124
237 135 133
106 122 132
76 121 132
230 131 128
93 135 123
63 149 132
104 104 127
235 128 131
139 128 122
66 151 123
125 119 128
96 138 132
113 127 122
149 156 126
69 99 123
173 128 127
152 100 128
67 158 132
74 98 128
120 111 132
127 148 123
230 139 133
105 150 123
187 128 123
72 129 128
86 115 132
250 118 138
106 124 121
78 128 121
141 130 126
54 147 129
165 132 123
129 114 129
87 159 128
86 150 123
116 120 132
144 106 132
224 135 130
234 116 134
248 132 138
86 122 132
116 107 127
133 126 130
91 122 120
81 118 123
155 128 122
130 133 124
77 134 121
114 148 126
111 143 123
78 153 126
97 127 120
143 102 128
110 131 132
90 149 132
97 148 132
136 150 127
126 106 125
100 138 123
73 109 122
126 134 132
116 134 132
116 125 132
71 157 123
232 120 132
80 146 132
164 126 122
74 125 123
110 111 132
173 124 123
69 143 132
245 131 134
138 104 128
67 141 128
121 107 128
240 130 135
131 145 123
218 125 128
136 115 126
71 118 127
249 123 138
151 152 132
145 154 128
178 129 127
199 128 123
221 130 130
70 110 132
188 123 126
145 101 132
145 151 132
92 155 132
87 124 120
112 118 123
93 131 120
101 120 132
90 125 132
157 132 125
123 148 123
61 105 123
119 143 123
139 123 122
179 123 123
74 155 132
89 104 132
60 147 132
143 147 132
152 154 123
101 118 123
162 131 126
206 128 128
83 153 132
74 126 132
147 132 124
102 113 132
144 143 125
232 135 133
125 148 132
204 132 124
59 106 132
142 148 123
194 128 123
136 105 123
145 101 123
71 160 128
97 109 123
74 94 128
61 149 123
79 145 123
152 155 128
142 113 126
154 123 122
170 125 127
95 120 132
120 126 132
80 112 132
68 148 132
152 101 123
150 128 127
91 153 123
91 99 127
96 145 123
71 140 123
95 151 123
68 108 123
100 103 126
176 127 123
146 123 125
113 106 123
117 123 121
82 122 123
104 133 132
85 100 128
75 149 132
220 130 125
101 128 132
75 142 132
127 140 124
130 109 132
136 112 123
101 111 123
85 109 123
66 113 126
134 129 121
80 102 132
121 140 132
62 155 127
71 99 132
255 135 137
85 155 123
62 99 128
142 125 126
237 124 134
76 150 123
214 125 127
119 148 130
138 139 127
149 151 123
148 99 132
191 132 123
197 124 123
110 110 123
65 98 123
129 146 132
89 132 132
90 118 123
85 132 122
83 105 123
211 129 128
135 129 127
146 106 123
130 106 128
73 133 130
125 120 124
158 125 126
194 130 127
230 135 129
146 145 128
95 101 123
228 127 129
153 95 127
67 96 131
95 122 120
121 116 132
122 108 132
73 114 132
109 126 121
75 154 123
144 127 122
75 104 123
115 135 121
170 132 123
250 134 135
82 153 123
179 132 123
64 110 132
122 111 123
133 109 123
80 102 124
244 124 134
134 145 132
110 139 123
108 105 130
149 148 128
126 132 121
85 144 123
231 130 133
66 158 123
142 153 127
204 125 127
128 130 132
212 124 124
164 123 123
220 122 126
231 123 130
111 130 121
68 154 123
136 147 123
232 123 135
125 126 122
60 109 124
93 115 122
91 140 132
120 132 132
54 107 126
108 116 123
238 133 137
90 156 127
133 124 126
135 140 129
126 110 132
237 132 131
214 132 124
147 109 132
64 103 132
83 130 132
80 133 132
111 116 132
98 153 126
106 141 132
160 126 123
115 145 123
140 140 124
97 102 132
76 101 131
206 123 125
127 133 127
132 149 127
226 120 129
226 132 132
131 123 131
57 146 126
238 122 130
114 110 132
123 139 123
94 132 132
112 127 132
135 109 132
97 129 132
87 136 132
82 116 132
97 106 132
134 105 127
138 132 122
89 125 123
181 124 126
137 151 131
73 133 127
94 125 132
96 136 122
117 127 121
192 125 127
90 131 123
81 109 123
106 150 132
217 128 124
92 103 123
245 122 137
70 106 132
239 117 136
149 125 122
243 136 135
94 116 132
248 136 138
81 131 122
235 135 136
186 130 127
103 151 126
74 135 123
70 95 125
141 111 123
88 102 123
150 104 127
159 128 127
120 133 121
69 114 128
225 123 127
152 156 132
128 114 123
236 128 134
92 144 123
132 130 132
83 143 132
65 147 123
83 139 132
137 112 132
106 136 132
146 110 128
94 154 129
133 114 128
59 153 131
235 120 132
93 109 123
60 153 123
190 126 123
70 138 128
80 125 123
88 99 132
80 137 121
133 132 121
125 120 132
75 106 120
57 150 123
107 136 123
110 124 123
199 131 123
183 127 123
79 114 123
86 106 132
108 146 123
56 147 132
152 100 132
77 117 123
251 121 136
85 136 123
121 121 121
104 145 123
74 130 132
114 148 123
232 128 130
69 115 132
104 122 123
128 141 130
104 105 132
112 141 132
72 102 123
126 126 132
110 125 132
62 145 128
64 98 131
78 138 132
132 132 126
244 119 135
222 133 127
96 111 132
151 128 122
221 125 130
149 99 123
57 104 130
227 125 132
248 125 135
181 131 126
95 141 132
72 150 132
71 156 132
144 143 132
209 128 124
79 122 132
113 144 132
74 127 126
112 106 128
96 113 120
69 112 123
202 127 123
140 141 132
80 150 132
90 111 123
80 141 123
116 108 123
94 109 132
227 133 128
151 158 123
129 114 132
97 119 122
98 103 123
108 147 132
64 144 124
120 148 126
126 116 126
72 121 131
63 110 126
100 142 123
104 118 123
227 138 132
241 126 136
133 142 123
99 152 132
141 122 124
150 97 129
156 125 122
173 124 126
131 123 122
86 155 128
124 107 129
156 132 122
247 128 138
101 117 132
242 137 138
125 137 132
102 142 132
94 147 132
62 106 132
86 152 132
106 112 132
97 134 132
86 119 132
234 124 131
89 97 129
123 108 123
90 121 123
136 116 132
72 113 123
99 148 123
130 111 123
122 148 132
225 126 128
113 132 122
197 131 127
232 132 130
72 142 132
142 109 132
155 124 126
91 126 120
187 132 123
76 111 123
107 105 123
136 126 122
139 115 126
245 134 137
241 131 132
77 112 132
105 130 120
153 159 128
99 130 121
239 138 137
206 131 126
116 148 129
141 125 122
58 103 124
245 131 137
95 129 121
142 106 123
147 122 122
120 128 121
242 121 130
172 131 126
70 160 124
121 116 123
243 128 133
233 127 133
229 123 134
70 95 129
248 131 135
64 157 128
128 140 127
89 145 123
136 104 130
145 154 132
112 148 131
149 125 127
148 102 123
149 132 122
100 146 132
117 143 132
113 138 132
113 132 132
108 118 132
229 120 131
150 97 126
74 138 132
238 121 137
118 114 132
140 112 132
117 138 132
118 128 132
90 133 120
108 134 132
70 160 131
219 125 124
103 125 132
107 131 132
123 142 132
103 126 122
229 118 134
69 104 123
148 108 124
191 131 126
137 143 123
89 97 123
143 132 125
85 122 123
57 150 128
84 116 123
247 120 138
241 118 138
251 134 138
89 157 130
199 124 126
63 153 132
92 156 123
115 116 123
107 126 123
115 106 130
64 101 123
87 159 125
107 149 125
252 121 139
187 126 127
82 101 127
154 130 126
237 126 131
66 145 132
142 113 129
60 101 128
94 132 123
125 148 126
73 96 131
236 117 136
88 146 132
253 118 136
84 126 132
167 128 122
69 102 132
70 146 132
142 151 123
233 135 130
72 136 132
136 150 123
60 150 132
124 122 122
137 123 124
128 126 122
166 127 127
77 153 129
123 134 122
127 130 122
145 130 122
136 115 123
243 121 133
119 139 123
107 112 123
176 128 127
80 105 123
170 129 127
133 130 129
59 109 127
117 148 126
148 130 126
122 145 123
73 159 125
165 124 126
104 107 123
85 126 123
109 132 123
73 158 130
85 129 120
65 97 129
124 113 123
75 154 126
84 147 123
60 146 128
101 132 121
72 120 128
63 98 126
72 97 123
65 111 128
148 152 132
125 137 126
127 108 123
229 134 127
89 137 123
187 125 123
68 140 124
111 149 126
138 131 126
104 128 123
151 102 126
103 137 122
140 149 132
126 116 130
106 145 132
70 108 121
223 131 131
95 154 123
83 122 132
97 119 132
129 141 123
78 145 132
91 152 132
137 142 132
71 136 129
223 120 128
185 123 126
129 149 126
100 136 132
77 125 121
89 116 132
108 122 120
74 93 131
167 125 122
84 113 132
88 122 120
150 150 130
215 126 124
87 159 132
65 106 123
218 128 129
74 162 127
68 140 131
148 156 123
243 133 133
73 96 126
212 132 126
66 142 131
99 124 121
143 128 127
101 113 123
237 132 135
228 129 132
246 125 137
125 135 128
86 98 124
242 130 136
177 130 123
209 125 124
127 122 130
128 144 123
159 133 123
149 149 125
115 113 123
225 121 131
233 137 134
220 127 126
190 123 123
233 118 135
126 121 127
57 108 129
82 143 123
148 106 132
115 119 122
148 156 129
142 141 126
181 125 123
161 123 122
123 127 122
70 117 125
144 145 123
103 104 124
194 124 126
113 137 123
125 137 123
185 130 123
217 131 125
92 141 123
204 124 123
151 102 130
55 149 126
246 127 134
110 119 123
76 122 123
94 123 123
176 124 123
237 119 134
146 126 122
152 126 127
117 137 122
88 155 123
96 116 123
227 124 128
77 142 123
128 126 132
123 111 132
230 132 134
89 142 132
67 153 132
123 132 132
77 132 122
78 125 132
73 111 132
112 114 132
103 104 130
86 131 132
84 133 132
80 136 132
91 122 132
98 102 129
77 119 132
146 151 123
64 152 123
143 153 130
162 128 127
99 114 132
227 135 131
95 133 120
162 128 122
99 152 129
162 132 122
140 152 126
59 147 124
227 130 128
107 128 120
127 140 132
90 98 131
123 119 123
95 127 120
118 107 129
128 148 132
74 133 123
70 138 124
137 147 132
158 128 122
117 112 132
108 106 132
86 133 132
93 150 123
144 104 123
145 154 126
134 145 123
113 118 132
72 108 132
94 137 132
119 120 132
79 117 132
117 132 132
139 106 132
108 121 132
67 101 123
84 146 132
81 128 132
110 127 132
103 122 132
113 135 132
73 130 126
