109 131 130
0 121 133
196 127 104
163 128 152
54 130 123
151 124 108
195 124 151
133 134 150
25 125 116
178 124 127
81 130 132
133 124 126
173 129 99
155 132 130
22 125 138
180 130 158
38 131 131
7 123 117
146 124 143
165 130 116
95 130 123
175 125 143
69 130 123
186 124 94
145 130 119
121 130 122
161 124 139
126 130 135
13 125 129
176 124 111
142 130 133
156 124 120
161 130 104
167 130 130
27 129 128
62 130 132
133 130 117
158 134 142
189 124 160
135 124 138
173 124 153
149 123 129
143 134 146
99 130 132
183 130 102
85 130 122
117 125 130
44 130 123
155 124 148
169 124 122
161 123 129
140 124 114
166 124 108
49 130 131
168 130 142
15 125 120
188 130 153
155 130 114
192 130 97
104 131 122
127 124 119
71 130 132
35 131 123
171 124 135
149 134 140
90 131 131
13 122 138
124 133 152
160 133 122
142 123 124
177 130 149
130 132 127
182 124 152
113 128 123
171 130 108
178 124 102
126 124 130
137 130 124
148 124 115
158 124 111
153 124 137
77 128 124
168 123 146
147 130 112
139 123 131
194 130 146
20 124 130
152 131 122
190 124 101
139 130 140
133 130 134
22 129 122
174 130 126
147 132 128
0 120 120
152 130 147
62 131 123
170 130 154
161 130 136
163 124 118
173 129 116
178 130 107
6 123 135
29 128 135
167 125 101
103 127 128
180 127 96
120 123 125
134 124 118
141 124 138
10 123 123
186 130 160
29 127 122
55 128 130
166 130 123
160 124 104
194 129 155
149 123 123
121 131 129
171 130 135
154 130 136
154 130 106
128 130 120
185 130 95
170 124 114
140 130 114
129 124 136
160 130 110
66 127 129
182 124 159
158 130 148
22 129 132
162 123 147
90 127 125
155 123 126
172 124 105
170 124 128
177 124 149
161 130 129
171 130 147
191 130 103
148 131 135
189 124 152
33 128 129
95 127 128
115 131 133
44 128 129
182 130 152
174 130 141
165 124 133
19 124 124
49 128 125
99 131 126
163 123 123
82 127 127
168 130 103
146 130 143
167 124 153
168 124 139
133 124 132
184 124 100
164 130 146
160 130 116
13 123 116
194 130 108
147 123 135
112 126 128
157 123 133
175 128 156
154 124 115
178 124 156
18 123 135
157 123 142
128 124 125
191 124 96
38 127 127
194 124 108
72 127 127
149 130 116
104 130 132
194 124 156
174 124 99
76 128 130
152 124 143
165 130 107
136 130 129
142 130 127
17 128 131
178 130 101
115 131 127
117 126 122
173 129 130
133 130 122
138 133 148
60 127 128
123 127 133
145 124 119
194 125 100
20 125 118
166 130 137
11 123 133
171 128 121
107 127 124
174 130 104
155 124 106
144 123 128
85 128 131
175 129 112
25 125 122
194 125 146
152 130 142
145 126 112
138 130 119
25 126 132
140 124 119
123 126 121
159 126 150
172 124 148
156 132 125
167 130 150
191 129 159
142 127 141
173 127 138
173 124 125
52 131 128
148 132 123
137 124 123
192 130 150
73 131 125
137 127 115
131 128 137
95 131 129
178 130 127
163 130 141
131 127 118
14 125 125
172 124 118
164 124 112
99 127 126
39 131 123
189 128 95
168 130 111
131 124 122
186 124 155
125 131 124
187 127 101
80 131 124
110 131 126
195 130 101
36 132 127
90 130 122
58 131 126
28 129 118
127 131 131
84 131 127
67 131 131
149 127 144
64 131 127
158 124 116
150 131 131
146 134 142
5 121 120
105 131 126
143 130 137
177 128 146
153 123 131
31 128 125
165 124 129
129 134 150
144 130 115
155 130 118
154 124 110
117 131 122
160 124 121
14 125 133
120 130 133
99 130 122
184 130 157
164 127 102
92 131 126
152 128 110
158 131 133
164 123 142
156 130 140
180 127 150
116 126 126
77 131 127
174 125 114
152 131 126
154 134 134
178 124 107
181 128 103
162 130 120
163 131 125
122 124 129
138 126 140
153 127 146
170 124 109
178 130 154
160 130 144
163 124 151
170 126 154
147 130 139
16 124 128
91 127 129
12 127 122
13 122 120
168 124 117
49 131 123
185 127 153
161 124 108
138 124 135
171 124 142
152 124 118
134 130 138
44 131 131
193 124 104
141 130 122
164 130 133
42 131 127
48 131 128
151 124 147
22 125 134
189 130 100
26 128 124
24 128 136
144 123 133
170 130 126
107 128 130
158 130 106
144 124 115
23 128 129
53 127 126
70 131 128
31 130 132
179 127 158
168 130 119
182 130 97
17 128 123
136 124 128
195 128 151
164 124 105
148 124 139
171 124 101
159 123 124
129 130 133
164 130 112
74 131 129
150 124 111
14 122 131
4 121 133
53 131 132
157 124 137
169 123 150
176 128 98
158 127 105
119 131 125
146 123 125
187 124 98
190 124 156
10 124 119
108 130 122
64 127 126
159 132 126
178 124 99
88 131 126
174 124 129
58 130 132
188 130 157
113 131 130
23 127 119
125 124 135
93 130 132
170 128 100
86 127 125
176 127 127
184 127 95
100 127 129
167 130 146
155 130 146
173 130 150
151 130 113
158 130 120
139 130 136
103 127 125
193 127 106
124 124 127
186 126 160
174 124 103
151 123 126
170 130 114
137 124 116
155 128 149
133 131 126
195 130 105
171 130 140
77 131 132
192 125 150
151 123 134
142 130 141
140 123 127
120 124 133
18 123 121
93 127 125
183 127 159
27 129 132
151 130 138
130 124 128
167 124 125
8 122 132
165 124 138
35 128 126
153 123 123
114 128 131
167 130 133
157 130 110
174 130 145
144 132 130
75 130 122
7 124 121
160 134 140
123 131 132
124 130 120
161 130 151
66 130 123
19 127 121
151 134 137
179 124 152
191 130 155
125 131 128
192 127 97
22 126 124
57 128 125
172 127 141
63 128 130
131 131 130
79 127 127
61 131 128
167 128 153
141 130 118
158 124 147
41 128 125
172 125 132
192 125 158
52 128 130
164 130 103
101 131 129
183 124 96
165 124 115
126 124 122
127 127 135
12 127 132
166 130 126
154 126 106
58 130 123
55 131 128
110 127 125
195 128 148
165 123 148
151 124 140
46 128 125
161 123 143
155 131 133
139 130 131
144 132 125
48 128 128
119 125 127
131 130 119
175 130 108
129 131 123
132 124 135
174 125 156
188 130 97
169 124 104
33 130 127
158 123 130
144 124 140
67 128 125
135 124 121
148 124 119
80 131 129
72 128 124
118 131 130
34 131 130
156 132 122
147 132 131
70 128 130
169 124 132
13 122 123
179 130 97
190 127 103
165 124 121
60 128 124
126 128 119
161 132 133
148 130 119
148 126 111
95 131 125
120 124 122
171 124 138
179 130 104
87 130 132
181 124 155
96 128 131
162 123 132
168 130 106
176 124 146
175 124 107
182 125 102
137 130 115
173 130 154
136 130 121
168 124 135
38 131 126
136 128 139
37 128 129
88 127 129
18 123 132
128 130 136
120 127 122
171 124 145
157 130 136
152 130 116
119 127 133
81 127 129
3 122 118
67 131 125
110 129 131
145 131 134
176 130 152
169 130 138
108 126 127
131 124 118
143 129 113
83 131 131
177 126 109
186 124 159
163 123 127
161 124 114
171 130 101
10 124 131
173 124 111
51 131 125
87 131 129
163 123 136
78 131 123
96 127 125
149 130 142
190 128 152
27 129 138
107 130 132
174 128 143
152 131 134
172 128 155
185 130 98
159 130 113
171 128 134
45 131 126
111 131 122
194 130 153
158 131 129
193 124 153
19 126 133
17 126 125
30 130 129
140 127 114
41 129 131
185 130 153
192 124 99
175 130 128
133 127 117
170 130 151
164 130 129
20 127 130
26 129 120
171 130 144
158 123 127
151 130 108
167 124 112
102 131 125
87 131 123
158 124 107
192 130 100
140 124 140
15 123 118
187 124 101
171 130 119
73 128 130
160 131 140
30 130 123
154 124 140
171 130 123
164 130 149
183 130 159
141 123 135
161 130 114
80 128 124
139 130 127
170 124 125
157 130 143
189 124 95
106 131 130
182 127 152
164 130 152
186 130 101
150 124 137
147 124 113
136 124 133
102 128 131
175 130 99
173 130 111
184 127 102
96 131 132
165 126 152
123 124 133
22 124 122
195 124 106
123 131 126
28 129 125
75 127 126
160 130 123
13 124 135
175 124 152
132 125 137
162 128 103
156 124 145
163 130 138
98 131 129
159 124 139
178 127 148
83 128 124
149 124 143
112 131 132
177 129 157
195 126 155
157 123 123
11 121 136
29 128 128
172 126 117
167 128 101
194 128 108
174 127 129
17 123 124
170 130 116
154 130 111
163 130 107
165 123 145
42 131 124
162 125 103
157 131 127
146 127 143
144 132 122
133 130 129
167 124 142
179 130 151
179 125 105
55 131 125
150 130 110
17 123 118
171 125 121
193 130 157
194 124 149
65 129 131
25 126 128
170 124 154
170 130 130
160 128 151
133 124 129
41 128 129
112 131 125
114 131 122
150 130 144
128 124 122
166 130 144
193 127 157
158 124 119
116 126 132
63 129 124
181 124 100
142 123 121
180 124 96
101 130 132
143 123 131
67 131 128
137 124 120
136 124 136
72 130 122
161 133 130
153 131 129
151 127 147
46 129 130
173 126 99
145 130 137
59 128 130
140 124 117
146 123 130
181 130 155
116 127 124
159 123 135
135 130 132
174 124 140
18 126 128
188 130 94
155 123 135
173 124 150
156 124 112
9 124 135
195 130 150
113 126 126
163 130 110
140 128 140
106 131 124
108 131 128
161 130 147
144 124 137
171 130 105
178 127 106
19 127 124
195 124 102
134 130 119
174 128 114
97 131 123
170 127 140
115 131 124
135 134 149
177 125 98
76 131 125
12 122 130
5 121 117
79 129 131
128 131 126
102 129 123
37 131 124
89 128 131
12 125 123
5 121 136
45 131 129
24 125 130
171 130 132
8 122 119
152 125 110
140 123 122
176 130 110
92 131 130
140 134 147
70 127 126
25 125 119
180 124 158
161 124 111
23 125 136
153 130 145
147 132 125
58 127 128
127 124 127
173 130 138
158 131 123
167 124 130
145 130 139
153 130 140
123 124 124
144 124 113
156 128 106
47 131 125
123 128 121
16 126 131
173 128 125
175 126 112
171 126 136
129 129 118
148 123 127
195 127 101
166 124 104
136 130 136
25 128 132
185 125 153
151 127 107
153 126 148
25 126 125
179 125 150
74 131 132
150 131 122
16 125 137
162 123 121
177 130 146
85 127 128
137 124 139
185 128 160
177 124 105
129 132 132
12 125 121
167 130 114
142 124 119
161 124 118
163 131 122
161 133 142
172 124 115
152 130 119
189 128 102
153 123 128
143 123 126
130 124 133
144 132 127
142 125 113
149 132 133
136 124 125
177 124 101
167 130 139
164 124 109
173 124 144
2 122 134
187 126 94
118 125 124
151 123 121
10 122 121
131 132 125
153 124 145
91 128 124
124 128 134
175 124 127
153 131 124
176 130 143
24 128 121
157 124 149
93 128 130
82 131 123
148 130 114
15 124 122
127 133 151
25 128 130
136 130 126
116 128 122
135 125 116
177 126 157
141 130 124
139 130 133
161 130 127
133 124 123
134 127 138
169 124 106
189 130 160
136 130 139
53 128 124
83 128 131
120 123 127
161 126 151
115 131 129
158 125 105
191 129 96
157 130 116
131 130 135
149 130 137
174 130 114
51 131 130
146 128 112
136 130 118
185 124 98
163 130 116
174 124 109
175 130 148
29 128 132
29 129 120
194 127 99
55 131 132
174 126 141
16 126 122
153 132 131
183 124 154
6 123 133
196 128 106
33 129 123
123 131 123
184 125 102
90 131 125
178 127 127
150 127 110
153 128 148
49 131 126
128 126 119
25 128 118
150 131 127
98 127 129
186 128 94
168 130 153
159 123 132
181 130 103
14 125 128
36 129 131
92 127 127
170 124 147
114 126 128
165 125 102
37 131 130
172 125 155
182 128 96
12 125 133
131 124 125
76 131 130
168 130 135
191 124 154
17 124 133
161 133 124
167 126 153
168 130 125
39 129 130
125 124 120
156 130 149
160 130 119
153 124 112
165 130 141
189 127 160
157 128 150
121 131 131
103 131 130
174 129 140
131 124 131
166 130 109
175 130 155
100 131 124
26 127 122
24 125 133
83 131 125
134 130 124
168 124 119
165 130 121
71 131 126
195 126 150
190 124 98
171 124 103
145 133 145
146 130 118
156 124 109
68 129 131
163 130 131
27 127 126
170 130 110
26 127 135
150 124 114
138 125 115
111 131 128
90 131 128
154 123 143
193 130 148
145 123 122
75 131 127
12 123 118
110 128 123
27 127 133
182 130 99
159 130 104
109 130 132
50 129 124
193 124 102
165 124 124
129 128 136
44 128 126
14 122 133
105 129 123
28 127 130
153 124 107
22 127 131
125 126 134
169 130 101
37 128 125
147 133 141
158 132 141
117 131 132
106 127 128
30 130 127
193 126 148
188 127 153
141 130 136
158 124 114
146 124 137
172 129 137
46 131 123
155 130 108
131 133 150
56 127 127
39 131 129
148 123 132
156 130 138
174 130 102
180 130 100
157 132 131
23 128 134
172 124 123
49 131 129
62 131 125
82 131 129
141 130 129
72 131 128
184 124 160
187 124 153
21 127 122
18 124 137
156 124 139
176 130 104
142 130 115
145 130 113
167 124 122
177 126 145
151 123 131
168 124 110
117 128 133
102 131 128
147 124 117
159 133 144
181 126 159
162 130 144
92 130 122
172 124 127
135 124 130
8 124 133
154 124 117
138 130 121
148 123 125
142 124 115
166 124 140
165 130 135
124 124 131
164 124 107
170 124 152
139 124 129
98 128 124
