149 133 76
128 130 255
123 133 165
96 121 109
149 121 124
133 133 210
109 132 73
127 133 102
117 121 134
163 123 99
117 132 231
138 133 144
130 121 68
132 131 186
139 131 235
111 121 92
142 120 93
107 133 149
110 133 118
94 133 92
147 133 108
130 121 118
127 133 83
126 121 151
152 121 143
159 121 82
115 120 109
106 133 102
139 133 127
99 121 80
152 133 93
105 132 133
126 120 93
122 133 141
133 120 133
117 120 78
158 124 113
152 133 135
124 131 198
118 129 245
130 130 225
142 120 78
124 133 122
104 120 142
107 120 124
123 133 69
140 121 107
108 133 86
112 121 153
140 133 87
136 133 73
133 132 173
139 129 249
134 133 113
134 132 156
95 120 96
151 133 120
119 133 93
151 121 100
130 121 81
119 133 153
100 132 113
159 133 105
129 131 241
137 121 145
161 133 84
119 121 122
139 133 99
123 133 179
116 133 131
120 133 112
129 120 105
106 121 103
144 121 134
98 133 81
124 131 216
107 121 73
163 133 95
94 132 102
152 121 75
105 121 114
139 120 123
116 133 81
152 120 90
125 120 141
148 120 113
129 133 93
140 131 226
112 133 141
116 121 144
143 126 71
124 133 189
108 120 83
130 130 148
119 120 99
121 123 69
146 128 142
115 133 101
133 132 195
130 130 138
142 133 136
102 121 90
106 121 133
163 120 91
125 130 233
125 120 130
158 133 113
119 121 88
103 133 94
134 120 98
142 133 119
103 130 141
122 121 114
124 133 207
95 125 88
149 130 128
152 124 135
104 127 119
126 128 155
150 133 84
132 133 121
134 120 89
122 133 224
133 133 164
103 128 76
140 121 115
111 133 110
156 128 78
107 131 126
131 128 248
113 121 117
125 121 75
157 121 106
152 133 101
112 128 153
134 133 80
135 121 74
133 133 218
145 121 85
130 129 69
111 133 94
126 131 172
133 133 232
144 133 93
121 129 252
119 123 155
153 125 119
106 124 148
134 133 105
94 124 102
113 125 71
127 133 116
144 121 142
142 133 78
130 131 203
136 129 242
132 120 126
128 133 76
132 124 152
144 120 101
152 133 142
99 125 114
152 120 83
102 121 97
123 131 148
98 128 107
162 126 105
122 132 239
133 121 111
116 133 122
113 121 128
124 131 246
115 132 70
136 126 69
111 120 139
109 133 79
135 133 135
122 121 107
124 120 83
161 126 86
93 128 96
133 133 179
113 133 148
128 133 109
112 120 100
141 133 112
130 120 146
144 133 71
139 120 138
101 133 87
145 133 101
114 133 87
150 120 107
158 120 98
153 133 109
163 126 93
145 120 72
126 121 123
126 133 159
140 126 143
120 133 75
157 133 98
145 133 125
149 127 73
139 120 84
105 133 109
107 127 131
163 130 100
99 121 103
147 133 115
134 129 254
145 120 119
141 134 106
128 121 99
111 133 135
121 133 105
150 120 131
158 133 90
136 133 93
127 131 184
122 133 98
109 121 109
122 120 147
100 133 100
132 133 99
129 134 152
104 133 118
110 121 146
129 133 191
133 121 140
128 121 87
122 133 86
141 120 129
135 127 146
132 133 87
135 134 226
128 134 142
153 127 143
97 127 82
156 133 81
104 125 136
117 133 137
144 133 83
144 133 141
118 120 94
113 120 86
123 121 136
135 121 104
121 133 117
140 120 70
154 121 114
116 120 72
95 132 86
149 121 139
111 120 78
127 121 111
134 132 237
126 133 220
103 133 78
112 133 128
148 121 96
102 121 109
115 133 115
148 121 78
119 129 235
134 133 148
96 120 90
107 133 139
105 120 79
160 129 111
130 134 169
120 133 127
117 130 226
158 120 93
121 130 229
129 131 213
135 120 80
124 133 91
128 131 178
151 128 133
111 120 133
103 129 114
97 133 96
162 121 104
122 133 80
116 121 151
119 120 139
145 133 131
126 125 68
117 128 155
138 132 230
103 122 119
103 120 84
152 133 114
139 121 99
156 128 116
125 131 138
124 133 154
119 129 69
107 120 97
120 120 129
107 133 97
147 120 91
101 133 105
135 120 118
156 120 78
113 121 123
157 120 87
119 133 146
107 133 114
107 125 125
143 120 112
148 133 90
133 130 143
108 120 118
129 131 162
150 126 123
137 133 119
127 133 97
114 133 76
131 129 153
130 129 235
115 134 106
159 128 82
125 121 69
126 133 229
132 133 69
161 123 109
124 123 155
121 133 134
108 121 151
94 124 92
153 129 138
111 133 152
128 133 196
133 132 246
132 121 94
151 120 120
96 121 85
130 121 74
155 133 86
118 121 116
133 134 140
117 131 240
125 121 118
108 121 88
116 120 103
136 120 129
127 133 71
147 133 137
105 128 146
149 125 129
111 133 100
111 121 71
106 126 74
124 129 242
123 121 97
139 133 139
104 133 83
139 133 132
149 133 96
133 133 200
109 133 144
97 128 101
149 124 143
123 133 194
162 121 96
149 133 131
126 133 202
146 121 106
127 133 87
100 120 113
144 121 123
111 133 123
121 120 75
140 131 70
127 131 250
93 133 98
108 121 129
108 128 151
113 120 113
153 133 76
117 121 82
129 122 154
137 133 109
106 120 92
129 120 138
124 133 110
127 120 134
162 130 89
161 133 109
96 132 106
149 133 124
97 125 110
134 131 222
130 133 175
104 124 144
139 130 245
117 130 249
129 133 207
102 123 77
114 124 154
126 130 142
126 134 149
148 133 81
111 133 83
100 120 93
115 133 96
105 133 90
157 121 111
113 121 96
127 129 237
124 131 211
104 130 136
124 133 74
96 120 100
112 120 105
134 130 228
138 120 95
121 121 79
136 122 69
105 120 137
105 121 146
100 130 79
94 129 91
122 121 125
127 131 167
148 133 143
125 130 223
110 124 152
104 133 145
139 130 240
130 133 183
161 121 87
123 131 157
154 132 118
129 129 244
122 132 234
98 133 91
153 125 75
134 128 150
135 130 233
143 121 97
145 121 128
133 121 122
163 132 104
148 133 104
140 121 134
123 120 103
122 121 93
144 133 88
106 131 122
138 133 77
126 120 145
130 130 229
134 131 161
153 121 139
131 125 68
158 125 80
152 129 120
121 127 155
130 133 146
135 128 247
138 133 83
150 121 86
146 133 121
97 130 110
130 120 150
133 133 117
129 121 129
129 120 142
142 133 97
141 120 87
124 121 87
140 121 75
110 133 104
108 133 130
94 127 105
112 129 71
128 133 121
128 132 232
152 121 96
138 133 103
121 120 151
115 133 111
124 134 106
93 124 97
135 133 125
115 132 154
133 133 205
125 133 175
126 131 191
147 130 72
121 131 243
132 129 240
107 133 76
127 133 187
132 131 191
121 129 247
133 120 84
155 133 104
131 133 78
123 133 114
128 120 78
134 123 148
145 121 81
124 134 184
119 121 112
119 133 89
117 120 126
114 133 91
101 131 110
123 133 168
129 131 194
127 133 216
131 134 102
142 130 143
128 133 138
148 123 72
116 133 142
113 120 149
115 133 127
138 120 91
139 121 111
141 120 120
95 120 105
155 121 102
113 120 81
114 120 90
114 133 119
100 126 79
138 133 115
130 128 253
118 133 84
117 133 149
132 133 109
130 131 198
123 130 152
161 133 100
100 129 115
124 129 69
123 130 144
144 125 142
148 121 134
132 131 251
135 130 69
133 131 215
156 124 116
125 128 249
163 127 97
95 124 106
122 121 142
151 121 111
109 120 114
123 133 95
131 133 84
133 132 241
156 133 94
141 133 122
130 134 158
141 133 74
132 131 168
97 131 99
151 133 80
117 125 70
151 130 74
130 131 171
143 133 128
129 133 113
110 133 90
128 121 115
123 121 121
127 133 210
161 120 100
147 120 103
150 133 139
130 120 91
108 120 143
99 121 87
104 133 99
107 133 93
132 133 151
150 133 111
153 125 139
124 128 254
101 121 100
129 133 222
124 131 186
147 121 143
126 131 205
103 123 140
128 134 164
103 133 114
140 126 70
129 134 106
163 133 91
119 133 69
121 133 151
118 121 147
123 120 72
135 120 114
114 120 75
148 121 110
114 120 132
143 120 104
144 133 75
147 133 86
152 133 97
120 133 123
139 121 142
144 120 75
120 121 118
127 130 150
126 121 108
135 120 136
133 120 77
154 121 108
140 133 91
151 133 89
159 133 94
133 133 95
139 120 103
145 121 115
139 121 80
123 133 145
128 133 79
111 133 114
138 129 144
94 127 101
105 130 74
123 131 161
122 133 230
136 133 90
101 125 117
136 130 250
106 121 106
104 121 75
98 131 103
144 121 138
95 129 86
104 133 140
127 133 226
131 133 227
110 126 72
111 133 75
160 124 83
106 124 133
154 122 118
134 131 138
129 134 200
100 127 112
142 123 70
128 131 218
148 120 74
122 131 250
127 133 180
115 128 70
115 121 154
134 133 145
125 121 79
129 120 95
146 133 112
114 121 141
143 133 115
133 133 92
127 120 84
125 133 77
133 121 108
113 133 132
130 133 72
114 120 136
124 131 219
129 126 154
162 130 107
110 121 125
137 125 144
107 130 130
106 129 133
143 133 109
148 133 128
152 120 136
157 121 115
132 129 243
128 131 246
157 133 109
135 134 102
161 129 85
121 130 232
163 130 94
123 129 235
163 123 95
105 121 121
130 133 187
106 125 121
143 133 104
97 130 83
131 131 180
125 134 99
137 132 224
127 131 175
129 131 189
135 130 147
121 129 240
103 130 117
120 120 84
135 120 124
124 131 202
138 133 70
130 121 123
140 133 81
130 121 109
100 120 107
146 120 132
147 120 99
113 133 73
133 121 72
123 120 132
131 120 100
118 133 119
142 121 125
108 120 135
112 121 143
148 121 83
126 133 112
133 120 116
136 129 237
119 133 96
107 124 129
97 123 82
149 120 128
106 120 111
109 120 102
114 133 151
113 133 138
148 133 73
110 133 149
120 121 71
112 133 97
136 121 85
119 133 78
98 120 97
112 133 145
159 120 90
132 120 136
124 120 100
131 134 154
133 121 145
126 131 195
108 133 82
104 127 139
112 133 78
125 120 148
133 133 170
116 121 121
131 134 161
123 133 227
151 124 121
125 133 119
125 132 236
95 129 108
157 133 101
99 121 83
150 128 143
123 131 175
150 128 124
131 131 221
122 121 155
94 120 93
124 134 102
153 124 143
126 132 239
128 123 68
122 133 138
160 126 109
127 133 171
163 128 103
121 132 155
118 133 73
156 131 78
107 133 117
132 133 223
142 121 73
119 132 226
93 132 95
123 130 140
150 133 117
159 132 82
104 125 75
151 120 78
109 121 105
108 121 77
105 120 100
108 133 108
108 133 123
144 133 80
138 133 96
149 121 116
125 120 114
148 121 119
118 133 134
105 133 87
116 121 100
146 127 72
119 133 130
126 121 103
107 127 128
111 133 86
145 133 118
110 133 138
118 133 115
110 121 96
107 133 136
116 120 87
133 132 176
138 133 122
125 120 127
137 121 108
120 120 103
103 121 103
124 133 83
130 130 143
130 131 156
155 123 78
99 133 109
141 123 143
94 120 99
102 120 78
142 133 101
151 125 132
126 121 154
123 130 226
163 125 102
119 121 109
111 121 75
126 121 138
116 121 113
131 120 87
124 120 90
130 133 214
128 132 236
126 128 245
112 121 109
122 121 139
101 133 83
144 120 91
121 133 102
126 131 208
127 131 198
158 128 113
119 121 144
138 134 106
153 131 141
163 125 90
106 127 149
133 133 192
148 133 134
118 132 235
118 133 107
115 123 70
94 121 102
130 134 195
94 123 89
130 134 219
123 126 69
127 131 68
98 133 87
131 130 254
147 121 122
104 121 94
153 121 85
113 120 146
129 121 132
130 133 178
133 121 130
134 133 76
138 121 131
111 121 84
151 120 93
110 121 120
146 121 93
104 133 104
159 121 103
116 120 129
143 121 108
106 121 86
128 134 155
130 133 117
128 120 148
121 133 83
129 131 159
126 134 141
154 121 93
103 133 111
141 133 94
109 133 127
130 131 185
119 120 153
145 131 142
98 122 112
151 133 107
125 131 178
132 130 232
119 130 224
124 133 222
128 128 251
124 123 69
123 128 245
132 128 251
109 131 152
100 133 79
130 132 69
154 128 118
134 132 234
147 133 140
123 131 182
159 121 111
104 133 75
151 122 133
137 132 240
99 130 106
143 130 71
124 131 166
121 133 72
132 133 185
104 122 135
96 125 85
131 131 211
121 133 91
122 133 77
124 133 88
136 133 228
136 121 100
142 120 136
96 133 89
161 133 97
122 133 121
137 120 140
138 121 87
123 121 77
153 120 80
108 121 94
131 131 243
131 132 238
147 120 125
113 133 103
124 133 204
153 129 76
108 123 150
108 129 73
107 128 124
127 129 240
124 134 217
121 131 236
133 130 225
136 130 245
126 131 188
106 131 116
157 120 83
137 124 69
126 133 194
93 130 99
162 124 88
101 120 117
162 133 87
134 131 154
124 133 197
150 130 130
133 127 69
151 132 133
129 133 149
118 121 70
152 126 136
127 130 229
128 133 184
109 120 80
159 120 96
120 120 135
135 133 84
124 133 213
103 120 113
144 121 131
142 120 81
102 133 96
111 133 107
131 131 175
128 121 125
153 133 83
128 131 210
137 121 121
128 133 90
126 133 190
106 121 81
150 121 104
97 121 92
145 133 135
105 131 147
134 131 248
141 133 83
130 134 165
126 126 155
143 127 142
105 121 89
153 121 98
154 133 91
114 133 84
142 120 114
139 133 110
142 121 122
109 120 140
140 133 118
116 121 97
127 121 73
133 133 73
104 121 116
107 133 111
125 121 110
141 120 96
128 133 205
120 133 140
130 133 96
109 133 141
115 121 148
115 133 135
103 127 116
