88 100 162
135 159 4
189 160 116
149 161 241
73 167 86
135 89 74
174 100 179
83 167 200
123 101 224
73 101 94
175 144 53
170 167 178
90 126 37
182 98 116
66 153 144
130 89 130
140 110 26
128 186 195
102 147 240
85 121 205
131 88 179
149 132 204
178 104 73
185 136 152
91 168 45
97 91 60
67 114 131
87 131 76
171 134 94
153 168 35
87 138 172
176 168 81
80 142 111
108 91 101
101 151 14
162 97 146
98 91 194
178 134 186
135 129 239
170 158 214
156 99 207
111 169 217
152 93 101
157 96 50
134 141 33
124 88 44
116 131 214
96 94 131
183 167 148
79 168 168
187 129 120
114 123 19
75 168 120
163 124 37
116 89 155
146 172 210
79 144 54
86 147 218
121 167 242
69 127 156
160 122 63
113 113 43
157 138 229
77 108 68
121 162 26
185 110 153
168 168 56
105 146 41
157 145 22
74 116 178
131 151 220
96 147 195
169 123 166
70 129 93
174 148 131
140 90 153
169 118 202
158 153 194
150 116 225
101 111 220
80 136 134
171 110 98
131 89 203
80 118 111
154 93 125
73 152 185
89 164 68
180 127 74
152 94 173
170 158 102
94 98 82
174 112 133
153 142 47
74 96 118
132 150 251
134 132 12
157 97 79
183 149 170
131 88 107
113 127 235
69 103 151
113 90 76
167 147 76
96 115 60
109 92 176
146 114 46
72 147 78
88 153 31
93 104 43
169 137 211
70 147 164
133 116 213
96 111 190
83 160 103
169 155 37
186 144 104
120 105 26
178 156 196
112 91 209
108 149 211
139 168 20
83 98 183
77 135 194
96 130 224
171 91 93
90 98 105
172 149 153
83 159 152
67 147 125
162 124 184
177 167 130
118 131 36
97 134 54
186 122 103
92 163 225
84 117 89
166 145 177
80 91 142
170 107 56
174 91 133
102 167 23
67 129 118
127 176 210
161 92 190
78 126 59
117 139 9
181 156 67
66 155 107
174 94 160
117 163 7
83 142 93
183 147 85
135 167 230
84 119 163
148 154 209
158 166 225
103 129 202
82 158 134
148 126 22
140 96 37
140 91 56
114 89 120
124 88 90
118 141 246
186 162 94
95 152 55
151 115 200
90 162 185
83 138 155
172 121 149
139 98 217
101 134 22
100 93 147
115 114 210
77 162 54
110 97 50
130 117 38
90 104 206
165 98 112
167 119 82
93 127 187
189 156 136
187 122 138
79 151 202
159 154 58
123 89 61
105 165 237
161 167 203
150 156 11
174 130 131
177 116 183
80 116 141
135 113 231
145 144 243
173 166 162
172 126 53
183 131 169
99 162 204
132 134 216
114 90 138
174 114 116
100 114 31
117 90 193
72 104 167
145 93 194
88 147 71
183 114 88
186 102 137
143 155 35
80 104 131
74 121 77
144 91 88
163 93 65
174 140 118
106 163 38
155 105 37
187 138 136
182 110 169
165 163 71
68 109 109
145 91 138
70 165 156
118 146 32
87 155 170
71 168 138
172 155 118
129 118 19
169 104 196
115 113 229
161 139 62
127 183 180
74 164 71
159 136 192
107 101 34
67 126 141
82 155 118
167 138 39
80 119 126
89 110 176
159 161 23
85 117 50
159 153 233
184 102 101
165 111 176
80 113 193
69 149 93
107 126 45
101 93 115
85 159 86
128 89 163
71 134 172
128 88 145
173 127 109
86 142 40
146 130 42
160 112 214
170 138 163
117 155 250
173 138 144
145 142 12
171 108 157
183 132 88
123 163 224
82 130 101
148 94 68
89 113 76
156 107 59
186 151 153
175 158 49
101 93 162
122 102 39
80 97 81
187 145 119
142 90 118
187 115 126
180 143 72
168 158 85
158 109 189
85 161 213
180 168 105
160 127 221
182 162 177
98 97 182
107 180 210
160 97 162
105 111 202
136 164 246
167 102 86
68 137 107
71 167 100
157 165 48
88 99 119
166 133 77
168 154 167
171 158 142
68 139 149
82 108 101
87 100 56
169 168 192
187 112 112
76 166 185
175 144 201
128 147 4
180 149 183
68 123 105
143 105 207
87 94 69
178 96 145
88 123 175
140 160 218
87 91 172
164 110 73
83 110 153
73 108 82
166 91 176
87 133 215
143 142 212
146 127 233
185 161 163
141 90 167
80 91 129
83 93 94
72 134 79
95 143 229
82 158 41
184 121 160
125 168 15
154 131 52
90 145 183
70 116 162
165 149 223
171 101 123
105 92 89
102 95 72
65 160 120
80 93 155
171 148 93
174 91 105
89 99 147
124 92 214
92 139 30
92 127 64
69 114 97
80 133 122
101 96 206
181 101 87
176 121 64
82 126 152
121 142 218
154 117 32
144 91 206
168 93 78
75 147 66
132 129 35
69 101 135
174 131 198
173 142 104
93 119 216
164 110 43
67 132 130
177 134 63
79 93 106
103 106 52
152 93 153
131 139 245
111 91 63
114 168 230
76 125 188
172 166 93
109 102 220
151 103 217
106 163 12
153 143 202
163 97 131
68 114 145
111 113 25
176 167 69
152 154 44
163 98 100
135 83 189
116 155 218
65 159 133
94 104 65
88 100 194
144 91 181
93 164 56
106 120 229
104 136 236
168 166 42
156 133 26
93 166 30
117 89 167
127 89 118
135 89 96
140 126 211
185 160 81
68 166 111
92 140 63
167 132 173
171 121 95
123 131 241
81 140 205
156 125 195
130 100 29
177 168 116
80 148 140
145 143 38
163 160 187
95 96 94
85 104 89
103 141 205
134 155 30
135 107 40
95 158 194
80 107 116
123 105 213
185 125 149
164 152 27
67 111 120
85 129 47
185 133 100
77 168 148
147 169 222
155 94 90
117 89 109
142 107 224
94 168 215
172 103 138
84 130 164
167 126 209
67 142 138
188 156 106
120 89 182
123 121 236
146 100 49
69 158 166
114 94 39
158 168 214
103 123 24
174 91 118
69 156 83
124 88 74
96 157 233
107 93 186
119 152 3
153 102 197
154 93 114
102 119 51
125 123 215
114 157 33
85 147 83
169 140 85
108 96 198
95 155 21
81 148 103
173 105 109
173 111 145
179 163 187
100 119 197
76 135 65
71 148 175
143 153 247
115 168 16
187 136 111
123 127 15
108 120 206
80 165 112
184 141 163
182 102 162
163 101 174
140 89 129
79 116 61
93 114 39
129 89 53
76 106 180
142 164 10
83 127 90
80 128 112
105 92 125
109 135 15
79 96 167
178 162 59
81 134 145
126 160 249
97 134 194
76 145 192
71 161 177
104 92 136
124 83 189
105 168 226
80 145 130
185 166 136
170 148 213
134 105 212
83 168 60
71 120 87
143 90 105
165 139 220
81 104 143
70 140 89
172 159 131
153 120 53
100 94 51
185 101 126
139 122 19
110 154 7
74 137 182
89 98 137
171 166 203
174 129 119
182 120 170
141 121 41
145 103 31
92 100 172
109 158 245
180 113 78
150 136 236
133 89 63
169 98 187
96 129 29
172 164 151
186 145 145
186 166 125
134 90 44
81 166 158
67 147 112
165 110 205
80 167 93
88 156 75
150 97 59
171 147 43
84 142 164
144 168 234
163 130 68
176 124 190
74 156 63
101 103 197
89 153 224
171 130 157
121 89 100
67 155 156
170 101 150
155 93 137
185 152 94
80 126 137
80 126 198
72 123 171
99 94 105
164 152 67
172 100 66
113 101 208
80 168 79
175 153 204
187 147 130
154 158 203
175 167 141
110 140 211
168 112 166
179 127 179
87 122 81
142 163 31
144 91 44
145 92 78
91 155 65
150 168 26
106 136 43
154 97 185
186 111 144
100 162 45
72 100 105
83 152 93
184 123 93
173 95 170
131 168 238
116 122 39
187 123 112
150 164 212
117 90 51
166 122 175
128 167 217
174 123 138
172 118 104
67 122 125
138 146 7
174 122 126
76 158 196
74 98 145
144 115 207
159 100 71
113 90 93
163 98 56
150 137 18
80 135 54
111 148 246
84 110 164
134 89 83
120 89 129
174 110 190
187 132 142
67 158 97
122 84 199
174 148 112
164 120 72
162 98 200
134 103 225
91 92 186
84 152 159
164 165 33
188 155 145
154 92 197
108 171 207
111 167 25
79 153 50
82 147 149
171 118 157
109 159 214
113 103 43
168 124 45
92 137 186
154 145 236
72 154 72
165 155 176
164 159 226
178 151 60
135 93 210
167 102 166
105 96 42
91 118 69
111 90 147
187 137 125
128 164 7
68 166 127
69 138 160
102 142 17
81 162 142
149 92 164
125 94 36
185 114 99
88 91 78
80 147 120
80 100 72
184 102 148
109 144 11
77 167 132
110 91 162
118 115 21
118 89 83
145 117 24
176 111 67
164 139 183
99 107 36
81 107 60
135 90 195
85 107 199
140 136 241
96 107 213
117 99 32
88 107 49
90 139 221
84 138 85
169 111 88
178 148 192
165 103 49
126 179 202
132 160 222
182 138 79
82 151 211
162 96 120
187 111 134
87 147 173
153 124 227
95 96 154
67 163 148
92 119 184
184 130 160
164 141 70
143 118 230
129 147 30
169 114 51
109 130 209
161 163 58
76 122 68
69 101 124
82 121 97
179 102 170
93 104 184
182 125 82
180 167 168
102 98 59
125 135 33
147 124 205
128 108 24
181 136 176
135 144 217
149 98 39
173 164 123
68 121 151
174 97 84
135 89 140
125 88 173
157 91 60
157 118 219
101 94 173
119 91 204
91 166 195
187 130 133
174 137 126
174 140 134
89 155 178
84 167 50
83 167 176
177 97 94
169 129 84
161 103 183
95 99 74
158 145 56
104 93 80
188 153 123
103 165 214
100 153 203
83 101 153
87 162 34
160 163 196
126 135 10
125 145 249
172 138 48
84 101 110
95 95 121
139 152 216
148 97 212
152 177 206
186 103 110
109 90 110
164 100 78
163 133 33
107 97 213
114 134 240
68 102 115
169 163 169
72 166 164
148 123 47
177 140 193
73 101 159
97 123 57
85 101 98
132 120 235
85 168 189
81 104 192
103 168 31
156 155 18
81 154 126
180 168 157
89 113 208
112 90 130
186 161 155
127 89 193
143 134 211
173 147 143
170 147 162
114 140 36
170 102 103
172 141 152
179 97 108
124 89 153
78 100 174
141 101 43
159 95 107
74 125 179
172 92 150
82 155 109
140 130 16
140 90 188
127 155 2
138 144 247
92 154 188
170 148 85
151 107 51
138 90 175
86 99 127
82 132 204
134 164 26
99 153 48
155 135 199
180 168 94
185 151 162
95 145 24
80 112 134
97 94 140
167 100 157
93 167 204
102 103 216
159 117 189
80 168 68
77 112 186
140 90 67
150 161 40
141 134 37
76 94 136
100 144 47
173 135 109
146 99 202
124 115 232
100 98 190
166 155 78
74 138 73
114 107 225
153 165 232
89 130 179
148 110 29
95 96 200
174 149 123
160 111 65
90 134 68
118 122 213
80 110 125
156 115 58
125 115 213
179 118 71
173 165 104
104 154 42
135 89 123
115 146 215
85 91 85
174 110 123
87 106 81
101 156 240
181 97 131
187 119 119
101 132 230
157 124 31
76 114 73
132 88 156
67 107 141
82 116 149
90 105 72
148 164 14
115 163 221
105 92 155
180 99 155
83 138 47
111 149 35
72 111 170
83 100 63
181 167 87
169 157 95
97 126 194
174 165 52
161 147 189
83 149 42
182 152 74
107 129 20
167 140 171
179 111 178
185 158 170
108 142 241
154 154 239
118 89 68
124 167 230
184 108 93
187 164 107
181 165 75
94 95 112
156 153 50
148 146 208
80 115 119
148 92 131
67 137 125
177 168 177
67 119 137
78 165 192
75 104 76
123 88 140
164 131 181
128 99 212
67 141 118
65 154 114
76 164 62
134 158 250
68 142 101
90 97 180
147 91 148
186 129 107
102 93 96
159 96 153
84 91 164
83 115 200
121 108 228
163 166 220
113 120 232
164 92 183
71 112 89
77 168 105
128 187 187
176 127 60
81 137 104
136 115 21
165 168 209
82 116 103
155 138 52
69 135 98
185 154 86
155 94 145
185 118 153
139 111 210
164 149 183
176 164 194
100 159 15
81 123 145
160 130 189
83 135 92
124 136 217
131 125 15
172 133 102
170 167 74
86 165 75
115 98 218
108 107 29
122 150 219
180 104 80
89 125 213
169 91 165
136 114 41
125 108 39
69 111 152
80 157 208
136 89 114
157 167 28
173 168 185
134 99 40
121 144 6
183 142 173
70 164 80
87 130 171
150 135 45
89 125 72
80 100 120
135 167 11
176 106 184
93 151 231
139 91 201
97 122 221
155 151 200
86 154 218
160 147 230
67 130 110
77 152 57
145 107 46
172 136 204
165 168 49
166 130 40
129 89 211
127 89 81
165 132 217
163 116 181
119 116 40
87 132 41
160 103 43
104 94 65
71 128 86
160 117 37
187 149 110
111 166 240
158 100 64
165 165 64
187 148 138
150 107 201
154 131 229
161 98 85
110 91 83
172 144 207
67 133 145
161 96 138
75 96 127
79 96 88
174 117 193
172 119 55
97 162 22
174 104 131
171 156 150
79 92 113
148 92 93
172 129 149
81 96 147
68 161 91
107 174 214
68 117 109
135 140 8
66 153 129
177 96 101
142 90 98
150 97 192
144 93 62
146 91 123
82 153 145
173 94 139
158 129 58
179 136 70
172 126 100
166 118 208
91 147 64
166 112 80
81 110 108
179 96 125
119 89 148
171 159 109
153 150 15
173 123 196
179 141 185
134 89 170
153 91 53
110 164 32
122 156 29
70 126 163
85 149 166
189 160 130
142 165 241
95 119 190
82 122 54
137 89 147
88 146 34
70 140 168
161 97 93
80 125 118
168 102 93
