119 126 159
230 126 204
89 131 58
65 123 119
141 124 97
182 130 163
107 123 119
152 131 136
61 132 83
194 131 198
109 123 84
86 131 100
156 124 162
100 132 142
132 132 120
209 124 180
85 132 124
85 123 79
131 124 140
110 131 63
118 131 102
180 124 183
55 125 101
210 125 205
166 132 149
149 131 113
116 132 132
194 132 175
143 132 151
74 132 68
124 132 86
101 123 101
71 123 96
219 132 192
168 131 172
98 131 73
79 123 113
112 123 145
142 124 127
97 124 130
129 123 107
96 131 113
60 135 112
155 123 148
95 123 88
169 123 159
118 126 74
194 123 186
129 132 151
71 123 78
117 131 116
78 131 87
99 123 62
204 131 190
123 123 125
131 132 96
220 132 209
109 132 154
73 131 105
73 132 123
144 123 141
138 132 109
84 123 66
114 123 95
112 123 108
135 131 132
106 123 71
186 132 188
108 123 134
65 123 107
176 123 170
189 124 169
60 124 91
226 123 193
89 123 108
64 131 99
122 132 142
212 123 193
106 131 96
202 123 198
84 123 91
125 123 95
92 123 119
149 123 105
89 131 84
103 131 124
110 131 77
182 132 174
78 124 126
162 132 163
101 131 85
80 123 102
141 123 114
95 131 95
129 124 158
122 123 147
87 131 72
154 131 154
220 123 203
120 123 137
119 123 85
147 123 155
136 132 144
146 132 101
84 131 111
204 132 202
110 131 140
157 132 144
100 132 58
68 131 90
107 131 105
99 123 79
68 132 76
122 123 114
203 131 180
213 132 184
228 132 197
172 132 156
69 131 114
118 132 151
102 123 146
95 131 104
88 123 129
144 132 130
163 123 168
94 132 128
126 131 128
114 123 125
163 123 151
56 127 110
99 123 110
128 132 111
115 131 89
189 124 195
131 123 131
198 123 178
104 132 134
216 131 201
57 132 92
79 131 78
135 123 120
92 123 69
121 123 103
103 123 92
107 131 114
72 123 69
62 124 81
82 132 64
73 123 86
133 123 98
89 123 99
142 131 138
187 123 178
195 131 184
137 123 106
155 124 139
77 131 97
175 130 178
148 131 144
128 132 137
91 123 61
141 124 149
202 123 186
80 131 118
117 132 81
93 131 66
108 124 152
139 132 96
188 132 169
210 131 196
114 123 67
101 131 65
98 125 138
138 123 136
58 134 104
85 131 92
177 125 159
71 123 112
115 132 69
138 131 123
125 132 159
107 124 61
114 131 109
149 124 133
85 123 121
99 123 122
71 124 123
187 132 180
65 132 120
62 123 99
187 124 188
90 131 118
112 131 126
107 129 147
71 131 82
223 124 210
72 123 105
109 123 101
155 131 161
161 126 144
124 132 94
131 126 114
170 124 174
133 132 104
129 124 150
81 123 85
162 131 154
115 123 153
219 123 195
65 131 107
124 131 118
225 132 204
149 123 113
113 123 78
106 123 111
106 123 126
89 123 85
180 132 183
177 132 169
114 131 96
96 123 97
162 123 159
97 132 136
79 123 73
78 126 65
196 123 193
113 123 116
194 131 191
142 131 115
170 126 152
154 123 155
213 125 186
115 132 158
60 129 116
92 123 77
214 123 199
125 131 102
95 126 57
216 127 208
97 131 120
121 131 108
150 130 107
77 131 112
182 125 167
175 132 162
125 126 134
170 123 166
148 130 155
77 123 119
102 123 86
210 132 205
126 126 89
108 131 70
200 132 196
147 123 148
104 123 139
115 131 145
127 123 119
79 131 127
66 123 87
97 131 80
114 123 138
106 123 78
137 126 142
84 126 61
78 123 94
70 131 97
80 131 104
56 132 98
86 123 114
90 123 93
95 131 87
181 123 176
188 131 194
119 123 131
213 129 191
122 123 154
90 131 78
189 128 174
126 130 146
130 123 125
113 123 89
205 123 192
175 124 178
130 127 93
62 123 113
143 126 103
122 131 136
222 131 198
150 123 143
56 127 95
74 131 74
68 126 74
121 125 79
82 131 83
86 123 72
116 132 139
105 130 60
121 131 125
59 123 106
134 132 113
104 131 79
98 123 116
195 125 198
225 129 192
90 131 107
110 132 133
59 128 88
152 131 148
118 132 75
98 123 68
93 123 103
226 123 199
207 125 200
67 128 81
144 132 107
136 124 126
92 123 114
67 123 101
152 127 159
82 123 108
116 123 100
90 131 95
89 129 129
117 123 110
93 123 126
142 129 146
138 128 114
103 123 131
136 127 95
130 129 156
166 128 166
195 126 175
144 127 133
173 132 173
79 131 72
140 129 129
83 126 127
120 123 120
88 131 64
208 130 180
122 125 142
143 123 109
111 131 101
160 131 149
74 131 91
135 131 139
63 131 91
184 127 182
109 125 66
94 131 59
199 127 182
178 123 164
146 127 115
114 131 121
203 123 180
200 128 201
77 129 122
69 129 122
120 131 156
90 131 113
95 123 82
82 123 98
153 132 141
181 128 179
106 131 90
108 123 94
112 126 156
182 132 168
123 127 84
208 123 188
55 129 104
103 128 142
131 131 128
98 130 131
124 126 160
167 131 154
117 123 146
120 131 97
89 131 90
192 127 190
199 131 189
160 128 165
64 132 113
124 123 108
217 123 191
68 123 83
113 127 71
74 131 118
128 131 123
79 131 92
230 127 198
67 128 117
100 123 74
91 131 124
209 128 185
101 131 96
103 131 71
215 132 207
101 126 58
109 131 119
164 132 169
144 123 136
158 128 141
128 128 117
118 123 90
135 124 110
165 127 148
77 123 89
126 123 101
190 132 185
148 123 138
59 130 108
75 123 82
120 123 96
192 123 180
186 128 167
83 131 69
111 128 151
65 123 92
127 123 129
165 123 163
132 123 104
198 129 178
69 131 104
67 131 84
171 127 171
218 129 196
173 128 159
70 123 118
93 126 131
146 128 150
105 126 149
147 127 109
126 128 151
226 128 208
225 124 205
59 124 86
92 131 100
173 123 155
66 125 77
134 129 123
143 129 98
107 123 143
107 123 89
147 131 135
131 128 136
214 127 203
73 127 73
166 123 156
69 132 118
140 131 133
93 131 73
137 123 146
141 132 103
184 123 171
84 131 105
138 123 130
86 131 115
117 128 155
139 123 101
110 123 121
85 123 105
98 131 62
133 132 109
80 123 80
75 123 77
102 123 135
121 131 147
127 123 137
58 129 100
152 126 136
220 131 204
101 130 138
166 123 171
89 123 66
230 130 202
131 126 120
85 130 60
158 128 160
121 129 80
205 131 196
208 130 201
105 123 107
204 128 183
158 123 153
105 131 101
148 132 151
208 123 196
64 132 79
94 123 109
110 123 112
114 123 82
89 126 58
119 132 85
190 132 177
187 123 183
63 129 86
108 131 129
127 123 114
102 123 116
186 132 173
110 123 71
70 130 71
96 131 109
112 131 91
152 127 154
98 131 126
225 127 196
82 128 65
122 132 90
194 128 194
123 132 132
132 129 142
78 131 67
90 123 81
162 130 144
74 123 116
76 123 107
104 123 97
200 123 190
119 123 126
103 132 146
100 123 106
112 131 148
113 131 154
127 125 147
207 132 184
128 132 106
119 128 140
94 123 65
153 127 141
160 123 148
87 127 126
105 132 150
106 131 74
117 123 141
173 123 163
168 131 164
86 131 79
148 131 140
119 123 150
221 126 192
79 124 68
172 127 176
198 127 196
96 127 134
119 131 121
101 131 118
178 129 160
82 131 96
82 131 122
204 124 202
115 123 121
215 123 204
199 132 182
214 131 196
57 131 112
138 132 127
145 127 129
126 123 153
143 128 112
138 128 99
148 127 136
138 132 113
101 123 127
97 131 69
88 123 117
129 124 96
178 132 175
108 123 147
75 123 98
81 123 116
85 123 83
124 128 138
106 132 66
75 126 125
207 128 204
128 132 92
59 123 96
125 132 154
195 132 179
189 123 174
135 132 99
99 123 91
100 123 96
129 132 100
148 127 103
137 124 114
187 128 189
113 123 129
114 132 74
220 126 206
87 124 62
194 128 179
123 128 147
115 123 149
129 132 115
117 123 116
135 131 94
182 124 163
113 131 115
75 131 82
115 123 74
93 127 60
116 131 125
211 132 188
156 124 143
141 126 145
135 128 110
198 124 200
144 131 142
117 123 106
110 123 138
152 123 151
112 128 65
105 127 63
90 123 74
139 131 141
102 123 64
177 127 176
171 132 169
74 123 92
151 132 158
69 128 77
132 123 117
116 124 158
123 131 112
59 132 96
100 125 142
132 131 135
119 127 82
159 124 165
144 123 105
82 131 75
82 123 76
112 123 103
136 128 145
145 124 100
122 127 88
186 123 167
167 124 150
60 128 94
58 127 104
191 132 172
83 131 128
159 132 160
143 126 152
143 124 131
215 127 193
184 130 185
151 124 109
124 123 86
142 132 111
188 128 185
105 131 83
164 124 147
229 130 206
82 131 115
82 124 124
76 126 70
217 129 191
192 126 172
110 132 144
94 131 119
225 131 200
80 131 109
61 131 102
150 123 157
99 128 61
174 124 173
219 123 209
58 124 113
75 128 67
204 129 198
72 131 79
169 128 156
119 131 128
140 132 149
162 127 149
89 129 61
139 123 110
227 127 201
177 127 163
91 123 89
134 124 143
116 131 99
221 128 209
111 132 67
107 128 152
184 123 181
69 123 89
82 123 71
147 131 110
57 123 92
130 128 111
62 123 104
125 132 149
140 126 125
67 123 116
60 132 88
62 132 117
67 131 96
192 132 181
86 131 121
127 127 155
190 132 191
186 132 166
111 131 81
101 131 77
156 131 140
111 131 106
116 126 77
102 128 145
182 132 178
61 124 117
123 123 134
174 123 167
133 129 119
90 131 69
95 132 132
133 124 94
116 131 93
126 132 89
223 123 196
96 123 105
98 123 85
226 127 204
68 123 109
151 123 147
197 123 184
135 123 139
86 123 96
111 123 92
94 123 122
130 123 101
117 129 72
177 126 180
130 128 152
110 123 75
63 128 81
82 131 89
125 123 157
73 131 113
109 131 124
80 124 63
85 128 63
109 127 63
93 131 81
158 123 159
122 123 82
139 127 148
229 124 198
63 128 118
72 128 123
127 128 159
80 127 127
64 126 84
155 131 158
76 132 125
200 132 201
165 127 170
212 131 201
130 124 111
135 132 121
109 131 97
103 123 120
71 123 100
109 123 130
190 127 196
112 125 152
73 131 88
181 127 183
155 126 157
185 129 170
91 132 61
60 124 109
123 123 129
110 123 126
112 123 134
89 123 103
192 132 194
88 123 123
97 131 91
189 127 169
175 131 157
127 132 96
149 128 133
205 128 180
88 123 69
199 123 196
173 128 155
92 129 127
63 132 110
86 131 96
146 123 111
146 123 145
132 129 97
100 132 134
123 123 92
55 126 107
102 126 62
93 131 92
165 130 151
158 131 155
127 132 133
77 123 85
102 123 70
71 126 120
180 128 166
178 131 179
208 131 192
96 128 129
106 123 68
157 129 163
134 127 139
222 131 194
190 124 187
215 131 188
75 130 71
211 128 188
211 126 183
72 127 69
128 123 93
116 126 70
151 128 111
130 124 154
185 126 186
83 128 124
115 132 78
57 127 91
188 126 192
136 127 122
139 123 140
98 131 104
81 123 121
68 131 81
167 131 168
124 131 106
144 126 148
128 132 119
121 127 156
121 129 160
56 124 97
111 123 98
67 131 110
191 126 176
122 131 116
185 123 175
106 132 144
142 132 128
173 124 159
144 132 148
96 124 60
178 132 165
81 123 89
94 123 72
109 129 66
196 129 198
131 129 115
139 132 100
129 125 135
218 129 205
110 123 79
104 123 82
211 124 202
166 124 167
110 131 110
66 128 76
162 125 163
187 132 184
124 131 99
171 132 153
122 123 118
120 132 133
142 129 150
75 126 121
73 123 74
193 123 191
115 123 113
66 123 113
222 123 200
104 123 75
194 131 187
149 128 152
197 131 193
87 131 86
156 131 149
122 131 151
121 127 137
57 136 106
60 127 85
140 132 144
65 123 97
104 123 103
118 131 109
97 131 117
228 129 195
79 131 81
222 130 206
120 129 144
163 129 168
85 123 100
83 123 111
73 123 110
104 131 128
121 123 110
116 123 135
86 123 88
60 123 101
111 123 64
87 131 68
109 131 150
218 132 196
118 132 143
140 127 111
62 127 88
158 129 145
118 124 81
136 123 98
115 131 150
135 132 106
94 131 123
114 128 68
99 129 140
67 131 116
61 127 112
225 132 196
207 132 204
120 128 76
100 127 136
124 123 138
125 131 138
135 131 126
127 128 91
67 131 100
113 132 136
146 131 113
228 124 207
212 124 189
148 124 151
68 124 121
143 131 135
161 123 156
76 132 122
121 132 93
211 128 205
95 131 77
78 128 68
92 124 130
214 123 207
201 127 180
129 127 139
69 132 122
197 132 199
59 125 98
130 130 139
128 123 104
130 123 121
123 131 83
122 131 129
168 129 151
207 124 204
103 123 79
55 129 101
137 129 127
138 124 123
69 123 72
149 126 156
170 124 156
130 132 155
82 131 99
110 125 150
148 131 103
80 127 123
78 131 106
129 132 158
88 131 103
204 132 183
187 126 172
145 131 138
146 128 106
142 132 99
106 125 146
92 129 57
211 129 182
217 123 199
85 123 117
110 123 117
118 132 154
58 132 101
209 123 192
71 131 107
115 123 91
65 131 104
141 129 126
98 129 57
123 123 99
102 123 112
137 131 137
141 127 114
167 126 154
129 131 130
155 127 143
128 129 134
91 132 129
124 129 157
63 132 87
81 128 62
124 126 93
193 129 173
110 127 154
90 123 126
135 123 130
86 124 59
147 131 132
121 123 159
126 123 132
77 131 101
119 132 159
146 131 153
113 131 142
147 123 141
112 123 142
