24 -5 5
-128 1 1
-52 2 -7
-19 -5 28
-10 1 -26
49 2 -28
-91 3 -7
55 2 27
20 -5 -27
-24 -5 -1
27 1 33
57 -5 -1
-36 -3 -27
-1 3 9
5 -5 -11
38 2 -10
-71 3 2
-108 1 5
42 2 11
10 -4 25
-10 3 -9
21 3 -11
-39 3 4
34 1 -33
42 -5 34
-22 -5 -17
-5 2 25
28 3 17
5 2 -24
-14 -4 13
57 2 -15
57 -5 14
-105 -1 -10
14 3 12
31 -5 -20
9 4 -1
46 -5 -17
33 5 2
44 -5 0
-117 1 -5
38 -5 22
-23 2 -28
-3 -5 -1
-15 4 3
-31 4 -7
-25 2 21
29 -5 -8
-59 4 3
-5 -5 -17
22 -5 23
-78 2 -7
16 -5 -4
0 -5 18
-65 3 -7
50 2 -7
34 -5 9
-97 -1 1
53 2 6
9 -5 6
35 5 27
39 2 -22
15 -5 -17
49 -5 21
-85 3 1
-21 2 -8
20 4 1
41 -5 -29
17 2 29
-13 -5 -2
24 2 -21
-29 2 -20
44 2 27
-41 1 -6
-28 4 3
-48 3 3
-13 3 19
0 3 -7
55 -4 -22
9 2 -15
-16 2 -17
6 3 20
-120 0 4
14 2 -24
20 -5 13
-6 4 0
48 -5 9
54 -5 -10
24 3 9
-17 -5 -27
10 -5 16
50 -5 31
25 2 -31
-10 -5 23
30 -5 26
0 2 -16
30 2 -14
-14 -5 -12
43 -5 -9
-6 -5 7
50 2 16
-4 3 17
27 3 -5
7 -5 -20
19 3 20
36 -5 -2
24 -5 -14
58 2 18
7 -5 -2
37 3 18
30 -5 -28
-19 -4 19
-109 4 -5
38 2 34
50 2 -19
-18 -4 5
-13 2 28
34 -5 34
-26 -5 24
-9 3 8
40 -5 14
13 3 -8
57 -5 22
38 -5 -14
42 2 -3
58 2 -7
8 3 7
-27 -5 -28
31 2 -25
27 -5 15
-6 -5 -8
-12 -5 -20
21 -4 31
-3 -2 -24
33 3 10
41 2 -32
-7 2 -16
12 -5 -26
1 -5 10
-65 0 0
58 -3 6
48 -5 -26
27 3 24
-38 2 -22
45 2 -13
-97 5 -5
-20 -5 -8
13 -5 -10
40 -5 -22
-22 2 27
43 2 20
-32 -5 -21
16 -5 5
24 -5 -2
-71 0 -5
-58 0 -4
-7 -5 16
-104 -1 -2
56 2 0
-123 -1 -4
-32 -1 -1
-23 2 -15
-30 2 -29
30 -5 3
50 -5 -5
15 3 5
-91 0 -1
2 3 0
39 2 3
-78 0 -1
-20 4 -1
13 3 22
-85 0 -5
23 -5 -21
58 2 11
46 2 3
15 -5 19
-18 2 -23
-113 -1 1
45 -5 26
-2 -4 24
35 5 -4
-111 -2 -8
52 -5 3
16 2 -16
-46 4 -3
50 2 32
7 3 -8
-14 2 13
38 -5 29
-26 0 -5
34 -5 16
19 2 -28
50 2 23
-22 1 4
36 -5 -32
-14 4 -3
3 -5 3
20 -5 -10
51 -5 15
-98 -1 -8
44 2 34
31 -5 -13
-121 4 -1
40 -5 6
-53 0 0
37 2 -16
-22 -5 -24
16 -5 27
5 3 13
1 -5 -21
57 -5 -16
-36 4 -2
20 3 14
-42 0 0
27 -5 21
27 3 2
13 -5 10
1 -5 -6
-9 -5 -25
-9 -5 2
-126 1 6
1 1 23
53 1 -24
-19 3 21
18 4 -5
-1 -5 -13
37 2 -28
6 -5 20
-24 2 -22
-102 4 -8
39 2 25
51 2 -13
-6 2 -22
32 3 22
28 -5 9
-11 -5 7
44 2 -26
32 3 32
24 -5 -30
54 -5 8
13 -5 1
46 -1 -30
44 -5 19
48 2 8
32 2 -19
58 -4 -7
54 -5 27
43 2 -18
36 -5 -26
27 -5 32
-102 1 3
-37 -3 -22
-26 -2 -19
-14 -5 19
23 3 29
49 -5 -12
14 3 -2
-33 3 4
0 2 -23
-14 1 8
5 -4 -24
36 -5 -9
-35 2 -27
11 3 17
-5 3 -10
17 -5 -23
-19 -5 -2
-13 -3 28
19 3 9
-11 2 -21
51 2 -1
11 -5 -5
-82 4 -3
8 1 24
-23 -5 4
-11 -5 -8
-61 4 -2
33 -5 22
30 -5 -2
-15 0 -27
53 2 11
-18 -5 -20
41 -5 -4
10 -5 -15
-9 -5 -14
27 -5 -24
-5 4 -5
51 -5 -17
-119 -2 -1
24 3 -15
-57 3 -7
-2 3 3
8 -5 11
-4 -5 12
58 2 5
5 2 -13
-95 -1 -4
-74 4 -3
-8 -5 -3
-26 0 0
-110 -1 -2
-55 4 -2
-53 4 3
38 2 8
21 3 25
-17 3 -11
-24 -3 20
-9 3 16
-8 3 21
30 3 -9
1 3 16
36 -5 4
56 0 -20
-8 -1 27
6 2 -20
-69 4 -2
-10 3 4
-37 0 1
44 3 16
16 -1 -27
23 -5 18
43 2 -9
29 -1 -32
54 2 -9
-6 -5 21
19 -5 0
19 2 -21
60 -1 0
-11 2 -13
-94 3 1
-44 3 3
30 3 7
-19 -5 -12
31 3 -2
38 3 30
10 1 -26
53 2 20
46 -3 33
25 2 -26
57 1 23
12 -5 -21
37 -5 -19
25 3 -10
-27 -5 -23
52 -1 29
21 -5 8
58 -3 -12
-67 3 2
-6 -5 -22
-16 0 17
-87 4 -3
26 6 20
41 -5 -17
49 -5 -21
19 -5 -14
-28 4 -2
48 -5 4
55 -5 18
38 3 13
-22 -1 -11
-41 4 -2
-13 -5 2
39 -2 -33
5 -5 -15
24 -5 27
39 -5 1
-80 3 2
-51 4 -1
-113 4 -3
-47 0 0
50 -5 25
-5 3 11
29 3 11
54 -5 -5
-21 -5 24
23 3 5
33 2 16
-73 0 -1
29 3 29
-36 3 -7
-33 0 -21
-15 3 24
13 -1 27
-107 -2 -6
29 2 -29
37 5 0
42 -5 10
-9 3 -3
4 -5 15
-27 2 -25
5 -5 7
-25 0 25
-31 -5 -25
26 -5 -18
46 2 -22
2 -3 23
-9 -5 12
46 -5 13
6 4 3
-16 -5 24
30 -1 34
-23 -3 -28
-93 4 -4
42 2 6
12 2 -19
42 -5 30
0 -5 6
25 3 14
22 -1 -30
-32 4 0
50 3 27
51 -1 -26
35 5 6
13 3 -13
15 3 18
25 -5 -10
-67 0 -4
23 3 -4
38 -2 35
23 3 18
-34 0 -5
-19 -1 -28
-62 0 -5
58 -1 -4
-3 3 21
-124 2 0
-76 0 -5
-86 3 -7
34 2 -13
41 2 -14
28 2 -22
-17 -5 -16
-4 -5 3
46 2 -2
-18 0 5
2 3 5
44 -5 -23
54 2 16
-24 -3 -7
-86 0 0
-102 -2 -7
-61 0 0
-49 0 -4
7 -5 -7
-90 4 1
27 -5 1
-32 2 -24
58 -2 10
7 -5 2
43 -5 -13
45 -5 -5
-3 -5 -5
53 2 -5
-3 2 -14
41 -5 24
-110 1 1
-24 4 1
5 3 -3
-63 3 3
48 -5 0
1 -5 -1
31 -5 -24
34 -5 26
-9 -5 -18
-5 4 6
-120 -1 -6
0 2 -12
38 2 -3
-69 0 0
24 -5 10
-21 2 -19
-16 -5 -8
-16 -1 28
-17 4 -6
58 1 -11
-115 -2 -3
-95 2 -7
3 3 9
11 3 -4
17 3 -10
-106 2 -7
-39 -1 -24
1 -2 -24
21 -5 -6
20 -5 -19
36 -5 13
-26 0 -28
13 -5 23
27 2 -17
-14 -5 -24
9 3 -11
-23 4 -4
-46 2 -6
-22 0 20
58 -2 19
-99 1 -4
21 0 31
31 3 26
-30 1 2
31 -5 30
-9 2 27
-24 -1 -16
48 2 13
-5 -5 -12
37 -5 18
25 -5 -6
-24 -5 -21
-81 0 -5
22 6 11
45 2 -29
52 -5 -25
11 2 -22
37 2 -33
-1 3 -3
31 5 -6
-6 0 -25
36 3 23
-18 3 27
19 3 5
-26 2 -19
-116 1 1
-6 -5 26
-55 0 -4
-30 0 -5
-1 3 13
24 3 0
-22 -2 27
-72 3 -7
20 3 -15
9 3 14
56 -5 2
53 -5 -1
35 2 -24
48 -5 -8
16 -5 16
36 2 -20
15 -5 -13
40 -5 -8
11 -5 19
9 -5 -12
42 2 31
47 3 19
41 3 18
42 2 1
-57 0 1
18 -5 22
1 -5 -10
-4 2 -19
53 -5 23
53 2 2
-82 4 -7
44 -5 7
-12 -5 -16
30 -5 13
43 3 24
8 -3 -25
-90 0 -5
-75 4 2
-8 2 -12
-106 -1 2
-101 0 -10
-97 3 -1
24 -2 32
24 3 22
-82 0 -1
42 -1 34
31 -5 6
34 0 34
14 2 27
-113 1 -6
-23 3 24
30 -5 17
11 3 2
42 -5 4
-32 -3 -28
-4 -1 25
-65 4 -2
-3 -5 17
0 -5 -17
40 2 -26
53 -5 -14
20 -5 26
-10 -5 19
13 -5 6
20 -5 4
23 -5 1
50 2 3
27 -5 5
-15 2 -24
49 2 -24
34 -5 -16
19 -5 18
56 -2 25
26 -1 -31
-127 0 -2
45 -5 -29
38 -5 -29
41 -5 -26
28 -5 -31
-19 4 4
-12 2 -17
20 2 -25
-61 4 -7
-22 -5 -4
58 0 14
-20 2 -12
16 3 24
-122 -2 0
13 3 8
-20 -5 2
-13 -2 10
-125 -1 3
-115 -1 -7
-39 0 -3
8 3 11
53 2 23
-24 -1 4
-109 1 -8
-121 1 -4
33 -5 -7
23 3 -8
-107 1 -1
-78 4 -1
-26 4 -6
16 5 20
4 3 -9
-30 -2 -20
45 -5 22
28 -5 -15
10 -5 -1
46 2 -8
15 -5 -8
47 -5 30
34 -5 -23
33 2 -28
-20 2 -26
23 -5 -26
15 -5 -26
13 -5 14
39 2 -7
6 3 16
-2 -5 9
-20 -4 -28
-17 4 0
-12 3 23
36 5 -7
57 -1 -15
-22 -4 -14
34 3 0
17 3 2
-14 3 -7
-45 0 -4
-43 4 -6
-12 4 1
-14 -2 15
7 -3 23
-12 -5 16
42 -1 -32
29 3 22
-13 -2 -26
41 2 -29
-112 0 4
-104 1 -5
18 -2 30
34 3 -6
-16 3 20
34 4 30
-48 4 0
4 2 23
56 2 8
15 2 -27
48 -5 17
52 -5 -8
50 -5 6
50 -5 11
41 3 22
-18 2 -14
48 2 -15
9 -5 -23
-24 3 4
3 2 -21
4 2 -17
33 -5 -30
-3 2 -24
-122 1 6
-39 4 -5
-34 4 -5
-3 -5 -23
-11 -5 -11
-6 -5 0
27 -5 -4
35 3 3
50 -1 31
52 2 29
27 3 5
34 -5 1
55 -5 5
15 2 -21
28 -5 29
28 -5 -21
-19 -5 -23
16 -5 11
45 2 -5
-2 -5 -8
49 -3 -28
-9 3 13
-30 -2 -29
-41 4 2
-75 2 -7
30 2 -32
30 3 1
58 -1 3
-38 4 1
4 -5 0
-13 3 -10
-28 -1 -2
5 -5 -5
18 3 12
-24 -2 -4
-100 -1 0
-17 -5 -5
-15 -5 7
-105 -1 5
56 -3 -19
18 3 -13
28 -5 -11
-26 -1 21
-94 0 0
-117 4 -4
47 1 33
8 4 -5
46 2 -17
-8 2 -19
28 2 -26
33 2 -16
50 2 -10
-34 0 -28
-1 -5 3
-8 -5 5
-20 4 -5
42 2 -23
-4 3 -2
54 2 -13
23 -5 14
-9 -5 -21
28 -5 24
45 -5 -20
4 -5 -20
9 2 -19
5 -5 12
50 2 19
-15 2 -21
35 -5 -13
45 2 6
57 -5 9
35 -5 31
14 3 -5
39 2 0
-19 -1 27
-50 0 1
-11 -5 0
35 2 14
18 -5 8
-24 0 -7
1 -5 13
-69 4 -5
27 3 -2
56 2 -3
41 2 35
-107 1 -4
18 3 -2
23 -5 -18
-10 -5 26
54 -5 14
-102 2 0
-35 -5 -24
-16 -4 17
38 -5 33
-12 3 9
23 6 14
-39 1 2
-7 3 18
-50 4 -5
55 2 -17
-42 0 -3
-8 3 -6
-14 2 16
-31 4 -4
11 2 25
-31 4 3
-36 0 -21
-121 2 1
-70 -1 -2
-5 -5 -25
20 3 -8
-35 4 0
-113 2 -1
51 2 -16
-19 3 24
-16 -2 5
-77 4 -5
10 -5 -9
11 -5 2
30 -4 34
-109 -1 -9
0 2 -20
-2 -5 -19
46 -5 -13
-17 -5 22
39 -5 11
-2 -5 -15
-13 -5 23
41 2 28
-24 2 -25
-11 -5 10
16 -1 28
33 -5 -4
-11 -5 -4
-54 3 -7
-11 0 27
30 -5 -17
24 -5 21
-8 -5 -11
41 -5 -32
52 -5 29
47 3 24
-56 4 1
58 -5 17
57 2 15
25 -5 -27
-116 0 3
32 5 5
-16 -5 2
47 2 30
58 -1 -9
20 -2 -29
41 3 15
12 -1 -26
18 3 16
-124 2 -3
-53 4 -5
-23 3 -7
35 -1 -33
26 3 27
-26 1 3
0 -5 22
1 3 21
-75 1 1
3 3 18
11 -5 8
53 -2 -24
38 3 20
12 -5 -17
33 -5 -26
9 3 22
44 2 9
33 2 -22
-2 -5 20
6 -5 17
-15 -5 -18
36 -5 24
24 3 25
55 2 4
17 -5 2
-16 -5 -22
21 -5 -23
-22 -5 21
-44 4 -1
-35 2 -24
58 1 -1
58 2 2
46 3 22
-36 1 3
-52 -1 -3
-26 2 25
55 2 -7
33 2 -9
-8 3 6
28 3 14
-26 2 -28
-97 4 -7
-22 0 -13
-13 3 5
-98 -1 -2
37 3 26
-58 4 -1
-20 -2 5
-119 1 -1
32 6 29
-111 -1 -5
-128 1 4
38 -5 -5
-21 -5 27
-9 3 1
14 3 16
-88 1 -6
-108 -1 0
31 3 19
8 3 19
3 3 -5
-84 4 -5
-4 3 1
-28 0 -19
21 3 7
-18 -2 19
-118 -2 -4
35 2 20
22 -5 -29
-2 2 24
5 3 0
33 0 9
12 -4 26
-80 4 -5
11 3 10
-8 -2 -26
5 3 6
36 5 9
48 0 -29
36 -5 -7
58 -4 -4
39 2 -30
-116 2 -2
22 2 -22
23 -5 -12
50 -5 -14
39 -5 25
-21 4 2
18 -5 -7
49 2 -3
11 -5 11
39 -5 -10
52 2 -20
43 -5 14
31 -5 10
20 -5 -3
49 2 6
6 -5 4
14 3 2
23 2 -19
-21 -5 -20
25 -5 24
-24 -5 23
-6 -5 13
14 -5 -22
34 -5 12
54 -5 -18
-101 -1 -3
-22 2 20
46 2 -27
-3 3 -5
39 -5 -27
38 -5 -23
-18 -5 -10
-84 1 0
-3 3 14
-7 3 14
-55 -1 -1
-17 2 -26
-87 3 1
6 3 -11
-28 -4 -20
-34 -3 -20
44 1 -31
-54 1 2
2 3 13
26 3 -8
28 3 -12
6 -5 -22
-8 2 -25
8 -5 8
30 -4 -32
33 5 -2
-2 3 19
-100 2 -8
-84 1 -7
22 2 -29
36 3 11
-6 3 -8
21 3 17
-36 0 -26
-60 1 -6
12 -5 -13
-77 2 2
23 0 32
-46 1 2
45 2 13
32 3 30
45 -1 34
2 -5 -23
11 -1 25
-40 3 -7
-95 4 -2
-42 1 3
16 3 9
-49 1 -6
3 2 -24
30 3 4
-2 3 -11
20 2 30
-121 -1 -3
58 -5 -10
-33 2 -28
-111 2 -4
14 2 -16
42 2 -11
47 2 16
18 2 -24
45 -5 -11
10 -5 22
24 -5 30
3 -5 -15
-18 -5 25
7 2 -16
41 -5 -15
49 2 -12
41 -5 17
-12 -5 25
36 -5 1
51 -5 17
-23 2 -20
6 -1 23
-24 -4 2
-69 4 1
-124 1 3
