116 124 132
255 124 119
186 130 132
65 127 103
71 125 152
152 125 157
131 127 99
222 129 133
154 131 124
97 127 106
79 132 126
96 129 146
130 127 150
57 125 127
244 123 138
234 126 116
134 131 123
205 130 123
116 130 112
98 124 126
82 128 96
172 130 122
82 124 112
81 124 140
67 130 137
130 125 135
68 130 117
84 125 153
144 129 132
108 129 142
143 128 147
163 130 133
234 126 129
108 130 122
92 130 117
120 130 143
90 130 134
122 124 121
163 127 154
232 126 140
70 124 127
193 130 122
246 124 126
76 132 105
216 130 123
121 125 103
198 131 132
106 124 113
175 130 133
211 131 132
87 124 125
99 124 137
105 130 132
124 131 129
226 128 122
86 132 106
182 129 123
144 129 122
61 125 112
73 124 98
76 124 119
78 130 148
76 131 136
90 125 100
65 125 145
71 124 109
153 130 133
134 129 142
163 129 124
73 124 141
80 124 131
60 125 135
117 131 125
101 130 117
114 124 119
87 130 144
60 130 119
135 130 132
137 125 153
252 125 135
155 129 150
247 124 118
84 130 119
90 124 111
67 132 109
64 130 129
145 129 155
240 127 122
126 124 144
109 124 127
115 124 140
90 124 139
92 130 125
81 124 102
109 124 136
241 127 132
75 130 113
70 130 146
127 129 104
97 130 132
231 131 134
122 124 137
122 125 111
103 124 121
149 125 150
113 125 108
128 126 126
74 124 134
101 125 144
73 130 123
97 124 115
91 125 150
65 124 121
118 130 136
233 131 122
170 128 129
128 130 139
85 130 128
102 130 126
204 128 130
77 126 154
193 128 130
95 130 139
83 130 135
93 124 121
149 128 127
228 127 129
112 130 131
87 130 113
125 131 121
73 130 130
93 124 132
102 130 139
87 124 117
111 130 116
103 124 131
71 130 101
118 130 118
181 128 129
158 128 128
216 128 130
210 128 126
238 125 137
199 128 126
87 124 133
81 124 147
157 128 157
87 124 106
136 130 150
123 124 130
92 130 104
79 124 125
76 130 142
96 130 112
117 124 125
138 124 146
118 130 106
139 128 128
67 124 133
221 128 126
125 125 99
132 124 145
77 130 99
78 131 120
251 125 123
112 130 137
70 124 115
177 131 126
81 130 143
67 130 123
188 128 126
126 130 146
102 128 110
62 129 141
84 130 149
227 127 136
129 130 133
80 130 109
117 124 114
78 124 107
76 124 148
120 124 144
150 130 153
247 126 132
87 130 101
87 124 145
64 124 126
76 124 113
240 125 117
81 130 103
131 131 128
60 130 133
60 125 118
119 131 131
81 130 114
81 124 118
96 124 142
67 124 138
80 131 131
115 130 142
232 126 134
155 123 153
97 130 122
111 124 114
70 124 104
109 128 110
63 129 109
91 130 109
232 125 123
108 124 118
79 124 97
106 124 140
229 128 118
113 130 121
142 124 151
71 130 107
75 124 129
66 124 110
85 124 98
74 129 150
61 130 114
149 131 123
88 130 122
139 129 122
93 124 105
130 125 103
121 129 114
241 127 127
140 130 153
102 124 116
90 130 148
129 125 130
133 125 140
124 130 135
107 130 127
68 130 132
72 124 122
89 130 139
61 124 130
106 130 114
159 130 122
112 130 125
159 130 132
59 130 124
122 129 102
111 124 131
104 124 126
67 128 149
92 124 116
165 131 128
71 130 140
65 124 116
236 128 133
106 130 137
76 124 138
144 131 128
127 130 99
246 126 122
66 130 144
92 124 127
72 130 135
78 124 144
74 124 104
80 129 152
169 130 133
159 124 155
111 124 142
68 125 99
123 128 108
113 124 124
122 131 125
69 124 145
149 129 132
83 130 124
195 131 127
237 125 125
135 124 149
147 129 150
155 131 128
101 130 134
129 129 121
187 130 122
98 124 131
86 124 140
118 124 108
132 128 138
124 126 147
133 130 146
103 130 122
99 130 142
168 131 123
88 128 152
125 125 105
85 124 129
114 129 108
83 124 136
122 125 116
60 124 123
128 124 140
74 130 118
226 130 126
68 130 127
62 125 140
198 130 123
96 124 110
134 128 126
138 129 145
209 130 123
173 131 128
232 129 126
59 129 129
243 124 130
67 130 105
93 124 145
96 130 127
145 124 154
99 124 120
235 127 121
69 130 113
104 124 136
79 130 139
100 124 111
125 124 134
184 131 127
220 131 129
91 130 129
127 131 126
117 127 145
83 124 122
159 130 153
64 125 106
104 128 143
132 127 131
118 124 119
62 130 137
213 131 128
109 124 123
226 130 133
73 129 97
128 124 148
123 128 118
80 124 151
223 130 123
153 129 156
133 125 102
124 124 126
118 124 137
107 130 118
76 130 109
202 131 126
71 124 137
191 131 126
125 130 142
84 124 144
65 130 112
92 130 144
94 124 136
131 130 102
85 124 102
242 125 123
238 125 131
120 130 110
208 130 129
74 131 126
84 130 140
88 124 121
158 126 152
182 130 133
95 130 107
244 125 134
88 127 98
140 131 132
249 126 128
95 130 115
87 124 112
251 123 120
126 126 122
117 126 105
232 128 137
224 130 129
218 130 132
64 130 120
141 126 155
180 128 126
87 130 118
87 124 149
190 130 133
122 130 138
121 124 134
115 124 128
64 124 135
76 131 130
98 130 136
238 128 127
153 125 150
145 125 148
101 130 113
115 130 128
83 124 107
107 124 131
102 124 140
162 128 127
101 130 130
69 124 120
131 128 124
137 131 126
90 130 113
115 124 136
92 130 121
167 128 126
201 128 130
213 128 125
172 128 126
157 128 124
68 124 124
84 124 115
121 130 121
94 130 134
245 128 125
178 131 122
156 125 157
86 130 109
99 129 109
178 131 130
112 127 143
109 125 110
196 128 130
74 124 145
97 125 146
76 124 124
248 124 135
229 129 124
153 128 126
77 124 100
136 125 143
217 131 127
86 130 133
161 131 129
91 128 101
83 130 106
122 124 107
149 128 156
231 129 131
63 130 125
156 128 131
75 130 102
188 131 129
77 124 132
82 130 99
75 130 145
65 124 129
122 131 132
142 131 125
146 128 124
111 130 140
92 130 137
205 131 132
150 124 153
60 127 115
120 128 146
166 128 130
78 132 102
134 128 152
194 130 132
67 124 142
138 124 150
93 126 148
84 129 152
67 125 148
236 128 124
146 128 129
119 124 130
73 124 117
72 124 148
113 130 112
194 128 126
88 130 125
83 124 126
214 130 132
80 130 135
74 130 138
144 130 152
159 131 126
114 124 112
232 126 118
67 128 101
141 128 130
72 130 115
77 129 152
239 125 134
78 124 129
90 124 130
115 130 133
70 130 121
112 124 138
72 124 101
94 124 139
101 124 134
211 128 130
206 131 126
127 127 149
150 129 150
150 131 129
82 130 147
125 124 140
64 130 116
137 128 153
128 131 130
115 130 118
199 130 128
67 124 107
79 124 110
138 131 129
59 127 122
94 127 103
82 130 127
185 128 129
141 125 147
90 124 108
79 124 121
118 130 140
175 128 128
79 124 117
239 124 121
123 129 145
79 128 96
76 131 123
64 130 133
74 124 110
148 131 126
74 126 153
170 131 127
70 128 151
89 130 105
99 127 145
245 126 129
140 130 148
143 128 125
132 130 150
82 125 96
105 128 111
91 124 143
239 130 125
249 124 125
65 128 146
132 125 151
79 124 136
79 130 144
90 124 124
184 128 126
109 130 131
204 128 126
111 124 120
85 124 109
95 130 119
181 131 127
89 124 104
100 130 121
118 124 141
100 124 124
76 126 96
83 130 131
95 130 142
98 124 108
130 130 144
73 130 110
123 126 101
95 124 119
99 130 124
79 130 112
105 124 116
175 129 123
160 128 156
228 127 126
134 131 129
245 128 132
106 130 140
228 127 132
248 124 122
190 129 124
81 126 154
62 125 109
151 128 123
118 131 128
229 127 121
127 124 102
162 131 126
79 131 122
132 127 128
130 124 143
75 130 133
153 130 152
78 124 103
84 124 150
85 124 120
115 130 138
115 124 122
129 125 98
116 131 121
245 123 123
70 128 99
132 131 132
78 130 105
59 127 132
114 125 143
86 130 104
70 132 110
201 131 124
156 130 154
157 131 129
147 131 129
84 130 116
110 130 128
77 130 115
96 124 122
64 124 113
73 124 126
106 124 128
118 130 115
70 124 130
69 124 112
179 129 132
95 124 128
129 130 147
87 125 152
219 128 129
76 124 141
160 128 125
127 124 128
100 124 129
103 125 111
129 130 136
110 130 120
221 131 125
125 131 133
115 127 106
217 128 125
106 126 143
119 124 112
152 128 130
87 124 136
168 131 129
114 124 115
79 124 114
97 124 134
64 129 105
130 131 125
99 124 141
224 128 128
120 124 126
147 125 156
225 128 135
125 130 102
235 127 135
136 130 121
90 124 147
104 130 116
91 130 141
93 124 108
112 130 134
170 128 124
189 128 130
229 129 138
112 124 128
240 125 125
70 130 124
232 129 120
119 127 103
62 129 111
136 128 129
85 129 98
70 130 137
187 130 125
61 127 138
253 124 122
162 125 155
155 128 128
246 123 132
232 126 137
85 127 96
83 130 111
79 124 149
93 124 113
93 130 147
105 124 123
141 131 128
73 124 106
81 124 128
243 125 128
62 124 133
129 128 103
69 124 149
95 130 131
70 130 104
135 130 145
85 130 125
88 130 130
83 124 132
89 124 127
86 130 147
240 127 129
68 130 141
81 130 138
63 125 142
231 126 115
67 124 103
203 130 130
173 128 130
210 131 127
65 130 139
130 130 141
108 130 135
62 124 121
89 124 115
89 124 141
110 130 112
86 130 137
92 125 102
213 128 128
247 124 138
244 124 119
123 130 105
99 130 140
60 128 135
207 128 127
191 128 127
60 129 117
131 126 133
191 131 129
241 125 137
104 130 129
160 128 131
228 129 120
106 130 124
111 130 122
89 130 110
91 124 119
66 130 126
68 124 129
71 130 126
93 130 112
123 124 144
72 130 143
80 124 99
233 128 132
220 129 123
78 131 133
74 124 151
63 128 144
249 124 131
133 128 101
152 131 127
238 130 131
70 124 134
91 124 134
108 130 139
98 130 118
117 130 108
112 127 108
95 124 125
148 130 155
122 125 113
67 129 146
84 130 143
135 125 152
184 131 130
110 124 117
74 124 137
63 124 123
136 128 124
77 124 151
80 131 118
73 128 153
127 124 135
60 124 127
172 130 132
104 130 112
212 131 123
62 124 117
95 130 125
184 131 125
142 129 154
234 126 126
91 128 150
112 124 135
89 130 136
108 124 140
131 125 138
85 130 121
101 128 143
231 127 129
133 131 126
103 124 114
89 130 115
81 130 121
88 124 110
86 130 141
145 124 151
79 130 99
108 124 114
118 124 116
241 125 131
100 126 108
153 124 155
165 131 125
116 124 110
186 128 124
70 129 148
109 130 125
228 129 135
141 128 124
130 128 134
208 130 132
200 130 126
124 124 123
96 124 106
80 124 105
100 124 114
127 124 132
99 130 115
166 130 133
59 128 126
237 126 122
121 131 129
146 131 122
224 128 131
119 124 123
105 124 134
124 130 140
70 124 143
127 124 138
84 124 138
172 131 125
208 129 124
196 128 126
179 131 125
163 128 130
134 124 144
76 129 97
134 127 140
165 130 122
176 128 126
223 128 124
117 125 144
77 131 128
156 130 122
152 130 122
243 127 131
127 130 123
230 127 125
144 126 156
124 124 102
122 128 111
228 129 131
234 126 139
216 131 130
213 128 130
59 126 129
93 130 128
129 128 98
225 130 122
90 130 146
114 130 115
77 124 135
247 126 125
250 125 120
75 130 106
79 124 139
126 124 147
90 130 102
77 124 146
127 130 137
127 130 143
67 130 129
237 126 134
114 130 123
66 130 115
246 124 129
234 126 131
205 131 128
156 131 125
103 124 118
103 130 132
128 130 102
62 130 127
223 130 126
97 124 139
138 130 151
66 130 135
115 124 107
151 131 132
178 128 129
67 132 112
156 126 150
219 130 124
61 124 115
144 129 149
137 128 143
233 128 124
138 128 131
59 127 119
76 132 102
162 131 123
104 125 143
124 125 119
250 125 136
235 128 130
227 130 124
196 131 130
147 126 149
154 127 157
243 124 125
193 131 126
245 124 136
209 129 131
95 128 105
120 130 104
99 125 144
73 124 131
78 130 141
120 130 113
85 124 135
75 124 117
72 124 120
94 130 110
65 130 110
109 124 133
71 124 125
72 124 115
228 129 127
61 130 122
99 124 118
90 130 107
118 124 128
81 130 150
194 130 124
70 130 130
131 124 101
125 127 120
158 128 151
120 130 134
242 127 122
149 128 125
153 128 150
201 128 128
67 124 136
96 124 137
64 124 138
154 128 124
94 124 116
69 124 110
64 130 122
113 124 126
89 130 128
144 131 130
140 126 145
123 131 123
82 130 140
119 131 125
94 130 136
246 123 120
201 128 125
66 124 126
146 129 132
86 124 142
79 124 134
114 124 132
234 128 128
153 131 130
148 124 153
230 127 134
216 128 127
118 129 143
86 129 151
247 126 135
207 130 123
101 124 137
123 124 146
101 130 137
82 124 98
76 124 106
105 130 119
75 131 121
236 125 132
109 124 130
105 124 120
66 130 118
194 131 129
126 124 124
171 131 131
238 125 128
109 126 143
235 126 124
71 130 117
66 129 103
122 124 104
104 130 138
72 130 137
67 130 108
253 125 120
133 129 140
162 125 153
114 130 125
227 130 136
241 125 133
243 127 124
82 128 154
103 130 124
100 129 110
97 129 144
170 131 122
106 126 111
59 126 124
133 130 143
220 129 132
106 130 134
226 128 125
124 126 107
88 125 98
182 128 127
128 127 124
76 130 149
176 128 131
150 131 125
