145 123 125
255 116 120
66 127 128
201 130 131
105 128 97
107 132 156
117 135 125
230 127 130
79 123 154
172 132 132
77 123 102
135 131 150
93 123 131
132 131 107
92 133 113
118 123 141
247 116 137
152 126 143
116 123 111
79 133 139
133 134 132
104 133 139
80 123 119
186 128 123
158 133 123
236 120 117
95 123 149
215 126 124
89 132 96
128 123 123
107 123 125
70 132 113
90 132 159
110 136 109
71 123 143
101 123 111
100 135 124
138 123 139
86 134 126
137 133 119
149 133 132
92 134 142
89 123 107
241 122 128
79 123 132
142 123 106
81 133 109
86 123 142
123 132 115
107 123 147
122 133 136
117 132 148
142 136 141
91 123 118
118 123 129
75 132 124
100 123 159
143 123 149
135 123 115
101 123 139
154 124 131
95 123 95
84 132 149
236 120 137
128 124 146
127 123 135
254 118 130
99 133 104
114 129 102
73 131 149
98 133 151
69 123 118
161 132 132
126 123 110
69 132 138
96 135 133
168 131 123
127 133 124
147 133 122
191 129 132
110 134 118
246 116 122
136 123 129
196 130 123
206 129 123
86 123 96
112 135 133
80 131 99
181 131 132
75 123 111
110 123 136
131 132 141
220 129 131
89 123 155
210 130 131
146 132 148
102 134 114
177 132 123
116 123 121
146 123 136
107 123 103
86 123 126
108 123 116
153 125 122
88 133 135
108 132 147
225 127 123
84 134 117
99 123 123
234 126 123
116 123 150
141 134 128
97 123 103
74 131 105
141 132 106
99 131 159
92 136 103
120 130 108
124 132 145
108 136 127
135 123 149
98 132 97
73 123 125
69 124 135
75 132 132
133 123 107
107 123 155
101 123 131
85 123 113
92 134 121
114 133 141
248 122 132
68 131 121
93 123 141
78 123 144
122 123 116
107 132 104
83 131 157
131 132 115
141 126 120
74 124 149
115 133 114
148 132 140
138 129 113
162 128 126
234 120 131
142 132 135
91 133 150
100 134 144
86 132 104
84 123 149
145 123 142
242 122 121
103 135 131
155 133 130
236 126 132
86 123 135
76 132 117
245 117 131
83 123 106
173 127 126
136 123 123
80 133 128
102 123 151
75 123 138
131 123 141
112 127 153
126 135 130
116 123 105
179 127 127
78 131 153
70 132 128
250 119 125
86 134 141
129 123 116
121 125 146
197 126 128
126 130 109
121 123 124
109 123 110
153 128 135
166 132 128
106 123 141
129 132 135
120 123 135
136 132 137
93 123 111
111 123 129
236 120 124
92 123 124
135 134 125
118 134 132
101 123 99
119 133 120
93 124 160
124 123 141
75 132 142
92 134 129
209 125 127
140 132 146
112 123 143
203 126 127
241 117 136
130 130 147
214 126 130
229 123 125
186 127 129
71 127 109
87 133 110
133 123 135
125 123 129
90 123 146
83 127 102
114 132 108
100 123 117
153 133 124
104 134 119
68 129 133
141 123 132
85 125 158
80 123 138
132 132 121
225 125 129
190 131 126
73 123 131
89 123 101
242 118 117
147 126 147
248 117 117
119 132 143
81 133 122
98 134 110
151 123 138
97 135 119
122 133 126
71 128 144
121 123 108
91 127 95
98 133 138
135 123 144
79 132 146
112 123 101
76 132 111
102 123 145
149 123 129
253 116 135
139 123 110
103 132 150
104 136 105
137 128 105
95 132 155
220 125 126
73 123 106
109 131 99
142 134 123
131 123 128
78 123 125
156 127 126
95 123 136
142 128 150
177 131 129
183 131 126
74 123 117
68 126 123
82 134 134
108 123 98
87 123 121
200 130 125
239 121 134
107 133 134
146 127 122
77 128 102
247 122 122
138 132 132
70 123 113
126 133 119
85 128 96
97 135 128
94 123 155
100 127 95
89 134 117
88 132 154
92 133 107
168 128 129
114 123 116
206 130 128
105 133 110
241 118 125
113 136 128
195 131 130
171 132 126
104 128 157
110 133 113
95 132 101
113 123 125
103 123 121
80 123 114
163 131 122
103 123 106
115 123 133
161 133 127
232 123 134
111 132 151
80 128 155
79 132 104
149 133 127
236 124 127
158 129 131
102 132 154
131 123 111
111 136 123
253 115 124
126 132 139
80 124 99
111 123 151
136 132 143
103 132 101
93 134 138
250 116 130
95 133 146
90 123 138
104 123 135
98 123 128
145 132 143
87 133 146
97 127 159
245 121 127
69 127 140
218 129 127
186 131 132
149 123 122
141 123 126
114 134 119
117 133 136
130 134 129
81 133 113
90 123 151
232 122 121
106 123 129
90 132 101
140 123 144
212 129 127
193 127 125
105 133 143
89 126 159
149 123 144
132 127 148
240 118 131
113 132 145
85 132 99
77 126 152
173 130 123
118 127 148
237 123 121
251 119 121
141 131 120
84 123 117
97 123 144
151 129 122
149 130 145
244 121 133
166 130 132
80 123 109
69 123 127
104 123 115
85 123 154
106 133 115
76 123 121
103 123 126
132 123 121
89 123 114
140 132 140
134 132 111
108 133 140
81 123 128
113 123 139
93 131 95
119 132 112
228 128 126
151 123 126
220 129 124
102 132 97
231 123 129
239 124 125
74 132 137
93 129 160
84 134 130
96 123 108
127 132 114
93 134 125
85 123 131
85 123 102
93 123 100
90 123 97
129 126 109
74 123 145
139 125 150
136 132 106
97 134 115
210 128 123
74 132 128
118 123 146
123 127 109
139 124 117
204 127 131
80 133 118
69 129 117
82 132 153
105 135 124
111 123 105
152 132 138
151 123 133
126 123 119
112 123 120
120 123 120
76 123 128
119 123 113
97 123 113
100 123 155
96 127 95
174 129 131
138 123 105
125 127 145
105 123 111
142 128 105
226 129 131
78 123 148
95 123 118
121 135 123
106 136 130
144 134 132
152 132 133
71 131 109
72 132 117
249 119 134
112 133 137
181 129 123
101 134 135
99 123 134
142 123 139
101 134 128
148 123 140
133 132 145
131 134 124
117 129 105
156 130 123
162 129 130
113 123 147
111 132 105
223 129 127
232 126 126
106 123 151
90 123 128
71 123 122
144 123 129
122 123 131
90 123 133
138 132 128
81 133 142
81 128 98
95 133 105
166 128 125
104 123 157
183 127 126
133 133 136
145 134 127
237 120 129
74 126 104
139 131 150
138 132 124
139 127 109
122 132 140
190 126 129
186 131 127
242 124 132
122 132 111
198 127 124
68 126 131
122 135 132
176 128 125
139 130 116
120 131 146
249 116 123
151 129 140
102 133 107
247 117 128
233 122 124
155 123 126
198 128 131
69 128 137
131 123 148
114 130 151
99 123 95
83 123 122
243 118 121
85 133 114
88 134 121
132 123 131
128 132 144
135 132 116
134 123 140
191 129 123
103 125 96
96 135 123
158 133 127
253 115 128
101 133 147
82 123 145
133 123 125
69 127 114
121 123 143
140 123 121
108 127 155
233 125 131
104 136 135
72 126 147
92 132 154
160 130 123
119 135 128
72 132 123
182 128 130
71 123 109
137 123 135
194 127 130
119 133 115
148 132 137
95 123 125
87 123 110
82 123 152
75 123 133
107 123 133
127 123 114
243 122 125
144 132 139
83 123 135
99 123 148
90 134 126
116 123 125
111 123 113
88 133 138
89 123 142
89 133 113
123 123 113
122 133 119
112 133 110
92 123 104
217 129 131
100 134 121
178 128 131
108 127 98
103 123 102
126 133 133
231 126 123
88 133 130
74 123 142
106 123 138
93 134 134
93 123 145
78 133 134
151 133 129
75 130 151
138 125 113
85 134 122
130 135 132
154 128 132
70 131 143
88 126 96
202 127 124
239 123 131
68 130 125
129 132 118
115 132 104
78 133 121
176 127 128
219 126 130
96 132 159
125 135 123
83 133 146
100 132 100
144 123 122
110 134 130
130 123 144
169 128 126
99 134 131
104 131 158
209 129 126
106 123 108
107 123 119
97 134 142
127 123 139
86 123 145
78 132 107
106 132 97
97 123 152
100 123 108
198 130 128
130 132 110
239 120 122
210 126 130
189 127 125
252 119 133
247 116 133
179 131 126
70 132 135
139 130 110
105 132 153
101 128 159
87 132 151
85 133 107
115 135 122
118 126 106
109 133 109
235 121 134
93 132 98
111 132 102
106 133 128
188 131 123
147 123 147
206 126 125
125 135 127
246 115 119
77 123 152
114 126 151
88 123 159
184 131 123
79 123 104
170 129 131
72 132 145
80 132 149
107 133 121
110 124 154
76 132 103
226 125 126
244 121 130
249 120 129
98 123 98
108 134 124
243 119 128
88 123 124
133 123 117
82 132 102
123 123 137
109 123 123
76 123 107
165 132 125
129 127 147
83 134 139
216 125 127
202 130 128
133 128 107
103 136 126
86 130 158
194 130 126
168 132 130
129 132 139
254 118 126
94 133 149
113 123 109
103 123 148
200 126 129
72 123 134
145 123 132
142 123 135
93 134 118
94 123 121
120 123 127
94 123 128
115 123 128
128 123 127
72 123 139
96 123 139
111 126 100
153 125 134
104 135 102
212 126 125
78 133 131
106 133 107
112 134 107
86 132 96
116 132 144
85 123 108
213 129 132
158 133 132
105 123 100
143 130 122
146 133 130
74 132 121
90 133 145
76 132 145
115 135 133
137 133 135
95 135 130
135 127 150
135 123 110
75 132 114
113 132 149
139 123 148
176 131 132
73 127 106
245 121 121
78 133 114
77 132 140
145 127 149
235 120 121
142 132 150
136 134 131
189 131 130
144 123 146
101 133 139
76 132 149
94 134 109
106 123 144
125 123 144
85 132 155
94 123 114
104 123 132
136 123 126
128 123 130
140 123 129
117 133 139
109 123 139
101 134 111
130 123 138
103 123 142
92 123 107
83 123 141
83 134 126
207 129 132
130 123 134
175 131 126
150 126 122
141 134 132
207 126 129
253 118 123
217 129 124
82 123 102
80 133 125
96 123 158
173 132 129
122 129 145
140 132 143
251 116 120
86 123 138
131 124 108
100 130 95
70 132 131
228 127 123
250 116 127
79 123 135
148 123 126
135 134 122
69 123 124
152 126 138
77 123 117
89 133 106
149 126 144
192 130 129
113 135 125
164 132 131
73 128 149
145 132 133
78 132 143
116 132 110
133 134 128
239 120 126
78 126 100
115 126 104
77 133 126
110 133 144
83 124 97
123 123 134
116 133 116
108 123 113
117 123 136
100 123 104
125 123 125
116 135 129
73 132 140
100 123 142
87 123 105
74 123 114
91 123 110
92 123 152
92 123 149
220 129 128
112 123 133
90 134 123
119 123 132
85 134 136
134 123 119
69 126 119
98 123 119
107 133 137
87 123 151
135 132 140
95 132 152
95 135 102
171 128 129
242 118 133
184 131 129
104 133 147
68 128 130
111 130 154
118 123 108
108 136 122
252 116 131
102 135 122
140 134 126
128 133 127
227 126 131
117 132 107
247 118 121
101 132 151
78 123 112
236 124 134
240 118 120
81 131 156
88 133 143
83 123 156
83 133 111
155 133 126
223 127 131
242 124 123
90 134 136
94 133 140
138 123 131
107 132 151
83 123 111
93 123 138
113 123 136
118 134 122
86 134 132
188 128 131
214 129 124
128 133 121
203 130 125
111 129 100
130 129 109
153 123 128
104 136 129
165 128 128
140 126 105
69 123 138
90 129 159
126 126 110
150 132 143
156 126 129
212 125 128
114 123 104
92 132 157
97 133 148
247 121 130
134 132 119
114 134 136
92 123 95
74 132 109
231 124 132
140 128 119
247 120 124
106 132 100
109 134 135
138 127 116
236 124 124
96 134 136
151 123 142
123 135 128
133 131 149
81 125 156
91 133 103
160 133 130
120 133 133
97 123 110
91 133 110
147 130 122
142 123 123
110 123 126
101 123 124
114 123 131
71 123 116
88 123 129
89 123 119
131 132 144
132 132 139
94 123 105
77 123 139
126 123 132
131 133 133
82 123 125
81 134 131
139 123 141
91 123 113
98 134 123
101 123 114
147 123 133
155 131 132
218 126 124
79 132 111
92 133 147
68 123 131
123 123 109
77 129 153
106 126 156
69 125 116
81 128 101
73 132 111
86 123 99
96 123 101
70 129 111
83 130 97
247 117 125
125 132 142
88 129 95
134 132 133
98 132 102
101 135 104
223 125 126
99 132 156
135 126 106
193 130 132
87 132 101
246 118 135
126 130 145
136 132 113
98 134 126
243 120 135
121 132 143
155 126 124
133 123 146
68 126 126
236 124 130
113 124 152
228 124 128
120 128 146
98 134 133
120 128 108
119 133 126
78 132 101
147 132 145
127 132 116
212 129 129
99 134 117
142 133 142
125 133 136
105 134 104
156 133 123
199 130 123
144 133 122
69 131 118
99 132 153
116 128 150
73 132 130
108 136 132
112 133 115
130 134 119
111 135 127
145 123 139
110 123 148
109 123 103
133 123 112
109 123 143
115 123 141
94 123 133
103 123 139
127 123 142
137 132 146
120 123 138
143 132 146
69 132 123
106 123 122
81 123 131
106 133 131
195 128 124
153 133 132
101 123 135
102 133 142
86 123 156
97 123 130
72 123 119
101 123 128
79 123 122
103 123 118
129 123 119
75 123 124
119 123 117
68 128 121
139 128 150
69 129 141
168 132 125
140 123 137
89 132 157
88 132 99
130 123 124
145 132 136
102 123 154
77 133 137
161 132 122
120 133 131
75 123 104
110 123 100
83 128 157
140 129 105
87 133 148
85 133 143
120 133 138
126 132 111
79 129 100
248 115 136
147 130 148
139 132 121
77 123 114
111 133 140
104 123 124
87 123 147
103 123 113
133 123 142
86 123 115
91 134 132
90 123 131
99 134 114
129 132 141
97 123 155
146 123 129
89 123 103
116 123 114
