20 -7 31
-128 8 -7
-49 10 -4
36 9 -34
-12 -13 -32
58 -12 3
-24 -13 24
7 10 -4
-89 10 4
47 10 25
29 -13 -11
-29 -13 -6
-4 10 24
-26 9 -22
57 10 -14
2 -13 10
11 1 -29
34 10 2
-24 10 7
49 -13 -27
40 -13 19
1 -13 -13
-111 8 8
18 10 17
28 -13 -33
58 9 8
-70 10 -5
-6 10 -20
-5 -11 29
22 -13 9
25 10 -16
-22 6 27
28 10 33
-108 8 -10
-16 -13 7
-26 -8 -23
46 -13 -10
-37 0 2
55 -6 20
-7 10 8
16 -13 -22
38 -4 32
-18 10 -8
-15 3 -32
42 10 -17
38 -13 4
-14 -13 -10
13 -13 -3
33 10 17
7 0 28
-29 -2 15
-126 8 9
58 -5 -13
52 1 -25
-30 2 -10
9 -13 23
11 10 -18
20 10 2
39 -5 -33
3 -11 -29
24 1 -34
47 10 -3
-60 6 3
45 10 12
36 -13 -23
-30 -13 7
-101 6 0
7 10 9
-6 -13 0
-16 -5 30
16 9 29
-2 0 -30
-16 10 17
30 -13 26
58 4 -4
-10 -13 18
49 -13 11
-117 6 -2
47 -11 28
-82 7 -5
-33 10 -3
19 10 -28
3 10 -27
20 -13 20
55 6 18
-7 -13 -22
-28 10 18
-11 6 31
-75 6 4
8 10 22
58 -3 10
-42 10 4
39 7 32
47 10 -29
17 -8 -31
-7 10 -9
24 -13 -2
34 10 -10
-16 10 -18
48 -1 27
48 -13 0
34 10 -24
-17 -13 -21
-92 7 -5
17 10 -10
-19 -6 -30
54 -13 -17
27 11 9
28 -2 33
-7 10 -30
31 -13 15
26 -13 -22
-3 -1 29
12 -13 7
24 10 23
3 10 -13
-24 -13 -14
-35 -10 0
0 10 15
-41 5 -5
-25 -4 23
56 -13 -8
11 -13 -12
-21 -13 -1
0 -13 20
-25 -13 15
25 11 -6
-59 10 -5
-14 10 2
-14 -13 27
28 10 -31
38 -13 31
37 -13 -6
5 -13 1
-30 10 -14
-25 0 -24
-30 2 7
49 10 -12
-30 -6 -15
53 10 -22
20 -13 -12
-10 -5 -32
58 -11 12
-51 8 4
-17 10 -27
49 -13 20
-119 8 -10
-68 10 4
15 0 29
39 -13 -33
39 10 23
-109 9 0
-6 -13 11
-126 6 1
50 10 5
-24 10 -2
-31 -5 -5
6 -13 -21
47 -4 -29
58 -5 -1
13 -13 15
3 -8 28
37 -13 -14
33 1 -34
30 -13 6
37 10 10
12 -7 28
56 2 -17
-118 9 6
53 -7 -23
11 -13 -29
22 3 32
43 3 -32
41 -13 11
42 10 3
15 10 8
-15 10 25
19 10 -20
44 -13 -17
2 7 28
-7 -13 -8
-13 -13 -2
-5 -11 -30
-22 -13 -28
-8 10 18
25 -12 33
55 10 -7
42 10 -10
25 10 -24
-28 2 -18
-35 8 4
31 -7 -34
-18 -13 18
1 -13 -5
12 10 -27
-81 10 2
16 -13 26
18 -13 2
14 10 -3
-17 10 10
52 10 13
56 10 0
18 -1 -31
41 10 -26
10 10 -11
6 -5 -29
39 10 -3
-30 -6 8
-9 -5 30
21 -13 -28
-99 10 -5
34 3 33
4 3 -29
-27 3 20
45 10 19
-9 -13 -14
-95 10 0
-30 9 11
-23 10 -13
10 10 2
33 -9 33
-21 4 -29
-45 6 0
-65 6 -3
23 -6 -34
-76 10 -2
28 11 1
-22 10 21
53 1 22
43 -13 -24
33 10 -17
31 -13 -1
-28 -13 0
9 7 28
-30 -9 14
-28 10 -8
6 -13 16
-12 10 -23
-34 1 -5
58 1 2
-21 -13 -8
10 10 16
-23 -13 7
34 10 29
-54 6 -2
-27 -9 20
-30 -13 -13
58 4 13
-10 10 -15
-29 10 2
-18 1 29
43 0 30
58 1 -11
22 10 30
42 -13 -2
55 -13 18
-20 -10 28
23 -13 26
26 10 15
45 -13 6
-23 10 14
-105 8 5
-114 10 -6
1 10 -19
-1 -13 -19
-6 -13 23
1 10 8
-12 10 -6
-12 -13 -25
-13 -13 13
31 10 -4
-1 -13 5
17 10 23
44 -9 -31
21 10 11
46 10 -23
40 10 16
34 -13 -28
34 -13 21
-125 11 4
-6 9 30
20 6 -33
52 10 21
35 -13 10
31 -13 -17
55 -13 -2
50 -7 25
53 -13 6
58 -11 -13
-104 7 -6
-40 10 -2
-122 9 -2
7 -13 -7
-87 10 -2
18 -13 -6
31 10 23
44 -6 30
28 -13 20
43 -13 24
54 -13 -23
-8 1 -31
56 0 17
-11 10 12
-24 -13 -21
-20 10 3
-1 -6 -30
20 10 -4
58 -6 -7
-1 6 -29
-2 -13 14
22 -13 -17
56 -5 -18
-70 6 1
-30 5 -5
-18 -13 -15
20 -13 14
49 10 -18
-35 -13 -5
44 6 30
-62 10 0
0 -13 -25
1 -13 25
-29 -11 -18
58 -5 5
-18 7 30
-28 -4 -19
19 -13 31
16 -13 -16
38 3 -33
-8 1 30
28 4 33
-35 -5 4
-85 6 4
11 -7 -30
-92 6 2
28 10 -10
35 -11 -34
17 -13 10
-13 10 -30
49 -13 -5
-20 -13 12
-2 10 -24
-110 6 -5
-10 10 23
-12 -13 -19
-123 6 -7
21 -12 -33
-40 5 1
-22 10 -18
28 5 -34
-37 -3 -2
-74 6 -5
49 5 -28
28 -13 -5
57 -7 15
-22 -1 -28
-113 6 2
14 -13 21
28 -13 -27
-7 -13 5
22 10 -11
31 10 12
-23 -6 -27
-17 -13 -30
58 9 13
-9 -13 30
8 -13 28
42 9 -32
2 10 24
51 5 25
-2 10 -12
51 -13 -12
6 10 -23
48 -13 -20
6 -13 -15
44 -13 16
-29 5 15
-79 6 0
-13 1 31
-97 7 4
11 -13 -24
-23 10 -27
-12 -13 3
-35 6 -5
25 -13 4
58 -10 -3
-122 6 4
-3 5 29
-56 10 3
-17 10 -3
-28 7 -18
36 -13 15
-104 10 -1
-46 6 -5
2 10 -8
-7 10 -25
41 -13 -10
13 -13 2
25 -13 15
13 6 -30
-32 -10 4
-13 10 7
10 -13 -18
-14 10 -11
14 10 -14
58 3 8
-30 -4 -10
26 -7 33
38 10 -13
-13 -13 22
-23 1 26
23 10 6
32 10 7
-21 -4 28
58 6 -8
28 10 28
53 -11 22
-15 -2 -32
-15 -7 -32
34 8 33
3 10 18
-24 -8 25
54 4 -22
-11 10 28
42 10 27
-85 6 -1
19 -2 31
-10 6 -32
16 -13 -27
-13 -10 31
-128 7 5
7 10 -17
12 4 28
28 -13 11
37 -13 25
-30 -2 10
16 -13 -10
-26 7 22
9 -13 -1
-6 -6 -31
-30 -9 -9
-59 6 -2
12 10 24
32 -13 31
17 4 30
-54 10 -5
-30 -13 12
-27 4 -22
7 7 -29
-72 10 3
-64 6 4
2 -4 28
23 10 -33
43 -2 -31
29 10 -19
-127 9 -3
-17 -13 2
58 -9 8
23 10 18
7 -13 6
23 -13 -8
-4 -13 19
13 10 -7
-48 10 0
-30 8 7
43 -12 30
51 10 -6
-18 -13 -26
23 10 -1
55 -1 -21
-20 -13 23
56 8 -19
-18 7 -31
58 5 -13
36 -13 -2
33 -2 33
14 10 13
46 10 1
32 10 -30
-27 -4 20
42 -13 -29
50 -12 25
-115 10 -1
45 10 7
58 6 2
-4 -13 -14
-5 -13 -26
37 10 -28
-11 -13 -6
5 -13 22
58 0 -6
-28 -13 18
-1 -13 -1
-11 -13 9
-97 6 -4
-30 -1 -14
37 10 -19
38 -13 -27
54 -13 10
35 10 -6
-82 10 -2
-44 10 -4
-30 6 -10
35 -4 -34
-38 3 -3
29 -3 -34
48 -9 -28
33 6 -34
-44 6 4
-100 10 3
15 -5 29
5 10 1
7 -13 -27
-4 -6 29
51 9 -26
14 -3 -30
-110 11 -5
17 4 -31
-69 6 -4
-24 5 -26
-50 6 0
-66 10 -5
7 -6 28
26 -13 -15
-4 10 10
-54 10 0
-23 10 -6
-20 10 -23
-26 -13 -3
-24 -13 2
44 10 -13
39 -8 32
-6 10 -14
-118 11 -5
33 -13 -8
47 -5 28
16 -9 30
56 -9 -17
-8 -13 -29
14 10 4
8 -13 12
-3 10 -29
21 10 -15
-10 -13 25
-16 -13 -6
-3 -13 -9
50 -5 -26
-114 9 5
30 10 -14
-119 9 1
-30 2 12
24 7 33
54 10 17
-1 10 20
28 10 19
-55 6 2
-4 4 -30
-30 -1 4
-92 10 -3
41 -13 7
16 10 -23
-4 -13 -5
51 -2 24
-36 10 0
17 -13 17
52 10 -15
-34 -13 4
54 10 8
48 4 27
18 -13 -31
6 10 5
-23 10 25
-96 6 0
48 0 -28
35 -13 -18
-51 6 -5
36 10 14
26 -9 -34
19 -13 -2
6 10 13
-2 -13 10
22 -13 -24
46 10 -9
-34 4 4
24 10 -28
42 -13 -6
-77 10 2
38 10 6
-25 -13 -9
-116 6 -7
-99 10 -1
-30 1 -6
14 10 -30
39 1 32
-2 9 29
-18 0 -31
-17 -12 30
-125 11 -5
57 -2 14
-106 6 -2
-124 8 -10
58 -10 -9
-61 10 4
-85 10 -5
5 -13 -11
48 10 10
-12 10 19
43 10 -1
-16 10 21
32 -13 -32
53 10 -2
36 10 21
12 -13 -8
46 -13 -14
-18 10 -13
-32 -13 0
42 10 -22
-7 -13 15
21 10 -24
34 -13 4
49 -13 15
-35 -7 -5
11 0 28
40 -9 -33
39 0 -33
-20 -10 -30
-9 -13 -2
30 10 -24
58 -13 7
54 -13 14
-57 7 -5
-1 -10 -30
31 -13 -22
-14 -13 -15
-14 -13 18
23 10 -20
-24 -13 20
-30 4 -15
-25 -12 -24
29 -9 33
-7 10 14
8 10 -27
57 0 -14
51 5 -25
54 6 22
11 10 7
20 10 26
58 9 -10
48 10 14
-13 -4 31
41 -13 -14
54 10 3
7 10 -8
-88 6 -4
10 10 -2
24 -13 -30
39 10 1
-57 10 -1
-5 10 19
-36 10 -5
-25 4 24
-25 -4 -25
47 -12 -29
8 10 26
20 7 31
3 3 28
-110 6 5
35 -13 33
-80 10 -5
20 -13 24
-2 10 -18
45 -13 2
11 -13 19
41 10 10
58 -1 6
21 10 22
58 10 -4
31 9 -34
11 10 20
7 -10 -29
-7 6 30
-118 6 2
-123 6 -3
-127 6 -4
2 10 12
-31 -9 -5
-95 10 -5
55 -9 -21
32 -6 33
-102 6 4
-69 10 -1
-29 -6 17
-27 10 -16
1 0 28
-110 11 3
24 11 3
-1 -12 29
5 -13 26
-47 9 4
1 3 -29
26 -13 29
56 -9 17
-78 7 -5
17 7 -31
23 -4 32
50 2 25
-109 6 1
-1 -9 28
-36 -6 1
-9 -9 30
44 -13 20
12 -13 27
33 -13 -13
-13 10 -19
49 -13 7
46 -13 -3
-20 10 16
35 10 25
38 10 -23
50 -13 -16
47 -13 -24
16 -13 6
-29 10 -4
-24 -13 11
-30 -9 10
50 -13 -9
35 10 -2
10 10 -15
55 -13 -11
43 10 23
-114 6 -4
38 10 -9
-14 10 29
24 -13 22
21 10 -8
8 4 28
58 9 4
58 -13 -5
-101 6 -5
54 10 -12
-14 7 -32
14 10 18
-21 10 0
34 -13 28
39 -13 -17
29 10 -7
20 -13 6
-94 9 4
-20 10 8
-20 -13 5
-22 -13 -24
9 4 -29
-14 -13 -28
44 10 -5
22 -2 -33
43 -6 -32
-14 10 -2
36 -13 -32
-106 10 -5
31 6 33
-20 9 28
24 5 -34
9 10 12
-61 6 -5
24 10 13
-121 9 -6
-10 -10 -31
-27 10 12
8 -1 -29
-79 7 4
-44 10 1
25 1 32
-29 2 16
-35 -9 4
31 -13 19
18 -13 -19
-20 -13 -18
10 10 -23
36 -13 -11
58 -3 -10
-38 10 3
-16 10 6
25 -13 7
53 -5 23
0 -13 -28
-7 -13 -18
3 -13 -18
-22 -13 17
2 -13 -22
-2 -13 22
58 1 -1
38 10 29
-15 10 -23
-26 -13 5
-16 10 13
28 11 -2
-17 -13 -2
28 -13 -1
39 -13 22
46 -13 12
30 2 33
-89 10 -5
51 -9 -25
-105 6 2
3 6 -29
1 -2 -29
-14 10 -14
-10 10 -11
-11 -13 -10
2 -13 7
52 -3 -24
31 -10 -34
53 -13 -5
45 2 29
55 -13 2
-27 -12 -21
-92 6 -1
45 -13 -6
7 10 -13
-28 10 -11
33 10 -21
41 9 31
9 -9 28
-90 10 0
-82 6 2
-16 4 30
39 10 -32
46 -13 25
22 -13 30
-66 10 0
-124 8 6
-21 8 -29
27 11 5
18 10 13
41 4 31
-125 9 0
29 1 -34
-27 -13 10
-4 10 15
-30 -9 -13
21 2 -33
36 -7 -34
-34 0 4
-19 -13 27
-121 9 4
-28 -8 -19
-26 -13 -17
-76 6 -2
-30 -5 13
-18 -8 30
-28 6 18
-85 10 4
16 10 -18
-9 -13 22
6 -13 -4
-31 -13 3
16 10 -6
-11 10 -27
-24 10 -10
-19 -13 -5
-27 -1 -22
22 -13 -5
18 10 -1
-33 -2 -5
43 10 15
-20 10 12
3 -13 17
-3 -13 2
-27 10 9
22 -13 2
14 -13 11
24 -13 -12
22 -13 17
39 -13 14
49 10 0
49 10 -22
-73 6 -1
29 -13 23
-12 10 15
7 10 17
13 10 -22
40 -13 28
-64 10 4
57 7 15
43 10 -29
10 10 -29
-49 6 3
-120 6 -7
-119 8 9
31 10 2
-12 1 -32
-29 -13 -10
38 7 -33
14 -9 -30
-32 8 -5
-39 3 4
-27 0 21
36 4 33
13 -10 28
-40 5 -2
-40 7 4
-14 10 10
-26 10 4
-128 9 1
54 -2 20
-109 8 -7
45 -3 29
-24 -10 -26
-88 6 3
-64 6 1
-8 -3 -31
-6 10 26
13 10 28
-102 10 -3
-1 10 25
-15 -13 11
41 -13 -19
34 -13 -4
17 -13 22
-20 -13 -12
12 -13 -21
58 -7 2
8 10 -20
46 10 -16
-3 -13 -22
-18 10 23
-10 10 -21
3 -13 14
45 10 -19
39 -13 -4
-30 -13 -3
-21 10 -10
3 -13 -2
-4 -13 26
-121 6 -1
1 -13 2
16 10 1
17 -5 -31
-71 7 4
23 -10 32
46 9 29
-32 6 4
58 7 -2
42 -12 -32
36 -1 33
40 -2 31
-37 0 -1
-23 -13 -4
24 -13 -34
25 11 -10
38 -13 8
31 -13 9
46 3 -30
30 -13 2
39 -13 -24
36 -7 33
15 -13 -7
19 10 5
58 -2 1
9 -13 -15
58 1 11
36 10 -16
31 10 -27
32 10 -8
-67 6 -1
-11 -13 15
17 -13 13
-19 10 -20
29 -13 32
-19 -3 -30
-7 -13 28
-105 10 2
-29 -2 -17
31 10 30
-20 4 29
-40 10 -5
-85 6 -5
-35 -10 -3
58 -4 -5
53 -13 20
27 10 12
58 6 10
25 -3 -34
55 -12 -20
-4 -3 -30
44 7 -31
2 -5 -29
16 10 -27
32 -4 -34
27 9 -34
-23 -5 26
48 7 27
19 9 30
-25 10 19
-1 10 12
-115 6 5
-25 10 23
33 -13 25
-18 -2 30
34 10 -14
-7 10 23
-23 -13 -17
-79 10 0
11 -13 11
58 -10 -6
48 10 22
20 -13 28
-35 -4 -5
28 10 24
-1 -13 -16
52 -13 -2
27 -13 -18
-27 -13 -13
-27 10 0
18 10 -13
-20 -13 9
9 -13 -4
25 -13 11
58 6 6
3 10 -23
-7 -13 -11
-4 -13 6
-9 -13 2
52 -13 2
