118 121 37
129 133 212
156 131 122
92 121 153
103 133 95
169 121 175
132 134 157
135 133 0
143 123 84
94 124 193
121 121 125
116 133 66
140 121 186
156 121 149
114 121 174
135 134 107
160 134 196
115 133 15
101 134 133
88 134 172
135 122 21
137 134 135
115 121 149
117 121 197
157 121 102
120 121 85
100 121 114
151 134 171
131 121 55
147 121 207
106 134 161
168 133 159
126 134 182
115 134 111
140 121 120
106 134 205
120 122 0
131 133 41
108 134 186
131 134 76
135 121 169
119 134 137
124 121 103
138 121 147
137 134 197
116 133 49
154 134 139
148 134 96
98 121 176
127 134 92
148 134 155
156 121 184
141 121 100
126 134 27
163 134 180
126 121 70
101 121 140
155 121 165
148 121 133
127 134 121
131 121 204
96 134 147
110 121 102
126 121 139
123 134 198
155 134 108
130 134 61
118 134 153
115 134 83
146 134 185
117 121 23
122 121 161
102 134 119
105 121 127
122 134 167
126 121 186
116 121 59
118 121 211
103 121 163
131 134 14
90 134 159
150 134 206
143 134 118
88 122 166
137 134 173
159 121 199
94 134 185
104 121 202
132 122 7
108 121 186
103 134 174
131 121 35
153 121 114
107 122 89
114 134 124
116 133 35
146 121 174
143 121 160
166 121 158
114 133 3
108 134 144
129 121 115
162 133 148
115 121 113
131 121 93
129 134 144
115 134 97
99 131 107
117 134 210
138 134 86
115 121 135
137 121 132
170 134 171
165 126 189
115 134 176
151 121 91
121 122 12
143 134 144
104 121 151
97 134 197
132 124 80
146 121 196
116 126 75
124 134 104
140 132 210
117 121 48
89 124 183
158 124 139
133 121 157
158 134 162
128 121 45
155 121 125
142 134 164
149 134 195
125 121 174
127 134 51
125 133 5
148 134 128
133 121 194
118 134 189
143 121 110
112 121 160
117 121 95
125 121 150
155 134 187
138 134 96
145 134 105
159 121 175
116 131 26
147 121 143
136 134 183
97 134 166
127 121 26
100 121 104
118 121 183
133 121 179
126 134 130
148 131 87
111 126 208
135 121 107
160 134 172
138 121 211
169 124 166
136 134 124
155 129 98
131 134 190
112 134 198
125 134 69
120 134 58
131 130 32
125 134 83
99 134 156
112 134 168
131 128 68
135 132 22
99 121 186
154 134 148
153 126 204
108 134 103
132 134 204
89 121 175
120 134 76
123 134 43
157 128 131
111 134 132
112 121 122
105 121 172
123 133 18
108 121 194
147 121 152
130 125 212
169 128 180
164 124 150
103 125 96
97 126 146
116 128 42
102 128 125
131 128 48
108 130 89
115 134 160
123 134 113
128 121 128
158 126 110
129 126 0
136 134 150
140 121 92
125 121 62
125 121 198
164 121 182
125 134 35
117 121 67
108 134 153
107 134 111
158 121 157
94 134 177
153 121 192
105 134 194
149 121 100
88 130 165
101 125 132
153 134 179
117 134 144
148 121 122
132 134 114
129 122 17
165 134 190
113 124 85
115 126 5
124 134 158
132 134 167
110 121 143
123 121 78
138 121 201
130 134 99
100 130 140
100 127 200
89 125 159
117 121 106
147 121 182
136 121 140
143 134 177
144 134 201
136 121 86
107 121 116
116 123 30
122 129 211
158 134 154
152 134 117
121 130 0
138 128 81
96 121 166
116 127 54
106 134 126
127 134 173
119 121 168
114 126 18
128 134 137
122 121 55
115 121 190
120 134 89
133 121 100
108 134 179
144 121 167
132 131 6
93 129 151
145 134 135
128 121 86
129 121 164
93 131 191
112 121 203
131 121 146
131 125 61
88 128 177
161 121 192
122 121 133
119 134 120
143 121 128
139 121 175
110 134 118
141 134 156
108 121 134
151 121 158
150 134 164
123 121 93
101 134 180
166 128 155
102 122 121
163 121 165
122 121 204
124 121 32
161 127 196
109 121 179
118 134 203
136 121 114
141 134 190
121 121 144
107 121 109
123 121 110
101 121 195
98 121 158
121 121 118
155 121 133
155 134 201
100 129 114
159 130 143
164 134 165
125 134 150
121 134 11
134 121 122
101 134 189
102 134 150
139 134 113
131 129 55
135 128 16
148 128 207
157 126 117
152 129 92
169 134 178
112 121 129
136 121 162
112 121 167
119 134 128
135 123 0
110 121 153
131 126 26
141 134 128
154 121 107
137 134 142
114 134 183
144 121 138
117 134 105
153 121 176
153 121 142
125 134 189
121 121 191
121 121 43
125 121 211
131 127 40
150 121 201
126 134 204
144 134 171
146 134 111
112 134 192
110 121 95
122 134 97
133 121 186
132 134 86
116 127 62
132 134 130
169 128 173
101 130 100
131 122 74
155 134 132
106 126 205
151 134 101
164 121 171
157 132 103
157 133 114
123 121 180
106 134 139
117 121 78
131 134 68
126 122 5
100 125 109
148 124 87
89 131 183
115 127 11
160 122 144
118 121 157
121 134 30
143 134 92
122 134 178
114 134 89
124 122 21
147 121 116
142 126 209
110 134 96
112 134 138
131 122 67
116 134 9
149 134 143
104 134 167
105 121 157
140 121 194
116 128 81
119 134 22
167 132 185
169 131 164
147 121 189
126 121 121
102 121 181
97 121 149
111 134 208
126 121 156
129 134 108
126 134 57
116 128 34
128 134 21
121 134 52
132 126 11
92 122 188
116 134 43
119 122 6
151 134 123
165 133 153
116 128 210
136 134 163
148 134 149
102 134 200
138 121 153
150 121 168
147 121 106
99 121 171
129 134 199
143 134 99
122 121 49
92 134 153
128 134 163
117 121 163
131 133 28
131 134 177
130 121 173
89 134 178
151 134 90
155 134 167
145 121 95
118 134 171
130 121 133
120 134 184
134 134 92
114 132 21
119 121 100
157 128 200
134 134 81
152 134 159
141 121 180
155 123 96
88 125 171
121 121 27
143 134 84
145 134 208
139 134 205
115 128 0
157 126 104
157 130 136
116 126 48
95 134 171
145 134 123
144 121 201
116 132 71
117 134 165
135 128 211
121 121 72
158 134 182
128 122 10
128 121 97
130 121 104
130 121 49
94 121 183
114 121 89
117 121 16
158 121 111
113 121 209
156 121 170
124 134 140
154 134 194
121 134 63
109 121 148
115 134 117
128 132 0
135 128 3
162 134 158
131 133 47
91 134 168
144 121 148
92 121 162
137 134 101
118 121 177
96 134 161
135 134 118
108 121 164
103 121 135
159 134 177
103 134 143
168 127 161
104 121 100
133 121 210
100 134 111
165 134 174
134 134 210
131 134 54
105 126 92
119 134 4
108 122 206
150 134 190
155 134 127
151 134 112
126 134 74
130 121 199
143 134 196
116 132 54
140 121 106
133 121 128
118 134 194
101 134 161
102 121 146
143 128 84
149 134 200
96 129 195
115 123 0
126 121 144
130 134 150
133 121 151
117 121 53
161 134 187
154 133 95
104 134 107
126 121 169
120 121 151
131 122 40
142 134 139
151 121 147
102 129 120
111 134 174
118 121 131
132 134 185
100 125 138
144 121 89
157 126 125
99 122 200
161 128 147
123 134 211
116 123 43
154 121 197
164 129 192
135 122 16
162 121 153
100 126 103
165 121 187
145 134 160
124 134 125
129 121 190
110 134 158
151 121 137
121 134 108
138 121 125
132 134 140
112 134 150
151 121 129
150 134 183
123 134 146
116 127 70
143 134 151
104 134 155
138 134 178
136 121 205
126 121 40
131 124 31
167 125 184
137 122 81
116 125 25
116 123 10
125 124 0
105 121 191
147 121 164
137 121 189
118 121 139
120 134 101
126 134 194
137 121 96
132 134 196
101 134 128
155 134 174
131 131 72
97 134 151
129 134 32
131 128 78
121 121 65
92 128 188
116 132 60
112 130 86
104 121 93
135 133 16
101 129 129
91 128 155
131 131 64
156 122 120
170 129 169
115 134 129
129 134 126
121 134 70
94 121 172
130 121 110
132 134 103
142 121 115
119 121 90
155 134 143
107 121 139
157 121 189
114 121 180
140 121 170
158 121 179
132 128 22
126 134 100
140 134 106
106 134 91
155 121 202
169 122 162
102 121 108
101 125 117
112 121 117
119 134 161
151 121 186
124 134 135
111 121 107
131 121 140
111 134 107
129 121 181
129 121 60
101 134 193
164 121 176
100 130 135
134 134 145
126 134 10
119 121 110
148 121 111
116 131 76
128 121 82
141 134 185
113 134 101
150 134 134
142 121 133
107 121 121
117 121 204
105 134 116
131 125 44
89 121 179
131 131 37
131 121 24
96 134 190
153 131 204
108 134 198
143 121 153
120 134 85
104 121 186
108 121 199
132 122 13
101 122 128
157 124 129
158 134 150
124 133 0
102 130 202
116 121 83
120 134 46
116 131 31
128 134 64
128 121 208
150 134 176
143 121 190
141 121 164
105 121 168
167 121 179
109 134 164
118 134 94
110 121 113
139 121 111
115 121 153
89 134 163
140 121 140
131 125 52
129 122 1
109 131 207
101 134 103
143 121 209
96 121 189
93 121 157
161 134 192
108 134 170
149 134 107
127 134 87
111 134 114
104 134 122
100 121 191
113 121 198
121 121 200
132 121 88
121 121 59
114 121 185
137 134 154
107 134 149
147 134 139
113 121 139
107 134 134
140 134 169
110 121 174
157 121 194
124 121 165
116 126 38
147 134 116
137 134 201
168 121 169
119 134 38
118 134 133
93 125 150
156 134 99
110 134 87
109 126 88
114 122 19
158 131 110
159 134 144
98 132 144
130 133 9
128 134 45
135 126 20
166 124 154
121 122 18
89 126 163
129 121 77
149 124 206
113 134 204
103 129 95
156 125 100
139 134 82
164 129 150
156 133 118
103 134 99
114 131 209
130 129 212
97 121 145
127 121 56
88 131 170
154 134 153
97 121 154
146 134 191
94 121 178
144 121 124
131 134 122
151 125 90
123 121 99
157 126 135
114 134 188
114 134 154
158 122 106
119 134 157
129 134 82
117 121 121
119 134 81
128 121 160
120 121 187
160 134 166
132 134 136
99 134 176
162 121 159
102 134 138
136 121 91
105 121 143
126 127 212
99 126 142
129 134 208
96 134 182
160 121 168
111 121 191
123 134 118
135 121 136
125 134 39
132 121 119
135 121 182
134 134 111
150 121 95
136 121 119
114 121 102
140 134 121
140 134 148
106 121 182
148 121 139
147 121 157
145 121 185
116 134 140
124 121 84
131 130 43
114 121 109
118 121 63
136 121 197
97 121 196
120 134 207
119 134 16
160 121 162
157 122 115
163 125 193
98 134 186
165 134 169
151 121 153
98 121 182
147 121 128
137 121 158
103 121 117
122 121 195
136 134 128
110 134 127
118 134 27
113 134 144
126 134 177
116 130 38
117 121 144
126 121 204
121 121 106
125 128 0
132 134 162
118 134 114
125 121 115
131 126 73
128 134 114
126 133 15
123 134 79
123 121 154
129 121 124
123 121 88
104 121 112
139 134 160
148 134 120
141 121 198
105 121 131
103 121 175
123 134 171
131 129 28
141 134 174
160 121 183
160 121 149
108 134 123
155 121 153
123 121 36
120 121 172
126 121 74
141 134 134
152 121 182
106 134 190
143 121 205
157 134 137
133 125 4
118 134 149
89 121 171
128 121 90
131 134 18
169 132 181
102 121 124
125 121 125
126 121 133
117 121 125
122 125 211
128 134 157
132 134 171
98 121 162
129 121 194
147 134 89
128 121 64
117 121 71
90 130 159
131 121 28
118 133 0
116 125 79
96 130 147
166 130 188
128 122 21
105 130 92
115 128 22
129 121 212
125 134 23
101 123 100
153 121 99
93 134 157
134 133 4
116 122 4
155 121 138
91 134 175
153 134 104
113 134 164
129 134 71
153 134 198
154 134 164
138 121 167
147 134 179
156 121 161
101 121 156
151 121 121
105 121 197
149 121 193
145 134 130
92 121 168
125 134 185
92 132 188
127 121 178
131 131 59
122 134 203
116 131 46
114 134 94
125 122 14
126 121 192
123 121 140
116 127 29
121 134 142
118 134 179
132 125 15
115 130 8
131 126 34
101 134 168
147 121 170
144 121 118
149 121 178
142 134 110
123 134 193
153 125 93
139 128 211
115 129 16
131 133 24
100 131 200
120 121 76
131 125 56
106 134 97
143 130 209
159 132 199
119 121 32
128 121 35
94 133 149
169 132 174
157 130 117
169 134 166
110 121 87
135 126 81
109 134 203
90 134 183
110 121 169
151 121 103
121 121 81
133 134 96
136 121 103
147 134 167
108 134 130
100 121 166
113 121 93
115 134 207
133 121 201
125 134 61
123 122 8
123 134 49
122 133 7
125 121 130
116 124 35
134 134 188
134 121 143
107 121 105
93 134 163
139 121 84
105 134 176
156 121 144
111 121 136
129 134 117
135 122 4
156 127 122
91 124 156
135 124 211
101 127 99
117 134 125
125 134 96
123 134 164
141 121 96
121 134 188
131 126 65
129 121 151
116 121 193
135 134 88
132 121 160
128 134 188
116 122 40
140 134 194
136 134 138
128 134 141
142 121 174
140 134 116
132 131 0
132 131 11
124 121 46
128 134 104
130 134 180
116 134 121
102 125 202
126 134 209
169 125 179
116 130 67
122 134 93
93 127 191
140 134 200
101 126 128
101 121 132
143 134 88
88 124 176
100 128 111
115 125 15
152 134 203
158 132 140
161 122 196
165 134 161
131 121 43
122 121 24
131 122 62
131 121 70
114 129 4
88 129 173
157 128 114
131 125 22
102 132 124
88 127 168
131 132 52
167 121 184
169 128 177
129 121 32
152 123 204
131 133 34
100 133 116
117 121 27
133 126 0
167 130 158
158 125 200
146 128 86
95 134 193
