-3 -2 44
-1 0 -97
2 0 127
15 -2 -26
-29 -1 -54
34 0 -68
-4 -2 86
-5 1 6
4 -2 -56
-16 0 -25
-13 -1 108
4 1 65
23 0 -47
-5 0 -76
4 0 25
0 -2 -12
-12 1 -44
5 1 110
-36 0 -70
4 1 -39
-1 1 -26
-3 1 99
24 -2 -59
-6 0 57
-7 0 -63
-8 1 121
-5 0 74
-6 0 33
4 0 -68
-23 0 -43
4 1 -2
12 -2 -48
-5 1 18
17 -2 -37
1 0 -86
4 0 12
-11 -1 -15
-9 -2 -34
10 0 -17
4 1 79
-18 -2 -52
4 0 53
-2 1 -48
4 0 37
9 1 120
4 0 92
-19 -2 -35
-6 0 -5
-4 -1 113
-8 -2 -54
-30 -2 -63
7 -2 -31
-4 -2 -41
-5 -1 65
0 1 120
-8 -2 -23
18 0 -54
6 -2 -23
4 0 102
3 -2 -77
15 3 -32
-1 1 -34
-3 -2 25
12 3 -39
5 1 -47
-4 1 -18
1 -2 72
1 -2 59
0 -2 -62
4 1 45
30 0 -61
-6 1 106
26 0 -53
2 -2 6
1 -2 19
-4 -2 -69
-5 0 93
-5 1 50
17 1 -44
-3 -2 12
1 -2 30
-23 0 -57
-2 -2 79
-17 -2 -41
4 1 86
-3 1 -57
-11 -1 115
-24 1 -50
0 -1 107
-3 -2 1
-2 -1 -91
-13 1 -38
-14 1 -32
4 1 -9
4 1 -18
-2 -2 -81
-2 -2 38
5 1 -62
-6 1 -11
4 -1 116
9 -2 -42
-17 1 -47
-9 1 -29
-7 -2 -47
7 0 -52
18 -2 -31
0 -2 -5
12 1 -22
-1 -2 -53
11 -2 -37
0 -2 50
0 1 -43
-14 -2 -21
1 -2 97
19 -2 -49
4 -1 122
-4 -2 -30
0 -2 -22
4 1 -28
-28 1 -59
0 1 -71
-8 1 -39
-18 -2 -29
8 3 -43
15 3 -27
-6 0 41
-2 -1 124
0 1 90
-33 1 -66
13 -2 -31
-1 1 54
-21 0 -39
2 -2 -46
10 1 -27
-1 2 94
-1 1 68
20 -2 -41
-7 -2 -59
1 -2 -30
-4 -1 118
0 1 83
4 1 -34
1 -2 -38
0 1 76
1 1 113
6 -2 -14
-8 1 110
0 1 63
-5 1 82
-3 1 -66
22 -2 -53
0 1 22
-5 1 -44
-5 1 -23
-9 0 -50
-12 -2 -27
1 1 -81
-3 1 29
3 1 -51
0 -2 -17
-1 1 -9
-5 1 -52
-14 -2 -48
3 -1 41
28 -1 -57
0 1 9
30 -2 -65
-21 -2 -47
-3 -2 -86
-9 1 -19
10 -1 124
-9 -2 -42
-7 -1 101
-4 -2 -36
0 1 35
-31 -2 -59
15 1 -50
0 1 103
-3 -2 60
5 -2 -43
-1 1 16
-3 -2 96
3 -2 -72
7 -2 -37
9 -2 -20
-5 1 22
-1 1 4
4 1 17
16 2 -39
4 1 3
4 1 32
-7 -2 -15
14 -2 -41
-3 1 109
10 1 -33
-6 1 69
21 1 -57
0 -2 -67
-1 1 -2
3 1 -13
25 -2 -50
4 0 58
-23 -2 -53
1 1 -58
-6 1 14
-3 -2 20
4 1 75
8 1 116
27 -2 -62
-3 -2 -73
4 1 70
12 1 -44
-13 -2 -41
-14 -2 -35
19 2 -47
-12 1 -24
-2 -2 -45
3 1 -22
-32 1 -62
2 1 -64
-5 -2 -26
-3 2 115
0 1 -76
8 -2 -48
-17 1 -37
-5 1 2
5 0 106
4 1 21
1 -2 26
-25 -2 -47
-3 -2 71
1 -2 66
1 -2 1
1 -2 87
-2 1 -15
0 1 46
17 1 -34
-1 1 42
-6 0 97
6 1 -56
3 1 96
-7 0 116
-5 1 37
-10 -2 -38
2 -2 81
-3 -2 7
-26 -2 -57
15 -2 -46
-5 1 89
-5 0 78
-6 1 -34
-15 1 -43
-6 1 -67
-4 -2 -55
7 1 -22
0 -1 117
1 -2 55
4 1 49
3 1 61
-3 -2 -50
-18 0 -32
-3 1 -38
-4 -1 104
21 1 -51
-4 1 -61
6 -1 119
1 -2 93
-5 0 47
4 -2 -49
2 -2 -25
4 0 8
22 -2 -44
-12 -2 -31
8 1 -39
6 -1 113
14 -2 -34
0 -2 15
-3 -2 75
8 -2 -27
5 -2 -64
-16 0 -50
2 1 -48
-4 -2 -20
-1 1 -20
-4 -2 -63
-3 -2 -78
-8 1 -46
1 -2 -89
-5 0 -72
-5 -1 10
13 3 -36
-2 -2 32
-26 1 -53
1 -2 -50
-5 1 26
-2 1 58
5 -2 -20
-20 1 -50
-7 1 -56
-20 1 -43
0 -2 -56
4 0 28
-3 -2 56
-3 -2 52
-11 1 -34
16 1 -29
2 0 124
-13 0 -19
11 -2 -24
-11 1 -41
1 -2 -34
-5 1 -1
-2 1 -30
3 -2 -60
-7 -2 -51
0 -2 -41
3 1 -5
7 1 123
-5 1 62
9 1 -30
4 -2 -53
1 1 -36
0 -1 -94
-2 -2 90
-4 0 -80
-30 1 -57
-18 -2 -45
-10 1 118
0 1 99
-3 -2 -7
1 -2 34
16 -2 -52
-5 1 54
-7 -2 -19
3 -1 110
9 1 -46
5 1 -44
-8 -2 -27
-10 0 108
25 -2 -56
-3 0 121
-6 1 -49
-3 -2 83
26 1 -58
1 -2 -83
-18 -2 -49
1 -2 -9
-5 -2 -44
3 1 -31
-1 -2 -59
3 -1 119
19 1 -38
3 1 -74
7 1 -36
1 1 39
3 1 83
-22 -2 -41
-26 -2 -50
-7 1 -31
-1 1 -83
0 1 28
2 -2 -15
-1 1 -23
1 1 51
19 -2 -44
-14 -2 -44
6 -1 -59
7 1 -25
-11 -2 -47
0 1 -54
20 1 -44
-2 1 -5
-3 -2 35
-8 1 -23
-16 -2 -32
2 -2 23
-35 -2 -67
-23 1 -47
4 1 89
-4 1 -41
-15 1 -29
12 -2 -28
-5 1 -28
-6 -2 -39
4 -2 -36
0 -2 -74
-2 -2 64
-3 1 -88
1 -2 45
-8 1 -43
-8 1 -14
4 -2 -29
-33 -2 -64
29 1 -64
-10 -2 -20
1 1 13
20 -2 -55
-3 -2 -10
2 -2 76
-1 -2 -70
7 1 -16
-2 1 50
-5 1 -8
2 -1 104
-2 -1 101
0 1 86
-3 -2 -15
0 1 -39
0 1 -68
2 1 108
-20 0 -54
2 -2 -3
-16 -2 -27
-4 2 112
4 -2 95
-26 -2 -60
4 -2 -40
1 -2 11
-1 1 19
1 -2 37
1 -2 63
2 -2 90
8 -2 -17
11 -2 -40
-6 -2 -65
6 1 -30
-1 -2 23
13 1 -41
-1 -2 -25
-1 1 26
23 1 -54
-16 -2 -39
2 1 55
-15 1 -40
-2 -2 -32
-5 1 85
-15 -2 -24
-29 1 -62
-5 -1 110
-2 1 92
10 -2 -45
1 -2 -79
0 -2 84
-12 1 -47
-4 1 43
-22 -2 -50
6 -2 -34
13 1 -32
-12 1 -28
32 0 -64
-1 1 31
-1 -1 111
-9 -2 -30
1 1 -29
-3 -2 17
0 1 72
-2 1 105
12 -2 -21
-1 -2 3
-20 1 -36
-3 -2 67
9 -2 -34
-3 1 11
0 -2 69
-10 1 -37
-1 1 -51
22 -2 -50
-3 -2 41
-8 1 -26
13 1 -37
8 1 -49
-9 -1 113
16 1 -47
-2 -2 47
-5 -2 99
-3 -2 93
17 -2 -41
-15 1 -35
-1 -2 98
-7 1 -17
-4 -1 4
3 1 -55
13 1 -25
0 1 1
-1 1 -79
-1 1 7
-3 1 74
-5 -2 -23
-5 2 95
0 1 -16
13 1 -48
-1 1 -12
29 -2 -60
2 1 -25
-20 -2 -38
1 1 93
4 -1 98
1 1 -62
3 1 122
-1 2 -45
19 1 -50
11 0 -19
4 1 -58
-2 1 80
-3 1 -70
-7 1 -60
10 1 -42
14 -2 -39
3 -2 -22
-6 -1 120
7 -2 -41
-5 1 -15
2 -1 101
-2 1 -74
-6 1 -20
7 1 -42
3 1 6
25 1 -51
-3 -2 28
-3 1 40
0 1 -92
-14 0 -22
-31 1 -64
7 -2 -54
-29 -2 -57
-8 1 -53
2 1 -41
34 -2 -69
-4 0 -83
1 -1 121
22 -2 -57
-3 -2 -66
-27 1 -56
0 -2 41
10 1 -24
-21 -2 -44
6 1 -19
4 1 113
1 1 80
7 1 -33
-4 -2 -17
-4 -2 -60
-1 1 126
2 -2 52
33 -2 -66
1 1 -10
5 -2 -46
-3 -2 -2
-3 1 46
-2 1 87
-1 -2 -36
0 1 66
6 1 121
3 1 -72
-5 -2 -58
-5 -1 115
13 2 -27
-5 -1 30
1 1 57
-3 1 77
-12 -2 -23
-5 -1 107
17 -2 -35
15 -2 -30
-5 -2 95
-27 1 -51
-26 -2 -54
-7 -2 -62
3 -1 -7
2 -2 -70
2 -1 49
6 1 -50
13 -2 -23
-2 -2 10
-3 1 64
0 1 60
4 1 40
31 -2 -62
-7 -1 107
4 1 42
-5 1 101
-10 1 -31
8 1 -28
1 -2 -19
1 1 -78
1 -2 -54
-7 -2 -32
-10 -2 -44
-18 1 -41
13 -2 -45
3 -1 -11
-7 -1 104
-15 1 -48
4 -1 108
4 -2 -17
-18 1 -29
1 1 69
-16 -2 -36
-11 -2 -36
-9 -2 -18
-1 1 -60
21 -2 -47
-30 1 -60
-3 1 14
-4 1 -54
-26 0 -48
-32 -2 -61
-4 1 -33
25 -2 -53
0 -2 8
-16 -2 -46
-35 0 -68
-6 -2 -29
10 3 -41
2 1 117
18 1 -41
-6 2 108
-2 -1 119
10 -2 -18
-2 1 61
29 1 -59
5 1 -64
-3 1 71
-4 -1 15
-1 1 122
-3 1 0
-3 1 -21
-4 -1 23
1 1 105
1 1 48
-2 1 113
5 1 117
-14 1 -26
-4 1 55
-3 1 67
-25 0 -59
8 0 -14
24 -2 -48
2 -1 69
0 -2 95
0 -2 47
-3 1 32
19 -2 -51
-13 -2 -37
15 -2 -49
10 -2 -32
9 1 -37
-11 1 -21
16 -2 -44
-20 1 -46
3 -2 -62
-4 -2 -47
8 3 -45
-8 -2 -56
-4 1 20
-4 1 -46
-1 2 117
-2 -2 -88
-24 -2 -56
-29 -2 -60
0 -2 79
-4 1 25
-2 1 -43
3 -1 15
-1 1 38
3 -1 46
8 -2 -25
0 -2 -77
3 -1 19
14 1 -45
-6 0 60
0 1 -31
-6 -2 -35
-9 -2 -50
-4 -1 49
4 -2 -33
5 -2 -26
9 -2 -29
-2 -2 -38
-3 -1 115
-14 -2 -29
-6 -2 -41
3 1 -15
-1 -2 -8
-5 -1 -13
1 1 4
14 3 -30
3 1 99
2 1 -68
0 -2 -1
1 1 96
0 1 115
4 0 72
-5 -2 -76
5 1 -53
8 -1 118
19 -2 -38
-16 -2 -50
-5 0 44
1 1 -21
8 -1 122
0 1 -89
-12 -2 -17
-7 1 113
2 1 44
25 0 -61
28 1 -55
2 -1 113
0 -2 74
-3 1 5
-5 -2 -73
4 1 -37
4 -1 63
2 1 24
23 0 -59
-1 1 -64
-8 1 -33
15 0 -27
11 1 -39
-20 -2 -51
3 2 -46
2 1 77
-3 1 103
0 1 -13
15 1 -33
9 -2 -39
-3 1 -77
-3 1 -10
3 -1 3
1 1 -8
21 0 -41
17 1 -52
4 0 0
0 -2 -85
3 -1 56
4 0 34
-2 -2 -4
-5 -1 71
0 -2 58
7 -2 -51
-15 -2 -42
-3 -2 69
2 -2 -28
-3 -2 -28
3 1 103
12 1 -29
21 1 -53
-2 -2 -57
15 1 -38
26 -2 -58
0 1 -66
1 1 20
5 -2 -31
-6 1 -58
15 -2 -32
-3 1 84
31 0 -67
-6 -2 -68
25 1 -55
10 0 122
-18 1 -52
3 1 10
-1 -2 -96
-17 -2 -34
0 -2 -91
2 -1 85
6 -1 116
-4 -1 88
10 1 -48
3 -2 -66
-24 -2 -58
3 1 27
18 -1 -36
-4 -2 -80
-4 -1 54
-4 1 75
-1 1 -36
-12 1 114
-9 -1 117
4 1 119
-22 0 -41
-3 1 52
-4 -1 38
-3 -2 58
-1 1 110
-3 -1 126
-24 -1 -45
-17 0 -27
-4 1 17
-3 1 119
4 0 22
-22 1 -54
4 0 76
2 -1 -12
-6 0 99
4 -1 104
-3 0 -85
4 1 -49
-2 1 22
6 1 114
2 1 73
6 -2 -57
-1 1 78
3 -1 59
-11 1 -26
-17 1 -44
2 1 87
0 -2 21
-10 -2 -26
-23 -2 -44
13 1 -35
-2 -2 -20
3 1 -61
-7 1 -51
-1 -1 109
2 -2 -81
2 -1 -5
4 0 81
17 1 -31
-7 1 -42
15 3 -34
2 1 115
-8 -2 -45
-4 1 48
-2 -2 -34
-1 1 97
1 -2 -58
27 1 -62
-4 -2 -51
-6 -2 -49
-20 -2 -40
-3 -2 -24
-8 -2 -37
-13 1 -45
1 1 -3
-21 1 -48
-1 -2 17
-7 -2 -21
9 -2 -23
2 1 0
-2 1 -81
-33 -1 -66
-1 -2 5
-4 1 -4
2 -1 74
-1 -2 81
-11 1 -17
-1 -2 62
2 -2 8
5 1 -25
-2 -2 85
-2 1 -93
0 -2 29
2 -1 21
1 1 -27
2 1 -43
-5 0 67
-27 -2 -52
-12 1 -42
15 -2 -51
-2 -1 104
-3 -1 106
-4 -2 -38
-19 -1 -31
-2 -2 -54
0 -2 -81
7 -2 -43
0 -2 -44
1 -2 -72
1 -2 -52
-4 1 -63
-1 1 56
0 -2 -15
0 -2 -46
1 -2 -64
-14 -2 -32
-4 1 104
-4 1 -68
-1 -2 25
17 -2 -47
0 1 18
-5 -1 52
-6 0 12
3 -1 78
-5 1 87
27 -1 -55
6 0 -14
6 -2 -29
-9 -2 -15
1 1 7
-3 1 -52
3 -1 44
-9 -2 -40
9 -2 -37
13 -2 -37
4 0 67
3 -1 87
21 1 -46
-9 -1 120
-6 1 -36
3 -2 92
0 1 -46
0 -2 90
-2 1 -17
3 1 110
4 1 14
2 1 63
-5 -1 0
-2 -2 -12
7 1 118
-4 -1 28
-5 1 116
10 1 -44
-5 1 29
-16 1 -33
3 -1 61
-3 -2 63
-19 0 -34
4 1 -42
4 -1 113
-1 -2 60
3 -1 65
-7 1 103
3 -1 38
3 -1 83
2 0 -83
2 -1 13
-4 1 107
0 1 33
-2 1 -90
-3 1 -23
-4 1 114
24 -2 -52
9 -2 -15
-3 -1 109
-2 -2 54
0 -2 53
11 1 -35
-2 1 -40
-1 1 -85
-3 -2 73
-4 1 39
-3 1 -34
2 1 101
3 -2 -41
2 1 84
7 -2 -19
24 1 -49
17 -2 -50
13 -2 -42
-19 -2 -46
-25 1 -55
-12 1 108
-1 1 -56
4 -2 -27
-9 1 -16
-23 -2 -46
18 -2 -53
1 1 36
-4 1 91
-9 -1 -51
1 1 -56
-1 -2 34
-4 1 -49
-12 -2 -34
24 -2 -55
-21 1 -52
3 -1 10
0 -2 77
-1 1 44
21 0 -43
-27 -1 -61
-4 1 -7
3 -2 -74
1 1 -74
-10 1 -14
1 -2 -87
-4 -1 13
22 0 -45
29 -2 -63
5 -1 109
17 2 -45
-4 1 27
6 -2 -16
-5 -1 35
4 1 55
-5 -1 19
-5 -1 -9
-6 1 -24
1 -1 127
-8 0 -57
4 -1 -71
-5 -1 101
-3 -2 -84
3 -1 51
6 1 -59
5 1 -22
2 1 42
-6 1 -70
-8 1 -35
4 -2 -14
20 0 -55
2 1 67
-1 1 14
-6 -1 113
0 -2 1
4 -1 105
2 -1 28
-6 1 -39
7 1 -44
20 1 -49
30 1 -65
-28 0 -53
-16 -2 -48
-5 -2 -66
-4 1 86
3 -1 33
5 0 123
-1 1 107
-2 -2 -29
-1 -1 114
-5 -1 83
11 -2 -33
-12 1 -30
