-4 10 13
122 -9 -34
-124 -8 -34
76 -2 37
-78 -9 29
49 -9 -34
-52 -9 -35
121 10 14
-124 7 15
-1 -5 -35
39 -9 11
81 8 -8
-88 7 -13
-47 9 4
-30 -9 29
24 7 -15
-21 -9 -9
44 9 38
90 -9 -35
96 -9 14
14 -9 28
61 10 13
-111 -9 -5
-95 10 14
115 -9 -7
-95 -9 -35
-70 -9 3
-56 7 29
-28 5 -34
-108 -9 29
58 -9 -7
7 -9 -3
-63 7 -17
22 10 12
101 11 29
69 5 -31
116 -9 29
23 -9 -35
102 6 -21
-46 -9 -12
-6 7 -15
56 -9 29
-27 10 16
-110 6 -23
83 10 15
-73 10 15
-73 -3 -35
45 8 -2
-8 -9 24
-49 -9 16
73 -9 14
104 9 2
38 -9 -15
10 11 29
94 -9 -7
-93 -9 7
-122 8 -6
-34 7 -15
75 -9 -18
-76 -9 -16
-110 11 29
122 5 -18
33 -9 29
52 4 -20
43 10 18
-31 -9 8
35 5 -31
20 -9 10
122 -9 11
-13 9 29
-21 8 -1
-84 10 29
61 9 32
-117 -9 12
28 11 29
-18 -9 -26
-104 8 -4
9 8 0
9 -9 -21
-10 -9 6
-96 -9 -15
-64 8 0
-47 6 -26
-39 12 28
106 -3 -35
-62 -9 29
-36 -9 -25
15 5 -29
85 6 -27
24 -9 -6
-124 -9 -16
-124 -1 29
90 -7 30
-89 5 -29
122 7 29
65 5 -4
-60 -9 -21
55 -9 13
4 -9 14
-6 -9 -15
60 -9 -23
-93 -9 23
121 8 -2
111 -9 -21
-84 8 2
76 -9 0
-110 -3 -35
-19 6 -22
85 8 30
-54 -9 2
-58 10 15
-61 5 -33
-50 7 -11
-14 2 -35
108 -9 6
-111 9 9
-98 3 30
-76 5 -24
29 8 0
-47 -3 29
107 10 15
-70 3 30
73 -8 -35
94 -9 -21
-72 -9 17
118 5 -33
54 4 -34
8 5 -15
-110 -9 -22
104 -3 30
-124 3 -25
-26 5 30
62 -2 40
0 1 29
-124 -7 -1
-6 8 0
46 -9 -2
96 7 -9
-33 9 4
71 9 22
76 6 4
66 4 -18
-82 -9 -4
-84 -9 -28
38 4 -14
110 7 -10
35 -9 -27
-74 8 -8
-20 -9 15
89 9 3
9 10 16
22 -9 -19
2 6 -26
-104 -9 13
-41 10 15
73 -9 27
44 -2 31
84 -9 9
-34 -9 -5
65 -9 5
-28 -9 -35
-64 -9 -8
96 4 -34
23 -1 29
-123 11 28
71 9 40
-16 10 10
48 -9 -22
-61 -9 12
-101 5 -31
29 -9 18
95 10 18
-36 -9 18
34 -9 0
122 -7 -18
-99 5 -18
-37 -2 -35
-81 -9 9
11 -7 -35
-19 -5 29
50 9 26
60 -9 -35
104 -9 -12
33 10 11
-63 -9 -35
112 -9 18
-2 11 26
-106 8 19
47 -9 22
-48 -9 -24
51 9 7
24 3 -34
-96 8 3
50 -2 40
3 -9 25
84 -9 20
83 -9 -26
-124 -9 22
113 11 25
-124 4 4
77 4 -19
-71 -9 -25
-20 -9 2
-6 -9 -25
19 8 -6
-66 11 25
-113 7 -12
-113 1 29
82 -9 -9
-31 -9 -15
-11 -9 -5
122 -5 21
81 1 -35
54 5 -7
-119 1 -35
19 11 22
-103 -9 2
122 0 5
-35 0 29
-100 -9 -25
-41 -9 5
-16 7 -11
-11 -8 -35
39 9 29
-41 8 -6
-86 -1 29
122 -1 -7
112 5 -25
-74 8 4
-124 1 -15
13 1 30
-83 10 19
94 2 29
-49 11 23
87 7 -16
96 -9 4
40 -4 -35
-49 1 -35
-18 11 21
71 -9 -9
15 -9 -11
-37 6 -25
60 6 -26
1 8 -8
66 -3 30
-98 11 25
26 6 -25
102 -9 -27
-83 1 -35
113 9 6
-2 -9 0
43 4 -24
-8 5 -24
112 3 30
7 4 -34
-75 11 26
-94 -9 -5
-115 11 20
61 -9 21
34 8 21
11 -9 6
83 -1 29
2 9 6
-87 -9 -13
-124 -3 14
71 10 12
-55 -9 -7
-29 8 -7
60 9 23
13 -9 17
52 10 17
59 9 3
85 -9 0
35 1 30
104 -9 -2
-85 -9 18
4 -9 -13
-4 4 -34
-70 5 -31
-39 -9 29
-97 7 -10
98 9 9
-112 -9 20
70 -9 -25
-15 -9 -17
44 4 -34
16 -9 -27
18 9 3
121 -9 0
52 -9 -13
77 8 32
-119 -9 29
-65 10 10
-115 -9 4
29 -9 8
113 -9 -30
-73 -9 -6
-119 -9 -26
60 7 41
16 6 -20
37 5 -5
-112 5 -31
104 -9 20
38 -9 20
-30 11 25
-113 8 -2
-56 -2 29
-11 -9 15
-27 -9 -25
-91 -9 -23
122 -2 -29
-46 -9 -2
21 -9 23
-43 6 -18
-99 -9 29
31 -4 -35
56 -9 2
42 7 9
-21 -3 -35
-56 9 4
-25 6 -14
-63 8 -8
-9 11 20
-84 6 -21
56 -2 34
-29 6 -23
29 -9 -13
-54 -9 23
122 -2 29
94 6 -22
17 -9 0
49 -9 7
-25 9 6
63 -9 -15
-47 7 29
68 9 4
-59 6 -25
65 -1 -35
-41 -9 -32
96 -9 23
73 4 -12
-82 8 -6
106 5 -33
85 -9 -18
-62 -9 1
-96 -9 15
-124 -1 -7
4 -9 -30
-49 9 13
-91 -1 -35
-20 5 -30
-91 8 -5
58 7 -16
-124 -9 8
-78 4 30
-52 6 -19
121 11 22
-10 -3 29
75 5 -4
25 -9 -26
-107 -9 -29
122 3 18
99 -9 -35
-17 -9 22
-28 -9 19
1 -9 -20
81 -9 -35
-41 5 -32
114 -2 -35
-119 9 9
-120 -9 -9
-80 9 9
31 6 -19
77 3 -27
-105 6 -13
-58 -3 -35
-21 12 28
88 8 21
-62 -9 21
52 9 35
108 -9 27
10 9 7
-23 -9 -17
-39 -9 -18
-57 -9 -28
113 8 -2
21 8 30
-2 -9 10
-124 1 22
115 -9 -15
-114 -9 -15
-106 -9 -15
-102 9 10
93 12 28
-101 -9 22
-116 -8 -35
-45 -9 24
69 9 29
81 8 23
27 10 18
-92 6 -22
-81 -7 -35
-9 9 7
17 -2 -35
-105 5 30
-88 -9 1
54 -9 -27
96 8 0
-34 10 18
103 7 -13
-87 -9 29
-53 8 -4
114 10 17
122 6 -9
31 7 -9
-124 -3 -22
122 -9 -10
4 7 30
-89 9 9
90 7 -4
38 6 3
82 -9 29
89 -1 -35
111 6 -17
-103 -9 -7
-27 -9 -3
-4 -7 30
67 -9 -2
-68 6 -23
65 -9 14
-118 6 -22
-57 10 22
-69 -8 30
50 5 -27
-92 11 29
-77 7 -15
-14 9 1
52 8 0
94 -9 -28
77 -9 7
25 -9 2
26 -9 29
114 -9 1
2 6 -19
48 -9 29
-2 -9 17
-49 -9 9
69 -9 21
91 9 11
122 -9 -25
102 11 20
99 5 -28
-62 3 30
44 -9 -28
38 -9 -6
-85 -9 -21
-66 -1 -35
44 5 -8
16 6 -13
120 9 6
54 -3 -35
-39 8 8
-105 9 3
9 5 -24
-5 6 30
40 -9 -22
-65 -9 -16
1 10 19
69 0 41
-120 7 -13
1 8 0
83 9 7
-95 5 -34
-105 -3 29
6 -4 29
43 4 33
-39 -9 12
-19 3 30
102 3 30
115 -9 10
-6 7 -8
12 10 22
-53 5 -29
-35 -9 -35
-40 9 2
-18 -9 -34
76 -9 -29
-2 -9 -9
-88 -7 -35
67 -9 -31
-56 6 -13
-8 -1 -35
101 8 -6
-70 -9 10
-70 -9 -32
95 -9 -13
52 -9 -6
86 5 -34
-78 4 -30
-103 5 -24
-70 7 -3
-124 8 22
65 5 -11
76 -3 30
-65 10 16
26 9 6
91 -9 10
-103 -4 -35
-78 -9 -25
-28 -2 -35
-27 -2 29
72 -1 -35
-56 -9 -14
-39 -9 -11
-91 3 30
48 -9 15
54 -9 22
-13 6 -17
54 3 41
78 7 11
-64 -9 -28
104 -9 13
-108 -9 6
108 8 30
4 -9 6
33 -9 -19
51 -3 30
-93 11 20
49 4 -14
71 3 -23
17 10 16
12 8 -7
-124 -1 0
-76 -9 22
-56 -9 16
-94 -5 29
-35 -9 2
-70 7 -14
83 8 -2
122 -1 -21
98 -9 29
-14 -9 29
-34 7 -3
29 -3 29
62 5 -32
-97 6 -26
116 6 -13
-104 11 28
20 -7 30
42 -9 27
-71 11 21
44 -2 38
89 -9 16
122 1 12
102 -9 6
100 -1 -35
-76 -2 29
-12 -9 -23
-71 -9 -12
22 -9 -12
44 4 -17
75 5 38
118 -9 16
-78 -9 16
54 -9 -21
-54 -9 29
-123 -9 15
-49 -9 -17
67 9 35
79 -9 17
65 -9 27
44 -9 -11
40 -9 4
60 -4 29
-124 -1 8
-124 -3 -30
-46 7 -3
6 11 23
-119 3 30
23 8 0
-23 -9 27
75 8 17
38 3 -21
120 5 -27
42 8 24
-32 5 -29
30 4 -34
122 1 24
21 -9 16
-25 -9 10
107 -9 -31
-43 -3 -35
-12 3 30
-28 8 0
-116 -9 24
104 8 8
98 7 -16
57 9 9
-32 7 30
56 9 27
-22 10 12
106 5 -27
32 6 -25
27 5 30
80 5 -13
36 -9 -34
15 -9 -20
48 -1 -35
-88 -9 -6
-81 -9 2
-97 -1 -35
118 -9 22
78 -9 23
-116 11 29
100 9 14
109 -9 -7
-40 -9 -5
-27 -9 3
-119 5 -29
-77 7 -3
113 5 -32
105 -9 -22
12 1 -35
-100 -9 7
9 -9 22
-29 -9 -9
-118 -9 -2
58 -9 8
89 -9 23
-18 -9 8
-13 8 -5
46 10 12
31 -9 24
-16 -9 -11
-50 11 29
20 4 -27
-107 2 -35
122 0 -35
-9 3 -31
117 -9 -22
-12 10 16
18 5 -34
67 9 18
-25 5 -28
-71 9 9
44 9 4
66 7 41
-113 9 14
-88 11 25
58 6 -3
80 4 29
-21 8 -8
-113 -9 -30
38 7 14
63 8 7
-14 5 -26
-39 7 -13
-55 10 10
-114 -7 29
122 3 0
-88 -9 10
-42 3 30
-52 3 30
-34 4 -34
-31 -9 14
34 -9 14
71 -9 3
-66 -3 29
31 -9 -5
71 8 -1
-68 9 4
-93 7 -16
-31 9 9
-25 11 22
-62 10 29
102 -9 -17
-8 12 28
122 -3 -2
-68 -9 23
-54 -9 -22
62 -9 0
98 -9 -1
108 11 23
-124 4 10
-118 -9 18
39 2 -35
122 -9 27
116 9 29
89 7 -11
93 5 -29
-100 10 19
-31 -9 -29
116 -1 30
89 -9 -14
-75 -9 -35
-55 3 -34
-92 -9 -11
-82 7 -11
-59 8 -4
76 9 26
-41 -3 29
-39 11 21
107 8 -5
7 7 -9
-19 7 -16
-84 5 -27
-118 9 3
116 8 -8
-44 10 10
-107 -9 24
-99 8 -5
-4 6 -20
-60 -9 6
62 -9 -28
88 -9 -25
-4 -9 -31
103 -9 28
-10 -9 -29
87 3 29
87 -9 -6
2 -9 -5
-10 -9 -11
-90 9 3
-95 -9 0
116 6 -20
96 -3 29
-43 -9 18
15 9 10
-109 -9 -35
-45 11 27
12 -4 29
-3 9 7
71 -2 33
-64 5 -28
33 9 6
27 8 -5
2 10 12
113 10 11
-113 6 -18
10 -9 -10
122 -5 6
-85 5 30
30 11 24
70 -9 10
11 6 30
-43 -9 -25
-90 -9 18
-76 -9 11
-39 -9 23
-99 -9 -19
-91 -9 -29
109 -4 30
99 -9 -9
81 -9 2
95 -4 -35
-68 8 -8
-110 -9 -11
54 -8 -35
16 -9 6
-3 -9 23
-44 7 -11
4 -4 -35
70 -9 -17
-5 -9 5
-79 -9 -9
16 -9 -5
-8 -9 0
122 -2 -15
-89 -9 -18
-22 -9 -29
-65 -9 16
-107 10 12
16 -9 22
47 -9 -17
-67 7 29
-78 10 15
21 6 -22
-45 10 20
83 6 -22
-85 -9 24
-76 -9 3
34 -9 8
44 -9 -34
16 -9 -33
9 -9 28
76 -9 -9
-124 -6 29
0 -9 -25
-4 -9 -20
47 4 40
-76 2 -35
15 8 -2
33 7 -14
-88 10 14
116 -9 -35
46 9 33
55 5 -29
31 -9 -33
-35 8 -8
-62 9 6
-119 -9 -19
25 -4 -35
78 -4 -35
65 4 -24
-124 -4 25
48 8 21
-112 8 -7
60 -3 -35
107 -9 -16
-15 -9 -2
-66 -9 6
34 -9 -9
-124 -7 -26
89 -9 3
-107 -9 -2
85 -9 -31
-99 -9 -31
-115 -2 -35
20 -9 -24
-82 11 24
-124 3 -33
-87 5 -33
16 11 26
-123 5 -20
93 11 23
-10 7 -11
-119 11 23
-95 10 9
43 5 -29
-35 -7 30
89 10 16
-47 5 -31
-121 -4 -35
-57 -9 -35
52 9 40
-62 10 21
-108 4 -27
53 7 -15
73 9 7
-104 11 23
-124 5 29
-112 9 4
-52 5 -24
-82 -5 29
-120 10 17
27 -9 13
-31 2 30
122 -5 16
-121 -9 4
-109 -9 15
-105 -9 -23
-26 -9 -13
-22 -9 -23
28 -9 -21
-45 -9 -20
-64 -9 -23
109 -9 -26
110 -5 -35
-68 -9 -4
106 1 30
-13 -3 -35
117 -9 5
62 -9 10
92 -9 -2
8 1 29
-12 -9 20
-60 -9 -4
2 1 -35
-23 -9 21
19 3 30
66 -2 35
73 4 -34
-97 9 29
15 -9 12
-46 -9 -35
119 -9 -30
27 5 -30
-105 6 -19
101 4 -33
-102 7 -9
-57 6 -20
108 6 -22
33 10 28
-124 -6 -7
5 8 -4
-109 11 21
-21 9 4
98 11 25
-72 6 -20
-70 12 27
-78 11 20
-12 8 23
24 11 27
77 2 33
77 5 -9
-41 5 -27
94 9 6
60 5 -9
-60 9 11
52 9 12
3 5 -31
-35 11 23
-108 8 0
81 5 -29
61 -2 35
-54 8 -8
-4 11 21
-72 5 -27
122 5 9
-88 6 -18
-79 9 4
48 5 -4
89 6 -21
58 10 17
-37 5 30
89 -3 29
84 -9 14
44 -9 6
-101 -9 -14
-49 -9 25
111 -9 14
-72 -9 -21
-6 1 30
120 12 28
0 -9 -14
-2 7 -12
9 -9 2
50 -9 -1
-9 -9 -19
-37 -9 7
65 -9 -10
-124 4 -2
-117 8 -6
-6 -6 -35
14 -9 -15
65 9 26
-51 8 8
33 10 16
-51 9 1
79 6 0
57 6 -21
56 -9 -16
-81 0 29
-6 -9 12
93 -9 18
-94 -9 -19
42 -9 15
-27 -9 24
-111 -9 1
73 -9 -5
79 -9 -5
73 -9 -13
-5 -9 -5
122 5 4
118 -5 -35
-28 -9 -19
108 -9 21
-105 -9 19
74 -9 20
-16 -9 12
7 9 4
-101 2 -35
-35 10 14
96 7 30
-24 6 -20
-53 10 16
29 10 14
49 5 -34
-33 6 -19
-34 11 28
-80 9 29
58 -1 41
-22 10 16
11 -9 -27
-80 -9 -20
-44 -9 12
-81 -9 24
-114 -9 -25
4 -9 18
27 -9 23
4 -9 -23
-49 -9 -29
-122 -9 -22
-43 -9 -8
85 -2 -35
-22 -9 -2
122 3 -5
-10 6 -20
36 -4 29
-52 -9 -11
-49 -9 -6
-8 -9 18
21 -9 -2
-19 -9 -15
0 -4 29
-56 -9 -2
108 9 2
5 -9 -8
121 -9 -5
73 4 -17
-79 -2 -35
-49 -3 -35
89 -9 -20
3 -9 -35
-120 8 -1
-91 -9 29
24 11 22
-52 -1 29
-56 3 30
33 1 -35
42 -9 20
-44 -9 29
38 8 24
40 1 30
4 -9 2
58 -9 -12
-119 -9 -14
66 8 0
23 -9 -30
-60 -9 -14
32 8 -5
-30 10 20
21 9 7
-88 5 -24
