-43 -2 -32
123 -8 32
27 -5 34
-110 -3 34
74 -7 -33
-111 -2 -33
-40 -7 34
16 5 -25
75 -2 17
123 -8 -18
-76 3 1
-9 0 8
43 4 1
-77 -7 -33
-76 -8 33
-42 4 2
-109 4 0
106 3 7
-12 -7 -33
43 -6 -33
97 4 -20
0 -7 33
96 -5 34
18 -1 9
54 -6 33
67 -2 -7
-21 4 -12
-62 4 -19
-91 4 -17
-93 -2 17
-22 4 27
-58 -2 20
0 -2 -12
123 -9 4
87 4 -2
109 -6 -33
31 -2 -12
56 3 15
57 4 -24
-105 -8 -14
37 -2 18
-58 -2 -2
110 5 24
10 4 24
6 -7 -33
112 4 -10
-39 3 -16
-59 -8 -33
-34 -2 16
74 -8 34
-93 -8 33
-111 -3 16
-27 3 -30
92 -8 -33
23 -8 -33
15 4 -7
-74 4 22
91 4 15
-93 -3 -32
-93 4 0
80 -2 -18
-24 4 4
48 -2 -12
-77 -2 -14
-4 4 -25
-16 -8 34
-5 3 23
-56 -8 34
59 -8 -33
121 -6 18
99 -2 -6
4 4 2
-46 3 25
57 3 1
-81 4 -26
27 4 0
23 1 22
123 -8 -31
109 -8 34
64 -2 25
-64 4 10
-104 -8 4
-89 4 28
29 1 -26
14 -8 34
85 -2 26
41 -2 32
-102 4 26
3 -2 14
113 1 -23
-103 4 -22
-50 4 12
-20 -1 15
-68 2 -30
-51 -2 -18
68 -2 6
-32 -8 -33
-54 4 -29
-15 -2 -3
68 -1 -23
-84 4 12
101 -2 20
-49 4 -8
-66 -2 29
-67 4 -8
-34 4 28
-14 -2 -21
41 -2 -22
7 -2 -22
83 -2 7
-33 -2 -1
86 4 -25
-29 -2 -19
-104 4 11
120 -6 -7
29 4 12
-109 4 -12
49 -2 23
-28 -4 33
115 4 14
-87 -2 -6
96 -2 7
-9 4 -13
90 -2 -12
35 -2 6
-99 0 -10
49 -2 7
115 0 1
58 4 -12
-104 -8 26
-15 4 -30
-72 -2 12
21 -2 -19
-111 -3 -22
96 4 28
44 4 13
78 -2 -7
-104 -9 -28
-84 -2 21
-86 -2 4
-5 2 -3
-15 -2 23
106 -2 -16
101 -2 -29
-31 3 -10
14 -2 -32
39 -2 -7
65 0 15
87 -8 34
84 -2 -32
-51 -2 4
-46 4 -24
13 -2 18
-109 -5 -6
-22 -5 -33
10 4 11
9 -2 -4
-35 4 -25
19 -2 -2
4 3 -29
-8 -2 30
9 4 -15
-71 4 -21
-95 -2 7
-43 -2 14
-60 -2 -12
65 -7 33
50 -2 -27
-96 -2 -21
34 -6 -33
-83 -2 33
-87 -2 -24
48 -2 -2
-69 -2 0
117 -3 26
-65 4 22
-3 -4 -33
106 4 -2
-26 -2 22
116 -3 -15
59 -2 8
-79 4 -7
17 -2 28
-22 4 -22
3 0 28
117 -3 9
-37 -2 7
31 -2 25
-86 -8 -33
24 4 -12
74 -2 27
-18 -2 6
-102 -2 20
-27 4 14
-92 4 -26
108 -2 15
105 -1 29
14 4 3
-46 -2 -3
-50 -2 31
93 -2 -25
97 4 1
66 -2 -31
1 4 -18
46 4 -20
-95 -2 27
83 4 -11
100 4 14
63 -2 -16
57 -2 -6
-6 -2 -18
-5 -2 16
3 4 -6
-52 -3 -33
83 -2 17
-111 -2 25
117 -3 -30
-82 4 -17
-69 -7 -33
-28 -2 7
101 4 -12
35 -8 34
-50 -2 19
-38 -2 -8
-1 4 11
-15 -2 -11
76 -2 2
-102 -3 34
21 -2 -27
-24 4 -5
-69 -2 -15
105 4 -23
10 -2 6
31 -2 -2
-40 -2 26
46 -8 34
54 -2 -19
109 -2 -6
19 -2 -11
65 4 1
80 -2 33
25 -2 6
-103 -2 -1
-57 -2 29
78 -2 -25
-110 -4 7
-56 4 6
87 4 7
93 0 22
-80 3 27
-76 -2 -24
-80 -2 10
-41 -2 -22
1 -2 6
-16 4 10
-74 -2 -6
-84 4 0
-34 4 3
-45 -1 -12
-54 -2 12
93 -2 0
-74 -1 28
-40 4 10
-105 -8 16
-75 4 9
73 -2 -13
-55 4 -15
33 -2 -20
-95 4 22
24 -1 14
-58 -2 -21
-91 4 -7
-10 -2 -27
-105 0 -28
-69 -2 20
-39 4 22
-65 4 1
-87 -2 -15
-101 4 3
-16 4 2
49 -2 15
92 4 -7
-63 -2 13
-62 -2 5
7 -2 22
14 -2 -24
7 -4 34
30 4 -17
116 -4 34
83 4 13
-60 4 -6
118 -4 -22
-11 4 27
1 -2 -2
16 4 -17
-57 4 13
-63 -8 34
-34 -2 -30
-25 -2 -12
106 -2 1
42 -2 24
58 -2 -29
-21 -2 30
-35 -2 32
1 -2 -26
-23 -2 0
123 -9 25
-81 -2 -2
58 -2 19
109 4 -17
-93 -2 -4
95 -2 -18
-51 3 -1
-88 -2 11
-99 -8 -33
89 -2 11
30 4 -7
-38 4 -5
52 -6 -33
-47 -2 -26
-52 -2 -11
-84 -2 -30
-16 4 -6
65 4 -26
-15 4 -17
-70 4 15
42 -2 7
-21 -2 -26
21 4 28
-73 4 -14
-98 0 -27
89 4 -15
-8 -2 -8
-46 -8 -33
-12 1 15
9 5 -24
114 -2 20
11 -2 -12
22 4 5
32 -2 14
17 4 14
-9 -8 33
102 -8 -33
-61 4 -27
-108 3 22
41 -2 0
-47 4 -17
-103 -2 -19
-4 3 4
-100 4 -4
38 -2 -29
-94 4 9
23 4 -23
-29 4 22
-58 -2 -31
51 4 5
62 -2 0
-22 -2 -18
-99 4 -16
-52 4 27
103 4 22
82 -2 -1
76 -2 11
-75 2 -30
-87 -8 34
62 4 7
69 -2 32
-104 -2 8
39 -2 -14
0 -2 22
57 -2 29
108 -2 -28
22 4 -4
-29 4 -18
-111 -3 0
86 -2 -25
99 -2 13
-81 -2 -19
112 0 7
-93 -2 -11
89 -2 31
-43 4 -30
-99 1 15
28 -4 -32
4 3 23
-76 -2 21
67 -8 -33
-109 4 -24
-33 -2 22
-47 4 6
-10 4 1
60 4 -18
-66 0 -21
95 4 10
-71 -3 34
93 -2 16
-14 4 -24
48 -2 33
-67 4 28
-31 4 9
-32 4 -3
-68 -2 7
107 -2 23
-47 -8 33
-86 -2 27
50 4 12
-33 -1 -14
86 0 -19
23 -2 29
-75 -2 5
84 -8 -33
-110 -2 -14
-86 4 23
119 -4 2
-108 2 28
-108 -6 21
-109 4 15
8 -2 -29
-4 3 -10
10 -1 29
-43 -2 6
112 -1 28
-82 4 6
-55 4 -21
-62 4 -12
-105 -1 -10
-70 4 6
100 -2 -13
17 -8 -33
-38 -8 -33
-67 -2 -6
-11 -2 1
123 -9 -25
-6 4 14
62 -2 -24
100 -2 -21
-43 4 -9
-38 -1 1
70 -2 0
95 -2 -31
114 -2 -9
-36 4 14
-44 -2 21
106 0 -10
-89 4 14
43 -2 17
15 -2 2
72 -2 -29
116 -8 -33
-73 4 -5
-106 -7 -21
-64 -3 -32
-43 -2 31
100 4 -6
48 -2 -20
22 -8 33
110 4 2
-8 -2 22
-108 4 -6
103 -2 7
123 -9 13
-89 -3 33
85 -2 -10
-20 0 22
99 0 26
54 -2 4
91 -2 -6
45 4 7
56 -2 -11
-30 -2 -25
-73 -3 -33
35 -2 31
-28 -4 -33
19 -2 19
-81 -2 -10
25 -2 -2
71 -2 22
78 -2 -31
-21 4 -29
-27 -2 -6
25 -2 -10
46 2 -27
-54 0 -6
-28 -2 16
-28 0 28
102 -5 33
-107 2 6
27 -2 -20
92 4 -24
-95 4 28
12 -2 -18
1 -2 -18
-32 -8 33
15 -2 33
62 4 16
91 3 1
-62 0 25
-86 3 -12
112 4 -4
-74 -1 -19
-19 -2 -7
67 4 -21
9 3 0
-34 0 -21
-91 -1 22
-40 3 28
-104 -9 33
-15 -2 10
-86 3 -22
-3 -2 11
-57 4 -1
3 4 -13
108 -2 33
27 -2 19
123 -8 -2
-104 -2 28
121 -6 -13
62 -2 31
6 -1 -10
-5 -2 -24
-29 4 -24
-40 4 -21
-77 4 -19
103 2 -18
-52 -2 24
-49 -2 10
-59 -4 34
-29 1 0
75 -2 -20
-99 -2 -33
-107 -6 -32
19 4 23
96 4 22
-67 4 -16
99 -2 2
-21 4 14
9 3 5
7 -2 1
-77 -3 32
-85 4 -29
-6 4 28
-5 3 -17
-16 -2 -30
83 1 3
-89 2 6
-109 -5 -27
108 -2 -21
8 4 -9
-9 4 -22
-105 -8 -7
98 3 -25
100 3 7
-104 4 -9
57 4 10
24 4 -18
4 3 -22
30 0 8
108 4 12
59 -1 14
95 0 -10
9 -2 15
-13 -3 32
71 -2 14
74 -2 -4
80 -2 21
45 -2 -8
-99 -2 4
-105 -2 16
-79 -2 15
-107 -6 11
-74 4 28
5 -2 9
-10 4 -27
-92 -8 -33
87 -2 -2
-2 0 27
-105 -8 -1
61 -2 -11
-6 0 -29
14 4 28
117 -2 -4
33 -2 -27
54 3 -16
2 -2 -31
-91 -2 -19
-53 -2 -1
30 -1 3
17 -2 14
-86 3 -6
-80 -2 25
-40 -2 -27
22 4 11
-70 4 0
19 4 0
-94 4 -13
-75 4 -24
115 4 -18
-45 4 14
84 4 -19
-67 4 -25
-11 2 -6
-95 3 -21
-97 -2 22
-51 3 22
-55 -2 6
105 -2 -33
114 4 6
-5 -2 5
3 4 14
91 2 27
89 -2 -29
-84 -1 15
-25 4 9
-24 2 -17
36 -2 12
97 -7 -33
-99 4 8
-40 -2 -13
44 -2 -29
30 -1 -7
52 3 -25
115 -9 34
115 -1 15
96 4 -15
-64 -2 21
-104 4 -17
-108 0 -19
65 1 10
-33 -2 11
-75 -2 -1
-45 4 -5
-99 -7 34
51 1 1
68 -2 -15
36 -2 26
20 -2 -32
59 -6 34
-63 -2 -1
-26 3 -10
92 1 -19
14 1 -3
1 -8 -33
12 -7 -33
87 4 -7
-50 2 -21
-54 -8 -33
10 3 -29
-40 -2 -3
-14 0 5
-95 0 3
95 -2 29
-1 4 0
-88 -2 17
-46 -2 -19
40 -8 33
-6 -2 -13
79 -8 -33
-81 -8 34
-49 0 15
-32 3 -30
26 -2 25
-65 0 -12
78 -2 -12
-103 -2 -14
-15 -2 17
-12 -2 -16
85 -2 33
-81 1 22
-73 2 -9
-10 4 22
-59 0 -16
14 -2 23
-2 -3 32
103 0 16
-88 -4 -33
-1 3 -29
-89 0 -28
-34 4 -18
-89 1 -3
-10 -1 -22
90 -2 4
-35 4 -13
32 -2 19
-1 -2 -7
110 3 16
87 1 16
-78 -2 -29
52 -2 28
-7 -6 -33
-15 4 -12
-48 4 -28
19 3 -9
47 -2 28
36 -2 -3
-38 -2 18
62 -4 -33
51 -2 -6
-69 -2 25
55 -2 -24
101 1 -1
-33 0 6
122 -7 8
-5 -2 -1
-106 -2 2
13 4 -12
115 2 23
-54 4 -9
-75 4 14
-70 -2 -10
14 1 -28
-29 3 5
-11 4 10
29 2 -12
-61 0 9
-109 0 -4
-23 4 22
93 -8 34
-94 -3 32
-108 -6 28
-19 2 -1
-12 -2 -32
81 -2 29
89 -2 18
-33 -1 28
30 4 5
120 -6 -28
-38 -1 -18
75 -2 33
-97 -2 -13
-98 0 -1
-67 0 15
-49 -2 -7
-24 -2 9
-91 -1 28
36 -2 -11
-38 4 6
-16 2 14
3 4 8
-47 0 1
80 -2 13
0 4 -23
105 -1 11
-20 2 -8
59 0 -21
-39 2 -9
-33 -2 -9
13 0 8
4 4 27
-43 2 -18
-81 3 -21
79 -7 34
54 -2 10
48 2 16
120 -5 13
20 4 -28
-38 4 -29
-20 -6 33
5 0 -4
38 -8 -33
48 -8 -33
-23 0 -30
10 0 -24
-61 4 6
105 -1 -24
-81 2 -3
-49 1 -12
-86 2 -17
-79 1 4
-1 4 -5
48 -4 -32
89 4 12
-64 1 -6
51 1 -21
-58 -1 15
-6 4 9
-26 1 -21
-31 1 15
16 0 -18
103 3 28
66 -2 19
-54 2 11
-68 1 -3
13 2 14
-54 -2 17
-16 -2 28
42 -2 -18
43 -2 -12
-67 -5 33
-95 -2 12
-54 -2 33
91 4 22
55 -2 -1
-81 -6 -33
-13 1 0
-70 2 11
-35 1 10
50 -2 -17
-85 0 8
-71 1 23
-12 -2 27
42 0 12
113 4 28
106 4 -13
95 3 15
25 4 -27
-5 1 -21
10 2 -18
89 4 -21
-1 4 24
7 -2 -15
115 1 -13
20 -1 5
82 -2 -27
-51 -2 -23
-99 4 -24
-63 -2 -19
114 -2 -24
-69 -2 -30
30 -2 31
105 4 -7
-99 -2 29
123 -9 -8
8 0 25
0 -2 17
109 4 -22
104 4 12
83 2 9
-17 0 -18
89 -6 -33
69 0 -27
-102 2 22
48 0 4
-36 3 0
-46 -1 28
-25 0 13
94 4 -2
-52 0 -30
-26 -8 33
-40 3 15
-99 0 -19
60 -1 3
-111 -3 12
-109 0 -25
19 -2 -23
25 -2 -28
64 0 -21
-63 -7 -33
112 -3 -32
89 -2 24
-29 2 -6
-35 0 -4
119 -5 -18
-54 0 -21
-6 -5 34
-45 0 -8
-104 4 -28
57 4 5
-90 3 -12
27 2 -4
-104 4 -1
-110 -2 21
104 4 3
97 0 -3
-80 2 -12
19 4 -21
83 2 -3
54 -2 16
108 0 4
-47 -2 -31
108 0 -1
83 -1 -6
13 -1 -8
-29 -1 -13
25 3 15
101 -2 30
-42 -6 -33
-16 -6 -33
-16 -2 -25
-28 -2 -2
-90 -2 5
73 -2 -24
-26 -2 -24
35 -2 -15
57 -2 23
72 -2 6
19 -5 33
-73 -8 -33
-103 -6 -33
123 -8 21
-98 -2 17
-75 -2 17
83 1 -14
-109 2 11
-51 4 4
-21 0 -12
-91 4 22
-48 2 29
-10 2 -18
-46 4 0
115 -1 -20
-42 2 6
37 -2 -23
84 -2 21
66 -2 -3
38 -2 3
88 0 7
-23 -4 34
49 -2 19
119 -5 23
-63 4 -23
-47 0 22
-53 -2 29
98 -2 -26
24 -2 -24
5 -2 -26
74 -2 -8
-36 -7 34
-72 -2 7
-25 -7 -33
-37 -4 -33
60 1 -14
-46 -4 34
-90 -2 -1
71 -6 34
-28 4 26
-108 -6 33
89 2 -11
61 2 1
13 1 -22
-60 0 0
93 0 9
-24 0 26
10 3 28
-37 -2 23
-44 4 -14
109 2 28
55 -3 -32
32 2 15
17 -2 -29
-85 2 28
-84 0 -1
-10 0 -12
-29 4 -13
4 0 -15
-10 -2 -3
114 -1 11
-42 1 0
67 -2 12
120 -6 31
-63 4 28
45 -1 -24
-42 0 11
-52 4 -24
-22 2 10
18 4 10
37 -5 33
8 0 11
-93 2 14
-52 4 -5
-49 0 -3
25 3 9
-18 4 24
-52 -6 33
89 1 -3
-50 -2 -14
7 -8 33
-33 3 22
96 -2 18
32 -2 10
101 3 -22
-66 4 6
11 1 22
45 -2 5
-106 -2 -31
-35 4 -7
-30 -2 2
69 4 -24
-70 -2 -21
0 0 2
56 4 -20
-96 1 -6
-90 4 -29
-56 1 -12
108 0 -13
-18 2 28
-2 0 -16
28 0 14
65 0 1
-102 -1 24
-2 4 15
-19 4 5
-51 3 8
-36 0 14
-100 -2 -7
19 4 -13
47 4 1
114 0 -5
-102 -1 13
-41 4 -25
22 1 -1
-11 1 -30
-19 -2 19
-81 1 12
8 3 -5
64 4 13
52 4 16
104 4 16
-107 -6 -9
18 4 5
-77 4 -14
108 -2 8
-89 4 -21
-105 -2 22
-19 -2 0
-111 -3 -18
91 3 7
119 -5 6
-94 0 -29
-58 -2 3
83 0 -23
109 -2 -10
61 1 10
5 -2 -18
-59 4 -22
