-71 -3 -9
116 1 33
35 -3 -45
3 -3 33
114 -3 -45
-122 3 33
-120 -3 -45
59 -3 11
-24 -2 -44
-46 -3 33
7 2 -11
75 0 -30
-112 1 -6
106 -3 -6
-31 -3 -5
-84 3 29
-81 -2 -45
35 3 32
83 3 33
38 0 -13
-52 0 -32
5 -3 -42
-20 3 21
23 -3 9
80 2 -5
-100 1 -28
-53 2 10
-90 -3 5
99 4 16
98 0 -27
59 3 33
-17 1 -23
-1 2 10
58 -2 -45
60 0 -14
-104 3 20
21 -3 -28
-122 -1 -24
-122 1 12
89 -2 -45
-65 -3 27
-51 2 -10
80 -3 15
-71 1 -28
41 3 6
116 -3 11
-12 -3 -4
116 -3 -22
-73 2 11
-88 1 -15
-35 1 -27
50 0 -28
-36 -3 13
20 -3 26
-102 -3 -45
-63 -3 -45
99 -3 33
46 -3 21
-41 -2 -44
-1 1 -27
-29 -3 33
23 1 -7
85 -3 -19
-98 -3 33
-13 -3 33
70 -3 27
74 -3 -45
-10 -2 -41
93 3 2
20 -2 -44
35 0 -29
-20 3 6
50 -3 -4
12 3 3
8 3 21
-84 0 -30
33 3 17
-103 3 6
66 1 -1
-61 2 -1
-6 3 23
95 2 -12
-45 3 21
-89 -3 18
-80 2 0
-112 -2 -34
-111 -3 33
-59 1 -20
-39 2 -14
-109 1 -19
-41 3 1
90 -3 23
-5 1 -15
109 0 -33
108 -3 21
-96 -3 -7
73 0 -15
101 -3 -44
87 0 -33
63 -1 -27
-122 -2 -11
47 -1 33
69 2 16
-116 3 22
-56 3 33
-23 2 -13
32 -3 -2
107 3 6
27 0 -18
-32 3 23
0 -3 0
57 4 20
-11 -3 11
12 3 32
-77 -3 -19
-78 -3 21
-57 3 21
47 -2 -41
-73 3 33
105 1 -18
10 1 -22
-22 0 -33
75 -3 4
-122 0 0
-92 -2 -41
12 0 -33
-62 -3 13
116 -3 0
91 -3 11
116 -1 -11
20 4 18
-33 -1 -37
-49 -3 0
-47 1 -21
48 0 -18
-99 1 -18
-113 1 6
-84 2 11
52 3 4
78 3 23
-75 -3 -37
-63 0 -35
24 3 33
10 -3 11
66 -2 -37
-38 3 33
30 -3 25
-60 -3 -10
-8 3 3
-20 3 31
-53 -2 -42
85 -3 2
27 -2 -37
87 -3 -8
106 3 31
-31 3 3
-67 3 20
97 3 25
61 -3 26
-26 -3 15
-87 -3 -5
-10 0 -31
1 -3 19
42 2 -4
-42 0 -34
-96 2 13
-95 3 26
14 -3 -5
-71 -3 3
-108 -3 14
105 -3 12
-39 -3 25
56 0 -36
34 -3 10
42 4 15
-52 -3 26
-46 -3 13
74 3 33
115 3 23
-4 3 33
-105 3 30
-67 -3 -19
39 3 24
-29 1 -19
87 4 18
-121 -2 -35
-40 -3 -6
-21 -3 -4
97 0 -36
-111 -3 -45
-80 2 -10
-14 -3 24
96 -3 -4
18 -3 -19
-95 3 0
-79 -3 33
-103 2 -9
89 -3 33
-89 -3 33
58 -3 2
-84 4 20
40 0 -36
102 -3 3
45 -3 11
-72 -2 -45
79 -2 -38
109 3 16
-92 1 -23
-1 2 -7
-3 0 -36
73 -3 -4
-12 4 16
50 3 26
39 -1 -22
68 2 7
3 1 -19
83 -3 27
-57 -3 4
30 -3 -11
-25 -3 25
90 1 -24
56 2 -7
85 2 9
26 1 2
-103 0 -36
65 -3 33
-14 2 -11
81 1 -25
45 -3 -10
53 -3 16
17 2 10
38 -3 18
4 3 28
-92 0 -32
39 -3 30
10 -3 26
-64 2 7
99 -3 21
-82 -3 5
-3 -2 -45
-15 -3 4
-72 2 -3
-25 -3 5
-32 -3 -13
-4 -3 28
82 2 -13
16 -3 19
33 3 5
65 3 25
31 -3 33
-38 4 17
-65 2 -12
24 -3 18
69 -1 -22
-8 -3 18
-70 -3 17
-9 1 -22
-108 0 -27
116 -2 -37
-41 2 9
-63 -3 -28
55 -3 33
17 -3 33
-65 2 33
-11 3 29
15 2 -11
7 -3 4
-84 -1 -38
-122 -2 21
-118 0 -18
77 -3 33
76 2 10
55 -3 -19
63 -3 -8
27 -3 -45
-107 -3 5
-33 -2 -45
-76 4 19
88 3 27
116 -3 -30
-49 3 29
-78 -3 13
7 -3 -28
110 -3 31
26 3 25
66 -3 20
107 1 -26
-26 1 -26
101 2 -1
19 -3 2
-31 4 15
-113 2 15
-38 -3 5
-16 2 -1
-26 2 -4
-84 -3 25
-115 3 31
-87 3 3
-83 1 -21
-59 -3 33
-19 -3 13
6 -3 -5
-111 -3 21
95 1 -20
-17 -2 -43
18 -1 -37
47 -3 4
-98 -3 24
-72 -3 28
104 3 23
94 3 9
-119 -3 33
-115 -1 -24
110 2 -1
-46 2 -4
109 2 -10
-92 3 33
116 -3 18
-42 -3 -28
89 1 -15
-76 3 27
-53 3 3
66 -2 -44
80 3 3
5 0 -34
-54 -3 15
82 -3 -45
28 2 10
-104 2 -1
-91 4 20
74 -3 20
22 -3 -13
-76 -3 -4
-92 2 -9
-22 -4 33
-28 3 31
39 -3 4
-27 2 10
116 -3 27
3 3 2
16 3 26
-51 4 17
-56 -3 -4
-61 3 26
1 4 20
12 -2 -44
-5 -3 -7
53 -3 -10
100 -3 -13
-36 -3 33
67 3 32
53 -3 24
-20 -3 -19
-60 -3 22
-36 2 -7
-77 1 -26
60 2 5
105 -1 -38
54 2 12
-118 -3 3
28 -1 -30
89 2 -5
103 -3 28
7 2 14
-72 2 -14
-47 -3 6
108 -3 4
-95 3 6
31 -3 16
-34 -3 19
98 -3 13
116 1 6
-55 1 -26
-117 -3 -5
67 -3 -13
35 2 -7
-5 -3 7
74 2 -9
95 -3 5
10 -3 33
-29 2 -10
-37 -3 -19
-83 -3 -13
64 -3 6
-68 -3 10
13 4 16
26 -3 -3
72 -3 13
8 -3 18
95 -3 27
-18 -3 -10
-45 2 -13
32 -1 -23
42 3 31
-53 -4 33
83 -3 20
-78 2 7
109 -3 -15
-6 -3 0
63 2 16
-103 2 12
-12 1 -17
-41 1 -22
-15 -3 -28
-31 -3 9
14 -3 -28
-68 -3 -37
43 1 -27
-41 3 26
79 -3 -1
2 -3 -10
-5 4 16
-46 -3 23
-90 2 14
-67 -3 -2
14 -3 6
-49 -3 -28
93 3 32
-98 4 19
23 -3 33
72 3 21
-16 0 -36
19 3 4
48 4 18
39 -3 -3
-104 -3 33
58 3 26
-96 -3 16
-3 3 -1
-57 2 -13
18 2 -3
80 3 15
81 -3 7
-69 3 3
-47 3 6
-66 2 -5
11 2 -6
-68 -3 33
20 1 -23
-46 -2 -42
3 -3 9
100 3 33
-107 -3 -8
113 -3 -6
90 -2 -39
101 2 8
-3 -3 13
-100 2 33
33 -1 -35
-14 3 22
-103 -3 -24
60 -1 -20
55 -1 -25
95 -3 -43
81 -3 -10
-31 -3 2
-20 -3 19
-14 2 7
101 -3 -19
-65 2 14
-20 2 -7
-93 -3 -19
-90 -3 -28
86 3 1
-69 3 26
52 2 -2
90 -3 -2
115 2 15
37 3 0
60 2 -1
69 -1 -31
-110 2 1
-59 2 15
32 3 23
-110 3 25
48 0 -34
71 -3 33
-80 1 -16
-118 -1 -30
-122 3 27
7 2 8
23 -1 -33
69 -3 2
-10 2 -4
-18 2 15
49 1 -11
-67 1 -23
-107 -2 -41
-56 0 -37
-119 -3 25
77 -3 27
108 -3 -42
-19 -3 27
-83 -3 17
110 0 -21
-87 -3 11
-114 0 -14
-119 -3 15
37 -3 24
112 3 28
-31 -3 25
-10 -3 -11
-35 2 8
-116 -2 -39
11 1 -16
-97 -1 -37
65 -3 12
-52 1 -18
-51 3 23
38 2 12
-79 2 33
-47 -3 -11
80 0 -31
-14 -3 18
-26 4 18
59 -3 18
-65 -3 4
51 -3 10
-24 3 2
75 1 -24
-52 2 -3
-24 -3 -10
20 1 -16
-87 -3 -45
74 3 1
53 -2 -42
-27 -1 -37
-21 -3 -28
4 -3 26
10 3 27
72 -2 -37
-94 2 -14
93 4 17
-107 2 -14
-44 2 14
-58 3 6
19 -3 14
18 2 33
-3 1 -21
111 -3 15
-51 -3 -37
78 1 -18
-85 2 -6
83 -3 33
-89 3 26
48 2 12
-96 -3 -45
-75 -3 7
97 2 -6
-90 -3 24
-78 -3 -10
-96 -3 4
52 2 33
35 -3 -19
40 -2 -42
20 -3 -4
-7 -3 33
7 2 33
-58 -3 27
115 -3 -16
-9 -3 -19
29 0 -7
78 3 29
-8 2 -10
-101 3 25
9 -2 -39
-15 2 33
-31 0 -31
97 -3 -31
102 0 -33
-115 1 -1
85 4 23
23 2 13
27 2 18
46 3 3
-54 -3 20
10 -3 -10
-25 3 24
-82 -3 -2
110 -3 9
-87 2 33
104 -1 33
-24 1 -19
-79 0 -35
45 3 24
37 -3 -8
75 4 16
26 0 -11
84 -3 -37
-74 0 -32
87 -3 15
-52 -3 -8
-41 -3 1
7 2 -2
69 0 -8
99 1 -16
62 -2 -33
-41 2 -9
-58 2 -5
45 -3 26
112 -1 -26
5 1 -25
15 -3 -13
88 -3 28
-75 2 -8
106 2 11
58 0 -30
-58 -2 -45
45 -3 -2
17 0 -32
29 2 33
-18 1 -17
-2 3 4
0 2 -14
-58 -3 9
73 -3 -10
42 2 -10
-110 4 20
25 -3 24
-9 2 12
-76 -2 -42
-108 2 7
-45 -3 -19
-1 -3 -19
-80 3 23
-33 1 33
110 3 21
-73 1 -19
47 -3 16
-22 2 11
47 1 -24
-9 -3 26
112 2 10
32 0 -15
12 2 11
25 -1 -26
29 1 -1
21 3 23
53 0 -14
-89 -3 -10
12 -3 0
83 -3 -4
-62 -3 -5
30 -3 3
-35 3 1
55 -3 6
40 -3 11
47 2 -5
-118 2 9
-65 -3 -13
-122 1 5
32 -2 -40
-1 3 25
-90 2 8
5 2 -7
-35 3 27
70 -3 7
-108 2 15
-24 -3 10
28 -3 11
5 -3 -19
-103 1 -21
49 -3 29
63 -3 -2
-118 2 15
111 3 33
-107 -3 -18
104 -3 19
115 1 -3
90 2 -10
86 -3 10
59 -2 -39
-46 0 -37
-80 -3 28
92 -3 16
60 -3 33
105 4 18
-74 -3 33
-79 3 15
-99 2 -13
-41 -3 31
-67 -2 -42
114 -3 5
-35 1 -18
105 2 -13
-46 3 1
105 -3 -11
78 -3 22
-27 -3 -2
-10 -3 4
-110 2 33
-41 -3 8
89 -3 6
-61 1 -15
105 2 -5
-51 -3 10
-70 2 -9
84 2 -8
-12 1 -26
-67 0 -31
-35 -3 -2
24 2 8
-61 -3 0
-102 -3 28
6 -3 14
-20 -2 -38
86 1 -21
-45 1 -27
-4 -3 23
37 4 19
-107 0 -33
-32 -3 -28
93 -3 -8
-70 4 16
-8 0 -36
86 -3 -13
110 -3 -11
65 -3 27
-95 1 -26
-41 -3 15
-99 2 -3
73 3 28
88 2 33
58 2 14
62 3 29
32 -3 -28
15 1 -20
-39 -1 -38
-28 -3 -19
93 4 23
100 4 20
44 -3 -45
43 -3 33
108 -3 27
-84 -3 30
-74 3 5
40 -3 -28
44 0 -14
21 2 -11
1 1 33
-28 -2 -42
102 1 -22
-8 -3 -45
-107 2 -5
-122 -2 -41
-122 -1 30
93 0 -29
-118 -3 8
-25 1 33
-82 -3 -28
-118 0 -8
63 2 11
86 1 -27
-93 -3 31
-43 2 33
-31 2 -14
49 -3 -13
90 4 14
72 -3 -28
42 -3 -19
-35 2 13
115 -4 33
78 -3 -13
22 -2 -40
16 -2 -42
103 -3 -1
25 -3 -8
42 3 20
-78 0 -30
28 -3 29
43 -3 17
98 -3 -9
48 2 7
59 -3 -6
1 -3 -6
-31 2 -3
-114 0 -19
-77 -3 1
-57 3 27
-68 2 10
-20 -3 2
-122 -1 -5
-2 -3 33
-13 3 3
83 3 28
-26 0 -31
-52 -3 4
44 1 -20
-28 -3 21
-51 1 -24
53 -3 0
35 3 27
-44 -3 -4
-95 2 -6
-17 -3 9
-94 1 -19
-86 1 -25
-18 0 -29
61 3 22
112 1 2
-96 -3 -15
67 0 -16
-61 1 -27
52 0 -22
18 1 -27
-101 -2 -41
33 2 12
78 -2 -43
17 3 20
22 3 0
-99 2 9
61 1 -6
-40 -3 20
-1 -2 -40
-49 -3 19
-109 2 -10
69 -3 16
-90 2 -1
98 -3 8
77 -3 10
-83 -3 -8
-1 -3 7
75 2 -4
6 -3 0
65 1 3
90 3 4
-88 0 -33
42 -3 -7
-40 1 -26
22 3 27
93 2 -3
-98 -3 -28
86 -2 -42
-99 0 -33
-7 3 27
36 -3 33
-72 -3 23
-64 -3 33
-5 -2 -41
-115 3 27
75 3 5
-122 -3 8
50 -1 -38
-5 0 -30
70 -2 -42
94 -3 33
-54 2 14
32 -3 -6
66 2 19
-78 1 -21
-47 2 33
-43 -3 -11
-50 -3 -19
-38 -3 -28
-122 -2 -16
-17 -3 -4
-37 3 23
68 -3 -4
20 -3 -9
-63 3 21
-18 2 -13
15 -3 15
5 0 -30
-60 -3 -37
113 -3 23
56 2 7
-59 -3 18
-84 3 24
-8 3 33
109 2 -14
-46 3 25
74 0 -20
21 -3 21
-74 -3 14
10 1 -27
-67 1 -19
-111 -2 -41
-17 -3 33
13 -3 -37
-48 -3 29
112 -3 -40
14 -3 30
93 3 27
12 -3 21
-84 2 -13
-41 3 21
49 -3 -45
-83 3 7
109 -1 -37
99 3 3
100 -2 -39
91 1 -19
-122 2 21
2 2 7
96 -3 2
-77 2 12
35 -3 6
-83 -3 9
-57 0 -33
14 2 7
-3 -3 -11
-21 3 26
-14 -3 -8
65 -1 -20
-29 -3 -10
1 0 -32
-31 2 10
-57 -3 -13
85 4 13
-71 -3 -4
-67 -3 -7
29 1 5
48 3 32
94 -3 21
107 -3 -24
-47 2 11
-113 -1 -28
-60 3 31
-122 2 16
-36 -3 29
105 3 2
54 2 -11
-72 3 20
-10 2 8
33 -3 29
37 0 -33
89 3 9
-76 -3 26
-43 3 5
-80 2 -5
-3 -3 -28
54 4 16
-59 -2 -41
-54 2 -7
45 -1 -37
14 3 -1
59 -3 -28
69 -3 -19
114 -1 -33
52 3 20
63 1 33
30 -3 21
98 3 11
-60 2 -9
5 -3 -37
-67 -3 19
-55 -3 -28
-66 -3 23
1 4 16
-14 2 11
56 3 1
105 -3 24
5 3 23
-73 -2 -40
102 2 13
-86 -3 21
-38 2 -3
63 -2 -41
83 2 -1
-103 4 16
102 3 29
-118 1 4
34 -3 21
112 1 -6
82 0 -35
33 2 -3
-90 -3 14
-37 -3 -10
-70 0 -34
-87 -3 2
-89 1 -20
80 2 -9
-35 2 -12
84 1 -16
5 2 -14
56 -3 14
107 3 26
72 2 12
-74 -3 18
-80 -3 -6
7 1 -20
-45 -3 18
56 -3 21
2 2 -2
-44 3 29
-76 2 -12
12 3 22
-88 3 21
42 3 1
22 0 -29
97 -3 18
39 3 29
106 -3 7
-94 4 16
-43 -2 -39
-90 -3 -4
-67 3 30
-95 1 33
-115 -3 33
-29 3 25
-49 1 -14
15 -3 -9
25 -3 1
-46 -3 2
57 -3 -2
28 3 29
-15 3 26
-26 2 -9
-67 2 -1
111 -3 1
-91 0 -36
-74 1 -23
94 1 -24
52 0 -33
70 0 -12
50 -3 33
114 2 19
78 4 19
-28 -3 29
-45 0 -31
37 -2 -38
-61 3 4
6 -3 30
68 -3 30
