208 176 150
41 96 47
71 96 213
184 97 44
41 167 133
111 177 44
184 96 214
115 95 121
128 167 207
208 177 61
202 95 127
41 95 146
39 171 51
112 95 50
153 149 93
197 164 215
126 103 185
83 144 171
61 132 90
181 129 168
211 129 85
160 95 92
161 163 44
79 133 43
41 123 185
157 95 144
86 95 160
195 167 106
69 181 84
114 140 72
209 95 176
154 134 215
84 95 83
149 122 43
204 135 44
175 135 126
44 95 103
61 130 133
104 133 205
211 125 205
39 162 94
41 134 46
170 95 179
147 98 215
197 95 78
210 140 144
75 177 43
75 95 125
124 106 82
188 167 180
94 167 196
107 99 215
177 167 76
135 167 68
163 167 209
57 167 163
82 153 69
58 95 178
74 95 48
73 124 195
148 95 62
118 103 152
211 124 117
128 149 44
211 146 179
186 157 143
39 119 74
170 144 191
99 118 180
39 142 116
39 124 156
189 95 154
132 129 196
55 95 73
91 121 73
211 106 52
182 124 215
106 123 43
165 109 117
186 177 44
210 158 83
177 131 43
210 113 151
88 95 192
210 97 204
154 113 192
142 95 113
211 174 193
95 155 43
147 122 94
189 95 104
139 177 44
75 123 157
144 95 167
99 103 103
173 95 70
57 140 164
97 103 137
177 113 140
63 153 43
60 112 113
210 158 126
211 120 176
103 167 65
61 169 62
57 114 43
39 120 128
211 146 104
174 157 116
39 153 67
72 165 182
60 153 142
207 160 45
124 143 214
52 107 200
130 114 215
134 100 43
107 95 172
64 95 154
40 125 100
211 148 202
47 178 79
144 149 200
84 115 215
113 151 194
86 146 194
178 151 215
133 103 135
134 139 81
62 157 81
71 95 103
162 134 106
40 104 170
210 99 103
104 95 71
183 156 44
51 166 112
208 172 171
167 95 201
180 157 94
163 97 44
72 115 82
211 142 62
62 124 177
49 95 126
156 164 70
182 133 146
43 140 139
187 95 191
122 95 101
198 111 215
189 167 125
210 177 119
55 149 99
178 108 165
150 145 43
210 177 95
183 149 173
162 113 215
75 134 75
211 110 75
178 95 122
90 106 43
129 95 207
66 111 136
170 125 187
139 95 91
146 95 192
57 132 114
199 137 215
39 116 53
39 139 80
195 118 43
129 95 61
44 153 44
109 116 75
109 163 208
131 128 43
175 167 57
115 124 189
180 167 201
85 95 64
113 95 196
208 95 156
66 115 211
189 167 161
196 95 59
145 167 215
77 95 177
161 103 161
110 118 215
87 167 55
56 177 44
68 95 195
154 134 196
179 95 88
55 149 124
211 123 59
86 113 168
193 167 60
43 96 188
169 114 43
72 156 163
156 95 124
90 158 181
210 115 133
109 95 89
57 95 91
205 177 44
195 167 80
67 137 148
112 159 44
176 95 140
135 95 151
211 160 66
156 152 215
121 156 72
210 140 123
97 138 182
90 95 116
78 103 145
97 138 70
125 95 166
125 123 79
91 95 210
154 109 103
211 118 98
166 157 85
91 126 197
56 124 200
147 167 56
211 112 191
208 177 212
52 167 147
201 167 137
211 131 189
139 157 80
137 132 215
121 167 59
95 177 43
68 149 177
159 154 199
196 167 198
193 95 173
164 155 102
57 95 57
208 177 78
167 148 43
162 95 109
170 176 43
63 113 94
117 95 138
211 161 153
60 95 114
76 137 185
39 136 65
146 116 215
39 157 121
93 106 76
89 128 173
138 115 194
60 129 43
46 167 66
104 103 158
70 95 68
73 179 60
170 134 215
110 108 184
142 158 44
186 152 157
96 95 53
53 167 91
176 110 215
49 95 159
210 95 141
62 95 138
210 160 111
167 109 186
211 143 79
195 95 204
136 116 87
75 167 69
155 95 179
148 95 77
50 134 152
211 161 182
39 122 171
127 103 114
173 95 55
129 153 200
211 164 205
39 146 102
176 158 189
181 147 133
109 148 208
50 152 153
128 168 46
85 103 96
55 162 131
155 176 43
163 96 215
40 104 134
41 95 69
43 95 87
101 103 122
147 103 154
194 146 44
99 152 68
118 95 75
68 123 145
39 165 80
75 138 160
97 154 201
190 95 138
120 129 213
121 106 43
143 103 180
203 95 189
40 104 113
210 96 72
122 139 195
52 124 164
198 95 92
192 150 215
43 154 139
79 147 43
166 103 133
57 169 76
181 166 214
211 131 103
210 160 97
171 103 152
94 95 177
176 118 176
210 110 207
40 109 183
210 126 143
137 156 215
97 109 215
73 103 90
148 95 101
173 121 126
107 163 193
113 103 109
211 155 168
140 162 202
60 120 125
98 95 149
92 141 43
147 103 131
84 95 136
39 126 86
57 95 203
210 106 165
160 136 43
40 124 141
59 153 167
194 167 148
82 163 43
125 115 191
211 176 132
196 103 43
105 167 52
100 151 187
144 109 95
190 167 93
174 95 100
153 136 96
146 95 49
76 124 208
210 147 47
64 161 152
205 152 214
39 134 128
66 141 81
73 167 53
82 164 190
71 103 115
171 144 114
176 95 165
162 95 77
195 168 46
207 95 45
98 123 215
119 121 43
93 123 43
51 165 43
182 166 105
97 103 90
53 152 112
152 167 203
131 95 80
118 141 44
135 103 101
39 158 56
165 123 113
39 161 109
192 95 120
117 106 215
134 95 123
210 130 130
132 95 195
65 103 127
78 153 187
70 117 43
80 157 173
184 140 164
211 147 91
178 135 179
210 121 46
184 95 64
108 135 188
39 145 53
154 95 204
68 95 80
110 103 131
116 167 199
135 103 215
74 167 170
181 122 157
189 134 43
100 95 190
162 167 59
205 97 214
210 104 125
79 112 158
198 125 215
55 124 187
185 95 76
56 95 191
80 95 205
181 138 215
90 103 126
201 167 186
143 134 88
104 129 72
146 124 196
47 107 43
154 103 114
44 122 44
62 104 103
96 107 174
56 135 103
116 95 180
176 166 44
138 95 69
201 167 157
209 95 58
81 103 107
39 147 128
140 114 43
182 157 127
62 179 72
211 150 190
81 107 78
133 95 174
210 174 107
210 106 180
66 167 43
146 95 140
157 95 54
59 122 102
202 167 93
117 103 92
211 137 205
162 95 190
84 140 71
101 95 204
179 157 81
181 143 43
126 146 75
39 150 83
60 141 138
134 140 198
144 136 43
67 150 153
72 153 74
106 103 80
135 103 164
156 157 79
169 167 198
211 168 52
96 139 200
67 103 43
202 167 68
144 147 86
209 95 114
66 138 175
179 112 153
103 95 110
169 161 71
126 95 50
117 95 209
181 95 177
75 95 155
88 103 152
162 103 173
119 153 212
186 159 169
156 123 101
110 95 150
111 154 69
174 106 175
199 95 146
97 95 165
200 167 116
178 126 137
188 167 71
178 95 110
176 95 193
196 95 162
63 95 165
124 95 128
51 124 176
50 95 170
187 167 191
170 159 215
115 103 171
174 95 210
178 147 184
198 167 172
95 95 77
57 137 125
67 126 83
135 127 84
164 143 215
39 167 118
39 110 68
211 174 160
185 146 148
63 140 43
211 106 113
211 152 56
208 176 182
150 166 44
73 103 134
90 95 103
152 103 187
98 166 43
89 166 65
71 111 148
211 156 144
170 133 117
81 130 166
52 145 43
89 124 208
50 167 54
82 128 190
122 135 76
210 95 83
59 142 91
144 161 70
193 157 44
81 119 76
137 167 51
50 167 123
211 152 74
70 124 185
159 95 67
107 103 141
110 95 102
124 95 146
85 95 50
60 105 207
51 97 44
187 167 139
99 95 129
140 95 202
113 167 67
115 126 75
39 106 51
194 100 215
133 105 192
164 135 193
122 177 45
131 95 107
158 143 197
183 158 179
135 104 88
187 111 215
166 95 122
115 95 164
187 167 115
198 95 108
211 136 54
47 95 59
151 103 171
78 95 190
92 167 186
104 97 44
157 162 215
111 95 60
68 95 58
56 95 103
118 164 212
46 110 192
129 95 91
211 137 113
129 103 154
210 106 141
60 129 167
211 133 76
210 116 163
56 156 90
210 168 123
183 95 54
211 110 62
154 155 44
204 113 43
179 137 135
69 95 185
101 95 96
131 158 70
175 157 103
79 95 74
104 151 43
40 106 103
92 147 180
51 167 102
41 95 118
71 106 213
148 156 87
89 104 167
162 119 191
179 116 43
79 95 93
68 95 93
211 121 187
123 166 70
87 156 195
142 134 197
136 167 214
139 95 57
210 153 118
55 95 146
190 131 215
168 95 158
79 95 167
159 144 99
176 147 124
44 95 136
39 150 111
154 95 160
40 101 161
39 136 99
149 157 202
211 159 196
108 118 185
117 168 43
208 171 87
100 164 203
143 103 120
123 160 44
182 166 85
157 103 138
83 128 74
119 116 78
202 167 58
150 95 90
122 95 193
162 103 149
208 177 203
99 113 75
211 119 87
128 158 215
114 139 210
62 124 208
119 158 197
99 129 182
67 159 176
78 95 113
104 103 178
109 125 208
183 134 155
139 149 44
44 177 44
207 129 213
88 103 141
45 95 179
211 137 91
82 124 200
121 95 111
45 170 86
82 167 181
52 158 120
210 168 76
160 117 107
106 146 69
115 103 83
134 95 186
120 116 215
170 95 90
168 167 48
169 118 215
47 125 148
56 115 204
54 173 68
95 103 112
196 95 48
130 113 43
172 109 130
108 103 96
162 157 93
173 134 186
73 95 141
83 103 117
136 103 111
100 130 43
180 122 148
65 167 170
51 95 115
58 95 125
200 167 127
208 142 213
119 103 132
134 103 144
85 177 43
86 137 193
39 167 101
64 167 53
187 95 93
173 167 209
174 95 80
167 95 62
181 95 148
118 95 66
155 104 215
81 103 128
206 167 214
48 143 149
39 149 92
211 117 201
211 141 193
67 162 75
64 121 136
173 155 44
186 167 54
73 154 43
76 124 43
210 97 131
50 95 80
199 127 43
65 177 46
169 137 43
170 103 215
49 167 138
114 150 44
126 103 140
76 148 164
70 95 170
100 95 85
172 97 44
121 129 193
70 129 152
124 95 156
187 159 215
168 159 195
50 96 198
177 167 191
205 167 104
65 167 158
84 95 145
130 103 126
52 158 103
55 144 115
182 158 112
88 138 175
210 121 156
180 120 166
58 162 142
167 95 148
40 113 135
208 117 212
177 105 145
161 95 134
210 171 68
196 176 43
95 103 160
104 114 43
188 162 154
64 121 90
41 162 46
107 169 43
39 167 59
103 142 205
142 168 44
150 95 110
140 95 104
145 106 215
65 95 49
211 174 141
92 118 173
194 95 186
210 101 149
66 124 200
126 95 71
146 105 193
171 103 166
191 167 210
39 136 56
211 115 118
42 132 136
210 98 193
125 98 215
99 162 188
39 117 162
81 119 163
146 95 176
75 103 100
211 118 107
160 163 200
123 148 197
106 95 121
161 103 123
134 95 139
81 103 158
118 111 188
69 170 61
39 136 109
210 121 125
147 103 163
157 125 194
71 132 180
112 142 192
164 95 101
159 95 153
84 95 123
157 95 170
94 95 199
106 95 135
185 95 128
122 95 85
172 95 129
126 95 120
127 103 103
190 141 215
116 100 43
99 95 64
156 167 53
204 95 99
177 167 65
172 157 92
177 103 158
116 129 43
148 140 199
47 156 146
136 148 80
39 156 130
74 114 214
61 111 122
203 167 204
166 142 108
58 123 113
121 103 164
89 169 46
95 95 140
206 167 178
73 142 75
130 177 44
204 169 44
210 131 47
58 95 82
103 177 46
41 95 170
71 95 204
86 103 88
147 95 149
115 95 129
165 95 171
202 95 198
79 98 214
46 119 193
211 168 186
39 113 171
144 103 101
162 103 182
131 95 99
166 103 141
210 106 133
95 97 44
90 95 94
187 95 200
135 95 159
137 167 59
107 95 181
169 113 123
42 178 87
132 162 44
205 95 169
123 103 175
210 145 114
193 95 66
61 95 64
194 95 130
201 95 71
47 95 94
64 95 107
84 95 185
114 103 160
97 103 145
211 163 133
43 114 45
136 95 211
43 145 45
39 127 50
86 151 176
163 157 75
209 177 51
147 167 66
178 127 177
206 167 194
55 150 160
169 155 109
210 169 94
210 130 150
55 143 106
90 145 69
64 131 141
45 168 75
46 133 144
69 105 141
142 103 140
119 103 121
211 160 56
110 103 121
211 168 60
62 144 170
131 153 77
54 133 159
59 166 84
127 162 201
145 167 206
182 164 122
119 148 73
128 116 82
210 98 184
105 144 188
74 126 78
211 106 200
211 155 206
178 175 43
105 109 215
106 95 161
205 107 214
66 178 56
154 128 43
97 125 202
162 171 43
51 125 156
182 142 141
63 178 81
63 145 144
39 102 181
99 103 167
177 95 184
87 95 172
151 95 131
165 153 215
192 118 215
141 123 88
208 168 153
58 148 135
66 103 94
138 103 186
129 150 215
207 95 91
111 95 113
204 167 165
151 95 70
128 106 215
114 95 187
76 95 86
204 105 43
39 117 180
73 118 152
93 129 72
211 131 122
63 95 209
39 157 100
162 95 164
181 167 184
63 113 129
155 103 129
99 167 58
179 95 204
84 95 108
130 103 170
86 113 76
109 95 80
126 95 138
211 152 65
157 95 115
155 96 214
183 165 130
70 124 213
105 95 143
128 103 93
116 95 95
149 103 107
184 170 44
183 153 136
61 111 104
188 163 44
137 123 195
108 167 201
85 124 215
81 97 44
211 170 200
57 167 48
39 111 59
46 167 94
152 157 71
211 123 194
43 124 164
160 108 190
170 117 185
51 115 199
198 154 215
106 155 191
147 141 90
182 165 93
74 107 82
119 103 105
115 103 139
