-21 -69 19
46 110 -45
-35 54 32
84 34 -78
-5 111 4
-35 -9 33
69 76 -67
21 119 -21
-25 87 22
-17 -36 23
-33 23 31
-39 -51 27
67 46 -66
60 96 -57
-38 -30 26
-36 -71 32
7 117 -9
-24 -51 15
34 116 -34
-16 100 14
-31 71 27
79 35 -61
83 50 -71
68 40 -82
-29 -41 35
-24 -58 31
-34 7 30
-33 38 32
73 62 -71
-28 -30 16
-33 -62 21
-33 -41 21
65 34 -70
-26 -29 30
-20 -47 27
80 44 -82
-24 -70 31
-33 -21 32
72 50 -76
65 86 -63
53 103 -52
77 46 -62
87 40 -68
-35 -60 33
-18 -58 22
-24 -41 16
-30 -51 36
69 37 -62
-36 -39 29
-30 -71 18
-26 -39 26
64 42 -74
2 113 -2
-26 -60 15
76 34 -83
14 118 -15
-9 105 9
-32 -53 20
-31 63 30
28 117 -27
-19 93 18
-29 80 25
40 113 -40
-30 -66 36
86 42 -77
-32 -33 34
-36 31 31
-39 -65 26
-35 15 32
74 51 -68
-19 -65 26
-35 -1 33
-23 -29 22
-34 46 30
72 69 -70
-33 -46 30
-30 -29 23
83 42 -62
72 46 -82
-37 -58 25
-24 -51 31
-19 -43 22
84 34 -66
66 35 -77
-36 -70 23
-19 -51 21
79 49 -77
-29 -46 17
-37 -45 25
-33 -53 31
-26 -67 14
-29 -37 17
-36 -36 23
-24 -43 31
-29 -57 36
65 39 -67
67 48 -73
-35 -27 33
82 38 -82
71 43 -61
-20 -54 27
-21 -33 28
-26 -36 32
-34 -15 30
67 45 -79
75 40 -84
-22 -34 18
-17 -71 23
-25 -64 32
85 45 -67
75 56 -72
-20 -40 27
76 40 -60
63 91 -60
87 36 -73
-27 -42 21
-34 -65 30
68 81 -65
50 107 -49
-21 -62 19
-22 -46 18
-22 -56 18
-34 -47 21
70 34 -81
-31 -29 29
57 100 -54
-30 -58 17
79 50 -66
-20 -60 27
72 48 -64
-18 -30 25
-31 -45 35
84 47 -76
-28 -71 34
87 44 -72
78 52 -73
-30 -65 18
74 34 -61
-32 -33 20
-36 -34 30
-33 -38 33
-28 -30 35
67 34 -66
-20 -71 27
-34 -5 30
-25 -34 15
12 117 -11
63 39 -71
70 49 -69
4 115 -6
-32 67 30
-39 -70 27
-8 108 5
-33 58 29
75 49 -80
64 45 -70
-34 -57 21
-37 -61 29
-26 82 23
-22 89 19
-2 112 0
-13 102 11
-28 75 26
-36 19 30
-28 -42 16
65 40 -78
-36 42 31
38 114 -36
-27 -47 33
-37 -56 29
-36 -52 23
17 117 -18
-35 -50 33
83 37 -63
-26 -29 25
-23 -39 30
-23 -30 17
84 41 -80
-33 -67 21
-27 -54 33
67 42 -64
44 111 -41
-31 -62 35
31 116 -30
-35 35 30
-29 -53 16
-24 -71 16
-19 -65 22
24 118 -24
-21 -39 20
-19 97 16
-34 27 33
-35 10 33
-35 -30 23
-32 -70 34
-17 -54 23
-26 -55 14
-17 -47 23
-37 -40 24
-25 -45 15
-27 -29 20
-39 -35 27
-19 -32 21
-36 3 31
-36 -43 32
82 46 -64
-17 -62 24
-29 -36 36
-36 -64 23
81 34 -81
-34 -24 30
86 38 -78
-27 -60 33
72 51 -72
-37 -47 28
-33 50 32
-22 -63 29
-24 -64 16
-30 -38 21
72 37 -83
-22 -29 27
72 42 -83
64 37 -75
72 73 -68
-32 -55 34
71 48 -79
66 46 -75
-23 -54 30
-26 -38 14
-34 -29 26
-21 -50 28
-35 -17 33
76 44 -83
-39 -41 27
-18 -44 25
76 51 -77
83 46 -79
-36 -30 30
-23 -41 25
-18 -51 25
-23 -47 30
-22 -67 29
-31 -49 19
72 40 -61
85 41 -65
87 40 -73
-32 -42 34
-22 -43 19
-30 -61 18
-36 -13 32
79 44 -61
-26 -68 33
-31 -44 19
86 35 -69
-24 -33 30
67 36 -80
76 49 -65
78 37 -83
-32 -65 34
69 49 -76
69 46 -64
-26 -41 32
-31 -29 33
-17 -39 23
-27 -49 15
-33 -37 20
-33 32 32
-31 -30 19
-20 -54 20
-23 -60 17
-36 -63 32
-19 -36 27
85 47 -70
-25 -39 23
82 48 -67
-22 -50 18
-17 -67 24
73 65 -70
80 39 -61
-34 -11 30
-27 -70 15
-28 -63 16
-35 -55 33
-28 -64 34
81 50 -74
-37 -48 25
65 43 -67
-33 13 30
78 51 -69
74 46 -62
-37 -67 29
-38 -61 25
-37 -54 25
-33 -41 30
-33 -71 21
-28 -40 24
76 37 -60
79 47 -81
80 41 -83
-35 -35 33
-33 -58 31
-20 -47 20
-24 -42 28
-18 -57 25
-36 -52 30
-33 -69 30
67 39 -64
-23 -37 17
-37 -33 25
-37 -67 24
-20 -43 27
-33 1 31
85 37 -66
-35 -43 22
-32 -58 34
-28 -44 35
-34 -62 30
-33 -47 33
-34 -18 30
-22 -57 29
-35 -60 23
-32 -51 34
70 34 -63
-23 -68 17
-33 16 31
-37 -43 29
65 37 -68
-29 -29 27
-24 -61 31
-34 44 33
68 43 -81
65 43 -77
-29 -33 17
-19 -61 21
48 107 -46
-20 -35 21
-33 29 30
-35 -40 32
-33 5 33
-36 24 31
74 43 -60
74 59 -71
-35 -6 33
74 52 -74
-29 -33 36
-19 -69 21
-35 48 33
83 36 -80
-21 -58 20
-34 -27 30
-21 -65 19
-22 -38 26
-22 -36 29
61 94 -59
-35 39 30
-33 -33 30
85 34 -75
-24 -48 16
-32 -59 19
-36 -67 32
-34 -37 30
67 48 -69
70 45 -81
-19 -33 26
-28 -29 32
-33 41 31
81 34 -63
-26 -32 32
86 43 -68
-29 -68 16
-29 73 28
-34 61 31
-20 -68 27
-29 -54 36
-33 19 32
-16 97 14
-31 -56 19
-30 -41 22
87 39 -76
-27 -38 34
-34 -54 22
-36 -49 30
-27 -58 15
-36 -31 32
-35 -24 33
52 105 -49
58 97 -56
64 41 -71
-26 -42 25
-27 -51 34
86 44 -75
-30 69 28
72 49 -67
72 37 -61
-39 -58 27
55 101 -54
-34 35 33
-22 92 20
-32 65 28
65 35 -73
69 50 -72
-33 -50 30
-38 -32 28
-35 -2 30
-5 108 5
-35 -33 22
69 40 -62
-39 -38 26
-22 -53 18
-27 -57 33
-17 -33 23
69 48 -66
-34 10 30
-20 -29 23
-37 -70 29
-12 105 10
-21 -31 19
-34 -39 22
79 48 -64
-33 -7 31
-35 7 33
-23 89 22
-37 -64 29
-24 84 22
-25 -32 15
-32 -46 20
-28 -40 19
-20 -63 27
-31 -67 19
-35 21 32
-34 -51 21
85 45 -77
69 79 -66
-35 -21 30
-24 -29 19
76 46 -82
-26 -41 14
76 50 -67
-33 -29 21
73 49 -78
-33 25 30
6 116 -7
64 89 -61
73 34 -83
-33 -44 32
84 44 -64
68 48 -78
-39 -54 27
-26 -43 33
-29 -47 36
-33 4 30
-20 -71 20
83 49 -74
-27 82 25
75 53 -71
-29 -50 17
-22 -30 29
82 48 -78
64 40 -76
-33 -3 32
-36 -58 31
-23 -33 17
65 37 -77
75 37 -84
-35 -8 30
-18 -59 25
-33 -44 21
-35 -53 33
-34 57 31
-18 -69 25
82 44 -81
17 117 -16
-3 110 2
13 116 -13
-36 -46 31
-29 77 26
-38 -44 27
-34 -64 22
3 115 -4
-36 27 30
-34 -15 33
85 46 -73
-36 12 31
77 34 -62
64 45 -73
10 117 -10
-23 -43 17
-33 -11 33
-31 -36 35
-29 -69 35
81 49 -69
-30 74 26
64 40 -69
86 34 -72
-25 -29 22
-31 -31 35
-28 -61 16
-35 17 33
-33 53 30
86 36 -76
-19 -38 22
-17 -64 24
-35 40 33
-18 -41 25
-39 -68 27
66 37 -66
-29 -60 35
30 118 -28
-31 -63 19
78 49 -79
-33 -62 33
87 42 -74
-24 -67 31
-26 84 24
0 113 -2
-33 -71 32
-26 -52 15
82 41 -82
87 38 -70
-34 -30 31
80 51 -72
87 42 -70
-34 30 33
84 39 -80
-31 -40 35
-35 22 30
-20 -44 20
-31 -36 19
-23 -60 30
-36 33 32
-8 107 8
-28 -66 34
-33 56 30
66 83 -64
74 42 -84
-20 -31 27
-33 -18 32
-33 64 30
70 37 -82
-29 -55 17
26 118 -25
66 34 -68
-27 80 23
-33 -67 32
42 113 -41
-18 -38 25
-36 45 32
-24 -58 16
-28 78 24
-17 -45 23
81 48 -65
84 40 -64
-25 -46 32
-17 -51 23
-25 -53 32
-14 102 13
77 44 -61
-30 -38 19
-26 -29 28
-36 -15 31
20 119 -19
-21 -46 28
45 110 -43
-37 -37 25
36 116 -35
86 40 -78
-35 15 30
-21 93 18
-38 -49 27
67 39 -80
71 51 -70
74 48 -63
-35 0 30
-36 -48 23
-22 -70 29
-21 -38 28
-33 37 30
-37 -37 28
-36 -56 23
-34 2 33
-27 -34 34
-22 -71 18
-35 44 30
74 50 -66
-19 -40 21
-26 -71 33
-29 -42 19
80 36 -82
-39 -62 27
-35 50 31
-22 -44 29
63 39 -73
-27 -33 15
-33 61 29
68 34 -79
72 34 -62
77 42 -84
71 46 -62
67 45 -65
39 115 -38
84 44 -80
-29 -31 17
-34 -26 33
71 50 -74
-30 -54 18
-35 -46 23
75 38 -60
-33 -29 24
-33 8 32
-21 -66 28
-29 -63 36
-28 -44 15
-35 -68 22
22 118 -23
-21 -37 19
-18 94 16
-25 -63 14
-34 12 33
-23 -29 24
86 37 -68
-33 -39 31
-36 -10 31
73 48 -81
79 41 -61
-20 -30 21
-33 -63 31
78 35 -83
-30 -71 36
-25 -38 31
-21 -53 28
66 47 -71
78 45 -83
-34 -33 33
-33 -44 30
78 51 -75
-28 -39 16
-25 -69 15
-36 -30 25
-35 38 33
33 116 -32
-31 -39 20
-20 -56 27
-36 9 31
-36 -4 31
-19 95 18
-26 -62 32
-35 -55 30
71 40 -83
-25 -56 32
-18 -48 25
-19 -55 21
-28 -49 35
-22 -42 27
66 41 -80
-24 90 20
-33 48 32
-19 -53 22
-31 71 29
-22 -64 18
-32 -49 34
-38 -69 25
-20 -49 27
66 42 -65
-24 -55 16
83 49 -76
-33 -35 31
-29 -40 18
67 48 -75
-36 -60 31
-26 -50 33
71 47 -81
-28 -55 35
-20 -64 20
-33 -42 32
-36 -68 31
-21 -48 19
-25 -41 22
-37 -42 24
-24 -29 26
-28 -29 29
-31 -34 18
-15 100 12
-29 -43 36
-24 -31 31
69 42 -82
82 34 -80
-33 -60 21
-35 -21 33
-34 -35 21
-35 24 33
83 49 -69
-37 -59 29
-32 -67 34
-36 7 31
-17 -43 23
-36 -26 31
-22 -48 28
-18 -54 25
-27 -38 21
-27 -36 15
-22 -55 28
-27 -46 15
86 40 -66
-24 -45 16
64 36 -71
-35 -12 30
-21 -61 28
-23 86 22
-30 -52 18
-26 -66 33
-33 -1 32
-28 -66 15
-33 59 31
-33 14 32
-24 -36 31
-17 98 16
-34 31 30
-20 91 19
-25 -30 16
-31 -42 19
-32 68 28
-31 -59 35
-35 -41 22
83 35 -65
84 48 -72
-27 -29 18
-23 -62 17
66 46 -69
-33 34 31
76 52 -69
-20 -33 20
-28 -29 24
-31 -53 35
-36 48 31
-24 -38 25
80 45 -62
-27 -39 24
-30 -29 20
8 115 -7
-35 -71 30
-33 -23 32
-36 -42 30
-39 -32 26
-26 -30 33
-18 -30 23
70 49 -77
-20 -67 21
-21 -56 19
78 38 -60
-30 -47 18
-38 -51 25
-20 -52 27
-18 -46 22
82 44 -63
-33 -57 33
-24 -39 28
-33 -49 20
-27 -42 34
-22 -41 18
85 36 -78
-33 -55 32
-34 -51 30
65 34 -75
-35 -29 28
73 67 -69
-37 -35 25
-24 -48 31
70 42 -62
-31 -29 26
-30 -29 31
-33 11 32
81 42 -62
-29 75 28
11 118 -13
9 115 -9
-25 -60 32
-23 -52 30
-18 -56 23
-31 65 30
-37 -50 28
64 38 -69
73 44 -83
-24 -35 16
-35 -6 30
71 71 -69
-34 -69 33
-18 -35 25
-32 -65 20
-33 -28 32
-1 111 1
-38 -56 27
-24 -64 30
-35 -63 30
-33 -31 33
-37 -46 24
67 36 -65
-36 -45 30
-20 -42 20
-36 5 32
-34 -31 30
-29 -29 19
-29 -71 17
-11 106 8
85 43 -78
-35 -62 22
71 75 -67
-35 2 30
85 43 -66
-36 -17 31
66 47 -73
-38 -52 28
-33 -20 30
-33 -9 32
6 115 -5
-32 60 30
-36 -38 32
-38 -39 28
-35 -66 23
69 47 -80
-36 28 32
83 47 -78
-36 16 31
71 35 -82
-33 42 32
-36 -23 31
82 39 -63
-25 -66 15
81 46 -81
-27 -55 15
-31 -64 35
-34 -69 21
74 36 -83
70 48 -65
84 46 -65
-23 -41 30
-35 -47 33
-23 -50 30
-26 81 25
-33 -6 32
85 35 -67
-33 39 30
69 49 -71
84 47 -68
74 52 -71
-3 111 1
-34 -65 33
-36 -52 32
-38 -46 25
-36 -48 32
77 39 -84
80 39 -83
-24 -56 31
-26 84 22
-36 -62 24
-25 -39 15
-17 -59 23
-33 -48 31
10 117 -12
-18 96 17
77 50 -78
-18 -49 22
-33 -12 31
-30 -38 36
1 113 -4
-36 -29 31
-18 -34 22
4 113 -5
-35 41 30
-35 -58 22
-22 -29 20
83 39 -81
-37 -65 24
-23 -48 17
66 46 -77
-19 -42 26
-32 -31 20
70 50 -76
-36 37 30
-4 109 3
81 36 -63
-36 -33 32
-7 107 7
15 117 -14
-33 -3 30
-26 -41 27
-18 -46 25
-7 109 5
-35 11 30
77 48 -81
-28 -47 35
-30 -69 18
-31 -55 36
-11 103 10
-24 -62 16
66 43 -79
69 35 -81
-28 -33 35
-18 -62 26
-33 -35 33
-32 -61 19
16 119 -17
-31 -34 35
-36 1 32
-35 32 32
-30 -29 34
-38 -43 26
-18 -39 26
-30 -42 18
77 52 -71
-27 -51 15
-18 -67 26
-28 -59 35
-31 -69 35
-36 -19 32
-36 -7 32
-27 -42 23
-39 -60 26
-32 -60 33
66 40 -65
1 113 0
-20 -35 27
-34 48 30
-29 -52 35
-25 -49 15
-25 -42 31
-35 -57 33
18 118 -17
-33 -22 30
-21 -51 20
-33 -60 30
-24 -37 16
-34 20 30
68 43 -63
-35 5 30
-34 -67 30
-34 62 30
68 46 -65
41 112 -39
-34 18 30
-25 -34 32
-29 -65 35
-28 -38 23
-34 22 33
73 39 -84
-36 -66 30
-29 71 27
-16 99 13
-35 44 32
-37 -35 28
-36 -36 31
68 37 -63
-22 -40 25
84 42 -64
64 37 -73
74 64 -71
81 42 -82
-22 91 21
72 42 -60
74 45 -83
20 118 -20
-31 67 28
78 49 -65
-36 -33 23
-17 -53 25
-35 52 31
-33 -29 28
-19 -71 22
-21 93 19
-20 -29 25
-30 72 26
-17 -38 23
-31 -43 35
-22 -33 29
80 48 -80
-21 -46 19
-35 -39 30
85 35 -77
-29 -44 17
-22 -60 19
-18 -41 22
-34 -55 21
-32 -35 20
-36 -47 30
81 37 -62
-35 -45 33
-17 -69 24
-30 -59 17
-23 -65 30
-31 -71 35
75 36 -61
-33 -61 31
-31 -57 35
-32 -70 19
71 39 -61
-33 -50 33
-33 -53 33
-33 26 32
65 36 -76
78 36 -61
-33 64 28
-32 -45 34
-21 -68 28
68 45 -81
-33 -59 32
-12 103 12
69 34 -64
-25 -69 32
-34 -57 30
-27 -45 33
-33 28 32
-19 -44 26
-33 17 32
76 47 -63
-18 -67 22
-23 -52 17
-24 86 21
-24 -50 17
-33 46 32
79 51 -74
78 40 -60
-33 57 31
-22 -67 18
-18 98 15
-26 -52 33
