49 19 -21
-35 -124 1
-70 4 1
-12 87 24
4 1 61
41 -71 2
-19 0 -59
-21 -63 38
-21 -67 -38
-5 61 -37
4 -21 -3
18 -118 -29
16 -122 32
30 46 29
-34 35 33
55 0 27
27 -16 -47
25 86 -9
-42 31 -27
-3 -88 1
0 28 -4
-45 -70 0
22 -68 -38
-38 -28 -1
15 25 -49
17 -47 28
-24 -20 39
-33 66 -7
14 5 24
-19 -27 -33
32 52 -24
41 -24 2
-30 9 1
-51 3 32
1 33 47
-17 -116 -29
35 -119 1
-18 -119 31
0 -124 -1
-34 4 62
-52 0 -34
-3 -54 0
28 -16 47
13 2 -24
19 75 22
-17 30 -47
49 28 10
-15 87 -21
69 4 -1
-18 5 -27
16 -41 -26
-45 39 5
-10 59 35
-15 7 29
34 16 41
33 6 -1
36 60 4
-10 -37 21
10 0 -62
19 -74 34
41 6 -43
-32 59 18
10 -72 -15
15 -21 25
-28 54 -28
17 72 -28
31 -47 2
-2 4 2
9 -106 14
-12 -71 17
-53 19 -8
-35 14 -44
-17 18 51
33 3 62
-18 -106 1
-19 -13 -1
-27 87 5
35 31 -35
-50 -8 1
-8 -37 -15
-52 18 15
13 47 -40
6 -104 -13
44 39 -10
-33 -51 0
-12 -71 -16
-10 -13 19
11 52 38
-7 22 16
14 -20 -22
59 0 -20
-29 -16 -47
-36 15 41
16 18 51
-3 17 -55
9 -72 14
-18 -48 -28
8 -36 13
58 -14 0
-24 -69 -1
19 21 0
33 -1 -60
-16 40 41
-9 -17 -17
24 -14 -1
-41 45 -14
-15 0 60
-17 -32 2
47 18 26
22 34 41
3 87 -27
30 68 -14
-60 0 -17
-18 23 0
1 75 29
-24 -2 43
-9 -107 18
23 -70 -1
22 10 -38
41 44 12
-24 71 -22
24 87 9
42 0 44
56 10 12
-59 0 15
-4 42 -45
8 -8 12
-24 75 18
-12 19 -16
21 0 40
7 -124 15
19 -107 -1
10 21 16
-9 -113 -12
8 18 -17
-50 15 -26
18 -35 -1
8 -122 -16
-19 -10 -34
29 62 19
-1 17 54
-36 1 -58
-20 45 -39
-10 -124 17
-41 0 46
55 15 -4
-18 -50 30
-39 54 4
-27 49 30
-31 30 -39
19 -124 1
36 31 31
7 -8 -12
-2 -105 2
-9 75 -30
18 -9 -33
2 -37 -2
-38 44 21
22 11 -53
-32 -10 56
-35 -7 -1
-19 -122 1
-26 81 -11
-47 7 -1
46 -2 2
-22 15 -51
-2 -69 3
19 3 56
51 0 -33
-44 26 26
-26 2 -46
8 87 23
-6 -26 11
20 58 -32
29 73 10
21 -24 -34
29 21 -45
-16 -24 26
16 -55 -30
-5 0 -63
-22 63 27
17 84 -21
9 -31 -14
17 63 30
12 -79 1
26 44 -35
-65 -9 -1
-4 47 41
6 33 10
39 39 -23
20 -59 34
41 18 -34
27 0 -46
-33 41 -31
18 -33 30
37 56 -10
-5 -10 -5
-13 -78 2
2 30 -50
-48 32 -7
-33 68 7
-28 9 50
18 -13 36
-31 -111 0
9 -97 0
-27 25 43
49 27 -7
-42 2 -45
-17 -63 -26
8 64 -34
14 -69 -28
15 -110 26
-11 29 47
41 48 -1
32 -34 0
-12 71 29
-18 -10 29
-5 -80 -10
-19 63 -31
38 -58 0
2 62 35
1 17 2
-4 -98 -9
19 36 -43
-52 24 4
47 6 34
-5 -9 8
-46 14 32
-16 -64 27
14 -108 -22
-32 -38 2
30 -9 57
29 9 50
-30 -18 2
-41 21 -35
42 34 21
-6 -115 8
-11 -123 -20
-33 60 -18
15 -8 24
-56 13 5
31 73 -3
35 -10 2
-24 10 39
-60 5 -5
3 75 -31
-49 25 -18
-21 87 15
10 12 -56
46 37 2
10 41 43
-8 -24 0
-47 -19 2
4 -114 -5
59 -2 2
7 -24 16
-13 -6 -24
12 31 -1
-17 -37 31
-7 32 9
-4 -80 10
11 -11 -1
-19 -74 33
43 28 -25
56 10 -16
-15 -30 -21
-12 9 -57
13 28 47
46 9 2
17 -23 1
-34 -63 2
-38 55 -9
-21 10 -37
-45 33 17
21 47 36
-9 10 56
60 0 14
35 54 14
-6 -96 8
-13 -108 -22
-9 28 -11
25 65 -24
5 -113 6
22 0 -58
16 -67 26
-46 11 -35
-56 10 -16
-11 13 22
-13 53 -38
18 86 19
-38 25 35
7 10 56
1 51 -41
52 8 -26
8 39 -45
5 -83 -7
7 -19 -13
28 -24 -1
2 -18 8
-8 -124 -9
21 -23 35
25 24 45
-6 -25 -11
-15 -38 -28
59 3 -9
-26 24 -46
-53 10 22
-12 33 0
-22 -19 -39
-31 -8 -54
53 18 6
26 55 28
-11 23 -52
-23 -1 -36
-18 49 36
-61 2 5
24 74 -20
-16 -110 26
-31 75 1
-28 -29 -1
40 21 33
-44 6 39
-13 -2 25
32 -9 -53
27 -4 2
37 0 -50
27 82 1
18 8 33
33 11 -47
-17 -73 -31
14 -8 -24
-15 -21 -26
-40 40 -23
-26 40 37
13 -32 -24
9 -121 1
11 -34 23
25 -8 -41
11 71 29
-11 -114 -1
4 -93 8
6 22 -53
20 0 -36
-29 9 -52
-43 44 -4
-19 -2 35
27 -1 51
48 -16 2
50 19 17
53 8 21
-40 48 12
-25 0 56
27 39 35
-2 -45 3
0 8 -59
7 28 -12
5 -83 8
-1 84 26
37 44 22
32 -66 -1
3 -7 1
-21 -22 -1
-7 87 -27
40 47 -12
-19 8 55
-27 -14 48
24 -116 0
4 -93 -7
-10 -9 -13
-14 39 -44
25 10 2
14 -122 22
-28 0 0
46 32 -16
-27 38 -38
-33 1 52
27 29 -41
-36 50 -21
-5 -33 1
-57 2 -26
-20 30 44
-45 36 -15
10 13 22
-24 -9 -43
7 21 51
-30 72 -13
-13 12 -23
-6 1 61
24 9 41
-56 0 25
43 26 25
-17 77 24
22 -67 39
11 79 -26
-29 67 17
24 -7 44
-42 -1 -1
-9 -99 0
-19 79 -23
-33 43 28
-32 51 24
10 56 -38
-20 -12 38
-9 -35 12
2 -27 7
9 -16 20
47 8 -35
-19 -57 -32
11 11 -23
58 9 3
-3 69 -33
-37 -73 0
6 -115 15
-12 -28 18
-3 25 50
-4 -124 9
1 -78 2
41 10 39
-28 76 10
65 -7 0
23 67 24
6 -123 -7
32 65 11
-5 -16 2
35 1 50
-10 -124 -1
13 -124 -25
-57 9 13
-21 15 -1
8 -113 -16
-38 36 26
-9 33 -48
-15 -123 23
-19 -26 35
33 66 -6
23 80 15
-22 52 -34
17 -1 30
-5 39 44
29 29 39
10 -29 0
-27 87 -4
-53 2 -1
-58 -14 2
33 43 -29
-6 66 33
-21 56 31
-37 -15 1
-49 32 2
9 79 27
24 -17 -39
20 50 -36
-17 71 -28
-49 18 25
-11 46 -42
-6 27 1
-9 -105 -11
-49 28 12
18 -62 -34
27 16 47
39 52 7
-42 -62 2
-36 7 46
-27 62 -25
36 38 27
-27 -124 0
32 52 23
17 7 -32
27 -123 -1
39 14 -41
47 0 -41
-35 22 -40
-23 -37 -1
-3 55 38
45 35 12
3 -101 10
9 -13 -19
-12 -8 0
8 -87 2
-3 -117 -7
-37 6 -1
-1 9 57
21 11 52
31 -112 1
-36 32 -33
-11 -116 15
30 61 -20
11 -113 0
-52 18 -17
4 33 1
36 21 -40
23 18 -49
52 19 -13
47 16 -29
27 51 -30
35 9 45
-14 -19 2
29 7 -52
17 -30 -32
-46 24 -26
5 -123 7
-9 20 51
49 29 1
-1 -62 -1
-5 -17 -10
35 54 -17
-24 -114 2
3 -29 -4
-21 35 -43
-29 31 38
27 69 18
3 45 42
-18 -58 31
-3 81 -29
2 27 6
-42 41 15
-6 -18 13
11 59 34
1 -98 2
14 18 -53
9 -25 -19
-30 17 45
-15 -16 25
-36 56 12
-10 -85 1
-37 61 -2
-11 68 -32
-48 24 19
28 77 -9
52 2 0
20 -73 -31
13 33 -47
-15 -71 24
44 15 33
21 87 -15
-15 -13 -28
35 24 38
-48 1 -40
21 -18 41
-15 64 31
-5 -88 8
31 38 -34
-22 87 -18
48 0 38
-11 52 38
-19 9 -55
13 -117 -20
-44 -11 -1
-1 11 -1
10 -109 21
-24 77 -18
-27 58 26
-18 -123 -28
-10 -21 20
-43 46 4
-55 17 -1
12 -104 1
59 4 8
-12 2 -61
15 -72 2
6 -75 -10
-28 2 -55
-23 69 22
55 0 -26
7 -38 -15
-16 -70 -24
10 72 -31
17 40 40
15 64 -32
-37 7 -47
-56 12 -8
34 -2 57
24 -30 -1
0 -38 5
38 -3 1
26 58 -27
15 9 56
-2 -112 2
52 23 -1
47 25 19
2 59 -38
-53 8 -27
37 35 -29
-29 76 -7
17 -15 2
-9 -26 -17
48 -9 -1
-21 24 47
-4 26 -51
12 -28 25
-29 48 -31
17 -14 29
14 -48 -28
-26 -12 2
-6 53 -40
-7 81 26
-3 -89 -7
-65 0 -1
6 -13 -7
2 0 -63
-26 -9 42
11 87 -24
13 6 -59
-24 5 45
-25 8 -43
-14 -12 -21
-8 -8 14
43 43 4
-14 16 -54
25 3 45
-12 80 -26
50 8 28
-41 15 -38
-8 -32 -9
15 -4 -29
20 44 -39
13 2 59
-29 17 -47
36 59 -3
-12 -116 22
-18 23 -49
2 68 32
-18 -2 -28
19 -5 36
5 33 -7
-17 83 20
56 2 20
-4 33 -6
9 -70 21
-36 61 7
24 80 -16
-51 26 -3
5 -100 -7
-13 -30 25
-46 38 -2
5 -15 14
26 7 -43
17 -67 33
-19 -73 2
-5 -103 10
38 47 -19
42 -64 2
-58 11 -2
-36 -58 -1
40 7 2
33 68 2
-26 82 9
11 -69 -21
-33 -117 1
4 27 49
33 -53 -1
4 -34 -10
17 -117 0
22 28 -46
-12 -36 -20
-2 -22 -6
13 35 44
17 56 33
25 -109 2
48 25 -17
35 -28 2
-1 -119 6
14 -39 29
41 -13 -1
4 55 38
-24 14 50
-42 13 37
-30 -2 -50
-46 0 42
6 26 12
-21 -65 -32
14 41 -43
3 45 -43
11 -10 19
-12 -114 -19
14 25 2
-61 0 -10
14 45 40
-7 -76 14
15 -25 -25
-53 19 8
-29 66 -19
30 -2 -53
10 -30 16
-7 -93 2
-35 61 -12
26 81 8
9 -21 1
-39 29 30
-35 0 1
-28 -1 49
60 5 -3
-33 63 13
10 -116 22
-44 32 -20
-21 7 33
40 26 -31
55 6 -20
4 15 -56
-22 36 41
15 -13 -29
-34 -44 0
-20 -67 33
-18 70 27
4 -13 5
7 -26 -10
-3 36 -47
27 13 -50
-57 5 -20
-19 -33 -29
-51 8 28
-10 44 42
24 38 -40
42 38 -16
-37 1 -49
-41 18 34
16 0 -61
-6 -111 -6
-17 57 -34
-5 -25 5
-7 -74 -11
-28 81 -2
33 61 -14
-45 38 -9
43 43 -4
9 16 54
33 -41 -1
15 -62 -27
-46 34 11
2 -50 1
-35 -33 -1
42 33 -21
28 -18 2
-43 9 -41
29 -11 0
-33 55 -22
-33 24 40
-13 62 -34
28 -71 2
53 12 -21
-22 -73 -35
-5 75 29
-48 -1 2
39 53 -4
16 81 22
-17 -30 30
-6 -9 1
19 78 -22
18 28 45
-15 25 49
37 49 17
8 66 33
4 69 -33
-37 37 -29
-38 26 -35
6 5 -60
-40 52 -2
21 15 -1
-11 17 17
-33 70 -1
6 -31 9
-28 -6 2
46 34 -7
-48 31 -13
41 1 -46
24 5 -55
57 9 -8
-19 2 30
-24 -13 -38
-43 32 23
20 66 -28
42 38 16
-4 -38 -1
-52 -15 2
-26 31 -42
-41 -22 -1
-18 -113 -1
52 0 32
34 6 -48
-8 22 -12
15 58 -34
-11 -29 1
23 -9 38
-8 27 11
32 35 33
-24 -16 43
24 -2 -39
-21 44 38
18 23 48
4 81 -28
35 4 -60
17 -27 34
-16 55 34
-37 53 -15
-13 -104 0
27 4 1
-53 13 -21
-6 87 26
4 -118 10
18 -62 29
-25 46 -35
-21 -22 -34
-35 53 19
-33 -69 2
-48 5 -36
16 8 -25
-45 17 -32
-6 7 -59
-33 -3 57
8 27 -50
-14 14 54
44 21 -29
10 -34 -20
-22 58 -31
-26 64 23
0 -12 -4
51 20 11
-5 -116 -2
36 -73 2
18 -52 31
6 -76 11
24 -36 0
24 0 56
-19 6 -33
5 -111 0
17 -29 -1
-32 -13 -1
46 24 -23
-9 -108 -18
51 14 20
-38 -66 -1
23 -23 -1
16 -8 0
26 44 33
-8 -124 -15
-57 3 20
24 61 26
-49 21 -22
-14 -24 -20
23 -12 -36
40 32 26
-3 -82 0
-41 38 20
-33 4 -51
-4 33 4
-50 25 -12
0 -42 -2
-16 10 24
44 5 39
33 59 16
-42 26 -30
39 5 44
17 -72 29
16 -124 -29
-59 7 3
3 -33 4
-2 -3 3
-19 -8 -28
45 31 17
-59 -1 -1
-5 31 48
-17 -41 27
21 87 14
35 45 -24
-15 -37 -1
-26 -108 2
43 13 -37
16 -8 32
59 1 -15
-6 -19 7
-9 -110 2
-17 -111 -25
-14 -8 26
4 -117 -9
-68 -4 1
14 -15 24
31 25 -41
30 -13 53
14 86 23
1 -92 2
6 22 -13
13 -36 1
34 -1 -1
62 0 -2
-24 -26 2
18 1 -29
-1 -59 3
-14 28 2
16 50 36
26 87 4
-4 -110 9
26 69 -20
-35 44 -26
-32 51 -26
-54 13 16
28 77 4
-13 81 24
11 -37 18
37 25 -36
9 51 -40
-21 -69 38
2 40 44
-2 -27 -5
-22 80 17
18 -112 2
-33 -4 -59
-13 6 57
-4 47 -42
14 -14 -22
-18 -15 33
-29 44 32
28 34 -38
37 -66 -1
25 87 -2
7 33 47
13 -18 -1
-18 50 -38
-14 47 39
-10 -118 -15
21 71 -24
-30 22 -43
-5 -16 -5
7 4 58
68 -2 -1
14 11 25
-47 9 34
-9 39 -45
2 40 -46
1 23 -52
34 17 -43
11 -20 -17
-7 -120 2
55 13 6
-22 4 -56
-2 -123 -6
5 10 -58
17 9 -56
-3 60 35
-5 14 55
-18 -70 29
-50 1 37
-9 -14 12
-23 20 -49
-9 -14 -11
-42 8 2
-3 28 8
15 74 26
24 6 53
-13 0 -24
8 -15 2
-18 -43 -26
-54 15 -12
29 57 24
-26 -17 -41
9 -14 -14
-24 -1 38
9 -109 -19
10 -19 16
-24 -1 -41
-16 -53 -29
15 5 30
-20 -5 -35
-10 -23 14
53 19 -5
4 -88 6
4 14 55
-32 10 47
-21 -15 -33
17 67 28
22 51 32
-1 23 3
23 73 20
27 74 -15
-23 65 -27
-33 37 -34
2 64 -35
28 -13 -51
3 80 27
7 -82 -1
-15 -3 30
53 15 -17
-27 14 -50
35 64 0
29 24 41
-24 5 54
30 46 -31
2 -17 -6
56 7 17
4 -25 2
12 -3 25
-14 -25 -1
4 -88 -4
30 3 52
-4 74 -31
-24 8 -54
15 -35 -29
-28 53 27
39 15 39
4 -110 -9
-22 27 -46
-39 44 -19
-11 39 43
-59 4 -13
22 42 37
-3 -84 -6
0 4 60
43 41 9
6 71 31
50 13 26
20 23 -49
-25 87 11
-9 13 -56
-16 -67 -29
3 -10 10
-51 7 1
21 56 30
53 -14 -1
31 71 -10
-14 7 -25
-40 8 42
5 -26 11
-51 23 13
-34 65 3
-14 -122 -25
