133 42 127
112 201 131
127 122 126
101 5 152
156 169 125
106 5 101
119 160 159
153 5 154
111 161 100
153 6 104
146 84 127
90 148 132
146 148 95
153 148 155
128 5 129
132 187 107
137 186 147
101 174 125
129 148 133
143 201 126
101 6 127
128 5 154
113 182 146
153 6 130
162 149 115
129 5 104
94 148 109
100 148 154
132 166 98
142 62 128
149 167 146
138 104 128
112 188 114
124 148 90
163 149 136
134 148 164
101 165 143
150 163 107
127 24 129
147 183 118
126 201 143
134 169 156
115 6 140
115 5 116
141 6 142
149 182 135
119 177 103
126 201 112
141 6 118
95 159 121
106 172 110
127 137 122
106 187 132
105 148 97
142 175 106
125 179 152
112 148 162
142 157 157
111 169 151
139 198 140
158 161 137
100 160 109
115 5 153
140 194 115
101 5 114
155 150 104
161 156 125
115 195 141
104 176 138
134 154 93
127 6 141
102 5 139
114 200 118
153 5 117
122 159 95
95 154 142
129 133 133
128 6 116
106 158 153
97 165 132
141 5 154
126 190 147
141 5 103
116 5 128
151 172 115
155 156 147
152 5 142
131 158 160
141 175 149
117 6 103
141 5 130
147 73 128
90 148 121
131 176 102
143 159 99
123 148 165
146 192 132
156 162 116
105 184 122
121 189 108
122 147 124
139 51 128
142 94 126
153 171 137
152 178 126
115 152 94
122 170 155
133 112 128
144 148 161
100 167 116
127 14 126
145 192 122
129 33 129
109 193 124
159 148 147
123 168 99
112 180 109
141 185 110
121 138 129
164 148 125
143 167 153
112 170 103
131 146 124
94 156 132
143 189 140
136 6 110
101 153 103
108 5 146
132 195 110
141 167 102
157 156 111
108 6 121
134 178 152
147 178 143
108 6 131
145 6 111
104 177 117
107 174 145
132 196 144
119 196 112
117 177 151
125 182 104
136 201 115
135 6 135
149 186 127
135 5 147
112 5 109
121 6 148
146 6 124
147 6 136
122 5 111
149 158 152
110 188 140
95 155 114
133 5 122
100 156 148
103 180 130
123 5 123
110 194 134
106 151 157
119 185 148
106 166 106
146 178 112
98 167 123
159 154 140
149 154 101
95 148 147
133 141 129
147 170 108
132 133 126
112 156 158
121 6 134
108 155 99
137 154 161
92 148 141
141 201 133
100 171 133
128 165 158
146 5 148
131 148 90
137 162 158
161 156 132
118 153 162
119 201 141
158 163 129
105 165 149
92 153 126
97 160 139
130 184 150
117 164 98
122 195 144
154 164 142
136 181 106
148 152 157
160 155 117
116 166 156
119 183 106
141 153 95
101 5 106
128 173 154
126 130 127
130 160 95
123 145 132
106 183 138
129 152 163
141 199 120
125 195 110
108 183 115
105 159 103
154 174 130
108 6 153
125 154 93
135 171 101
152 167 112
136 160 96
143 189 115
117 190 145
137 190 110
158 163 123
138 192 143
115 158 97
159 148 108
148 6 101
126 139 133
97 161 115
151 148 99
152 157 106
155 168 119
147 5 118
112 194 118
102 6 133
103 171 142
112 201 124
124 157 161
111 163 154
153 174 121
101 5 146
116 6 122
135 6 153
153 6 111
101 5 120
99 167 137
134 201 141
125 175 102
121 6 154
92 149 115
156 167 134
153 5 136
94 160 127
127 5 135
129 171 100
146 173 146
124 6 102
110 6 114
137 149 92
142 184 144
113 199 136
128 6 147
134 5 141
151 172 142
122 134 125
154 152 151
150 178 117
128 117 128
162 152 122
139 180 148
151 162 148
143 194 137
106 189 127
105 6 110
147 6 154
103 167 111
115 5 146
135 6 128
146 162 102
98 153 108
102 172 116
138 173 153
145 195 128
117 171 153
123 133 132
153 6 148
132 189 147
111 148 94
92 152 136
118 171 101
140 57 127
135 47 129
102 153 153
121 6 117
103 180 124
146 66 127
161 149 142
127 188 106
108 188 119
120 5 141
108 177 112
135 5 105
141 5 123
108 5 136
146 5 141
146 183 140
123 141 123
108 179 143
163 151 130
112 175 106
143 89 128
153 5 124
112 5 102
110 197 128
99 148 103
147 78 128
154 161 110
132 139 124
93 153 119
116 187 110
127 165 97
129 6 111
133 107 128
134 5 117
120 152 92
150 177 138
118 201 115
145 161 154
90 148 126
150 182 130
147 6 130
148 186 134
112 174 149
139 99 128
117 6 108
112 5 134
99 159 144
110 6 126
157 159 141
121 175 153
145 167 105
142 180 109
142 152 160
150 181 122
100 171 121
151 178 133
126 9 127
141 6 135
141 5 110
108 6 141
139 5 149
115 193 114
129 39 127
131 182 105
105 170 146
126 29 127
139 149 163
117 148 164
104 184 128
102 161 148
114 187 144
143 179 146
98 169 129
145 153 97
158 153 145
147 187 121
95 161 134
99 152 150
133 147 129
147 165 150
139 163 99
111 193 138
97 164 119
137 176 104
126 148 127
125 6 107
145 6 106
125 184 150
121 180 151
139 166 155
114 161 157
109 6 105
141 148 93
127 146 122
105 6 116
124 5 131
108 192 130
121 165 157
122 164 97
133 173 154
117 148 91
137 185 108
116 181 149
145 182 113
164 148 120
144 196 133
128 195 145
143 193 118
109 171 106
100 163 112
159 159 121
110 166 103
129 192 109
116 179 106
118 192 111
129 148 165
131 137 132
131 162 158
131 5 137
102 176 132
111 152 159
148 148 159
156 148 151
121 6 127
138 5 114
128 5 121
127 20 127
149 6 108
154 167 138
144 197 123
154 161 145
112 184 111
149 5 113
131 5 132
124 163 159
111 153 96
91 152 130
121 5 105
131 5 150
131 6 144
129 178 152
104 179 135
140 172 103
104 6 123
103 162 107
108 188 137
123 153 163
153 174 126
97 157 112
128 141 122
159 151 112
103 150 100
129 156 94
111 178 147
95 157 137
101 156 106
148 174 111
128 133 124
121 148 128
145 169 150
106 6 127
123 198 112
128 178 103
105 183 134
135 158 160
110 184 143
94 150 144
103 148 156
114 191 142
147 190 126
150 154 153
111 197 121
157 159 114
162 153 135
130 169 156
155 154 107
135 183 149
122 190 147
129 151 92
128 198 111
135 197 113
114 165 100
106 182 118
108 148 160
112 5 122
115 197 115
137 6 131
144 6 115
133 6 101
118 160 96
137 6 138
124 6 150
106 162 151
101 171 137
149 5 145
124 5 137
112 5 143
123 5 144
137 6 121
132 6 108
130 142 133
134 152 163
138 156 95
122 185 106
114 6 112
143 171 105
155 170 131
138 198 115
108 155 156
105 175 113
136 167 100
157 166 129
97 149 106
104 155 102
117 156 160
138 201 138
96 163 124
103 6 149
152 168 142
122 180 104
145 174 108
111 5 150
116 5 135
146 188 137
124 5 119
111 5 138
138 6 126
132 133 130
110 158 98
150 159 104
136 197 142
124 5 127
107 162 103
146 157 100
118 194 144
157 151 148
130 193 146
108 171 148
97 154 146
150 6 138
160 159 128
118 155 94
105 5 105
122 200 143
103 157 152
152 157 150
101 175 121
95 151 111
105 174 142
102 177 128
110 159 156
152 153 103
144 6 145
163 152 126
116 199 139
93 156 124
101 5 102
148 188 130
122 172 101
115 173 103
142 5 138
116 168 101
149 167 108
112 5 129
140 189 143
149 184 123
109 165 152
129 5 124
150 170 112
130 200 143
140 189 112
153 169 116
123 187 148
121 143 129
117 6 150
99 164 140
149 6 121
109 176 109
123 137 132
152 177 122
140 163 156
122 137 125
159 159 133
137 176 151
133 200 113
133 162 96
160 157 137
125 161 96
133 190 109
143 163 101
150 5 127
99 168 120
107 188 123
131 6 114
115 151 161
144 5 121
147 156 155
154 165 115
104 6 145
138 6 107
144 5 127
118 6 114
123 141 132
148 180 115
159 159 117
135 191 145
142 201 130
125 192 108
148 162 151
158 163 133
126 126 127
150 5 133
104 6 153
115 6 131
122 155 94
133 151 92
145 154 158
162 152 118
114 184 109
126 157 94
141 172 151
133 179 104
150 182 125
100 173 129
128 155 162
91 151 123
117 187 146
108 150 97
135 165 157
125 168 157
119 168 155
164 148 129
145 185 115
125 134 122
145 190 119
142 198 135
148 175 143
139 201 118
125 148 132
102 170 114
110 197 124
136 194 111
114 148 93
156 167 123
128 184 105
121 194 110
104 180 120
121 155 161
149 6 149
148 181 139
156 163 139
119 168 100
133 158 95
105 5 113
105 5 130
127 160 160
106 178 141
103 166 146
119 198 142
130 136 123
130 5 141
140 169 153
111 197 132
125 174 154
137 153 94
161 151 139
161 155 121
139 178 106
128 132 128
141 192 141
142 156 97
109 191 121
142 201 123
140 159 158
94 152 140
127 187 149
147 164 105
124 133 129
150 150 156
149 171 145
106 5 150
96 162 130
136 6 144
108 5 118
114 171 152
118 6 138
136 5 150
137 6 102
158 151 109
109 181 112
145 81 128
148 151 98
97 164 135
132 182 150
106 169 108
95 158 118
159 162 126
152 150 101
108 190 134
97 165 126
143 5 150
109 5 111
115 6 105
112 5 118
120 5 121
130 5 118
101 168 141
153 173 134
136 6 124
126 171 100
114 178 149
129 174 101
99 170 124
134 174 102
154 148 102
152 164 146
133 186 148
108 185 139
132 169 99
119 6 130
140 156 159
152 164 110
134 184 106
118 163 157
163 148 139
112 166 153
93 157 129
124 193 146
123 151 92
131 154 162
129 201 112
103 168 144
109 186 116
101 162 145
157 156 144
155 172 127
129 120 128
121 201 113
146 191 129
152 170 140
156 165 120
158 154 113
126 168 98
122 160 159
140 181 108
101 6 142
140 159 97
152 179 130
155 170 123
153 171 119
99 169 132
145 70 126
103 164 109
91 149 136
124 6 154
113 201 134
128 181 152
105 6 137
150 6 116
144 6 102
164 148 132
108 194 127
115 5 125
106 180 115
124 6 112
125 144 122
129 113 128
102 6 109
150 6 103
150 6 152
102 174 136
117 6 119
126 5 123
161 155 129
131 5 153
121 5 114
114 6 149
103 151 155
141 196 117
121 6 102
101 5 130
144 192 136
103 181 127
113 160 98
149 185 131
101 6 137
108 158 100
107 185 118
104 183 131
132 142 124
139 5 145
144 198 130
94 152 114
145 180 144
157 149 106
112 6 105
145 176 146
127 135 133
152 151 154
115 176 105
136 163 98
141 182 147
152 175 137
138 6 154
112 196 137
110 189 116
113 201 121
122 175 102
160 152 115
144 151 95
115 158 158
121 149 91
120 150 163
157 165 126
152 5 114
155 170 134
115 191 112
131 36 128
121 144 126
132 172 101
119 158 95
118 5 111
132 5 111
122 5 150
142 187 113
131 6 128
150 6 142
111 6 153
138 5 117
138 5 135
92 150 117
146 6 151
163 149 123
143 92 129
102 5 117
149 176 113
117 5 143
145 6 138
144 173 148
134 5 131
145 6 133
125 148 129
105 154 154
127 17 129
133 144 128
118 5 132
96 157 141
138 168 101
146 76 126
105 179 138
101 170 117
103 175 118
91 151 134
130 164 97
141 195 139
114 168 153
136 49 126
142 60 126
151 156 103
143 191 139
144 5 136
147 6 115
151 176 119
155 157 109
108 5 124
128 6 137
126 5 104
124 6 146
122 6 108
139 192 113
124 6 134
110 6 135
107 5 133
115 155 95
133 136 127
126 150 164
153 6 107
99 164 116
136 106 127
124 178 103
98 148 151
93 156 121
117 6 153
132 165 157
112 192 116
106 186 130
135 188 108
99 162 142
121 134 129
104 183 125
145 158 155
131 145 132
115 201 137
99 169 135
96 158 115
143 5 108
131 41 129
124 197 144
152 5 120
113 177 107
120 187 108
162 154 124
134 161 159
132 109 127
132 45 127
141 161 99
118 189 109
128 194 109
128 5 102
99 151 105
105 153 100
102 177 122
146 164 152
139 55 129
90 149 129
160 149 145
129 189 148
145 86 126
108 168 106
142 187 143
91 148 117
144 65 129
138 195 141
110 191 137
150 179 136
143 196 120
117 174 152
154 149 152
130 180 104
138 187 110
109 5 102
107 177 143
144 177 108
149 181 118
120 172 154
135 189 146
157 164 136
135 195 144
147 170 147
96 161 119
158 161 119
111 151 95
134 148 91
145 194 131
109 177 145
106 172 144
154 155 149
142 98 128
150 181 133
142 170 103
127 26 126
105 186 125
117 151 93
152 6 101
140 101 127
145 151 159
138 196 114
150 174 140
133 198 143
142 5 146
112 5 115
129 30 128
119 174 102
128 5 132
105 6 120
118 5 147
130 198 144
110 181 144
141 6 113
101 167 113
103 157 104
138 183 148
125 165 158
121 183 150
139 174 151
129 148 125
102 159 107
101 6 122
132 6 124
130 144 123
142 160 156
108 173 108
137 6 146
110 6 145
151 5 122
135 5 120
107 5 143
126 6 130
131 6 120
110 193 120
128 5 109
106 5 140
120 193 145
147 186 119
140 185 145
107 186 136
108 182 141
132 148 126
120 188 147
112 167 102
137 173 103
132 149 164
116 182 107
153 5 145
101 150 102
149 165 149
112 190 140
94 155 117
126 149 91
139 150 93
126 153 163
137 150 163
148 187 124
121 161 97
143 5 143
124 172 155
125 198 111
144 186 140
127 128 129
107 167 150
109 154 158
103 5 128
123 137 123
98 156 109
144 198 127
137 170 154
159 160 130
131 175 153
150 151 100
143 199 132
110 179 110
116 200 116
158 156 141
135 5 137
141 164 155
138 5 141
111 200 127
104 182 122
