97 103 145
222 105 44
91 206 44
222 105 211
91 205 211
119 104 44
186 103 127
91 188 127
143 103 210
88 139 205
88 147 79
170 103 72
123 103 99
146 106 159
222 105 162
220 103 92
88 151 159
183 106 186
88 205 88
91 203 168
102 103 187
88 106 72
91 135 118
89 165 43
91 173 190
90 129 44
150 103 123
221 103 127
188 106 44
91 103 107
86 174 98
151 106 44
135 103 70
190 103 97
192 106 157
88 122 167
91 183 67
122 103 129
204 103 67
89 111 211
132 106 184
152 103 94
171 104 211
86 159 132
116 106 211
91 177 152
211 103 186
120 103 159
158 106 182
93 103 44
167 103 145
196 106 208
91 123 91
88 128 143
111 106 66
91 162 211
90 206 145
88 149 184
91 205 112
170 103 109
88 128 67
91 151 101
88 197 190
103 103 88
207 108 112
88 120 190
88 115 126
88 183 210
88 146 55
98 103 166
206 108 141
172 106 167
88 182 172
89 185 43
91 204 66
138 106 140
88 163 67
110 103 113
153 103 63
169 106 52
171 106 91
188 106 79
86 172 118
222 106 63
91 164 174
133 106 115
91 192 99
198 106 174
121 103 81
91 145 142
91 173 81
115 106 175
183 106 61
158 103 200
205 106 45
135 103 49
136 106 87
118 106 194
203 106 87
166 106 127
91 139 170
88 107 179
99 103 127
88 190 82
91 156 116
87 175 137
113 103 143
91 120 107
183 106 143
88 205 127
88 135 102
88 193 156
88 106 91
133 103 168
222 104 111
155 103 79
220 103 145
88 114 54
205 103 127
102 103 204
88 112 154
91 153 199
91 160 147
184 106 112
197 103 192
217 103 78
99 103 59
88 160 89
88 186 113
207 103 157
139 106 102
88 106 198
171 103 195
91 133 186
145 106 194
131 103 201
211 106 201
124 106 60
91 194 55
91 174 54
145 103 176
88 124 205
153 106 143
156 106 108
88 189 141
91 133 79
158 106 166
91 132 156
212 106 172
185 106 199
88 146 127
106 103 155
88 118 79
185 103 170
134 103 153
88 111 139
91 185 185
91 127 130
179 103 156
101 106 75
91 166 108
110 106 53
86 165 158
196 103 57
103 103 102
221 103 194
91 141 91
91 194 204
209 106 98
91 143 44
89 103 120
194 103 138
171 103 179
91 140 68
88 171 202
126 103 142
88 159 54
196 103 118
90 206 182
222 106 180
91 132 55
91 123 179
134 106 127
208 103 56
88 160 188
90 206 99
91 205 198
183 106 211
91 144 111
142 106 60
88 153 171
91 116 43
154 105 212
88 150 211
178 103 100
122 103 114
176 106 122
159 106 153
144 103 112
111 106 130
91 115 66
91 152 66
88 109 166
199 103 104
88 196 118
91 174 163
88 124 119
164 106 100
183 103 88
88 193 176
88 161 78
88 182 91
193 103 68
91 154 44
91 200 79
214 103 119
176 106 44
174 103 137
147 106 72
207 105 211
88 193 69
89 206 158
181 103 71
91 199 136
93 103 82
89 206 54
91 130 196
99 103 177
88 105 60
91 136 137
112 106 97
99 106 115
158 106 53
88 173 178
88 182 195
104 104 44
154 103 133
88 184 54
163 106 63
165 106 82
122 106 70
94 103 155
91 143 152
162 106 116
88 114 98
125 103 175
108 106 168
131 105 212
91 191 166
111 103 79
86 161 99
196 103 148
91 176 110
198 106 77
108 106 196
88 173 68
168 106 158
88 123 152
91 195 44
91 170 128
104 103 138
88 140 193
115 106 121
91 175 44
173 106 63
92 106 188
162 103 190
91 130 110
88 181 77
143 103 150
111 106 185
211 108 150
127 103 89
199 103 163
213 108 129
89 103 133
174 103 81
88 150 90
146 103 86
91 195 109
147 103 53
129 106 106
213 106 67
91 120 138
130 103 79
92 103 206
91 159 164
220 103 54
86 163 121
128 103 192
91 122 58
177 103 203
192 103 182
148 103 186
91 114 88
88 197 148
91 115 115
121 103 184
91 132 211
148 106 168
91 169 91
88 106 147
143 106 128
128 106 44
91 117 199
200 103 95
88 131 173
161 103 44
193 106 89
91 174 211
217 106 103
180 103 177
148 103 202
160 103 90
161 106 138
203 103 181
208 103 79
202 106 199
88 154 139
91 181 101
86 169 144
96 106 67
94 103 98
91 114 174
107 106 212
91 181 121
88 117 146
159 106 71
116 106 105
140 103 120
88 141 180
91 197 91
163 106 207
134 103 95
118 103 54
119 106 91
124 106 166
147 103 103
91 162 197
214 106 87
164 106 174
213 106 163
88 141 162
88 137 146
215 106 139
143 106 44
88 132 91
88 156 108
196 106 127
91 182 135
139 106 201
88 196 127
88 183 163
186 103 151
139 106 78
133 103 57
123 103 151
213 103 44
88 184 149
140 106 187
153 103 193
123 106 206
88 156 179
179 103 52
197 103 44
91 167 138
142 106 93
88 191 197
208 106 193
88 126 75
120 106 138
173 106 150
127 103 123
189 106 53
88 168 59
88 124 101
97 103 195
88 156 125
191 103 107
136 103 194
221 106 203
222 105 84
114 103 151
91 132 164
222 105 71
88 104 51
222 104 172
189 103 192
88 146 119
207 108 120
194 106 199
114 106 201
106 103 120
135 106 176
88 109 79
91 168 151
156 103 175
158 106 125
128 106 135
179 106 193
88 201 175
91 120 160
207 103 135
90 119 211
97 106 137
111 106 89
111 103 162
105 106 145
127 106 158
88 136 62
91 155 81
140 106 167
88 112 108
177 103 113
153 103 160
90 103 171
88 205 119
183 103 136
91 183 202
88 135 126
184 103 119
176 103 186
91 154 151
88 145 200
151 106 115
129 106 66
91 146 167
88 139 50
91 167 52
207 103 166
218 103 152
89 197 211
169 103 44
88 114 185
88 153 73
201 103 52
106 103 180
133 106 146
88 189 62
106 103 62
91 148 176
88 169 185
88 112 193
184 106 161
91 176 143
88 198 163
86 173 157
221 106 119
89 103 161
98 103 51
97 106 211
214 107 111
97 106 91
173 103 128
214 103 208
91 168 75
91 198 182
193 106 166
111 106 45
91 188 74
88 164 204
86 171 106
88 140 77
126 106 53
205 103 150
91 168 99
91 142 211
91 200 50
88 110 204
88 148 48
219 106 187
171 103 116
88 120 71
88 177 62
146 106 142
91 144 102
88 145 135
88 148 191
88 167 85
149 106 152
91 170 170
91 188 105
88 197 63
206 108 104
222 104 138
201 103 113
91 137 111
115 106 168
91 178 128
199 103 156
88 126 82
88 205 190
88 199 98
164 103 164
190 103 210
171 106 98
91 126 188
163 106 107
183 106 95
182 103 80
209 106 179
153 106 85
170 106 188
88 156 207
136 103 162
88 175 88
88 191 50
88 179 187
168 106 200
113 103 60
164 103 183
123 103 198
93 106 127
98 106 106
117 106 76
185 103 103
179 103 166
88 123 52
91 141 83
91 142 187
88 169 195
215 106 57
91 186 155
91 199 155
137 103 134
208 106 73
91 110 132
91 110 121
91 166 116
91 157 95
178 106 106
91 153 54
180 106 128
88 133 73
95 103 75
90 206 138
88 109 46
91 154 132
91 108 102
88 204 73
88 127 160
86 160 153
215 106 195
88 106 114
91 197 198
110 103 104
146 106 135
91 112 72
91 189 211
111 106 138
165 103 152
121 106 145
100 106 152
158 106 97
97 103 120
88 159 47
88 188 190
103 106 161
105 106 81
104 103 69
159 103 146
198 106 142
201 106 60
194 103 81
91 132 149
86 161 113
91 205 151
210 103 106
103 106 54
88 120 174
91 135 44
91 129 137
91 103 139
190 103 175
135 106 108
88 193 77
91 133 201
88 157 63
91 178 95
139 103 54
136 103 63
87 169 165
93 106 54
88 168 210
88 175 197
91 186 176
151 106 178
172 103 56
104 103 173
174 106 175
115 103 134
189 106 134
142 103 68
88 178 50
191 106 61
191 106 115
88 141 115
88 147 69
91 156 192
176 106 75
206 103 175
170 106 133
113 103 190
88 116 163
105 106 96
89 206 205
88 200 105
177 103 145
91 191 136
91 120 124
91 120 84
179 103 65
165 103 57
190 106 146
196 106 187
208 103 92
104 103 108
88 122 45
87 161 141
123 103 105
199 106 136
160 106 131
88 197 170
178 103 92
216 103 97
91 179 71
91 145 95
91 118 205
88 195 140
91 182 142
202 103 187
147 106 66
211 106 50
91 191 120
88 182 107
88 119 132
88 206 61
153 103 56
213 108 156
91 153 164
91 151 111
153 103 69
86 169 124
177 106 211
97 106 172
110 106 73
93 103 181
222 106 99
160 106 78
99 103 80
207 108 130
88 109 67
91 130 100
88 193 183
91 153 145
91 157 103
91 181 82
88 122 198
215 103 180
147 106 98
157 103 117
91 110 61
202 103 208
146 106 80
158 103 103
86 168 132
215 103 133
91 139 55
91 141 126
88 176 170
91 177 202
148 106 208
91 109 161
157 106 206
91 111 144
98 106 185
136 106 207
126 106 187
88 163 182
180 106 172
116 106 85
91 131 180
119 103 63
188 103 84
91 122 113
187 103 66
88 130 122
161 106 159
88 132 85
91 176 103
164 103 68
216 103 167
117 103 100
171 106 142
91 157 70
121 106 50
91 181 158
88 132 191
91 148 205
91 147 85
165 103 196
189 106 123
188 106 71
200 106 121
88 147 150
171 103 205
208 103 115
86 164 147
86 163 127
91 194 85
91 187 93
183 106 48
114 103 127
111 103 205
217 106 125
87 175 125
168 103 87
164 106 93
121 103 170
109 103 149
150 106 129
88 144 173
88 160 170
91 136 95
88 182 180
91 165 191
175 106 160
178 106 85
127 106 95
132 103 139
163 103 50
90 104 211
129 106 151
88 118 49
91 144 65
91 199 114
129 103 163
126 106 74
91 169 160
91 120 96
88 104 97
150 103 138
88 141 131
210 103 124
166 103 120
185 103 206
187 103 91
218 106 48
87 163 104
88 170 45
90 206 79
91 201 141
88 116 103
91 200 57
88 148 61
91 165 130
133 103 121
142 103 106
127 106 117
195 106 51
132 103 101
91 120 64
88 155 187
91 164 93
91 161 136
178 106 59
91 157 159
168 103 103
168 103 169
100 106 64
133 106 190
135 106 44
187 103 141
215 103 72
153 106 187
147 106 91
150 103 173
145 106 118
211 103 63
109 106 175
138 106 157
91 151 121
91 168 68
89 103 86
88 190 206
88 112 92
91 138 198
88 137 175
91 188 161
88 132 115
144 103 163
212 106 81
198 103 89
88 104 152
117 106 115
113 106 157
185 103 181
181 106 151
158 106 65
88 204 93
101 106 123
212 108 116
196 106 180
200 103 72
88 201 84
88 144 157
105 106 49
86 175 147
88 134 132
91 125 172
88 193 103
91 116 180
91 123 145
91 204 132
91 175 120
86 160 162
86 167 111
91 133 49
91 172 134
202 103 80
213 106 92
88 168 177
88 135 161
88 120 185
207 103 144
88 183 60
91 200 205
91 173 74
103 103 193
88 118 151
156 103 139
88 205 49
88 137 211
91 108 87
108 103 189
112 103 180
91 108 175
120 103 178
117 103 110
130 103 111
103 103 167
91 129 206
119 106 152
148 106 108
191 106 128
166 103 137
201 106 100
88 192 131
91 193 191
91 172 64
91 147 196
88 154 50
91 162 82
107 106 125
153 106 199
132 106 197
159 106 196
169 106 67
150 103 148
203 103 194
191 106 205
194 106 73
216 106 146
130 103 50
88 206 164
91 191 115
171 106 122
88 188 172
91 114 82
88 109 126
186 103 156
217 103 63
122 103 124
97 106 131
181 106 206
140 106 146
179 103 118
92 106 194
102 103 199
144 103 170
93 106 167
97 106 199
128 106 172
101 103 93
91 199 72
135 103 81
139 103 126
93 106 117
212 103 142
130 103 71
88 182 96
91 197 123
88 181 116
208 103 198
216 103 190
123 103 211
162 106 143
149 106 60
151 106 76
162 103 125
128 103 181
216 103 201
220 106 156
192 103 152
104 103 115
119 103 206
91 126 200
88 133 107
91 180 175
91 135 88
130 106 61
88 108 186
88 182 130
88 157 197
88 141 121
88 151 106
88 119 91
88 144 106
91 133 68
91 173 183
88 142 61
91 159 122
123 106 85
189 103 163
203 106 161
91 127 49
99 103 158
200 106 150
182 103 197
194 106 94
88 184 71
91 159 129
91 142 138
88 124 127
88 193 91
98 106 44
91 127 155
124 103 47
93 103 59
91 203 124
222 104 104
221 106 132
196 103 110
196 106 64
173 106 103
111 106 118
142 103 181
182 103 124
139 103 115
91 157 201
91 162 73
101 103 133
209 108 135
217 106 175
135 106 76
91 180 207
91 180 148
176 106 198
91 140 157
91 172 96
88 109 52
88 187 87
88 127 105
195 103 161
195 103 100
88 191 110
158 106 190
88 120 116
91 151 127
88 144 74
91 165 144
122 106 189
89 206 104
147 103 46
221 106 78
130 103 207
91 144 49
91 172 148
138 104 212
217 103 108
86 169 153
86 171 94
205 103 106
89 206 175
88 104 46
91 125 211
86 165 136
179 106 139
206 106 203
183 103 55
137 103 91
137 103 150
91 117 60
95 103 111
211 108 144
166 103 76
152 106 164
210 103 151
160 106 177
101 106 181
88 133 142
91 117 156
91 169 113
164 104 211
148 106 190
203 103 139
136 103 172
91 177 78
86 174 111
91 170 104
91 190 43
145 106 204
99 106 191
211 103 129
144 106 51
124 106 109
165 106 46
98 106 100
89 103 202
126 106 80
158 103 112
125 106 127
91 107 95
174 106 181
