124 150 164
204 98 29
51 105 33
203 98 131
204 199 197
51 98 130
51 201 195
129 106 80
142 198 198
185 144 169
58 145 170
142 98 140
109 99 29
184 106 80
76 106 81
95 112 151
157 106 40
96 184 192
103 98 112
155 165 181
175 113 151
166 98 111
91 152 174
204 169 181
102 98 61
154 138 157
65 176 179
173 194 190
65 122 148
126 177 180
204 124 150
126 120 156
51 101 63
79 98 41
132 106 110
51 100 97
204 100 59
158 98 70
203 106 103
129 98 51
76 106 110
117 106 135
78 98 136
178 106 55
106 98 87
86 135 155
116 199 198
178 172 177
180 105 29
78 200 195
178 98 132
135 106 30
153 98 93
151 118 146
108 134 164
103 170 176
166 154 166
204 99 82
204 153 167
191 186 185
73 98 61
144 149 172
146 184 184
185 131 153
183 98 99
97 106 130
159 106 132
51 164 172
51 108 149
111 107 46
51 134 156
73 157 168
194 105 147
83 172 185
90 98 97
136 134 164
148 98 119
191 98 43
186 106 116
145 106 59
65 187 194
119 98 100
91 105 29
58 106 113
118 106 63
60 98 47
93 106 76
169 129 161
116 159 178
110 123 148
60 98 78
68 106 29
137 163 180
166 177 188
201 135 164
67 132 162
119 98 119
167 106 86
88 106 55
99 201 193
190 159 178
78 110 150
70 98 95
111 186 185
132 185 193
105 151 165
135 113 143
186 197 200
158 191 196
51 181 188
63 98 143
87 98 119
138 106 94
189 98 65
161 98 54
105 98 142
131 106 127
68 106 126
141 98 72
97 98 45
171 98 40
79 187 185
79 142 168
123 98 37
168 99 144
150 106 106
123 136 156
203 98 116
144 98 44
172 106 72
108 106 74
204 104 43
191 117 154
146 125 158
150 106 80
118 110 149
63 160 179
150 98 29
103 106 100
86 123 148
204 184 191
84 165 173
94 140 167
113 172 186
180 179 189
191 106 132
170 161 179
97 126 159
193 106 91
199 106 71
154 104 146
179 158 169
91 98 142
63 106 67
163 124 149
126 98 143
171 106 122
167 106 100
132 106 63
128 198 192
165 141 167
51 123 148
181 102 145
165 106 30
82 98 72
61 106 90
120 98 86
191 172 185
154 158 169
193 106 29
165 112 142
127 162 171
107 111 142
108 98 126
77 124 158
138 175 187
204 113 143
92 106 108
177 142 159
70 106 49
136 127 151
62 111 142
65 201 193
144 106 128
113 106 110
67 145 161
85 98 85
95 106 88
192 98 109
195 106 52
119 98 73
54 169 184
104 157 177
191 141 159
92 180 181
138 146 162
140 98 84
132 151 173
130 107 43
79 106 97
141 98 104
145 171 176
115 142 168
93 165 181
66 98 109
81 106 127
142 115 152
103 106 37
170 98 62
51 98 142
86 189 195
88 111 142
185 115 144
116 127 159
56 192 188
158 176 179
78 100 29
177 106 92
73 177 188
51 106 50
163 201 193
105 191 196
153 148 163
175 98 80
157 106 116
73 166 182
114 98 56
51 106 83
178 106 107
120 185 193
158 127 159
158 98 82
61 98 59
157 106 61
146 138 166
125 165 181
182 106 44
187 98 54
126 106 94
177 123 157
187 98 125
201 158 177
155 181 190
115 107 36
195 191 197
136 98 118
160 98 124
204 101 143
174 147 171
60 98 34
58 156 167
139 160 170
88 148 163
51 144 161
149 195 190
195 126 159
101 174 186
61 98 121
124 98 130
196 98 98
92 98 65
145 109 140
59 122 157
200 106 124
97 106 118
195 167 174
59 106 102
126 139 166
51 98 109
148 106 69
98 136 156
193 156 167
191 98 82
201 180 182
81 106 63
68 98 41
170 106 135
146 106 36
161 189 186
142 188 195
161 165 173
73 109 140
112 106 91
87 106 42
139 98 57
75 98 122
100 98 77
152 98 132
117 170 176
115 101 144
150 98 54
172 197 200
75 136 156
134 98 38
184 134 163
195 142 168
53 106 73
102 106 51
89 199 192
80 154 175
179 98 71
125 110 141
158 98 102
121 106 51
72 194 189
81 98 51
184 188 195
68 148 171
126 98 64
204 103 92
125 106 29
141 106 49
129 98 101
69 98 85
168 106 51
181 107 127
164 98 93
146 159 178
161 155 176
61 184 184
96 98 34
60 139 157
51 104 121
61 113 151
51 154 175
93 161 171
195 98 138
115 106 125
99 121 147
106 114 152
125 98 110
137 98 130
157 118 154
134 184 183
193 201 194
162 106 77
204 144 161
164 139 157
58 106 131
108 98 42
107 131 153
187 98 31
74 106 70
82 98 110
172 170 184
110 160 170
97 108 140
142 137 157
172 184 183
113 140 158
99 98 94
115 106 81
108 106 132
117 98 46
181 106 64
60 169 175
127 112 151
136 173 177
119 126 150
173 98 97
172 99 29
133 104 146
108 178 180
130 98 89
179 163 180
64 98 130
144 106 114
181 98 112
87 181 190
127 129 161
110 98 98
172 128 152
51 98 40
112 98 65
138 195 190
194 116 144
202 133 154
158 106 94
95 98 125
147 106 91
73 165 173
81 101 145
152 127 151
179 200 193
110 150 172
60 196 199
88 125 158
96 106 61
108 106 61
173 185 193
100 191 188
78 172 176
179 121 147
98 98 104
156 106 52
176 111 142
136 106 136
69 106 101
191 106 103
68 98 71
123 151 174
75 123 148
125 106 119
158 147 171
54 136 165
156 106 30
87 98 34
168 98 129
161 106 108
185 180 181
89 98 133
126 188 186
75 106 36
134 106 72
65 131 153
154 98 45
195 106 38
180 98 38
145 98 63
154 98 111
53 108 140
197 106 82
183 106 136
183 98 86
67 106 78
204 194 189
202 116 153
196 106 112
180 188 186
100 144 161
148 171 185
108 179 190
98 98 136
54 98 89
187 195 190
75 186 194
69 194 198
51 190 196
118 135 164
121 106 105
81 133 163
200 98 50
131 141 159
178 149 164
168 170 176
110 197 191
122 177 188
98 148 171
56 106 58
173 136 165
60 98 96
203 98 73
160 98 137
91 132 162
194 98 74
196 106 62
142 98 32
77 179 181
124 119 146
67 106 58
175 106 37
96 193 198
78 98 93
93 98 56
112 98 134
58 106 39
132 106 53
175 98 123
105 106 82
156 111 142
150 98 75
186 168 174
59 106 29
167 98 72
171 106 111
114 119 155
142 98 94
68 105 147
158 135 164
129 98 30
70 118 154
88 189 186
155 200 196
81 117 154
76 149 164
134 193 198
93 127 151
51 176 179
64 168 183
161 98 31
129 172 185
84 106 136
167 118 154
199 107 139
151 111 150
82 106 115
76 98 102
91 106 124
142 106 78
166 106 65
75 98 77
60 98 69
191 106 69
161 146 162
90 171 176
131 98 77
175 98 53
100 104 29
71 186 185
60 177 188
193 179 190
51 151 166
192 127 151
110 98 107
74 98 113
82 98 60
106 106 119
187 98 139
204 126 159
115 116 144
133 120 147
139 106 121
191 149 163
110 98 77
166 190 196
163 169 184
64 161 170
113 106 99
161 110 149
122 107 43
119 160 170
79 106 55
186 152 174
72 98 143
165 106 40
204 106 53
104 141 168
92 98 79
106 98 52
149 98 84
161 131 153
80 162 179
119 99 28
95 106 41
194 98 58
91 98 111
135 98 64
174 98 108
152 166 173
134 106 102
114 149 164
74 98 47
130 98 136
175 154 175
142 105 147
196 98 124
87 156 167
110 164 181
204 166 174
117 192 188
74 136 165
63 140 167
124 197 200
85 196 199
126 106 134
181 172 185
55 116 144
171 160 170
52 116 153
173 136 156
96 154 166
73 157 177
203 145 170
102 163 172
128 170 176
93 106 99
185 106 96
180 98 46
54 98 55
198 98 36
104 122 156
87 110 150
81 195 190
204 106 33
51 124 157
104 106 147
51 98 76
127 130 153
118 182 183
203 175 187
154 98 61
186 125 158
135 144 169
136 106 85
153 106 127
171 98 88
82 106 77
143 106 101
101 106 69
75 106 91
93 119 155
138 98 48
182 98 61
65 152 165
84 106 88
194 176 179
172 118 145
146 155 167
195 150 173
61 151 174
203 98 106
148 98 101
189 106 60
156 106 87
65 106 42
110 98 115
126 98 122
73 106 117
123 106 70
66 106 111
152 106 137
143 130 152
93 106 49
185 98 77
189 98 92
115 98 93
71 98 29
196 166 182
85 147 171
138 125 158
58 98 105
185 109 149
147 178 189
163 184 192
141 179 181
196 192 188
188 161 170
52 162 180
150 178 180
78 116 144
138 107 37
69 116 144
92 142 160
78 192 197
153 142 168
171 107 148
72 106 133
58 185 193
129 155 167
148 132 162
171 145 161
56 129 161
89 98 43
202 107 148
59 147 162
191 135 164
73 129 152
60 106 80
92 106 67
179 193 198
99 178 180
183 106 72
79 106 44
187 166 182
156 98 37
168 98 119
80 144 161
99 106 110
73 98 129
129 159 178
164 181 182
157 173 186
192 135 155
154 153 175
148 106 29
58 130 152
63 193 189
91 173 186
158 106 69
141 121 147
135 111 150
148 193 197
191 108 140
66 125 158
135 134 155
148 106 48
112 192 197
52 106 91
101 165 181
106 98 69
159 106 124
198 98 87
185 106 88
175 106 47
137 156 176
61 107 148
90 106 116
115 98 36
140 98 111
151 106 97
114 106 70
83 106 108
193 106 120
107 106 107
112 106 54
124 143 160
189 106 47
162 98 46
128 98 44
104 106 90
176 106 81
136 166 173
61 106 122
183 117 153
96 105 147
157 194 190
114 132 154
105 128 160
91 159 178
196 98 65
187 121 147
67 106 85
58 106 46
117 98 110
174 106 64
158 118 146
164 106 116
173 176 179
106 140 158
162 197 200
52 106 108
110 167 174
113 105 29
204 106 134
156 182 183
183 106 35
125 105 147
197 122 148
136 201 194
188 106 125
126 106 57
105 197 200
174 98 138
191 98 132
140 106 67
125 98 94
121 106 86
198 106 96
59 98 135
96 98 85
130 98 59
84 98 102
122 106 128
89 106 82
157 106 102
144 191 187
175 167 174
106 118 145
202 187 185
171 201 193
144 166 182
56 98 114
165 194 190
146 143 160
112 184 192
191 186 194
76 147 171
127 190 196
133 190 187
62 106 137
68 98 118
101 98 129
81 106 33
167 150 172
113 98 83
85 106 70
177 106 114
68 106 94
110 108 149
143 165 173
161 163 180
67 170 175
87 141 168
97 115 144
140 181 190
66 174 187
84 128 152
148 117 154
58 200 193
70 142 168
203 152 174
204 106 80
137 152 165
51 144 169
86 176 179
184 146 162
198 141 159
68 139 158
191 111 150
51 106 127
80 158 169
121 98 138
122 200 193
132 119 155
122 144 169
204 98 96
177 132 162
179 127 151
70 112 151
127 124 149
137 169 184
203 192 197
113 109 141
72 106 63
52 98 48
90 98 73
185 106 109
164 98 38
192 98 49
191 98 115
91 106 138
173 106 128
166 98 99
92 198 199
198 148 163
66 155 176
182 157 177
129 180 190
166 135 164
108 146 162
78 98 65
165 98 84
165 106 127
141 98 125
126 106 101
51 157 169
96 98 115
169 98 49
63 98 89
190 106 77
121 106 78
63 106 35
161 98 76
68 98 51
194 98 30
118 98 61
204 106 62
53 170 175
142 114 143
194 197 200
93 120 146
114 178 189
187 178 189
169 189 186
142 142 168
197 120 155
181 164 172
204 98 65
101 135 164
54 186 185
85 166 182
85 102 29
51 104 44
154 172 177
173 106 29
198 106 130
51 106 114
148 201 194
85 98 139
185 138 157
69 181 191
53 197 200
167 106 58
185 106 54
176 106 134
88 98 49
178 98 91
103 98 37
94 178 189
201 106 117
132 106 120
126 106 111
126 98 72
177 106 100
118 106 118
165 125 158
175 98 114
154 106 74
65 98 100
98 106 95
89 106 131
91 98 91
143 98 133
199 98 43
121 98 79
128 106 87
186 98 108
155 98 118
159 98 130
128 115 144
54 103 146
179 141 168
177 180 182
97 106 104
104 151 173
188 102 145
79 108 140
97 156 176
179 135 155
51 105 101
130 149 164
177 108 148
160 158 169
190 98 98
86 106 99
195 106 45
106 98 134
75 106 127
62 98 114
85 98 78
201 175 178
64 99 29
103 98 119
93 133 154
87 106 48
146 124 149
54 98 82
148 135 155
95 168 174
122 165 173
203 119 146
161 171 176
51 99 31
159 152 165
138 100 144
160 106 139
155 189 186
51 128 152
60 179 181
188 173 177
67 181 182
104 158 169
190 130 161
51 174 187
52 102 135
58 123 148
186 106 29
178 98 30
204 101 37
98 98 142
197 98 131
204 158 172
51 195 191
143 107 44
128 98 82
70 98 135
149 98 138
157 124 149
105 106 127
59 98 127
132 98 70
113 98 122
171 106 43
61 106 73
89 106 61
164 98 66
102 106 135
144 98 78
90 106 36
170 106 94
99 98 56
138 106 113
121 117 153
200 198 192
187 139 166
103 183 192
86 182 183
73 129 161
172 179 190
161 104 146
85 140 158
204 101 122
199 163 171
62 117 145
78 179 189
110 192 188
180 106 121
168 113 151
116 176 179
172 152 165
111 155 176
88 105 147
125 194 189
82 152 165
149 100 144
95 148 163
119 154 166
146 160 170
102 126 150
130 198 199
93 188 195
53 106 66
180 194 189
113 113 151
96 173 177
58 156 176
171 109 140
79 98 34
120 193 197
198 99 143
200 104 29
111 138 166
77 170 184
179 150 173
109 106 32
107 106 43
149 113 143
126 106 47
74 106 30
135 107 46
148 105 147
160 106 48
145 98 89
84 98 129
