116 94 136
214 194 93
41 195 94
214 44 93
138 195 173
214 119 173
41 91 68
41 44 172
42 142 173
124 169 92
186 119 92
213 44 172
211 195 166
129 89 68
74 195 151
46 93 132
152 131 173
70 138 92
158 72 172
58 44 95
164 195 122
99 152 173
214 150 128
214 87 126
78 85 173
169 70 95
86 87 96
41 159 128
214 89 69
118 195 130
179 165 92
169 94 134
141 125 92
86 195 93
175 169 173
112 112 173
41 184 173
41 51 132
41 102 173
200 81 170
118 73 173
212 44 132
41 116 101
214 157 166
118 65 95
74 123 173
214 188 130
103 121 92
42 195 134
213 144 92
143 94 109
41 76 101
166 92 68
41 160 93
82 94 130
101 193 173
41 125 143
173 104 173
179 195 153
152 186 92
139 161 173
214 117 139
69 167 173
196 89 96
44 73 157
214 116 107
186 135 173
141 98 173
89 163 92
72 91 68
70 195 120
183 195 94
214 68 149
114 195 100
114 94 105
101 93 71
150 152 92
214 169 107
143 94 145
67 110 92
214 70 103
126 136 173
63 178 92
147 195 143
99 94 157
41 163 155
196 94 147
61 94 155
139 195 113
143 74 92
164 102 92
110 146 92
69 68 92
190 195 124
192 59 92
41 140 111
116 173 173
95 195 117
63 94 111
118 195 155
65 192 173
167 135 92
198 176 173
214 169 145
190 91 68
186 94 117
167 192 173
214 138 153
41 176 113
50 95 92
124 94 158
95 65 94
196 104 173
41 51 109
65 144 173
190 142 92
89 106 173
124 110 92
160 152 173
97 195 147
200 195 145
214 102 157
50 195 155
162 94 157
50 75 81
89 174 173
59 74 173
205 74 82
41 72 126
192 155 173
214 64 124
179 73 171
103 131 173
41 104 149
97 76 173
188 195 172
148 93 81
214 66 170
53 123 173
200 171 92
41 95 111
105 178 92
214 98 94
50 195 113
116 88 84
44 51 153
67 102 173
47 135 92
166 94 111
63 157 92
133 193 92
131 144 92
150 178 173
99 94 119
214 131 120
88 108 92
177 88 86
211 47 153
205 195 111
131 117 173
41 144 149
213 138 173
214 44 113
137 78 173
41 123 120
133 94 126
48 165 173
44 57 90
91 144 92
42 83 173
108 91 173
214 169 126
65 195 101
214 87 145
80 94 155
84 195 134
86 138 173
205 94 111
120 192 173
67 88 88
214 176 164
160 195 157
145 106 92
41 64 173
131 89 96
204 114 92
122 129 92
86 127 92
152 94 128
214 94 173
158 119 92
167 121 173
61 195 136
181 94 157
169 180 92
158 83 92
167 87 173
177 195 111
214 106 126
41 180 151
41 176 132
122 154 173
214 146 111
41 129 160
101 95 92
65 94 132
41 142 132
198 94 130
97 94 139
82 94 111
164 195 139
133 178 173
150 169 92
167 152 92
41 177 93
41 87 147
141 144 173
148 114 173
158 195 105
185 102 92
82 178 92
81 195 173
202 93 81
214 127 93
41 157 109
177 148 173
186 117 173
186 91 173
214 81 162
84 93 81
84 157 173
41 66 141
61 125 92
57 87 73
214 161 93
41 106 122
135 195 155
185 78 96
214 119 157
55 79 96
214 192 151
124 100 173
198 192 92
187 180 92
214 135 138
137 178 92
107 161 92
105 79 92
209 58 88
53 93 168
152 87 170
80 195 107
137 161 92
214 152 145
78 152 92
110 195 115
152 136 92
137 195 128
181 195 138
93 91 170
214 85 101
101 193 92
89 123 173
116 94 120
200 155 92
199 44 93
202 94 162
179 94 103
211 74 136
214 180 117
167 136 173
160 167 173
57 176 173
185 94 138
122 184 92
167 195 93
155 65 93
41 87 82
115 89 68
214 57 139
211 55 103
42 44 94
200 123 173
112 142 173
198 72 96
41 112 136
192 195 105
214 86 84
198 195 160
41 95 160
51 195 173
82 74 92
44 81 115
213 176 92
44 64 113
128 76 92
41 146 98
41 117 170
147 91 96
152 193 173
200 127 92
133 93 82
93 195 160
147 94 158
95 94 105
131 195 141
156 94 141
103 169 173
116 125 173
126 195 117
99 195 130
58 59 90
108 106 92
84 72 172
57 144 92
198 142 173
214 78 115
110 195 141
72 94 143
76 178 173
53 152 173
41 188 120
41 155 141
55 192 92
183 180 173
63 195 158
128 87 170
74 167 92
41 155 166
88 89 68
51 108 92
76 100 92
173 121 92
150 195 130
55 110 173
202 195 132
139 129 173
108 94 147
129 94 143
129 94 111
160 106 173
166 167 92
41 116 157
162 93 82
214 97 136
143 91 68
214 131 107
181 152 92
65 89 173
51 169 92
209 106 173
198 102 92
51 94 145
41 174 162
41 129 105
41 169 143
200 190 173
55 195 124
188 88 81
147 195 160
152 195 117
41 188 107
145 195 101
214 157 117
107 182 173
181 65 93
214 102 107
122 97 92
42 70 90
211 59 160
47 121 92
167 91 96
95 195 103
205 163 173
72 192 92
71 73 171
44 81 136
41 44 119
41 102 96
214 180 139
173 94 120
70 94 120
110 195 164
103 104 173
214 161 136
57 94 122
76 110 173
183 133 92
41 169 103
110 159 173
70 94 101
55 136 173
76 119 92
41 150 119
51 94 105
177 93 75
42 44 142
116 81 96
44 59 162
41 192 145
120 157 92
154 94 105
107 133 92
177 195 126
127 195 164
41 129 132
214 121 128
214 165 157
76 148 173
82 97 173
129 195 105
126 165 173
214 106 143
84 195 120
214 146 162
164 178 173
93 174 92
211 53 120
171 195 162
214 76 93
192 72 172
72 81 96
209 195 122
171 94 164
112 94 162
211 78 173
154 88 69
197 82 76
213 186 173
214 131 164
135 65 94
41 195 166
190 167 173
41 60 124
148 154 173
175 110 92
101 119 173
41 108 111
214 178 153
86 94 141
67 155 173
93 78 92
202 138 92
211 64 113
41 87 94
202 89 68
107 66 95
95 88 84
86 195 147
214 157 105
41 144 160
185 104 173
192 94 105
41 131 172
133 116 92
207 152 173
44 59 101
105 94 128
190 94 162
80 195 160
171 157 173
74 94 164
107 195 153
214 186 107
95 133 92
97 154 92
154 142 173
190 165 92
214 116 119
41 135 122
65 129 173
143 94 134
74 195 139
51 195 141
177 127 173
65 116 173
148 167 173
143 94 120
188 195 147
107 93 81
59 100 92
53 83 173
46 93 120
72 88 79
133 94 164
108 78 170
44 76 145
89 97 92
55 93 82
143 144 92
158 94 119
152 98 173
205 94 122
177 94 145
213 195 138
51 68 95
41 55 143
89 188 173
41 100 138
214 97 117
114 121 92
158 176 92
214 110 93
213 55 173
205 83 96
46 74 170
51 195 101
213 171 173
169 76 170
51 180 92
204 91 173
205 93 91
124 88 77
91 186 92
209 93 152
214 44 143
211 71 162
211 79 153
179 192 173
41 83 124
128 73 171
68 58 95
135 135 92
214 44 162
183 159 173
49 154 92
156 195 94
112 188 92
99 140 173
131 100 92
131 148 173
169 81 92
164 97 173
105 94 109
41 133 151
133 94 153
192 195 136
89 94 122
120 94 149
158 117 173
41 188 158
129 188 173
214 62 96
137 108 173
89 148 173
177 95 173
196 195 115
202 195 101
181 87 96
80 167 173
118 138 92
41 47 162
202 57 95
57 72 88
148 76 170
55 94 136
58 82 86
97 104 92
44 64 151
43 54 173
108 89 96
154 97 92
59 91 96
44 85 160
211 78 124
211 87 117
211 57 149
118 85 173
139 87 170
51 53 95
44 60 134
48 84 76
188 81 170
88 81 170
124 195 94
214 195 103
188 93 91
207 85 75
108 195 124
214 140 122
57 116 92
41 114 145
166 195 113
198 114 173
214 91 160
122 116 173
74 129 92
69 195 111
183 94 128
120 195 145
214 154 155
167 94 143
82 142 92
141 83 92
74 188 173
59 135 92
188 144 173
214 148 101
41 165 164
69 148 92
70 94 153
128 195 132
41 154 151
214 85 136
173 100 92
198 67 87
61 169 92
116 176 92
41 85 103
213 44 103
78 65 94
42 174 173
207 195 157
198 133 173
105 195 103
59 195 111
141 93 88
145 186 173
175 140 92
114 167 92
158 161 92
86 94 162
41 169 119
162 144 92
101 140 92
214 127 151
91 119 92
214 144 136
214 123 113
214 108 164
160 129 92
82 129 173
175 116 173
67 195 145
194 114 92
214 136 100
41 135 139
128 94 134
198 94 117
41 117 111
91 94 149
154 195 149
41 186 132
76 110 92
173 178 173
171 94 155
41 178 103
80 94 101
148 119 92
186 195 115
61 94 145
80 94 120
41 95 101
214 171 136
42 93 173
120 182 173
57 165 173
120 195 107
65 182 173
91 163 173
205 66 95
93 133 173
76 195 128
41 180 141
126 88 88
204 94 138
99 167 92
192 133 92
143 193 92
171 195 147
141 173 173
192 184 173
186 94 149
214 106 117
202 94 101
158 110 92
154 94 164
214 178 101
214 123 101
158 186 173
209 127 173
175 195 100
214 190 117
198 182 92
198 81 86
214 44 122
214 66 139
202 72 172
158 74 96
101 94 166
212 77 78
212 69 86
160 195 168
211 93 79
41 129 96
41 68 164
112 74 92
97 85 96
150 79 96
65 76 96
44 53 119
48 93 77
177 74 92
50 64 87
78 88 86
57 195 166
139 88 77
50 94 158
72 95 173
214 186 96
195 92 170
145 65 94
177 81 170
41 186 96
44 195 124
190 68 92
46 110 173
154 88 86
214 188 162
93 93 77
169 88 77
41 78 93
63 94 166
179 184 92
63 93 71
44 73 115
50 100 173
50 182 173
127 195 149
214 142 145
154 195 139
179 138 173
214 95 103
88 152 92
183 195 103
147 161 92
150 94 149
91 94 113
211 76 145
116 135 173
72 133 173
167 195 130
86 116 173
211 78 105
133 169 173
164 129 173
141 195 136
133 94 103
160 94 132
41 150 128
190 94 124
120 89 96
214 57 128
74 94 134
91 195 126
214 110 134
167 112 173
133 195 120
128 125 173
41 119 128
124 94 126
214 161 149
214 131 130
69 81 173
99 178 173
103 195 160
108 94 117
114 93 77
171 159 92
175 94 111
188 155 92
80 188 92
214 110 153
128 108 173
89 94 134
84 116 92
148 129 92
67 97 92
59 195 151
41 150 105
53 94 115
69 195 132
214 85 170
162 94 101
63 88 81
120 94 166
44 89 139
137 195 164
41 79 153
42 195 103
41 66 103
173 173 92
61 66 95
56 79 77
162 81 170
214 53 111
181 89 68
133 171 92
44 152 173
41 112 94
41 195 113
41 102 164
50 91 68
44 71 136
147 176 92
74 195 100
135 76 96
192 78 92
114 93 91
209 195 145
206 165 92
206 150 92
41 78 164
95 98 173
185 195 164
128 68 95
126 152 92
86 89 173
72 195 170
214 98 149
41 195 153
43 76 84
205 195 93
214 169 96
128 121 92
188 190 92
164 186 92
131 184 92
69 184 92
42 44 128
194 88 88
211 135 92
214 176 130
156 93 77
214 184 147
169 195 105
84 182 173
211 119 92
147 136 173
116 195 120
80 88 69
108 116 92
41 129 115
148 94 115
204 100 173
107 148 173
192 195 155
50 85 96
166 146 173
185 171 92
207 51 95
137 94 139
41 112 164
41 165 134
143 119 173
46 93 151
167 116 92
214 110 101
141 195 149
74 161 173
190 98 173
214 125 136
207 193 173
122 93 69
69 173 92
97 83 170
61 81 170
89 195 170
44 49 100
167 88 86
88 88 88
48 188 92
49 144 92
42 93 88
126 136 92
99 72 92
207 180 173
214 146 172
88 66 95
135 108 92
198 94 155
41 173 153
41 138 103
145 195 119
61 195 119
41 159 101
211 85 109
99 184 92
108 94 138
200 195 124
120 144 173
41 121 162
139 154 92
78 195 115
206 102 92
214 121 164
101 159 173
67 131 92
133 140 173
171 195 120
214 119 147
59 157 173
147 195 109
72 159 92
59 94 103
41 64 96
107 94 155
50 195 164
82 169 92
84 135 92
41 95 145
214 176 109
214 167 115
88 94 103
154 195 162
80 81 92
198 161 173
167 195 155
183 144 92
198 163 92
205 144 173
57 190 173
41 121 136
41 106 103
122 195 138
122 94 141
188 125 173
97 195 138
108 195 134
116 114 92
214 100 166
122 94 103
141 94 101
116 93 173
108 174 173
41 142 141
150 106 173
101 195 122
214 129 143
41 167 126
99 94 147
214 150 119
78 140 173
50 60 95
214 98 128
183 112 92
63 193 92
72 195 158
188 174 173
103 148 92
120 146 92
199 59 88
141 114 92
133 127 92
50 45 92
120 195 166
162 95 92
202 195 168
173 91 68
214 152 93
67 87 96
214 85 92
154 89 96
44 79 107
41 138 94
214 152 138
70 94 113
126 195 124
59 195 143
214 72 128
103 112 173
91 155 173
65 174 173
214 169 164
209 93 145
110 104 173
103 195 115
74 178 92
129 94 119
82 195 100
196 94 138
192 195 98
214 138 162
145 136 92
214 87 153
214 62 103
167 127 92
41 169 96
48 136 173
158 152 92
105 94 101
114 94 155
41 104 157
214 138 111
49 161 92
108 193 173
74 74 92
63 136 173
107 169 92
145 186 92
126 173 173
214 146 153
41 154 158
82 104 173
200 195 153
41 142 119
162 195 149
154 144 92
93 193 92
214 188 139
214 123 120
124 81 96
41 159 120
120 108 173
41 176 124
214 114 126
137 195 101
42 44 149
198 64 95
154 94 157
147 195 168
162 94 164
171 94 103
147 94 166
