147 107 132
107 235 64
128 223 193
107 45 65
108 46 193
108 147 64
107 144 193
183 45 93
182 45 173
131 184 126
126 45 129
149 93 70
107 237 138
149 89 186
107 86 102
107 138 118
152 142 94
107 86 157
131 191 77
152 142 171
107 188 167
131 229 101
168 45 133
140 45 89
107 103 64
141 45 167
110 103 193
107 127 156
107 169 96
130 174 192
131 212 153
139 142 137
107 203 108
107 164 142
143 78 100
134 125 70
107 47 159
107 48 98
107 107 129
107 236 173
131 80 137
107 118 93
129 69 64
131 118 174
147 110 100
131 156 111
131 163 162
122 73 193
107 178 65
107 197 138
131 162 80
107 208 77
147 94 157
130 218 65
107 203 193
107 68 127
163 45 72
131 226 129
134 141 192
131 128 113
107 236 109
131 195 177
107 79 77
107 160 172
160 45 186
160 45 106
144 68 157
152 142 64
131 197 102
107 212 160
150 67 77
126 237 155
146 125 155
107 144 88
131 188 154
131 92 115
131 58 107
147 65 186
107 174 190
130 45 65
147 46 144
107 70 175
126 236 79
107 162 119
107 108 170
132 80 173
131 106 83
118 124 193
130 45 192
131 164 137
183 45 116
150 122 185
164 45 159
131 84 81
150 139 117
130 146 64
131 174 98
107 230 88
131 211 85
112 126 64
107 46 120
107 225 191
147 49 122
131 143 91
127 45 152
107 217 128
128 97 64
132 123 139
128 237 176
131 100 190
131 100 143
182 45 149
107 142 141
134 142 160
107 187 85
107 65 148
131 204 134
151 113 75
128 174 64
107 139 173
107 182 115
122 45 173
107 105 109
107 88 137
183 45 70
107 68 94
116 195 64
149 106 175
131 124 94
133 62 84
107 104 148
122 156 193
150 126 136
131 214 176
131 62 143
133 61 173
116 45 82
107 162 76
107 85 186
131 213 116
107 60 77
122 190 193
107 99 82
151 142 152
107 182 147
110 45 139
147 60 99
107 124 138
131 83 155
147 120 116
131 73 120
107 150 105
131 177 175
123 237 117
107 231 156
107 212 178
147 97 87
107 151 156
152 142 192
107 61 111
130 205 192
124 45 98
107 212 94
107 84 120
150 131 78
117 83 64
131 151 175
131 97 174
145 102 115
146 49 70
118 236 189
166 45 91
107 121 120
118 161 64
107 52 175
132 100 100
107 220 111
111 217 64
146 128 101
107 128 80
107 133 101
107 120 182
107 175 130
107 66 193
137 142 106
147 74 172
135 135 177
125 112 64
116 59 64
107 215 144
141 45 105
120 58 193
131 197 118
131 127 159
131 150 126
107 170 158
142 79 71
147 110 160
107 195 122
131 170 119
139 142 76
130 234 65
118 236 96
107 159 188
150 53 177
131 204 68
131 183 111
148 123 170
129 237 140
107 113 77
131 60 126
107 92 170
131 159 95
131 135 126
147 113 145
148 80 84
137 55 157
130 115 192
141 121 84
134 102 125
183 45 132
123 45 113
107 189 182
131 212 101
131 85 190
107 174 176
107 71 64
131 155 149
107 190 101
131 85 102
131 47 79
139 104 71
131 174 149
107 151 130
152 141 130
131 65 186
107 233 124
131 226 87
137 51 135
144 45 186
147 92 171
131 186 140
161 45 145
133 101 157
131 203 165
152 45 82
165 45 173
107 100 96
161 45 120
131 71 103
107 120 106
137 122 126
107 193 155
131 187 93
136 59 71
125 133 64
177 45 185
143 110 186
131 132 81
107 58 137
120 143 193
128 188 64
131 222 162
131 128 189
131 216 140
107 173 83
155 45 132
135 45 117
107 64 163
152 45 96
107 205 64
107 193 73
118 88 193
114 214 193
107 124 168
131 174 77
107 200 88
141 135 88
147 91 99
136 135 147
145 135 163
139 77 186
109 237 77
107 224 166
118 236 165
107 78 144
107 90 66
107 142 76
107 221 79
107 114 158
107 156 94
107 73 113
147 81 157
131 201 147
131 85 125
147 57 86
131 85 68
174 45 81
131 176 162
107 97 120
117 237 130
118 170 193
131 163 186
131 236 191
147 69 91
131 160 65
151 45 159
120 227 64
131 53 183
131 200 89
107 139 160
151 127 89
107 133 186
147 55 164
107 99 181
107 202 166
107 204 148
107 149 179
150 133 179
131 95 77
143 102 149
131 185 184
107 169 109
107 101 161
107 227 100
131 107 180
111 45 108
131 70 76
132 142 117
131 190 166
131 221 77
116 45 183
118 236 145
172 45 108
131 133 102
107 227 180
133 68 156
107 236 191
175 45 163
107 74 156
107 115 64
144 142 181
140 142 125
107 140 129
147 109 88
131 166 174
107 81 169
122 211 64
107 166 65
107 86 91
114 45 150
107 149 118
131 229 113
107 48 76
136 122 104
131 150 75
131 120 80
146 131 126
107 211 119
151 103 79
152 142 106
107 57 185
122 45 140
107 186 135
116 184 64
150 75 183
183 45 104
138 72 84
107 115 145
152 142 80
123 107 193
145 124 71
131 149 139
173 45 122
119 45 65
129 237 127
173 45 143
107 113 192
107 228 145
131 69 134
107 58 124
107 202 181
107 79 130
149 136 142
115 181 193
130 237 89
107 182 75
140 88 84
119 149 64
140 133 186
150 100 184
131 227 183
149 64 175
131 228 146
151 45 112
107 179 104
107 69 82
117 45 122
134 51 146
138 92 186
114 136 64
116 237 85
107 131 91
107 99 139
136 114 70
115 236 179
131 129 169
131 135 138
147 119 129
107 45 88
131 88 180
150 129 111
108 189 193
140 45 153
107 183 158
131 90 138
134 50 173
131 161 125
117 98 64
131 214 126
131 152 187
108 77 193
138 110 173
139 142 64
107 129 126
107 181 94
108 124 193
131 174 137
107 204 129
131 80 112
107 227 134
107 92 148
107 54 148
147 60 70
131 193 133
131 72 144
141 142 169
151 89 79
138 120 186
140 55 186
107 152 80
107 109 119
131 45 161
107 90 112
122 236 70
117 200 193
112 45 168
139 69 70
117 70 64
138 122 164
131 195 191
139 122 147
140 67 100
138 102 137
107 237 97
137 54 100
137 91 157
146 135 70
134 135 71
107 93 192
127 237 107
114 134 193
141 102 103
155 45 176
107 130 111
131 151 163
141 142 96
107 57 86
107 161 161
115 109 64
117 224 193
107 165 128
107 118 129
131 54 117
147 120 95
116 237 107
107 61 65
107 156 67
107 221 153
172 45 154
107 161 104
131 183 82
131 65 115
107 77 99
131 167 88
146 115 177
131 70 176
118 46 193
150 83 176
140 135 116
132 102 115
172 45 70
147 102 166
120 45 159
107 167 182
107 134 147
130 45 106
131 166 108
107 202 98
107 109 98
107 151 143
118 172 64
107 143 99
107 61 100
131 229 168
131 206 108
131 45 92
107 54 165
137 51 124
151 53 78
107 45 182
129 45 179
131 217 185
131 91 149
131 203 78
107 172 74
131 165 148
113 237 118
130 55 192
107 69 137
107 47 129
140 103 84
139 92 70
107 213 103
128 60 64
143 51 114
113 151 192
131 126 149
147 113 109
131 133 93
125 122 64
151 75 73
150 126 145
145 45 135
131 171 182
124 214 193
107 222 120
107 172 146
107 128 177
107 165 87
107 103 74
173 45 177
131 221 105
114 236 157
107 215 187
138 89 173
131 148 103
140 101 173
152 141 161
175 45 99
147 101 96
107 109 184
107 187 64
150 133 153
131 230 75
147 66 165
107 236 148
131 143 171
131 211 74
107 222 93
107 196 174
131 182 72
107 110 87
131 145 182
138 54 84
149 104 70
156 45 166
138 122 114
141 101 186
126 78 64
107 224 71
122 97 193
107 172 118
143 142 155
107 148 164
107 67 183
131 186 102
131 93 128
131 223 121
131 127 122
131 176 88
107 97 105
107 211 135
108 237 163
131 222 153
131 196 159
107 135 70
107 145 149
149 55 186
147 119 163
182 45 84
131 75 184
139 122 173
147 104 123
107 52 107
150 120 81
132 142 150
147 83 93
111 55 193
131 107 67
138 45 141
131 209 183
137 142 84
141 122 139
107 184 123
107 193 114
107 90 80
164 45 82
107 172 167
126 196 64
131 211 163
107 204 158
141 59 173
146 102 140
146 45 175
131 127 132
136 49 71
107 53 68
143 135 103
146 133 172
132 63 100
151 133 96
152 141 181
133 142 130
150 85 71
154 45 70
131 121 182
114 163 192
107 211 168
107 198 80
131 175 128
107 189 143
107 124 99
131 208 94
107 212 84
107 108 138
131 154 119
131 191 112
161 45 98
107 119 84
107 82 67
107 70 74
107 99 128
107 132 139
147 114 137
157 45 153
116 119 64
107 124 73
117 204 64
148 122 107
131 81 145
124 104 64
115 45 73
181 45 141
150 108 183
107 203 117
131 150 83
131 179 119
107 85 178
107 82 112
112 227 64
131 231 121
138 72 173
107 45 147
131 135 185
131 110 76
107 236 183
126 45 73
126 66 193
130 182 192
131 101 134
114 45 98
149 136 86
182 45 124
130 74 192
132 136 164
147 88 163
107 183 187
107 80 85
123 230 193
131 204 123
107 170 137
115 45 133
107 160 135
107 132 165
107 138 83
147 112 124
136 51 108
107 68 119
131 170 157
131 201 183
139 122 92
115 65 193
107 229 79
147 82 168
182 45 159
151 127 119
145 142 112
143 135 134
144 135 79
127 166 193
131 61 155
139 85 100
123 177 193
131 209 143
107 220 137
107 68 103
131 159 170
124 45 186
122 141 64
129 45 122
148 130 186
107 143 108
115 110 193
131 224 176
107 231 116
107 159 153
124 45 88
138 113 84
144 45 97
107 149 73
133 91 84
136 47 186
107 193 94
131 229 159
107 115 174
107 124 148
107 181 170
107 58 156
144 116 71
146 51 154
131 236 183
134 45 128
175 45 91
129 92 192
150 128 161
146 125 178
130 236 99
132 100 70
146 82 184
146 60 157
134 78 100
131 55 80
131 94 105
125 81 193
150 142 138
147 74 164
146 72 81
153 45 122
147 118 153
146 49 83
120 237 173
131 166 97
107 166 190
131 95 182
131 190 120
131 149 156
131 185 173
137 122 155
131 218 89
118 220 64
107 195 130
135 108 186
107 90 129
143 45 127
126 122 192
122 207 193
113 118 193
107 160 180
131 221 114
131 156 135
147 51 92
107 62 170
107 201 71
145 142 189
144 45 160
132 78 70
146 69 180
107 212 67
113 154 64
130 236 167
151 133 133
131 203 155
141 101 157
107 157 125
149 142 72
151 45 182
107 77 179
107 109 70
112 45 177
113 230 193
131 75 129
107 154 112
124 53 64
146 92 180
135 135 157
131 218 133
123 237 183
134 135 112
107 140 182
135 102 107
125 237 134
107 180 139
161 45 128
131 194 143
167 45 181
107 195 147
139 142 146
146 142 102
130 45 144
150 99 177
131 129 180
131 74 83
145 142 86
146 95 80
133 142 71
146 52 100
131 165 71
131 157 102
107 107 157
107 55 94
175 45 134
140 69 186
111 87 193
131 225 137
156 45 140
126 138 192
107 187 109
107 91 162
131 161 179
126 148 193
107 152 170
147 111 117
107 146 125
147 68 70
131 81 119
131 128 87
131 205 116
107 75 92
107 112 108
131 175 109
107 213 152
107 115 137
139 95 84
139 81 84
107 83 149
131 72 113
131 225 68
131 181 145
131 194 84
131 235 149
108 194 64
149 138 124
157 45 92
130 211 64
146 124 124
147 70 98
107 204 174
117 81 193
107 231 71
138 135 140
131 181 154
116 237 78
131 62 134
107 212 111
131 221 98
116 51 64
147 45 76
168 45 116
131 52 66
138 96 100
145 51 139
112 237 92
147 88 87
148 115 186
146 62 80
131 133 152
130 116 65
182 45 180
138 135 124
157 45 77
151 120 73
117 234 64
143 135 153
131 236 114
131 232 135
169 45 166
131 76 156
107 236 130
151 133 105
149 113 83
140 60 100
131 88 75
131 217 169
131 202 174
107 107 81
107 175 153
158 45 114
107 116 100
107 118 165
135 142 99
114 192 193
131 173 168
107 102 174
131 159 143
147 107 106
107 221 173
147 142 144
131 153 68
138 142 176
107 159 83
141 102 130
147 111 170
137 142 184
137 102 144
114 237 137
130 160 192
107 74 122
138 135 95
107 176 161
107 224 85
131 88 108
131 159 156
114 91 64
113 97 193
107 93 74
131 144 80
131 98 120
113 45 160
107 231 167
129 236 73
143 98 71
131 129 75
131 132 144
182 45 77
107 233 103
131 139 65
134 59 186
144 109 70
151 45 103
130 181 65
131 123 164
146 132 118
131 53 154
147 82 78
130 214 192
147 121 87
107 151 89
131 66 107
124 50 193
112 79 64
120 128 64
131 57 139
144 87 70
163 45 137
107 139 153
123 236 91
131 150 114
141 122 100
107 196 162
131 161 116
107 97 156
131 155 87
107 62 91
107 61 180
107 52 81
124 168 64
167 45 102
107 165 167
122 180 64
123 87 64
107 188 150
137 122 134
107 62 132
131 198 138
136 45 96
107 103 123
107 171 125
117 237 123
144 125 186
129 128 64
138 65 173
131 68 124
131 144 143
131 65 149
147 84 99
147 109 78
131 64 68
141 130 71
109 45 81
107 93 98
131 196 168
131 113 182
107 84 163
107 171 102
107 225 158
131 197 125
137 135 170
107 138 93
131 197 71
107 229 186
107 104 89
107 119 114
140 142 162
147 95 164
107 54 114
122 45 104
168 45 147
119 45 146
107 224 126
107 210 127
131 150 97
124 237 161
107 163 98
131 120 73
147 61 169
145 142 119
131 102 149
131 133 117
131 51 127
131 144 111
135 135 133
151 127 72
107 141 65
