-58 -3 25
87 -89 -3
77 54 23
26 -14 -28
-88 -91 -6
-3 54 7
-88 54 -20
86 -20 24
-34 5 -32
2 -5 25
83 18 -21
-86 -23 -21
-56 53 25
-87 -49 25
41 40 -10
47 4 18
70 -27 -18
66 -60 25
-88 25 11
4 16 -10
-39 42 -10
-67 -82 25
-67 -58 -6
37 53 25
-70 14 -21
87 18 19
76 54 -15
-27 4 4
-88 -15 15
87 -54 -5
54 4 -31
-8 -15 -28
71 -92 25
-87 54 24
-54 -18 -28
34 8 -8
66 33 3
65 -34 11
85 -5 -2
-66 -31 5
-68 43 0
-28 54 21
65 -72 -3
-68 -5 -1
-88 -44 -4
-47 17 -8
18 54 -8
-67 29 25
87 -46 23
-87 -69 6
-14 38 -10
87 -72 15
87 -30 0
64 7 -8
9 4 -31
21 4 12
-89 30 -15
55 54 2
-66 -82 0
-24 -8 25
63 -13 23
-89 0 -11
65 24 25
87 44 3
-66 -54 17
-88 7 25
-88 -90 25
-14 4 -17
66 32 -21
12 54 24
52 -18 -26
-66 18 2
19 31 -10
-66 52 -20
-32 -16 -27
-4 4 6
63 -15 -2
-68 -22 24
-88 54 1
-48 54 5
-26 20 -10
-71 -7 -21
66 -92 5
79 -8 -21
35 54 4
34 5 -32
65 -52 -4
32 -8 25
-49 4 7
66 6 12
-56 3 -30
-67 -26 -14
87 18 -1
-23 54 1
50 22 -10
87 38 -19
-66 33 -17
58 53 25
85 37 23
87 -1 21
-88 -68 25
-40 3 24
66 -76 15
-87 3 7
-87 -17 -3
-7 53 25
-88 -30 25
0 52 -10
-88 36 25
16 4 -14
82 -72 -6
-72 52 15
-36 4 -13
-68 10 19
49 4 0
-58 4 -12
-78 -92 11
85 -89 15
9 -14 -28
-87 -31 8
73 54 5
87 -23 -18
60 44 -10
15 52 8
-88 15 -21
-66 -69 10
-55 47 -8
79 -39 -11
-87 16 -3
-11 4 21
66 40 20
-72 -43 -6
63 -5 -20
85 -56 11
-83 -58 -6
1 34 -10
-66 -38 21
65 -44 23
-52 32 -10
-65 -16 10
35 24 -8
-7 6 -30
66 -54 11
-87 -52 9
-87 39 2
49 4 -15
-44 -5 -26
-81 -30 -8
-11 21 -8
-80 -74 -6
85 -33 15
12 4 0
45 54 -9
-68 31 10
85 -15 10
87 30 8
-75 54 -6
36 4 8
65 -30 -3
15 3 25
47 52 15
-22 -3 -28
22 17 -10
68 13 -21
66 21 -8
-88 21 25
86 -61 25
87 3 -17
-66 -67 24
65 20 11
-78 44 -19
87 7 9
64 1 25
42 -7 -28
70 -85 -6
-28 34 -8
-62 21 -10
66 -27 23
66 -8 11
-15 54 13
-16 52 -10
-14 4 -2
2 5 -20
-66 43 23
68 5 -32
-70 5 -31
-38 54 -5
-41 54 22
-87 -82 8
26 54 15
86 -81 25
87 48 16
-61 54 5
-80 4 -21
-68 -3 14
-25 4 19
85 27 -10
26 44 -10
-66 -49 4
85 -42 4
-88 -9 -21
45 -7 25
65 -18 -27
10 44 -8
8 4 13
29 4 -20
74 -60 -6
18 -4 -26
-1 4 -7
-39 28 -8
-79 24 -21
-87 46 -9
-87 -6 25
-65 -16 -6
-73 -92 -6
86 54 -5
65 51 -20
65 -21 12
63 -17 -14
-74 -92 23
67 52 16
-66 -19 -26
-47 6 -21
27 4 24
-38 4 -1
-68 31 -4
85 -19 -6
-33 54 9
85 -81 5
75 42 -19
-11 -8 25
-87 43 14
66 -4 -1
-61 4 6
53 34 -8
-68 6 -6
65 45 6
87 50 -19
23 4 -2
32 54 -7
-87 -41 16
-26 8 -8
-47 -8 25
1 -5 -26
-26 6 -21
-68 44 -12
66 -62 3
87 -67 4
68 54 -6
77 -92 4
66 33 -8
-87 -78 19
-67 -92 14
-29 50 -10
87 7 -6
-62 -7 -28
65 -87 17
-75 -18 -19
-66 20 14
66 15 1
2 54 18
54 12 -8
-64 -5 -11
-15 4 10
-88 -59 18
70 -41 -4
85 38 -6
-87 29 -3
66 12 22
41 5 -23
22 5 -32
16 -8 25
-89 41 -19
-85 54 13
-21 -15 -28
-49 4 -5
-11 54 0
-56 4 16
66 -64 15
65 -82 2
43 14 -10
-87 -9 4
-77 54 5
-74 -37 -15
-87 12 16
-35 4 14
73 22 -21
66 -44 6
85 -9 -11
-36 14 -10
-68 -69 -1
85 9 25
-73 -25 -4
-35 -6 25
-45 4 -31
9 25 -10
22 53 25
-77 54 -18
-1 4 20
-66 -80 11
-66 42 12
56 54 -8
-88 -18 25
-68 19 25
73 0 -19
-65 -12 25
-50 52 16
-15 12 -10
66 -79 25
-68 -59 6
-11 -5 -26
60 6 -20
77 -50 -7
23 52 2
85 -30 25
-88 -79 -4
73 -25 -5
9 54 -4
82 29 -21
-66 -26 15
-81 -47 -10
86 54 5
73 -17 -20
-68 -41 11
63 -7 -9
66 30 14
-63 6 -24
39 0 25
31 -5 -26
-87 -5 15
-87 -92 4
-60 38 -10
36 -17 -27
-61 54 17
-63 54 -10
74 -92 14
-32 -5 -26
56 -8 -26
53 -1 25
80 -29 -12
58 4 5
58 54 12
78 9 -21
-6 13 -8
-70 54 24
-47 53 -10
-76 -28 -18
85 -5 12
85 39 13
87 28 18
85 -47 13
80 -81 -6
-66 -33 -4
-88 -69 -6
-18 28 -10
38 52 14
-80 34 -21
87 53 25
-68 24 -21
81 -92 25
45 54 2
-87 -11 -11
-65 3 25
-88 -26 0
-75 -82 -4
-57 14 -8
42 4 -6
-18 5 -32
-45 4 16
31 33 -8
15 11 -8
66 45 -3
85 16 -10
65 -70 23
43 5 -32
-87 11 -12
-87 -58 2
86 -42 -6
86 -63 -6
-8 31 -8
66 -23 2
-87 17 6
-76 -64 -4
86 -70 24
85 -9 25
19 5 -23
51 44 -8
85 27 -1
-1 23 -8
-76 -52 -4
-88 -41 7
-38 4 -24
73 -76 -4
-10 46 -10
56 4 15
41 30 -10
-18 54 22
0 54 -2
-58 4 -2
-1 43 -8
-67 -58 25
72 -35 -15
-88 -39 25
-87 -22 -11
-6 5 -15
-87 -35 -1
-53 -9 -26
78 -92 -6
-80 -5 -21
17 52 17
6 52 5
-68 11 8
35 4 18
-68 16 -6
65 20 -18
33 4 -1
79 52 12
-66 -22 3
87 16 10
-45 -14 -28
66 47 24
86 -15 -21
-87 -21 9
-51 4 25
-89 2 -20
59 28 -10
65 41 -19
10 34 -8
-88 45 25
65 23 2
-87 -89 14
77 54 -4
-24 52 12
-69 54 0
85 -24 12
26 25 -10
18 40 -8
87 -89 6
-76 -92 2
-31 2 25
-66 -90 5
66 -36 20
-68 -73 18
-87 28 20
85 -54 20
85 -81 16
66 -72 5
65 -63 -5
65 54 6
85 -14 1
-87 20 -13
-65 -15 -15
49 53 25
-66 -50 -4
44 4 8
77 -32 -4
31 17 -10
-87 -3 -3
9 4 -10
-61 30 -8
0 -15 -26
-50 41 -10
-79 -38 -4
-25 42 -10
65 -2 -28
66 -53 22
-85 54 -6
65 -22 -7
87 -57 2
48 0 -26
-56 4 -21
-69 2 -18
-54 22 -8
-53 54 -3
-88 3 17
-64 -7 8
25 9 -10
-78 52 22
24 -5 25
-89 38 -9
74 32 -19
56 4 -6
6 4 25
66 -4 18
63 0 -13
-89 46 -1
-88 -52 -5
5 4 5
85 46 -9
-8 54 -8
66 3 4
-42 52 13
66 38 11
-78 16 -19
-71 40 -21
-32 26 -10
-33 54 0
27 4 5
65 -91 -4
-87 -67 16
-68 -13 17
-67 -31 25
-20 1 25
16 -15 -26
16 22 -8
-26 4 -31
87 10 16
-68 10 -14
37 4 -16
-12 3 -25
-68 25 3
-68 -46 22
65 -45 14
87 -50 6
-45 6 -12
44 -15 -28
-65 5 14
85 -22 3
-68 3 1
-66 -84 18
11 5 -24
-68 -61 17
77 -24 -21
-61 52 -2
87 0 6
-5 -1 25
-66 35 20
-74 -32 -7
-66 -90 23
73 -43 -11
-68 -79 -6
86 23 25
86 10 -21
-87 23 -21
1 5 -28
63 -11 -24
87 -64 16
-87 25 3
65 -35 3
-87 -49 17
63 -14 16
-23 4 11
-68 23 -5
61 16 -8
86 -38 24
66 -16 6
86 -34 -6
41 52 -3
-66 37 5
66 46 -14
-66 -75 4
65 12 -14
66 -55 3
9 -5 -26
-37 -11 -26
65 -82 10
-40 54 5
57 -7 25
-68 49 -6
-65 -11 0
85 37 4
-48 53 25
43 46 -8
66 31 22
79 -43 -4
67 6 -23
66 -79 -6
64 -20 21
87 -6 -18
-67 -86 -6
-68 49 9
-19 19 -8
-84 -15 -19
17 4 5
-68 27 17
-40 4 9
87 -35 7
-67 -1 -28
-83 -27 -15
-56 52 11
-87 34 15
37 -1 -26
-6 -1 -26
-68 36 -10
63 54 -2
78 48 -21
-88 -23 19
34 43 -10
-34 54 25
-75 -25 -11
66 -6 25
-31 4 -4
-10 54 19
-50 1 -26
-82 -92 22
-81 -37 -11
82 -25 -4
-87 4 -1
16 52 -1
-87 32 6
41 4 1
9 54 15
25 51 -8
-7 4 13
-19 6 -24
66 54 -13
65 -28 15
62 3 -2
-87 -85 -1
-33 40 -8
25 36 -10
-23 54 -8
-88 -58 25
71 -67 -6
82 -2 -21
29 52 23
-43 36 -8
-66 26 -14
70 -28 -11
70 -10 -21
87 -87 22
85 -74 2
85 23 6
85 -27 19
-89 50 9
-16 45 -8
87 24 -20
-64 0 -4
51 52 8
-88 22 -6
83 54 18
-88 14 25
87 5 1
-44 52 -1
-88 -81 25
87 12 3
-21 35 -10
-89 53 -12
-68 -39 -1
65 -89 24
-75 9 -19
-87 -75 1
-87 20 16
-71 52 -12
63 -10 4
19 47 -10
-68 -22 -8
-41 48 -8
9 -3 25
-82 -84 -6
65 10 6
-64 -5 -19
-68 46 17
60 35 -10
42 54 20
-68 -3 25
65 19 21
-88 -35 19
-67 -24 -21
28 4 14
-30 4 -15
85 44 21
41 22 -8
-24 4 -2
-68 -55 0
-5 -8 -28
-87 10 4
58 6 -13
67 54 23
-59 -13 -26
-84 48 -19
63 5 18
66 45 13
-33 52 16
71 53 -21
66 29 -14
-45 24 -8
63 -10 -16
15 4 -6
-87 -63 10
85 -8 5
85 -11 16
-87 -73 12
41 54 8
41 4 14
62 6 -27
23 4 -16
-73 33 -21
62 50 -8
65 -37 -5
-23 6 -14
69 46 -21
65 -23 -19
51 4 10
15 -9 -28
-5 4 -1
66 -2 9
-18 4 18
-8 39 -10
86 53 -12
12 18 -8
66 38 -2
-66 -32 16
-80 54 -11
22 4 19
10 6 -17
49 -7 -26
-73 -92 17
66 28 -3
-68 11 -2
75 15 -19
-51 11 -10
-68 -10 -8
-67 -12 -27
-18 -9 -28
28 1 -26
-83 -25 -4
3 6 -13
60 52 19
-34 4 4
-33 6 -21
-30 14 -10
87 48 9
-15 54 6
-83 -65 -4
-63 6 -17
-20 4 4
-68 4 8
81 36 -20
8 10 -8
-25 27 -10
-82 -90 -1
71 -90 1
26 54 8
85 -20 18
-80 52 -1
-88 48 19
-78 54 12
-10 52 10
-56 52 2
-61 4 20
87 -82 -5
79 -65 -6
85 10 -14
66 0 -6
85 -48 -2
-25 -8 -26
-70 5 -25
-87 35 -21
-45 -1 25
-10 7 -11
76 -90 21
39 -6 25
80 -18 -20
5 39 -8
59 -17 -28
-75 -2 -19
-73 20 -19
-84 9 -19
53 52 20
36 49 -10
-52 6 -16
85 16 25
53 6 -20
65 13 12
66 16 -5
7 49 -8
80 -92 11
2 4 -2
47 36 -10
-39 4 -7
72 7 -19
-87 38 9
66 36 -15
36 -9 -28
-57 53 -10
87 -75 9
-61 45 -8
-37 34 -10
-69 -92 -1
-28 52 -3
42 6 -14
-89 -6 -15
65 -68 10
83 45 -19
-68 2 -12
65 -44 -3
70 -55 -4
65 -58 17
-55 -4 -28
-68 -13 -21
-87 -31 15
-66 16 -16
-23 14 -10
66 -10 -3
-66 -63 1
87 -62 9
-81 -46 -4
87 -39 17
63 -17 -21
15 5 -30
67 25 -21
87 46 -3
35 5 -26
87 -25 -8
-28 1 -26
-11 -2 25
71 -48 -6
79 -46 -12
75 -25 -15
-76 -12 -21
-66 -19 15
30 4 -6
-37 -5 -28
66 -5 -14
80 -59 -4
-67 49 25
-18 4 -7
30 6 -14
20 -1 25
87 35 -12
-87 -65 1
-87 6 -8
-11 4 5
-87 -5 8
85 -85 1
66 10 -2
13 4 9
-87 -17 4
50 7 -8
37 34 -10
-41 20 -8
49 16 -8
-30 4 10
-87 7 12
-70 -64 -6
65 -30 7
63 -8 20
66 26 9
67 -92 20
65 23 17
51 49 -10
-64 -5 18
9 4 20
-87 -46 1
-66 43 -6
50 28 -8
65 37 25
-6 52 1
33 52 -2
6 54 25
-54 -7 25
80 23 -20
2 4 11
-55 4 9
-29 -4 25
-61 54 23
66 -87 9
-86 -4 -21
14 29 -10
-66 -84 7
33 -2 25
66 -49 1
54 4 21
-4 54 20
66 -12 -9
-87 -9 -5
-51 4 1
11 52 1
-66 -47 10
-87 27 -9
70 39 -21
46 6 -21
-66 -52 23
-70 -73 -6
76 -86 -4
-63 11 -10
-4 -7 25
81 -90 -1
-87 -38 -6
87 42 -13
-8 6 -23
-89 47 -15
-88 0 25
13 54 -10
66 -58 -2
-35 21 -8
-89 5 -15
55 20 -8
13 0 -26
-68 -14 4
-54 6 -8
86 54 12
-40 -8 25
-75 -42 -11
65 -64 21
73 52 -10
55 0 -26
-68 -25 8
-66 -25 -3
66 7 -17
-18 52 -2
-87 -74 24
-80 -25 -21
-19 -5 25
-66 49 -14
-31 -10 -26
32 54 14
-68 18 19
-79 -89 -6
-87 42 20
79 54 6
71 -35 -4
74 -5 -19
-36 4 20
-77 -57 -4
87 4 -11
-66 39 -16
-44 4 0
-87 40 -3
-12 -11 -26
66 6 23
-68 -38 5
-87 -53 3
85 -13 -5
-84 54 7
-61 6 -30
-66 36 -1
-22 48 -8
-88 -31 -4
-75 -70 -4
-13 32 -10
-87 -79 13
-74 -77 -4
-42 13 -10
-88 -54 21
51 -8 25
-88 54 18
-84 18 -19
19 6 -8
37 16 -8
-66 -73 24
20 54 8
40 54 -9
85 21 -10
-57 4 25
65 41 -7
87 -67 -2
-64 -5 -5
-68 31 4
-7 4 -7
56 4 -1
-68 -3 8
80 -33 -16
-88 30 25
-40 0 -28
-87 -44 22
-82 -90 7
68 52 2
60 -4 -26
40 10 -8
85 -6 20
65 -50 7
-34 48 -10
65 -60 11
80 52 -11
-82 -53 -6
3 0 -26
-59 -19 -28
82 -26 -20
25 54 -3
-86 -75 -6
51 6 -27
67 0 -21
87 -75 -4
1 0 25
87 32 -17
81 -53 -4
73 -38 -9
85 20 -16
9 4 -4
86 2 25
58 2 25
61 22 -10
-24 52 24
-66 25 11
-68 -43 17
-68 24 22
-38 54 17
23 -6 -26
-87 -13 10
-66 20 7
-81 -92 16
-68 -8 14
4 28 -10
-88 -46 12
-87 -36 11
85 -14 21
85 33 -3
-64 54 12
85 -16 -11
-28 54 4
85 -27 7
65 -39 14
72 54 20
81 54 -18
35 52 19
85 -58 17
-51 4 19
65 47 1
69 -92 11
61 4 10
85 -2 -6
-7 19 -8
85 13 -5
15 4 20
48 2 25
-47 29 -10
73 52 -1
-78 -30 -4
-42 6 -18
0 9 -8
-14 54 25
-89 -20 -16
