63 136 192
203 105 46
199 44 191
202 193 178
53 110 46
131 193 80
52 42 136
150 112 135
52 192 122
199 43 105
119 193 173
203 166 102
127 105 62
76 112 120
203 119 187
111 82 191
84 61 82
141 137 192
52 71 188
76 157 79
53 193 182
162 193 134
203 101 112
155 146 79
164 84 192
161 71 83
104 193 125
203 152 150
52 149 145
203 79 155
107 112 155
159 179 192
52 91 87
52 101 155
101 157 192
119 112 104
177 193 82
199 131 79
201 77 77
87 105 72
203 192 135
54 192 79
114 144 79
164 110 49
52 141 105
52 42 93
164 112 99
92 193 85
192 156 192
203 42 145
56 79 124
82 193 157
77 101 189
184 112 155
124 72 81
107 121 192
87 192 192
199 83 192
141 112 168
203 134 119
52 42 171
170 119 192
177 43 81
199 69 125
172 193 167
64 125 81
52 162 175
131 193 142
137 193 110
56 69 157
54 64 73
52 190 152
182 164 79
102 110 47
194 193 107
129 172 192
179 98 71
179 112 124
79 112 162
66 89 60
77 193 110
52 127 165
140 122 81
52 169 104
142 94 84
134 164 80
74 165 192
52 122 137
52 112 107
203 182 80
136 94 189
52 111 188
165 149 192
110 95 84
124 112 130
146 193 165
203 114 137
106 171 81
203 102 85
56 68 99
155 179 79
91 129 79
203 48 80
203 127 162
164 193 104
89 112 99
198 99 172
203 58 170
99 112 130
203 167 130
77 107 45
203 169 173
52 152 81
184 179 192
112 193 102
203 78 102
107 193 152
116 119 80
87 134 192
144 112 112
52 172 135
175 120 80
147 114 192
79 193 134
182 99 189
141 193 190
87 85 84
198 91 134
157 105 71
180 64 73
52 106 69
52 101 130
119 144 192
203 185 157
52 54 117
56 86 172
160 112 158
203 156 82
54 49 192
74 42 82
142 110 46
109 187 192
52 152 124
180 142 79
203 122 100
76 179 79
121 112 177
89 83 189
97 112 175
187 132 192
203 141 178
196 89 59
69 112 142
184 193 127
56 63 137
59 193 100
72 193 175
195 110 67
71 99 84
185 112 97
146 157 192
61 89 192
56 175 192
67 78 84
56 91 107
104 74 79
96 152 79
132 112 150
200 42 125
97 101 192
99 193 175
52 172 82
203 146 102
134 144 80
203 63 144
147 193 90
183 105 46
163 92 84
203 104 154
203 136 140
182 193 150
53 152 192
199 59 95
56 49 153
52 111 87
129 122 192
111 193 81
69 117 192
52 81 142
184 112 175
170 193 188
162 102 189
186 87 84
203 177 190
91 112 147
199 63 188
69 112 97
106 105 69
142 72 83
69 110 66
52 170 154
91 174 192
203 79 173
119 101 192
52 142 177
57 110 170
74 193 90
169 112 139
76 139 79
52 131 120
52 180 168
122 109 46
100 111 84
203 102 191
142 193 129
149 193 145
52 127 94
54 82 70
52 59 173
200 42 163
121 193 120
160 112 117
63 193 139
94 193 105
157 132 192
170 166 192
203 151 125
158 122 81
127 103 79
203 59 112
155 193 180
164 164 79
181 82 189
203 180 114
63 54 84
144 112 94
203 117 117
181 81 68
76 149 192
147 83 192
203 184 97
74 182 192
175 110 61
189 193 168
155 193 119
102 141 192
203 167 157
167 112 173
66 193 160
198 84 119
52 156 160
52 127 183
118 161 80
71 112 177
197 62 75
144 110 64
186 103 84
190 193 190
124 193 188
52 134 150
192 193 87
187 179 79
52 174 119
102 112 107
52 154 97
94 193 144
87 110 57
131 193 95
72 66 73
126 131 79
91 174 79
189 116 192
175 76 84
119 161 192
114 112 119
122 193 158
175 193 114
203 177 142
162 193 85
87 112 192
187 112 140
160 193 157
89 193 122
55 42 109
53 137 79
52 74 84
144 174 192
74 82 191
126 83 192
198 94 97
127 177 79
56 84 157
203 142 162
52 116 155
149 162 79
203 156 182
107 170 192
117 193 135
84 112 134
170 177 79
54 97 57
198 104 127
95 97 84
74 86 74
107 131 79
200 94 74
79 114 79
136 112 183
165 109 84
181 91 57
190 112 112
203 112 168
121 86 79
200 116 79
199 76 140
203 56 129
149 112 150
52 180 95
111 112 139
52 99 180
203 54 155
63 112 125
132 152 192
189 54 84
136 193 177
137 112 125
189 71 84
62 162 80
198 91 149
147 134 79
197 142 192
67 193 120
52 139 135
203 136 92
64 193 190
122 112 160
149 97 192
52 81 97
52 69 112
56 107 142
76 99 59
124 112 89
203 193 121
199 169 79
56 102 115
63 102 189
174 136 192
52 73 170
87 161 192
52 184 109
142 175 79
154 112 177
96 193 162
94 112 160
150 84 79
52 47 80
170 62 83
203 42 177
200 42 92
52 156 110
185 129 79
64 147 81
203 117 152
92 112 119
84 112 178
66 112 160
89 147 192
177 193 100
203 166 117
147 110 77
203 71 90
52 56 94
203 109 100
203 180 127
157 166 192
55 42 122
52 185 135
116 110 59
65 111 84
66 104 52
154 101 84
64 112 110
190 193 139
54 193 167
172 112 109
52 142 160
102 193 94
179 193 178
139 193 154
203 127 177
172 193 142
116 131 192
52 102 99
74 193 147
182 147 192
191 42 80
198 91 182
99 184 79
136 83 79
81 192 79
169 131 79
202 164 192
56 66 124
203 87 87
202 100 62
92 71 84
184 110 74
169 152 79
199 68 177
52 126 109
52 142 92
52 117 122
52 84 183
56 92 144
169 110 72
68 193 80
203 142 81
56 53 129
203 107 180
90 105 46
63 177 79
54 95 74
191 74 72
203 180 178
203 131 190
203 66 158
187 167 192
154 144 192
150 193 102
202 193 191
203 101 142
106 193 139
136 112 139
126 112 115
109 112 180
84 193 178
52 161 142
203 147 137
144 126 192
203 164 142
172 112 152
193 104 54
152 105 51
203 94 162
52 96 167
77 126 79
52 180 182
203 74 114
72 129 192
119 180 192
174 87 79
203 174 90
84 193 99
192 193 157
86 146 79
116 105 77
122 112 192
121 193 89
203 89 109
121 112 145
109 193 167
64 159 192
97 127 192
52 166 92
175 112 90
107 94 192
200 193 147
107 107 192
172 100 84
107 156 79
52 125 80
137 111 84
147 189 79
109 112 92
56 91 122
101 110 59
112 112 168
111 193 182
170 94 189
99 139 79
81 112 107
203 151 170
136 112 104
52 164 127
132 193 122
126 193 109
203 152 114
102 193 114
64 66 84
203 157 94
174 112 163
101 87 79
194 112 89
76 193 187
52 53 105
52 164 191
177 112 185
56 110 59
63 42 81
130 92 84
87 106 84
190 91 192
150 112 124
203 122 89
170 179 192
99 193 187
64 147 192
129 137 192
56 48 180
131 104 192
134 184 192
192 145 80
190 112 129
127 119 79
159 110 61
117 184 79
158 193 191
52 63 149
203 74 185
192 112 165
199 48 135
56 56 163
56 81 112
202 193 165
81 112 90
203 79 130
82 94 79
76 54 79
55 60 191
52 119 173
66 75 72
52 187 191
73 168 80
91 162 79
52 96 191
132 193 163
79 112 147
160 112 129
59 122 192
61 193 89
203 122 127
117 193 147
157 119 192
154 112 104
56 74 134
139 154 79
203 192 89
201 84 68
132 110 54
52 89 132
191 157 81
203 61 84
56 101 87
192 193 119
194 95 84
65 88 84
52 51 142
179 54 79
102 121 80
154 112 86
203 92 124
65 136 80
59 112 180
52 179 147
111 151 192
137 164 192
81 122 192
99 114 192
101 179 192
203 51 119
52 151 170
199 68 102
167 193 120
52 63 85
162 193 172
81 110 66
203 104 72
203 159 163
96 193 132
203 134 154
203 127 110
169 193 94
77 73 79
99 84 192
74 110 56
147 184 192
203 147 90
114 78 79
52 137 187
203 141 129
172 193 130
180 122 192
56 73 147
81 193 168
194 182 192
192 102 189
52 170 165
67 193 107
131 112 172
141 193 99
96 110 69
131 110 71
141 104 189
198 86 167
164 112 185
78 104 77
118 172 80
87 184 79
190 119 79
52 184 85
194 112 183
199 73 167
58 116 79
203 51 100
200 110 57
197 111 145
202 152 192
197 193 97
54 42 160
52 182 125
111 105 46
86 96 192
69 94 189
199 192 79
203 190 110
93 119 80
174 104 192
141 103 79
124 146 79
203 182 168
77 139 192
190 193 178
56 87 62
174 110 47
185 110 64
203 156 104
64 193 149
203 124 139
61 193 129
170 193 152
52 92 97
99 112 97
203 175 104
137 84 189
52 142 122
114 193 112
52 182 158
167 105 64
64 182 192
52 162 81
182 157 192
203 58 180
179 152 79
102 112 119
169 141 79
52 112 97
52 170 182
117 170 192
52 149 135
79 193 124
198 84 95
120 95 84
52 111 130
162 193 144
149 112 160
146 193 175
203 53 144
114 110 69
199 66 135
56 74 180
55 42 147
167 79 79
63 193 180
54 193 110
164 101 79
169 189 79
200 92 192
119 89 189
154 89 189
52 151 182
194 124 192
74 112 134
154 107 189
61 112 192
150 193 134
99 112 142
203 71 149
96 165 192
157 154 192
159 112 168
52 132 173
179 187 192
184 193 92
137 117 192
52 124 150
144 112 178
180 66 84
160 112 144
203 139 110
71 112 152
144 146 79
76 112 185
191 84 65
102 101 79
199 43 115
194 109 46
56 81 191
57 83 85
178 100 56
52 56 183
199 51 90
187 190 79
65 59 76
61 112 135
194 81 84
199 49 172
203 86 140
52 78 162
199 42 154
179 112 145
56 107 160
52 116 144
136 182 79
179 193 160
164 139 192
86 112 168
203 116 107
184 193 107
129 112 97
63 110 72
164 126 192
203 131 132
184 110 54
71 119 80
179 91 192
75 95 71
52 64 163
131 105 46
107 111 79
142 105 54
97 79 84
149 125 80
195 172 192
175 104 75
94 185 192
52 192 142
198 106 163
197 111 155
195 193 130
132 74 84
56 49 89
127 92 192
115 111 84
203 174 150
52 193 89
203 112 92
109 161 192
91 193 153
104 147 79
94 112 183
84 193 89
61 167 192
172 161 79
56 92 153
177 134 79
107 180 79
180 112 105
160 137 79
160 156 79
159 187 79
111 193 90
127 193 150
52 116 165
124 105 54
111 112 127
119 121 192
122 110 74
132 193 185
84 136 79
86 193 114
89 112 110
203 144 145
56 106 124
175 112 132
52 61 109
96 105 54
195 112 173
52 166 112
61 112 94
97 92 189
141 105 71
202 111 192
203 164 85
179 174 79
185 107 192
54 74 75
56 144 192
203 51 187
163 173 80
194 110 77
109 104 84
72 147 79
151 171 81
52 42 186
137 105 62
150 105 62
75 91 84
84 168 80
117 132 80
52 87 163
56 91 180
203 69 80
126 165 79
180 73 73
203 107 120
198 97 105
198 107 109
199 81 110
139 193 82
180 81 76
76 63 84
183 95 84
56 59 155
56 78 104
199 51 162
190 82 190
189 169 80
189 94 57
131 156 79
199 66 115
199 53 109
203 170 182
52 169 145
203 99 134
56 59 100
52 129 129
82 172 192
52 119 190
203 142 120
52 161 183
152 92 79
94 193 95
170 112 117
101 193 84
111 112 109
152 76 79
175 112 172
174 112 99
76 193 102
77 112 170
56 69 90
92 89 79
87 154 79
203 159 127
139 193 144
203 156 135
127 164 192
112 193 127
134 112 112
180 193 140
139 112 160
185 112 87
52 147 112
162 112 109
94 105 62
169 193 180
56 101 107
203 119 175
52 79 150
203 99 182
53 131 192
65 82 189
112 112 147
152 112 115
141 112 149
203 78 122
99 149 192
203 182 89
64 193 172
154 193 170
82 193 145
52 189 97
203 151 158
198 87 158
169 69 79
84 121 80
195 134 192
117 112 185
52 109 178
172 83 192
128 81 84
117 152 80
194 105 84
64 110 46
87 78 79
177 107 84
52 193 130
56 193 158
75 89 60
174 144 192
52 174 90
97 112 152
198 96 117
149 193 154
126 193 180
117 193 165
68 112 119
203 102 95
111 137 192
203 161 175
203 174 119
203 131 100
52 174 127
203 121 167
203 114 129
189 112 149
69 184 79
147 193 122
52 162 155
63 112 102
68 48 84
52 102 147
99 175 79
150 193 110
94 141 192
99 131 79
162 94 189
149 137 192
150 193 191
175 193 122
52 170 173
74 193 160
102 193 102
203 79 163
74 174 192
203 129 145
99 193 150
190 112 120
134 129 192
52 129 142
129 193 172
69 107 189
52 101 139
84 112 125
107 129 192
91 112 139
134 144 192
63 112 147
69 193 134
52 142 150
52 119 92
112 114 192
136 193 134
203 161 152
63 193 114
52 177 104
86 112 157
92 193 180
190 112 104
52 161 104
52 134 100
150 110 69
149 152 79
124 193 100
52 156 150
179 112 115
94 112 90
192 110 59
109 193 119
203 137 168
107 83 79
155 193 95
198 91 173
175 152 192
203 144 153
164 185 192
59 112 117
192 193 147
203 79 90
164 193 112
139 193 90
77 92 189
180 193 168
56 107 152
184 112 167
122 190 79
192 135 80
200 92 66
52 104 54
203 185 187
189 64 73
52 151 89
56 49 170
131 111 79
111 164 79
52 102 80
52 54 84
199 61 163
56 68 175
63 98 57
198 107 135
198 97 155
52 97 120
52 61 129
116 192 192
172 169 80
199 61 124
79 109 192
82 105 54
91 106 189
142 91 192
133 127 80
147 106 84
111 101 189
203 185 140
52 185 117
199 49 180
87 112 79
203 84 149
52 144 84
160 105 54
135 172 80
52 91 115
52 56 135
