36 46 23
-110 -61 -24
110 -60 -27
-92 46 35
0 -45 -39
109 33 -27
-49 -34 36
50 -39 35
-32 29 -16
-110 17 -27
110 -4 33
60 -18 -36
-110 -16 29
-62 -21 -40
105 -61 34
2 -21 14
-23 45 36
90 46 28
24 16 -17
-92 -60 35
107 -14 -13
66 46 -14
-77 46 -8
-79 -21 0
-30 -13 -13
69 -20 4
2 46 0
-92 15 10
-108 -22 -27
92 16 5
33 -20 -9
87 -53 3
-64 12 -13
73 -52 -37
36 -47 -36
-38 -47 -36
-58 39 21
-108 -42 6
-77 -52 -36
60 11 -17
-110 46 4
84 -32 36
92 -19 -42
-16 -39 36
2 -18 -19
-80 -25 36
110 46 2
32 46 -11
110 -30 15
18 -38 35
23 -19 -42
8 39 35
-110 15 35
-101 46 -27
-7 11 -13
-22 -21 -41
91 9 -27
-110 -8 0
-29 -21 16
90 17 35
-27 46 6
65 39 17
92 -37 -20
34 -21 20
-88 -1 -16
-87 -46 -12
-57 -13 -13
110 28 21
-110 -41 35
-52 39 -5
92 -10 10
89 36 -11
-90 -1 35
-56 -21 11
-88 -20 -42
-91 -61 8
83 -14 -16
109 -61 10
110 11 -11
-87 25 -16
61 -20 27
-87 -39 17
-16 46 -14
-81 39 14
-110 19 -5
87 -32 12
55 -11 -13
110 -46 -7
47 29 -17
-90 24 32
3 30 -17
-110 -61 22
1 -22 36
-39 7 -13
110 5 12
-108 29 18
-41 -21 -31
55 46 35
108 -36 36
-76 -21 -21
48 46 5
90 -60 -17
-90 -8 14
0 -19 -42
-6 46 21
19 -5 -13
-108 -41 -15
21 39 6
90 -12 36
-58 -43 -39
110 46 35
-110 4 17
-11 -20 -3
81 46 5
88 -54 24
56 -41 -36
-110 -61 -2
-38 39 22
79 -32 -36
110 -30 -26
-110 -2 -21
77 22 -17
-29 -23 36
41 -28 -38
-68 31 -16
95 46 -27
50 -21 10
-70 42 36
-20 -41 -39
-110 46 28
40 0 -16
19 -38 -38
-90 -38 -35
18 -21 3
45 -20 35
13 46 -15
-91 -61 -24
-61 -21 29
-88 -42 36
-49 46 36
24 -21 35
-92 36 -2
75 40 36
107 29 -5
-108 -24 10
108 17 36
110 -2 -27
-66 -39 35
-12 -7 -17
-92 -29 -18
89 5 -9
92 5 21
89 29 17
-41 -20 -1
-40 46 -16
19 -21 -24
67 -39 36
-108 -23 -9
110 -13 10
-110 37 -14
81 -20 23
-51 23 -17
92 -28 -6
43 -18 -24
12 46 20
-74 -34 -36
90 27 -27
90 -47 -38
-15 29 -13
109 46 -17
-64 46 5
-92 13 -27
109 15 -27
-14 -21 22
73 -1 -13
-97 46 18
107 -46 20
48 46 -16
-80 -21 17
100 -17 -27
3 -1 -17
-92 1 0
-91 -13 -27
110 -19 28
100 -61 -5
-71 -6 -17
95 44 12
-46 46 10
-92 -29 5
-92 -16 28
-11 -21 -29
107 -26 -1
110 46 19
-44 -21 23
-24 15 -17
-12 39 7
0 -39 35
25 31 -13
34 -35 35
68 -21 -14
-61 46 -16
-33 -32 -39
24 40 36
75 -18 -42
62 27 -13
-92 -14 -3
-32 -38 36
8 13 -14
-102 30 -27
-108 32 36
-7 42 36
-92 29 17
-110 -36 21
-92 -45 3
17 -21 18
105 -45 -24
-92 -53 21
90 33 35
49 39 21
68 39 -1
40 16 -16
-99 -48 -27
-108 0 33
-55 1 -17
-38 39 -1
41 40 36
-21 39 20
-63 -20 -2
-92 7 23
-45 -21 -17
-90 46 -18
-50 -30 -39
-58 -21 -26
77 46 22
110 -1 -1
5 -21 -3
92 18 -15
-79 11 -13
-99 -58 -12
-92 17 -6
87 -42 -7
92 -38 24
90 -6 -27
7 -30 -38
-108 -56 35
107 16 3
-110 -11 15
56 -21 -3
92 -11 -6
83 -18 -30
94 -61 12
-110 31 4
-28 -21 -26
99 46 -7
35 39 11
76 36 -16
74 -21 36
36 -21 5
-27 -20 -2
-70 46 18
-110 16 9
-8 -30 -38
107 -40 5
-44 -7 -16
-23 1 -14
-108 5 -2
-108 10 -15
83 -20 8
107 33 34
91 4 36
107 15 22
87 -49 -25
-100 46 -9
-28 46 -7
17 -21 -11
-3 46 -15
-92 -25 18
92 -47 14
8 -18 -31
110 34 7
92 31 1
-75 -18 -38
-110 -55 10
-18 -21 -14
30 -18 -31
-92 -30 33
-83 39 28
91 -59 36
92 -46 35
-11 -26 36
-90 -53 -38
2 39 11
-86 46 3
56 46 -5
42 39 -6
-108 24 -17
46 -21 -11
30 -11 -16
67 -30 -39
-85 -21 -12
-96 1 -27
-108 16 23
56 -18 -24
-55 35 -16
-87 -32 -7
89 -7 23
-10 39 -6
77 46 -7
-110 42 16
90 -29 -30
110 -48 33
15 46 -2
110 -35 -13
-69 -21 11
-87 -40 -23
25 46 17
71 -21 -29
110 -58 22
110 -2 -14
70 -20 17
81 -21 -5
110 -60 -14
56 -28 35
89 17 21
53 1 -13
-110 -53 -13
45 -20 22
-105 -34 -27
58 37 -16
92 -20 16
-36 46 34
-49 46 23
-110 -26 35
-110 -34 -5
72 11 -13
-64 39 -6
-48 -19 -42
-11 -21 9
110 -5 20
99 -55 -27
92 4 5
-41 -23 36
29 -31 -39
60 46 9
64 46 27
-89 -54 -3
-36 -18 -42
50 -20 -42
-110 -13 -17
-81 36 -13
107 22 -18
-90 33 -25
12 -20 33
-97 44 6
-72 -20 28
53 19 -13
-56 39 9
-88 -18 7
-36 18 -16
-110 -49 24
110 35 -14
-52 12 -13
-90 25 1
-67 -21 -15
-74 39 0
92 -38 3
-77 -37 36
-87 -28 -33
-26 39 -16
55 -30 -39
29 1 -13
-41 34 -13
-100 -58 15
-1 21 -13
92 -52 -11
-92 10 35
38 37 -16
92 -23 35
11 -19 -42
-90 -5 24
30 46 4
46 -37 -36
-60 46 35
99 35 -24
-52 -21 -5
8 -11 -13
62 -50 -37
-110 -45 -27
101 44 28
32 -21 -20
-110 -24 22
-62 -31 -36
7 39 -7
85 39 16
107 7 30
87 -26 -15
-92 35 -13
-92 4 11
-45 -21 12
3 -21 24
-110 39 -25
-87 -52 30
102 24 -27
110 -13 -1
12 24 -13
48 -48 -36
62 -2 -17
15 5 -17
107 -36 24
71 46 10
-81 -11 -16
-92 19 22
96 -61 26
64 39 35
-30 39 14
106 46 -27
93 43 1
-92 -14 -15
87 46 -13
73 -41 -39
-97 -26 -27
82 7 -17
44 -11 -16
-17 46 27
107 22 12
34 -20 32
19 39 -9
1 39 24
99 0 -24
107 -25 -17
-71 -44 -38
110 -49 10
110 -60 -1
110 -17 -24
-108 30 -7
-100 -61 27
-9 -18 -17
-18 -30 -36
37 -19 -42
-23 39 -1
20 39 23
70 -11 -16
-70 42 -16
-23 -31 35
-20 -20 30
-110 -47 -5
-74 23 -17
-103 44 35
92 -19 0
-68 39 26
-18 46 12
-110 25 28
-48 -41 -36
-33 -20 26
-34 -4 -13
-69 -29 36
36 25 -16
92 -7 -15
-92 13 -15
-68 -18 -29
-61 24 -13
-53 -24 36
43 46 16
92 25 -8
-99 -61 1
-10 -20 -42
47 46 29
8 -32 35
99 -35 -27
-92 -51 -20
-6 34 -16
-45 46 -7
55 39 3
13 39 12
9 -43 -36
110 -51 -17
-108 -6 -9
58 -21 -14
1 46 32
-10 -46 -36
-90 34 9
-110 -28 -18
-88 -47 11
-30 46 22
24 45 -16
17 -29 -36
-81 -42 -36
87 -29 3
-110 -24 0
92 -20 -21
107 -14 20
-80 46 21
14 46 29
60 -21 12
-71 39 11
-94 23 -27
89 27 27
-75 -20 -9
32 39 29
71 39 26
-92 -40 26
-30 39 30
-82 -20 27
-110 7 -25
108 -13 35
-83 -18 -31
90 -60 -3
81 39 28
49 -18 -32
68 -29 36
-24 -20 7
-108 -4 9
-91 46 -6
89 13 -5
-22 -8 -13
-110 -32 5
110 6 -19
-16 19 -17
48 10 -14
-97 -37 -24
99 16 -24
-90 6 -9
89 36 -21
-103 -13 -27
-110 45 -6
-110 46 -19
-93 -20 -34
-108 36 27
92 -29 24
71 -20 27
107 37 24
82 -5 -17
92 -19 -12
100 44 -17
75 39 16
27 -42 -36
107 -25 35
99 -61 -14
110 19 -6
-92 39 22
-9 39 27
89 24 9
-90 -59 -14
107 40 -5
-4 -20 3
56 39 27
25 -21 -3
-17 9 -14
-5 46 6
-52 46 3
-92 -5 -7
58 46 20
27 -21 12
-55 -21 22
26 -21 26
-3 -21 -9
-71 5 -13
-89 -19 36
18 -29 36
-74 46 28
101 -26 -24
-16 46 -5
42 39 4
49 39 11
-64 -50 -36
-108 -9 35
20 -14 -16
-59 -32 35
87 -37 -32
52 -21 29
89 11 28
-39 -32 36
-29 -23 -35
82 29 -13
-56 46 15
84 39 0
92 37 26
-30 -42 -39
63 -21 36
12 34 -16
36 -36 -36
38 46 -1
-87 -36 3
-77 46 6
-50 39 17
110 -4 9
11 -21 10
-92 -25 -3
107 -23 7
47 -21 1
-38 46 14
-38 -21 -23
-51 44 -16
92 -17 24
-65 -21 20
2 46 17
-93 42 -27
-50 -18 -29
-87 -24 -25
-11 39 17
20 -18 -34
-92 33 29
12 -18 -18
-6 3 -17
-100 9 -24
83 16 -13
-63 1 -13
89 1 -18
-46 1 -13
-102 44 26
-108 -8 24
-110 9 28
-80 42 36
89 -1 -2
89 -26 -39
-26 23 -13
-87 -31 26
-22 -18 -32
-5 -18 -35
77 -18 -23
78 46 -16
-87 -51 -30
38 -21 -32
-39 -38 -36
-92 27 -7
72 -20 -6
-90 23 11
107 -25 22
15 46 7
83 -23 35
27 39 -1
-41 39 7
107 -51 1
-99 -60 -27
-90 -17 20
48 -30 36
59 -36 35
-42 39 35
92 28 -17
-39 -21 -9
91 -18 -32
87 -45 -15
-82 39 -2
107 -35 -3
-108 -45 15
106 46 11
89 42 36
87 -40 17
89 17 -26
-18 -20 15
-58 39 30
-36 -21 6
-5 -20 18
67 18 -13
-24 -20 23
-55 -18 -36
-3 -18 -26
-110 -16 -5
92 -2 16
77 -37 36
82 -42 -38
-108 24 11
35 9 -16
25 46 -6
-110 25 -25
89 -60 -26
11 39 26
-1 -11 -16
-81 -25 -39
103 -58 16
-45 16 -17
7 46 10
52 39 -6
-88 46 27
-92 -42 -6
88 -54 -32
92 -37 36
34 45 36
84 -20 -42
62 39 -9
29 -28 35
101 46 20
-34 40 -16
77 -21 -13
-7 -20 28
100 -8 -24
66 5 -13
99 -61 4
-51 -21 4
110 -7 -7
92 11 15
67 37 -16
-38 -21 17
42 -21 11
54 -21 18
30 39 -16
110 6 4
-80 0 -17
58 46 -15
-92 -11 35
-90 7 -21
-100 -60 35
107 -42 -17
-53 -21 -17
-100 17 -24
107 6 22
-100 46 -1
-92 -61 17
-3 39 -11
87 -42 9
107 39 -21
-80 46 -16
0 -26 -39
-67 -12 -13
-29 9 -14
40 -21 -3
23 24 -17
-99 44 -19
-17 39 34
6 42 -16
92 -32 -13
-7 -38 -38
31 18 -13
-56 46 -7
73 39 6
78 46 32
-26 -35 -36
-9 -35 35
89 1 28
-14 39 -16
-106 -53 -24
-109 23 36
87 -46 24
66 -19 -42
37 -13 -13
-85 -34 -39
-17 -18 -24
-108 -61 -14
-83 18 -16
107 22 29
-26 -20 -11
-50 -21 29
-108 -14 5
110 24 1
-9 23 -17
81 46 15
-90 -8 -20
87 -54 14
40 46 -14
40 46 9
-110 -52 3
107 -8 27
-98 -6 -24
-92 -11 4
87 46 21
29 46 27
15 17 -14
-68 -26 -38
-110 0 24
14 39 3
-85 -34 36
42 39 24
-65 39 17
-40 25 -16
-76 39 24
25 -21 -17
-92 -4 7
89 22 0
96 46 34
-90 39 36
-108 37 -1
110 -8 -21
11 -2 -13
23 9 -13
-105 46 11
92 37 9
87 -34 -7
-92 -54 12
87 -23 28
-47 39 27
89 -12 3
-68 46 -5
107 12 10
82 39 9
-74 39 -9
-64 46 24
107 -53 -9
25 -35 35
-110 3 -9
90 -60 5
-108 12 -7
-108 9 11
-67 -21 35
70 27 -17
20 -46 -38
-92 41 12
-87 -25 11
-47 -48 -39
89 45 -20
92 -53 -19
66 -42 -36
-37 -26 -38
-108 -31 29
-38 46 3
-85 46 14
-110 -11 -26
-97 -19 -24
47 46 -8
92 25 35
38 -21 -14
-74 -16 -16
-83 -18 -20
27 39 20
110 46 -9
-59 -20 -12
61 -35 -36
-108 -20 -19
75 -20 10
110 -25 -8
89 -13 17
72 -24 -36
-12 -24 -36
-69 -21 3
-3 46 -6
-108 -17 21
-92 18 3
-10 46 -9
100 46 6
68 46 21
107 -51 26
50 39 32
-62 -21 6
-57 18 -17
-103 -42 -24
-3 39 17
-92 -20 -11
-92 9 5
-110 36 10
-47 39 1
-51 -5 -13
-5 39 0
-92 -34 11
7 39 17
81 -20 16
-79 29 -17
-110 -34 -13
8 -21 18
5 7 -17
-58 39 -11
94 -13 -24
92 -24 6
92 12 -20
107 -37 -23
64 -21 -24
-108 -35 14
110 -22 15
-110 4 5
-102 39 -24
5 39 3
11 -24 -36
-92 21 -19
87 -52 35
87 -32 -24
49 -26 -36
-1 -31 35
49 36 -16
-110 46 -27
-18 -21 -1
-26 -21 -19
62 -13 -13
110 -37 12
89 46 -6
-18 46 3
-9 46 14
73 46 3
9 46 3
71 46 29
96 -61 -21
-23 31 -16
-17 39 -8
-23 39 11
-90 -43 -29
92 -47 3
-39 46 27
-47 -14 -13
77 -11 -13
-49 31 -13
85 23 -16
-110 42 35
-110 -37 -23
-97 -61 -19
32 46 12
-90 18 35
15 41 36
-94 -54 -27
8 -21 -24
63 -20 19
13 -21 26
-87 -24 3
87 -36 29
-90 13 18
-108 -42 24
-23 46 -16
-38 -17 -16
-108 25 0
-92 10 -3
-10 46 29
84 36 -16
-92 -23 30
89 1 -25
41 -31 35
9 -20 -9
50 46 18
1 -37 -39
62 39 4
110 -55 32
-42 39 15
-110 -18 14
55 -21 4
-36 39 -8
-5 39 9
26 39 12
87 -45 -31
-61 -25 35
-28 39 21
64 39 24
100 9 -24
-69 46 11
-16 39 0
64 -21 -5
0 13 -13
29 -21 4
107 -32 4
-30 -30 36
110 -52 -24
65 46 -7
-110 -49 33
-45 -25 -36
-15 46 35
-87 -45 23
107 40 16
47 -1 -17
94 -48 -27
-61 -5 -17
-70 15 -17
1 39 35
93 -40 -27
62 -25 -39
77 -30 35
-24 -39 36
-85 -20 -5
110 -31 29
-90 3 28
110 35 0
107 6 -6
46 19 -13
92 -40 -13
35 39 -1
-63 39 9
107 15 -18
-88 39 4
-79 -21 7
91 -4 36
18 -21 10
-76 -21 -29
107 29 -18
-92 -22 -18
70 39 -9
79 -26 -38
-29 39 -8
56 39 18
-14 -36 -38
-86 11 -13
-68 -36 -39
-103 1 -27
-87 -34 -17
87 -28 20
-92 -43 -19
42 39 16
55 46 27
77 39 -6
-29 46 14
-90 -46 -38
-92 -49 -8
41 31 -13
-92 -49 36
-110 6 35
-45 39 -11
-109 -18 36
-67 -21 -8
-16 -18 -37
-58 46 28
110 -54 16
-108 -38 0
-16 -13 -16
-64 37 -16
59 4 -17
-87 -40 9
34 -4 -16
24 46 7
-58 39 -1
110 -1 26
-110 33 -21
-110 -53 18
-42 46 20
8 46 26
-12 -21 -11
110 31 15
8 46 33
-76 46 15
-103 -58 -6
-12 46 6
-110 16 1
-24 46 -1
30 -18 -41
87 46 9
92 10 1
89 18 12
-108 19 17
-92 -43 15
-53 -36 -39
-64 -18 -23
-82 39 21
107 -42 28
