189 113 193
67 203 44
188 108 44
67 107 138
94 141 236
165 203 43
91 108 44
150 107 120
120 107 181
122 162 72
146 109 236
68 142 88
189 140 92
67 142 185
188 142 148
138 107 66
188 142 236
189 158 43
101 107 103
81 155 44
116 200 44
68 107 219
161 107 162
147 143 44
155 141 210
84 142 148
106 107 144
110 107 220
188 107 130
82 107 176
173 107 83
67 107 75
182 107 230
153 107 197
112 136 43
167 139 177
129 142 235
144 176 43
167 136 123
66 138 121
90 126 202
91 129 68
167 142 69
67 107 106
66 141 217
110 169 43
188 142 205
66 126 44
131 107 96
157 112 43
135 107 146
109 107 73
189 118 165
189 187 44
120 110 43
175 133 43
86 183 43
66 125 160
159 134 236
189 124 66
189 114 104
88 108 236
85 129 105
121 107 121
167 128 148
111 135 218
66 114 195
85 123 131
167 129 96
134 107 212
168 172 44
72 127 236
140 203 44
70 142 62
85 131 173
124 118 236
85 114 87
154 107 96
160 118 66
163 107 218
105 107 198
133 127 52
164 107 138
189 140 118
127 154 44
85 109 153
139 128 219
139 107 169
104 107 166
188 142 183
94 203 44
87 107 66
166 125 196
126 177 57
67 171 44
170 107 112
92 129 43
174 107 178
68 107 53
88 107 214
66 130 140
189 124 215
89 107 119
101 123 236
187 142 57
169 152 43
66 123 93
104 119 57
90 142 217
172 142 220
189 127 135
184 107 150
165 114 236
66 119 123
77 142 201
177 107 59
189 123 85
85 141 123
101 152 43
139 107 46
85 134 87
134 107 193
86 108 194
173 107 202
66 124 66
72 142 166
188 123 236
153 134 60
152 107 78
121 107 163
101 141 59
189 136 165
155 121 210
68 107 161
105 186 43
170 142 200
189 108 74
151 161 44
167 124 169
156 107 179
139 126 236
146 142 228
130 189 44
127 107 80
67 110 236
183 203 43
66 124 215
121 107 62
67 147 44
105 107 125
74 142 105
111 142 235
174 142 105
189 140 75
66 114 178
181 142 132
173 142 155
89 107 137
77 142 230
102 122 214
187 107 215
136 107 129
189 122 120
158 186 44
98 107 182
167 124 81
85 126 158
167 117 125
82 107 102
119 107 205
171 142 87
113 107 91
122 124 220
188 126 180
159 130 43
106 107 235
151 107 148
189 126 50
86 142 51
120 107 137
94 169 44
70 107 90
85 136 188
66 127 109
152 107 58
71 187 43
68 142 151
85 120 185
167 141 140
132 139 43
127 138 221
127 107 226
129 172 43
174 190 43
189 122 150
188 127 200
66 130 195
146 122 43
85 142 74
79 117 43
119 107 106
189 130 107
139 107 109
176 118 43
171 107 97
148 107 219
66 129 177
111 122 43
174 134 236
97 107 83
189 109 90
189 110 179
172 142 55
106 107 44
77 142 135
167 113 150
167 122 111
123 163 55
66 135 75
189 140 44
74 107 206
81 196 43
189 139 222
73 107 119
183 174 44
66 117 148
167 107 189
145 190 43
150 107 134
143 107 89
170 107 48
174 107 164
117 181 43
167 128 134
85 119 145
148 122 57
183 107 118
166 107 70
96 107 225
81 107 53
167 118 182
97 107 55
85 123 236
144 107 183
86 118 74
85 123 116
118 131 236
161 142 49
66 120 78
120 130 52
152 123 236
78 134 43
97 133 210
85 117 168
138 163 43
119 107 150
114 150 44
99 139 43
66 118 226
74 107 187
85 140 161
79 171 44
85 141 97
175 107 132
109 107 61
178 142 190
140 138 53
131 114 52
79 142 177
189 115 224
66 132 225
157 142 222
163 130 69
162 113 202
100 142 225
67 138 236
175 107 219
158 107 108
167 135 165
109 132 55
155 172 44
180 142 171
85 141 110
78 107 130
81 107 224
167 117 91
99 107 154
188 115 56
66 136 205
176 120 236
152 201 43
85 132 141
94 118 64
146 107 206
176 162 43
143 107 158
134 112 236
91 113 204
188 142 105
84 107 77
127 173 70
76 107 146
187 107 162
66 135 51
69 158 44
110 107 187
157 107 228
180 147 43
98 107 68
92 107 164
103 107 209
189 115 205
162 107 122
92 107 93
176 142 76
123 142 50
94 191 44
118 108 236
123 107 192
140 107 77
67 114 44
167 133 108
118 118 52
77 142 212
147 137 216
88 138 199
167 133 188
121 164 44
161 131 204
189 133 190
181 107 187
109 107 114
85 125 94
125 120 43
90 142 64
138 117 219
66 140 132
66 123 186
99 120 43
140 132 43
72 107 65
129 107 173
176 142 120
66 115 206
177 142 144
167 142 233
129 107 112
127 203 43
72 107 171
181 107 106
105 203 43
111 107 176
137 149 44
189 135 127
85 117 107
167 118 160
66 132 100
138 107 227
163 107 56
99 107 134
121 107 216
143 112 55
189 125 95
110 107 157
66 122 55
188 129 224
167 112 170
156 150 43
189 132 152
75 142 71
98 131 61
177 142 66
103 133 236
189 134 65
112 122 236
166 119 43
66 129 129
66 117 134
163 107 84
93 158 43
132 107 158
166 126 236
169 107 227
66 131 151
175 107 143
117 142 226
75 142 51
166 142 211
92 131 236
76 142 118
116 107 81
180 142 211
66 110 127
165 162 44
98 107 114
104 130 43
78 142 82
66 117 104
85 130 76
135 122 43
66 137 110
113 141 53
85 114 125
142 136 236
76 142 188
67 107 150
89 148 44
155 108 209
114 107 128
85 132 128
66 135 161
189 110 140
145 107 101
182 142 85
151 107 170
76 107 233
109 159 44
124 134 43
115 108 53
97 112 236
147 118 215
67 142 174
85 138 236
118 115 220
113 126 218
188 107 62
183 107 200
189 136 140
167 114 105
189 133 82
148 107 68
131 107 183
167 119 143
131 107 59
170 142 46
174 111 236
66 116 168
184 132 236
136 107 203
174 180 43
103 176 43
92 107 105
159 142 63
74 107 46
182 107 170
188 112 236
136 142 220
155 142 231
149 107 49
180 142 230
150 142 53
167 114 76
167 139 78
167 142 112
144 107 196
167 134 155
123 107 90
137 107 120
89 107 183
85 115 96
167 130 178
73 107 197
104 107 92
189 131 116
66 127 204
79 146 43
67 142 226
95 107 196
189 116 128
167 127 123
85 132 150
189 124 75
188 117 44
189 124 190
121 173 50
189 113 113
130 107 70
152 107 158
79 142 63
86 142 226
76 142 158
78 107 110
150 130 43
155 122 43
167 132 85
131 130 236
131 107 138
157 107 188
188 128 169
76 118 236
66 140 197
94 107 173
66 115 114
180 142 94
85 117 194
165 193 43
130 107 46
121 110 73
66 133 61
127 115 221
76 142 95
122 169 63
171 142 129
79 107 88
170 142 185
103 138 214
185 142 159
67 142 100
95 182 44
185 107 52
85 129 194
133 181 44
161 107 148
156 126 62
66 128 86
94 107 127
109 194 44
169 142 97
186 142 196
140 120 54
108 107 84
157 107 67
66 114 66
96 107 143
109 107 135
149 131 236
174 107 73
113 107 228
73 107 99
76 180 44
146 152 44
172 107 124
73 142 126
113 107 211
125 107 53
150 183 43
73 107 82
182 107 95
188 130 208
162 122 203
167 116 193
162 142 203
134 142 228
166 107 207
163 107 100
85 131 119
76 107 163
90 137 43
113 107 167
156 112 236
85 123 85
167 115 133
188 149 44
70 142 143
119 189 44
93 120 236
132 120 236
96 124 209
174 201 43
155 132 210
85 142 139
185 130 43
177 108 44
75 107 73
66 133 186
173 107 151
128 165 48
128 135 52
104 130 215
66 115 159
147 168 44
167 184 44
87 165 43
93 107 75
183 192 43
76 163 44
143 107 139
110 107 104
72 195 44
174 107 193
85 118 177
120 107 171
132 107 88
189 118 141
108 144 43
148 107 110
125 107 129
188 126 161
88 107 145
93 142 55
155 137 43
182 142 50
82 107 44
85 115 135
127 107 200
128 164 66
189 134 100
103 107 174
188 115 67
189 119 173
149 126 214
189 134 179
127 107 236
167 142 148
147 107 227
113 107 198
90 142 208
132 131 43
66 114 93
188 142 174
67 107 202
131 126 220
145 129 55
67 180 43
165 135 197
153 115 60
86 107 205
67 120 236
167 110 181
120 133 220
134 197 44
69 107 228
79 132 236
96 107 215
156 107 128
79 142 221
188 135 215
72 139 43
85 126 167
144 107 125
125 107 144
114 107 144
189 115 155
155 107 141
123 147 43
188 168 43
66 112 82
67 107 211
167 108 157
112 125 54
183 107 68
66 133 217
69 107 181
189 141 133
100 162 44
132 107 105
71 142 78
143 114 43
85 128 181
181 107 80
113 113 43
127 107 208
116 107 99
151 107 89
81 107 140
87 120 43
189 129 57
66 128 167
66 131 118
189 111 82
82 142 168
169 142 169
133 142 52
104 113 215
165 120 72
189 197 43
139 109 218
101 142 51
67 107 190
159 107 76
165 107 92
100 107 189
110 114 236
189 116 92
80 107 123
189 132 92
66 116 217
80 107 216
181 107 207
66 125 146
165 142 225
143 107 148
189 129 143
97 107 203
189 113 148
167 126 155
85 117 152
108 142 227
175 107 90
189 117 181
106 115 43
89 107 222
145 107 61
155 107 221
181 107 125
168 131 43
66 122 174
168 107 145
137 107 54
189 110 169
167 129 114
75 124 43
66 139 69
66 120 200
120 127 43
66 118 87
129 107 123
118 156 44
189 128 124
172 107 66
167 125 186
167 115 115
109 129 236
82 142 88
109 107 204
144 119 236
117 107 114
85 139 130
182 142 220
167 132 142
172 142 207
164 142 56
172 107 211
88 173 44
113 107 67
121 142 234
183 123 43
125 195 44
91 133 204
188 107 207
98 116 211
86 203 43
85 110 161
165 107 234
182 182 43
164 146 43
189 134 198
99 196 43
87 107 110
71 132 43
85 136 104
90 107 84
85 133 160
85 133 94
76 107 180
189 133 51
103 107 77
167 124 102
189 136 111
175 169 43
129 107 218
177 154 44
152 190 44
137 188 44
162 107 169
125 107 155
111 176 44
177 107 51
180 142 183
103 107 221
66 115 185
181 142 201
96 147 44
101 142 233
93 142 227
78 188 43
166 107 197
85 110 169
162 107 49
89 107 52
189 112 186
128 169 54
127 142 227
123 176 66
189 114 216
173 142 163
79 107 65
86 190 43
124 107 99
138 170 43
150 107 188
183 142 71
124 126 236
85 115 116
189 179 44
103 169 43
109 119 217
189 108 223
66 135 91
67 107 114
85 112 187
145 197 44
188 107 123
118 171 44
116 143 44
66 114 54
66 131 234
98 113 61
188 107 103
127 177 50
98 140 210
188 129 231
189 141 66
92 107 151
167 110 128
167 136 93
73 150 43
66 136 146
158 158 43
69 142 54
75 107 221
158 196 43
87 107 126
128 107 166
137 107 187
146 107 83
162 175 43
112 188 43
87 110 72
130 148 44
135 156 43
114 107 121
134 107 81
189 120 107
182 107 140
92 107 189
96 114 43
158 126 236
73 142 180
66 111 100
140 107 177
117 107 187
167 129 162
177 107 112
66 125 223
188 136 228
85 122 101
167 139 192
89 136 69
110 112 54
66 111 144
167 136 131
78 203 44
116 140 219
167 129 75
185 142 142
165 110 43
188 142 212
84 142 184
188 107 110
142 107 212
66 119 48
157 107 203
159 135 65
99 123 60
90 107 229
95 136 63
66 125 230
175 141 236
85 138 176
140 142 43
67 107 60
161 167 43
82 142 208
75 137 236
186 107 191
164 136 43
85 117 81
85 124 140
66 122 140
137 107 93
117 107 223
188 142 84
168 107 104
135 107 164
153 107 104
85 128 112
178 142 151
156 107 53
98 107 122
84 130 43
90 107 200
189 119 229
169 119 236
118 117 43
178 128 236
81 107 184
73 107 57
101 107 50
162 142 217
110 107 149
105 107 109
96 107 99
147 140 236
85 127 124
167 113 96
154 107 114
80 107 198
86 108 89
134 135 220
73 142 196
88 124 71
166 107 174
167 114 187
73 142 223
158 107 90
189 111 96
105 107 66
115 107 161
147 107 94
158 107 154
85 113 142
181 142 107
165 107 63
66 129 53
66 125 103
85 137 116
85 134 110
66 129 73
183 107 181
85 136 81
137 107 152
66 123 152
74 107 152
98 107 162
87 116 236
71 142 203
66 122 116
164 107 115
66 112 224
167 139 106
84 107 59
167 112 162
73 107 140
182 140 43
122 169 72
109 142 217
143 142 218
123 113 52
151 142 216
127 182 43
189 110 200
172 107 184
152 107 235
112 107 48
100 107 231
66 109 168
104 110 57
128 172 60
158 203 44
169 142 119
188 142 127
114 135 53
107 141 56
167 112 140
150 107 177
77 142 111
167 130 170
175 142 111
143 107 131
135 135 236
147 107 74
75 156 43
168 135 236
66 136 82
153 107 164
88 114 43
143 183 43
181 107 161
189 119 134
157 144 43
138 107 100
125 140 43
136 115 43
96 142 218
149 107 212
85 113 181
167 134 102
151 113 43
73 107 212
121 124 52
167 135 149
114 128 43
85 142 45
182 167 44
183 142 115
162 112 68
85 141 154
189 141 99
66 140 210
104 128 57
145 136 56
93 142 49
85 120 124
67 107 68
66 108 174
155 178 43
69 165 44
189 120 200
85 126 150
157 142 56
177 142 59
181 142 101
166 142 63
169 107 221
181 107 214
180 142 165
66 123 129
72 107 130
97 107 89
174 107 158
169 107 56
167 117 85
167 118 176
140 126 43
189 114 73
189 124 208
67 142 115
181 110 236
182 107 131
110 119 54
167 108 77
153 113 212
93 110 65
