40 -8 -11
-92 -88 18
-91 46 -20
90 -88 19
-42 -16 20
91 46 17
-15 46 -14
-87 -27 -28
91 -25 19
34 42 20
-12 -26 -28
-91 7 20
90 -5 -29
-54 46 19
7 -27 19
-84 -40 20
61 44 -18
-8 16 20
-50 -3 -25
75 -57 -7
65 9 18
-53 38 -18
23 41 -18
52 -27 19
-92 45 18
-92 8 -17
26 3 20
-74 -61 -6
5 -4 -8
90 20 -5
64 -27 -28
-26 13 -9
-70 -8 1
2 46 13
-57 14 20
22 -27 -28
91 -31 -13
91 -57 19
70 -4 -8
91 46 -19
51 18 -7
-25 40 20
63 46 19
1 24 -7
-68 18 -7
91 2 19
-16 -10 20
-92 -41 -7
-77 -66 20
-72 46 0
-38 -27 -27
-92 -19 7
-25 -3 -29
-92 26 1
57 -3 -30
-38 -8 -3
73 -41 16
27 16 -9
43 46 -2
16 25 20
-32 14 20
-62 -25 -28
14 -3 -30
-75 -3 -29
73 -73 13
-65 -26 20
-35 46 0
76 46 0
71 -14 18
30 -21 20
44 18 18
-75 28 20
84 24 18
73 15 -20
90 -13 0
-92 -68 4
52 -8 9
4 -2 18
73 -26 -3
-74 -30 -2
43 -23 -27
-74 -85 8
-48 10 -9
-16 -8 -1
-74 33 -20
23 46 3
-78 -10 20
91 -72 4
91 -43 5
-91 -12 -12
4 46 -8
23 -8 2
-6 -6 -24
-26 -27 19
37 -5 -30
-26 -19 -14
-38 28 -7
70 28 -7
-42 31 18
-16 46 5
-92 46 -1
-60 -7 18
79 -16 -19
55 -19 -14
-92 26 -20
-74 -49 8
-52 -19 -14
63 27 20
-1 -20 -14
-92 6 2
90 3 -13
-36 45 -18
83 29 -20
-18 29 -9
-72 46 18
91 38 0
23 -17 -14
-8 9 -7
24 1 -17
-75 -19 -16
-91 -56 20
-44 1 20
35 31 -7
-74 11 18
-62 -3 -13
-92 26 20
-9 35 18
-54 46 -3
41 43 -18
54 2 -7
59 46 1
73 -57 19
-74 10 -20
42 1 18
-91 -4 -29
73 -42 0
77 -88 9
-53 -8 4
4 -26 -28
-35 1 -17
-58 30 18
12 11 -7
-30 -8 13
-9 -27 19
-85 -24 20
86 -26 -28
18 -11 16
-64 33 -7
-39 46 16
91 6 2
72 -3 -28
18 41 18
52 33 -9
-92 -27 -13
19 31 -7
-92 -71 19
31 26 20
-75 -20 9
51 38 20
75 38 18
-18 5 18
80 -29 10
87 -41 20
76 46 -17
-20 -3 -15
-66 46 -14
-3 -8 7
-76 -46 -7
77 -31 -17
-89 -58 -7
91 16 -20
73 -5 7
86 -74 20
-36 -12 -26
-2 -15 20
44 -15 18
-74 -71 5
88 -62 -6
-92 -8 16
77 1 20
34 -8 11
-92 -41 8
-22 24 20
-62 -11 -25
-51 -27 18
90 -12 14
-52 26 -7
71 10 -7
36 4 -7
67 -27 19
8 14 18
-74 -36 12
-87 -82 7
26 -12 -27
-75 -5 -15
-6 38 -7
-91 36 -10
84 -45 -7
-80 -31 -16
-49 -20 -27
45 46 12
91 19 8
91 -14 -13
57 -14 20
4 32 18
-24 -21 -27
48 0 -18
-79 46 -11
-78 -53 20
-81 -81 20
61 0 -18
-26 40 -7
55 1 20
79 -69 1
55 -16 -27
-39 -16 -14
8 -14 -26
31 46 -7
-92 16 10
91 33 13
-7 -8 -10
-63 46 9
91 -29 4
35 -20 -14
-72 6 -7
91 -57 7
-92 -8 1
-92 -30 1
-85 -15 -23
-80 21 -19
-44 17 18
73 -58 6
-28 1 -7
-84 46 9
-12 46 18
-50 -4 -11
-92 16 -6
-74 -27 -27
42 -8 1
69 -15 -26
72 19 18
91 31 -11
11 1 -17
11 43 -18
-45 39 -9
21 14 20
80 46 12
-14 -18 -14
83 12 18
-92 -54 8
10 -8 6
73 -83 19
62 -8 1
68 43 -9
90 -85 7
17 0 -7
-5 41 -18
74 -17 7
39 20 -9
-70 -1 20
-28 46 11
-84 17 18
-38 16 -9
-75 -18 -3
-64 -20 -14
-15 -13 -26
40 -27 18
-61 9 -9
72 3 -16
-83 -29 10
10 -13 -14
17 44 -7
-82 40 20
56 18 18
-91 0 -9
-7 1 18
57 -8 -10
-3 46 1
35 11 18
-46 46 5
-45 -8 12
35 46 6
84 46 -8
69 -19 -14
51 46 -10
-92 35 9
42 29 20
-30 -8 -13
69 35 -16
-10 20 -7
12 46 5
62 18 -9
79 -35 -7
-33 3 20
-84 -1 -20
-74 -60 5
13 22 -9
28 -4 -8
-5 -17 -27
33 -27 -26
45 -12 -26
-83 -65 -2
-82 0 18
-74 -14 -27
67 -4 20
81 -50 20
-82 -36 -7
16 -1 20
-18 5 -7
34 -4 -19
-57 -18 17
67 46 9
21 -27 20
83 -18 20
91 -2 9
28 -10 20
26 46 15
-92 -34 17
-18 -20 17
80 -33 20
-75 -7 10
74 -14 -6
-25 46 -18
-60 -8 -4
-63 36 -17
75 -25 -26
-70 20 -17
-39 -26 20
9 35 -7
82 5 -20
91 -4 -5
-73 28 -9
-33 26 20
-67 36 20
-66 19 18
81 -9 -28
53 -26 -26
-21 -8 8
46 9 -7
-69 -15 20
64 -8 11
80 -64 20
91 -38 -5
-38 6 -7
-2 0 -16
83 -78 6
4 -3 -25
90 -22 -7
-41 -3 -30
-24 -3 20
69 24 -17
-28 -8 -2
45 -18 -14
-54 2 20
-15 -3 -30
86 46 4
-27 25 -7
83 -7 20
25 6 -7
-91 -20 -6
1 22 18
-27 -16 18
-47 46 -15
-63 6 18
52 27 20
86 -23 -18
-85 37 -18
-12 46 -4
90 -21 10
9 -15 16
-75 -29 19
-75 45 -20
-65 -8 10
75 20 -8
-74 39 -8
-35 39 20
-92 -17 19
-55 37 -9
90 9 11
-56 17 -7
74 -8 -15
75 37 -8
-92 -50 -2
32 46 -18
26 35 18
86 38 20
-89 46 -10
18 -8 -13
56 46 10
-92 3 11
-92 -44 17
-74 -39 1
91 28 3
44 39 -9
91 -50 -3
51 10 18
91 -34 12
-11 -8 12
-52 22 18
91 -65 12
16 -20 -26
-65 -3 -30
62 8 -9
-48 39 20
-20 14 20
-92 -19 -20
58 41 -7
-92 -6 -19
35 -13 -26
2 15 -9
65 37 20
0 7 18
91 -50 13
-36 -7 20
-33 46 -9
-36 -8 6
-56 46 -13
52 42 -18
82 16 -18
-11 25 18
47 -4 -7
-25 46 0
-69 -3 -7
9 45 20
-87 15 -20
83 41 -20
-12 1 -18
48 -3 -29
74 28 20
63 -7 -24
-57 1 -7
-69 -12 -14
-43 -4 -17
-74 -74 17
-4 43 20
17 -9 -24
-59 -12 -14
91 18 20
90 10 -6
-75 -26 -10
33 -8 0
89 -9 -21
-54 1 -18
-2 -8 -2
-81 46 -1
-70 2 -17
-73 46 9
-92 25 -8
-63 46 -4
38 -7 20
-19 20 -7
-83 -29 1
52 -8 0
-80 -54 -7
54 46 19
32 -12 -14
-92 -64 12
-91 25 11
49 -10 -14
-92 -26 13
74 -24 14
-33 -3 -25
-83 -7 -29
-43 46 -4
-24 -12 -27
-49 -8 20
-74 -40 20
91 36 -19
63 -20 16
65 -9 -14
-63 45 18
26 -3 -29
73 -34 8
-88 -31 -20
24 39 -9
43 28 -9
91 -79 15
-49 9 18
29 25 -9
-75 -9 -7
91 42 9
0 3 -9
73 -48 -7
-15 40 -9
73 -46 9
-45 21 -9
-7 -8 20
-74 -53 0
-78 -19 20
-5 46 -9
-43 -1 -7
72 46 16
-39 9 18
-74 -85 18
-83 -22 -18
-47 -12 -14
-54 46 8
-19 46 13
14 -21 20
-61 25 -7
-7 28 -7
22 -18 20
62 31 -7
-92 -79 16
-21 -4 -7
-20 -12 -14
-36 39 -9
91 25 -17
15 -20 -14
-31 46 19
73 -78 6
-92 38 -2
45 44 20
86 -18 -26
-74 -59 16
13 -8 -5
-53 -11 -27
-91 37 20
-84 29 20
-57 -19 -26
-47 46 14
74 -7 15
-20 32 20
48 -8 17
-92 43 7
51 46 3
-45 -13 -26
91 40 -8
3 -8 13
84 -29 0
0 -10 -14
64 17 20
59 -6 18
-11 -17 20
77 36 -18
-54 -27 -28
-84 -72 3
34 1 20
67 46 -1
-34 -20 16
55 -4 -21
-84 -45 -7
83 -84 20
-57 -8 11
-45 -8 3
24 -8 10
38 12 -9
-9 46 9
15 46 14
-15 13 -7
9 5 18
31 18 18
17 7 20
35 33 20
-83 9 18
-74 20 18
91 25 14
-85 -48 20
78 -73 20
-29 -27 -26
-77 -78 6
-31 32 -7
-29 39 -17
-57 -3 -30
-26 -3 -21
-66 -19 -26
-91 -1 20
77 22 -20
73 -48 20
-60 -3 -21
90 -66 20
-81 -10 -18
-92 -33 -7
-35 -2 -9
87 -31 -20
-92 -88 10
-20 40 -17
-8 -1 -7
37 -19 17
63 -1 -9
-85 -68 20
73 -68 6
19 14 -9
-70 -6 -24
18 46 -15
-70 -8 16
-27 8 20
91 14 2
54 25 -9
51 -18 17
73 -64 -3
-33 -19 -27
73 -51 1
-85 7 -20
-91 19 -13
-47 -8 -5
-80 -21 -26
-2 -26 18
-10 8 20
-14 -2 20
13 32 18
-2 -3 -30
74 8 18
-77 2 -20
-74 -67 13
91 -62 1
74 2 -7
36 -4 -7
89 8 -20
-92 -57 1
-4 28 18
73 -29 -10
-81 -87 7
91 15 -12
-84 -29 -9
2 44 -18
61 46 -10
81 -63 -4
79 -3 -18
71 -8 -1
-83 44 -20
42 -4 -19
7 -20 -14
-76 -29 5
-45 39 -17
-91 19 3
-91 9 -8
90 -6 -12
-1 -11 -25
90 10 20
-50 31 18
-74 38 18
44 8 20
91 46 -2
-18 -4 -22
91 -5 19
86 -33 -7
74 -21 -9
11 -8 17
-67 41 -7
37 46 -12
24 -4 -22
-40 23 20
23 -19 -27
-4 -24 -26
-91 -75 5
91 -18 -20
-62 -8 3
85 -29 16
25 46 -13
44 -8 8
4 -20 20
84 45 20
-19 46 -6
82 31 18
-17 -20 -26
-50 -19 18
-75 -66 -1
24 46 -6
82 -52 -7
89 -50 20
-74 -38 -7
-75 -13 3
33 40 -9
68 -4 -19
74 46 -7
73 -24 6
-82 -88 18
-81 46 17
91 -20 1
1 38 -9
-85 29 -20
-91 -14 12
84 3 18
-92 35 -17
-74 -45 14
8 5 -7
5 -8 0
69 45 -16
73 -32 1
91 -17 19
31 -19 -26
73 -54 12
-16 39 20
31 10 -9
38 22 18
-14 -3 -11
-85 -9 18
-27 31 18
9 26 18
-67 12 20
-92 14 19
-70 28 -18
-87 -76 20
-91 -23 1
-92 -12 -5
-71 46 -9
14 -3 -22
22 -8 -7
64 -20 -27
-41 -21 -26
0 14 20
71 -21 20
58 9 20
-66 26 20
-59 22 20
62 -18 -14
-79 -5 -23
74 -22 -17
-36 46 7
82 -88 14
90 -8 5
53 10 -7
58 36 20
-31 8 -9
76 -16 -26
42 46 5
28 32 -9
18 7 -9
91 -43 14
22 21 20
-45 29 -7
-64 2 -7
36 46 -1
-13 -11 -14
-74 14 -8
-22 -8 15
-92 -3 6
73 -66 20
-92 -51 15
73 -31 18
73 -62 14
-92 -64 19
-58 -26 18
-19 -27 19
-29 -8 20
44 46 -12
-12 41 -18
81 -57 20
17 -8 10
-74 -46 1
0 -8 20
-50 45 -9
42 1 -9
-32 19 -7
-46 -26 -26
-69 41 -18
85 -3 -23
-21 -27 -27
45 -22 18
82 -10 -20
66 -5 -30
-91 10 13
85 22 -20
-41 -7 -24
-59 42 -18
-91 -2 -2
10 39 20
23 28 20
-28 21 18
-33 -13 16
80 -24 18
83 46 -16
90 -78 6
90 28 20
73 -38 -6
-92 -27 19
12 46 -12
-41 -8 -13
18 46 8
63 -8 -7
-12 33 -9
9 46 -1
75 8 -20
62 3 18
-24 32 -9
-10 -8 2
16 -8 1
-86 -29 16
38 46 12
-75 -26 12
-75 -14 12
91 -32 -2
-80 23 18
-61 39 20
80 -26 -20
87 -68 1
-92 20 -20
32 39 -17
-89 -29 7
49 -2 20
-90 46 12
69 19 -7
57 -21 18
84 -29 -14
-92 -65 -2
32 -14 16
7 -7 -29
-6 46 15
-19 46 19
-73 -20 16
-51 3 -9
50 41 -7
-67 11 -7
63 38 -16
64 24 -7
7 28 -9
19 24 -7
52 -9 -24
31 -4 -13
-92 -19 -13
45 16 -9
-74 -10 -20
-53 -13 18
-70 6 20
52 -4 -12
63 -11 20
-58 43 -7
69 4 20
90 0 0
87 46 11
78 -14 18
-92 -43 0
-10 -8 -29
13 -3 -10
2 39 20
-62 -14 16
-75 -30 -20
-74 -78 12
57 -8 13
-58 46 2
38 -19 -27
76 -88 17
-67 46 4
-91 20 15
75 46 8
20 -6 20
-6 -21 20
74 -19 -2
12 -25 -26
-92 -61 6
54 46 -3
-16 19 20
90 -10 -7
91 26 -7
-78 5 18
-54 37 18
24 -10 -14
70 42 20
87 -12 20
21 46 19
-91 30 15
-73 -21 -26
-92 43 -14
-41 46 -10
-54 -8 -8
-67 -4 -18
-8 46 -17
75 28 -20
-23 46 6
-80 -59 20
50 20 18
-42 41 20
90 15 13
-91 -6 -7
-68 -12 -27
-22 -8 1
-92 41 13
-92 -14 3
91 -55 1
32 -5 20
3 -3 -14
-92 -9 8
68 35 -7
5 -20 -27
42 -8 15
17 38 -9
-68 24 -9
-75 -24 -1
-92 13 4
19 -4 -18
-11 -20 -27
-55 9 -7
-92 -1 -15
88 -56 -7
-74 -19 3
-74 -18 -9
-10 41 20
25 41 20
78 18 20
69 9 -18
90 -31 19
-38 16 20
73 -76 19
28 -27 18
71 -13 -14
90 -20 -13
-50 15 20
-80 -61 -7
77 -39 20
91 -16 -7
90 40 -14
16 46 -1
-63 0 20
29 11 20
-5 22 20
-41 -9 18
73 -16 -20
80 -3 -30
-70 13 -17
-45 15 -7
38 -1 -16
-29 -8 4
-46 -18 -14
82 46 -1
-74 -31 -14
91 -73 16
26 -4 20
91 -51 6
11 43 -7
14 -14 20
0 30 -7
-27 46 -8
49 -17 -27
-30 -11 -27
-79 38 -18
-50 33 -7
90 21 -11
-9 46 2
-92 -33 11
-91 -26 -7
25 46 9
-12 -5 -23
-37 -8 12
55 -1 -16
-81 15 -18
48 2 -9
57 15 -7
88 -88 13
23 -1 -7
-87 -22 -25
-75 -12 -14
90 3 12
-91 28 -13
91 -26 13
90 37 6
-91 -3 13
91 -3 -17
-78 -31 -9
31 -7 -24
90 28 9
-66 -8 -4
13 -27 19
-3 -8 13
57 -8 -4
30 46 -1
9 46 13
75 14 -9
-92 -26 -19
91 35 19
-38 22 -7
20 -3 -30
-84 -34 20
38 46 18
73 -40 9
-3 -4 -7
-81 -16 -18
-75 -25 -16
55 -13 -14
-20 -18 -14
-92 -12 -19
56 46 -16
-50 -4 -17
-33 -16 -14
83 -84 7
86 -12 -26
-49 -2 18
69 31 18
31 1 -17
-74 -49 19
57 -22 -27
60 -3 -13
-87 22 -19
53 -9 18
47 -27 -26
33 21 -7
-74 20 -8
73 20 -17
-14 24 -9
10 -8 -24
-85 -7 -23
-70 -4 -12
-87 46 2
-47 -5 -30
-63 -8 -10
73 -27 -20
-10 -12 17
-92 -80 9
25 -14 17
-74 -54 -7
30 -8 5
85 18 18
-24 -11 20
0 46 6
-47 26 18
-33 46 14
9 -8 -11
-5 14 -7
50 46 9
-30 46 -14
91 -35 3
59 -8 6
-19 -15 20
-2 -2 18
81 -29 -5
-92 -46 5
-5 -13 -14
19 -15 -26
-84 46 -7
-75 -4 20
67 22 18
-15 11 20
91 -37 17
47 32 20
