64 -21 4
-97 44 -16
-62 -96 5
-5 44 7
83 -96 -8
-63 -20 5
96 44 -16
48 35 7
-50 27 -5
-85 -59 4
17 11 -6
62 -64 7
85 14 6
-85 14 6
-19 9 7
24 44 -17
48 6 -7
-25 44 -17
-73 44 6
65 44 -17
83 -43 5
-86 -85 -8
80 44 7
61 -92 7
-63 4 -7
-34 43 7
20 35 7
-85 -33 5
-63 -46 5
-64 44 -17
-64 -71 4
83 -75 4
0 44 -16
-43 5 6
66 24 -5
-3 22 -5
-84 -10 4
-97 43 6
70 0 -5
34 16 7
61 -42 4
83 -12 6
-29 25 -5
45 40 -14
-72 26 -5
66 -80 -8
-44 44 -15
84 30 -6
-54 44 3
-81 -96 7
-60 16 7
60 10 7
-67 -84 -8
32 29 -5
-16 28 7
75 -57 -3
-81 -76 7
5 13 7
97 42 2
-80 44 -10
62 44 1
13 32 -8
-86 31 7
-72 1 7
66 -96 -8
87 2 -7
-30 8 -5
-87 3 -6
77 -90 7
33 44 3
-39 27 7
-77 -45 -3
-14 34 -10
76 -31 -2
4 29 7
74 29 7
33 9 -7
49 22 -5
-20 44 1
62 -6 6
80 44 -13
-76 -22 -2
-71 -60 -3
-65 31 7
9 44 1
-16 13 -7
-75 -96 -7
-87 31 -7
18 19 7
46 8 7
-33 15 7
77 1 7
-68 -34 0
57 24 7
57 34 -10
-51 10 -5
-76 -73 -6
67 -79 6
-58 2 7
-70 -9 -2
-69 -83 7
83 -60 7
75 14 -5
88 33 7
2 10 -5
49 44 -3
-8 16 7
80 -84 -8
73 -13 -2
-37 34 -10
-60 33 -9
36 29 7
-52 32 7
-63 17 -5
24 9 5
-72 18 7
83 -26 6
-28 32 7
22 22 -5
-86 44 1
21 44 -5
-69 44 -5
62 11 -5
34 44 -10
71 35 -11
-38 17 -5
-41 44 -3
-86 1 7
-85 -46 7
-2 44 -4
11 44 -12
70 -69 -3
-77 15 -5
71 17 7
-46 17 7
0 34 -10
70 -46 -3
-75 4 -7
-62 -96 -6
44 21 7
60 35 7
-30 44 -6
-95 40 -5
-85 -21 6
64 -53 4
-63 -59 5
-86 -86 5
75 44 -3
-86 -95 -4
-26 35 -11
8 22 -5
55 2 1
-58 44 -7
-63 -7 7
88 37 -13
75 -96 -2
87 44 -3
-11 44 -15
43 31 -6
-74 -68 4
-23 19 7
-45 40 7
54 44 -17
66 -31 4
23 33 -10
61 -87 -3
-73 35 -11
-85 23 -1
26 26 7
84 20 -5
-41 6 -5
53 44 7
84 -89 0
-62 -86 1
36 7 3
69 42 7
-63 41 7
-14 38 7
42 14 -5
-75 30 7
-7 10 -1
-5 26 7
-88 38 -14
75 -21 4
74 -39 4
75 27 -5
78 -73 -4
-35 43 -17
68 4 7
-51 37 -13
-72 -96 4
-79 -3 -1
84 -96 6
78 -4 -1
-20 28 -5
86 4 4
76 -68 4
84 24 6
14 10 4
71 -88 -8
24 44 7
-77 -82 -8
-69 -51 -1
79 -52 4
-39 26 -5
-76 -30 4
91 35 -1
-84 -77 -4
-63 -36 7
-77 9 7
70 -96 7
41 42 7
-65 -76 -5
11 37 7
13 27 7
-66 -2 0
-78 -53 4
-16 44 -8
-24 15 -5
-84 -68 4
-80 38 7
-54 23 7
52 14 7
56 26 -5
36 35 -11
-11 44 1
-92 36 3
2 38 7
-63 26 -5
-75 -39 4
37 22 -5
67 44 -7
-72 44 -14
-77 -88 7
96 44 -7
90 41 7
71 -60 4
30 37 7
70 -7 4
75 -79 4
-85 12 -2
83 -35 4
-11 28 -5
64 -72 3
-28 8 5
-68 8 7
61 1 -6
-55 44 -16
-26 43 7
69 -25 -2
-56 2 -3
83 11 -5
-79 -64 -1
66 26 7
-53 11 7
-78 44 -2
-78 -14 -1
-68 -25 1
84 -83 7
-69 9 -5
56 44 -6
30 18 -5
0 20 7
78 4 -7
38 43 -17
-69 -42 -1
83 -4 7
-79 23 7
9 21 7
-31 24 7
-19 38 -14
66 -96 1
25 10 -6
69 -36 -2
-63 -79 5
17 40 -14
16 44 5
-71 -76 5
64 0 1
-21 9 -1
78 36 -12
-50 44 -8
-69 -17 0
-38 35 7
-36 7 1
84 -80 -3
9 14 -6
41 6 -4
-17 20 -5
41 44 -5
-16 17 7
50 26 7
61 -80 1
2 28 -5
65 31 -7
54 16 -5
26 16 7
75 9 7
-8 33 7
15 25 -5
-67 -90 7
30 40 -14
-59 10 -5
-63 -28 5
-80 27 -5
89 44 -16
81 36 7
73 44 -16
8 37 -13
67 -87 7
78 -45 0
-45 33 -9
63 19 7
72 -49 4
-67 -65 0
74 -79 -7
-68 -91 -8
-21 37 7
51 32 -8
-51 4 3
-76 -34 -3
-83 43 -17
29 44 -4
-70 -56 4
62 -13 6
-80 -90 -8
-88 41 7
77 -11 4
5 44 -8
53 4 7
-10 17 -5
-13 10 4
76 -94 -8
-5 39 -14
78 17 7
-40 13 7
-87 44 -8
-63 44 -1
-9 44 -9
-75 -9 4
48 4 2
-2 11 7
48 44 -10
-86 4 1
79 -61 1
-72 -2 -4
-68 24 7
-55 38 7
-73 -47 4
40 11 7
-63 -13 4
-65 0 7
-79 37 -13
-4 13 -7
-47 44 2
61 -94 -4
61 43 7
63 37 -13
60 1 7
-67 -96 -1
83 -67 4
71 8 -5
-38 21 7
-75 -54 -4
-46 26 7
56 7 -5
-36 44 -10
-67 37 -13
24 28 -5
-32 38 -14
-86 -87 -2
43 30 7
67 10 7
-23 44 -7
85 29 1
-69 38 7
-79 -71 0
82 -19 4
-19 43 7
69 -62 -3
-69 20 -5
67 -13 2
-87 31 0
-57 29 -5
62 -27 6
-79 0 5
20 9 0
31 8 7
51 37 -13
-23 26 7
66 -75 -3
-77 -19 4
62 -35 7
7 10 2
-84 -39 4
-43 37 -13
76 -67 -3
71 -72 4
-28 44 1
-62 -88 -7
-35 7 7
-36 10 -7
68 -39 4
84 -89 7
82 -96 0
-31 38 7
-78 -96 -2
-35 44 0
7 44 -17
1 44 4
73 -29 4
61 -85 6
-79 -44 4
-94 40 -12
-33 31 -6
-85 -53 7
75 -38 -3
34 23 7
-61 25 7
72 0 4
-79 16 7
26 44 -11
-86 -80 4
-48 4 -4
2 17 -5
-6 34 -10
-90 44 -17
-71 -71 -2
68 -52 -2
-93 44 0
-86 -94 3
82 30 7
64 -86 -8
81 44 0
-78 -60 4
-61 7 7
-43 21 -5
81 44 -6
20 28 7
46 14 7
69 35 7
-10 22 7
-82 7 -5
-77 -81 7
9 43 7
66 -47 1
-85 -5 7
91 44 -10
-63 -65 7
-81 -27 3
78 -96 5
28 8 -1
89 34 -7
-69 -6 4
-33 21 -5
67 -66 4
84 -88 -8
-73 -28 -3
7 33 -8
17 44 -10
39 44 1
73 -85 7
-82 7 7
2 38 -14
55 30 7
24 44 1
13 44 -4
19 16 -5
-23 23 -5
-52 32 -8
79 -27 2
83 0 1
-64 -53 4
13 15 7
23 38 -14
-5 29 -5
-65 44 -11
-82 44 7
-77 32 -8
36 16 -5
75 -21 -2
39 34 7
-61 1 2
61 44 -10
-70 -12 4
75 22 7
-85 -15 7
-20 34 -10
-18 43 -17
93 38 4
68 -19 -1
-80 -34 1
61 -80 -6
76 -51 -3
-84 19 7
65 -60 4
43 25 -5
48 12 -5
18 30 -6
76 -56 4
42 6 4
45 34 -11
-46 34 7
47 41 7
68 44 2
-3 44 -10
-91 35 -7
-45 12 -5
85 9 2
-61 39 -14
69 -5 -2
-24 9 -6
-57 17 -5
85 19 1
-59 32 7
35 44 -4
66 5 -6
-34 31 7
-53 17 7
94 39 -7
83 -54 7
62 -77 6
79 32 -8
-69 -40 4
-72 -65 -3
18 10 7
-79 -57 -1
62 -50 7
58 16 7
-53 44 -3
-73 -87 -8
-80 -49 0
-55 6 -6
-50 44 7
-76 -8 -3
-85 17 -4
-66 14 7
50 19 7
28 21 7
-18 23 7
85 44 5
70 39 -14
-69 2 -7
83 8 7
-75 -39 -3
-81 -96 -8
0 10 0
10 29 -5
71 -74 -6
-11 11 -6
12 42 -17
-73 -25 4
-5 44 0
-68 33 -9
39 19 7
64 -96 6
-72 -63 4
85 34 -10
30 34 -10
-10 37 -13
77 -74 4
85 25 -3
-80 -41 0
-49 42 -17
-64 -40 4
-43 44 -10
94 44 6
83 -48 6
-73 25 7
67 -25 4
24 16 -5
11 10 -3
-27 31 -7
-62 -80 -4
74 38 7
59 40 -15
46 44 2
-11 43 7
-62 -88 7
-97 44 -9
-85 18 2
-25 39 -14
58 21 -5
-81 2 -7
-81 -5 3
-29 44 -14
92 44 0
-16 9 -2
78 -32 4
-84 0 -2
37 32 -8
-83 -76 1
-74 39 7
-62 -94 1
56 40 7
-48 5 7
61 -93 1
-42 44 3
54 44 -11
-9 10 7
77 -16 4
72 -76 7
-70 -29 4
72 -96 -6
60 30 -6
-75 -3 4
-76 -76 7
-64 -76 0
31 30 7
48 29 -5
79 -40 1
66 -57 0
-2 34 7
-81 -80 -8
48 44 -15
-60 44 -13
-21 32 7
-23 14 7
-7 39 7
-77 -96 4
-70 -21 4
44 20 -5
-45 27 -5
57 44 1
-71 -81 -8
-83 44 -5
62 44 -5
41 44 -11
68 -41 -2
5 44 -3
60 30 7
-72 -96 -1
-78 43 -17
-82 33 -9
-71 -21 -2
14 36 -12
75 44 4
-80 30 7
84 39 -14
71 -90 7
-64 19 7
71 -96 2
81 -79 -6
24 32 7
-69 -96 -6
-73 44 1
65 32 7
74 32 -8
-43 5 -1
19 44 0
85 39 7
-37 38 -14
-67 -60 1
-86 -91 -8
-69 -70 4
-73 -93 7
83 44 -17
82 -8 4
84 -84 1
71 44 -11
-86 -82 -4
61 -89 -7
59 15 -5
-77 9 -5
78 23 -5
-77 -68 -3
68 -31 -1
-28 20 -5
-39 44 7
55 2 -5
-79 -27 -1
75 39 -14
-73 -14 -2
80 -72 1
-93 39 7
79 17 -5
78 9 -5
-65 -33 4
32 23 -5
-62 -83 7
-69 -51 4
93 39 -14
-91 44 6
-85 -93 7
-85 24 5
-68 42 -17
77 -83 7
9 31 7
76 -9 -2
-85 -28 7
-88 35 7
87 3 -2
71 25 7
-72 12 7
79 -2 4
5 23 7
-67 30 -6
63 6 7
24 38 7
-67 -47 2
76 -17 -1
-72 -46 -3
-26 8 0
77 0 -4
36 7 -3
-79 -65 3
65 -8 4
-14 40 -15
29 42 7
84 -79 2
43 43 -17
-32 8 2
68 -17 4
-92 37 -1
-72 31 -7
35 40 -14
78 -88 -8
-5 43 -17
77 -47 4
-11 30 7
-67 44 2
-85 27 -4
80 12 7
5 34 7
-15 44 -3
-69 44 7
-1 25 7
82 1 -6
-73 6 7
-88 34 -11
79 -55 0
-62 -84 -8
-85 -72 5
-40 43 -17
81 27 -5
37 27 -5
78 -35 -1
30 44 -17
92 44 -5
-71 -35 4
-50 15 -5
62 -58 7
82 1 7
84 18 6
-16 33 7
-45 13 7
-51 27 7
-73 44 -6
-59 44 4
18 34 -10
78 -96 -5
56 9 7
75 14 7
-53 5 7
72 -12 4
-67 -95 7
17 44 -16
21 16 7
-73 -91 -8
75 44 -7
79 -65 0
73 4 -6
23 21 7
71 -83 -8
36 8 7
53 34 7
-77 34 7
-33 20 7
-85 28 3
-91 44 -6
-37 44 -5
67 15 7
-13 13 7
-56 27 7
-61 37 7
70 30 -6
14 44 1
-48 44 -4
69 44 -3
-71 -87 7
-85 44 -12
-56 24 -5
-28 12 7
83 -71 6
76 -62 4
-66 -79 -8
-80 -74 -4
-10 32 -8
74 -26 -3
-55 2 3
44 8 -7
83 -31 7
-80 -11 4
-56 43 7
-80 19 -5
72 -54 4
-69 -29 -1
53 30 -5
81 -58 4
45 5 -3
70 -34 4
15 9 -2
84 6 -5
-41 11 -5
-71 39 -14
15 40 7
5 44 -13
-55 39 -14
-76 -79 4
-76 -50 -1
60 1 0
68 -44 4
39 11 -6
94 39 -2
-84 -50 4
-21 13 -6
-65 -9 4
-63 -74 7
80 -76 7
79 -23 4
78 44 -17
-84 -1 4
-80 -92 7
-74 -78 -6
33 33 7
-43 31 7
65 40 7
-27 44 -10
-62 -92 -4
70 25 -5
28 44 3
76 33 7
16 24 7
90 36 7
-42 23 7
-27 22 7
-58 20 7
61 -31 4
-97 42 1
-70 44 -11
61 -87 3
51 44 1
53 11 -5
72 6 7
34 40 7
66 34 -11
-80 -16 4
-78 -23 2
-30 12 -6
50 4 -3
-51 36 7
-36 39 7
-26 39 7
7 39 7
75 -44 -3
-79 44 3
80 25 7
27 36 -12
-80 12 -5
-62 44 -6
95 44 -12
57 5 7
27 23 -5
74 -4 -3
85 15 -4
40 37 -12
67 22 7
-72 33 7
40 26 7
-20 44 -11
-78 42 7
69 -96 -3
-85 -62 6
-34 7 -4
-77 44 -13
-78 -18 -1
60 44 -17
-72 -55 0
-38 31 -7
30 8 3
-67 -78 4
82 -76 0
-85 8 3
67 -3 4
62 -68 6
-15 27 -5
76 -61 -3
-7 25 -5
30 14 -5
61 26 -5
67 -74 4
-83 -96 -1
-51 44 -13
27 32 -8
84 -85 -3
-63 -51 7
87 32 -2
63 14 7
-35 26 7
6 17 7
53 21 -5
-47 5 3
51 40 7
-3 40 7
-12 10 -1
-59 12 7
-66 -86 7
83 -39 6
50 9 7
65 -90 -8
-49 10 7
38 44 7
30 44 -9
-22 9 4
-71 -1 4
4 10 4
-39 6 4
-1 31 -7
-72 -36 -3
-71 5 -5
-64 0 -4
68 -9 -1
-49 34 -10
-77 0 -5
63 -37 4
71 -79 4
24 9 -2
-78 -74 4
-30 44 7
-81 -56 4
68 -57 4
-92 36 -12
-70 -75 -5
-47 8 -6
64 44 5
-94 44 -12
62 -21 7
31 25 7
28 33 7
15 36 7
-56 35 -11
-19 14 7
-8 44 -4
87 44 -12
-70 27 7
-3 10 2
-36 17 7
-85 13 2
-78 44 -6
-63 -2 4
82 -30 4
-3 18 7
-2 10 -4
65 0 -3
-68 -55 0
85 13 -1
-62 -90 3
-65 -24 4
-76 29 -5
-31 35 -11
-81 -81 7
74 -71 -5
0 29 7
4 43 7
14 29 -5
84 -84 -8
-23 31 -7
66 -36 1
15 15 -5
-68 -38 0
78 40 7
68 -50 4
78 -37 4
-85 -82 7
50 41 -15
56 38 -14
48 4 6
80 -13 4
-66 -72 0
-35 13 -5
-18 9 3
90 44 4
61 7 -5
90 35 4
-67 -76 7
-20 17 -5
-63 -25 7
-23 44 4
-76 -58 -3
-47 30 -6
-85 -42 7
-89 44 -2
-77 -36 4
-9 44 4
64 44 -13
74 -33 4
-39 44 -13
80 5 7
17 31 7
80 -87 7
-27 17 7
42 17 7
-49 20 7
46 44 -7
13 33 7
-82 31 -6
83 -17 7
80 -94 7
-59 42 -17
-63 11 -5
73 -52 -4
20 44 -13
-63 -11 7
82 -63 4
-84 38 -14
-75 -64 -1
1 14 7
-25 27 -5
6 11 -6
61 -96 -8
58 11 -5
-81 -20 3
-68 26 -5
-47 38 -14
