102 164 63
177 40 190
135 215 217
150 41 61
102 120 165
154 205 127
99 40 133
154 108 107
99 92 43
191 40 119
134 89 218
102 187 166
134 216 36
119 153 218
99 216 98
112 41 191
97 92 104
149 151 149
146 69 149
102 153 118
142 128 55
101 43 80
143 189 79
141 40 110
146 184 183
145 117 183
135 86 70
135 172 36
99 86 191
143 151 100
100 191 210
102 122 74
99 208 57
113 216 139
189 42 78
109 85 143
105 133 37
100 119 211
122 216 181
173 40 153
154 108 145
102 153 182
135 76 107
135 98 36
128 40 157
102 119 128
102 180 96
146 151 194
132 85 183
133 216 97
135 122 215
102 183 131
136 181 216
143 159 65
105 183 37
144 43 190
146 185 151
154 180 108
102 159 151
102 85 73
137 119 84
127 216 66
154 132 126
168 45 100
99 43 163
102 147 89
131 44 83
113 43 107
154 87 126
161 47 128
136 215 155
110 216 206
107 94 217
135 93 157
102 216 164
125 46 130
135 145 36
154 159 125
102 123 100
135 191 53
99 94 165
151 46 165
102 202 187
146 128 159
99 167 203
118 85 92
119 40 62
133 216 122
99 206 122
102 109 187
190 43 170
101 157 39
115 85 119
102 135 146
102 187 73
109 216 37
121 85 51
99 115 51
135 198 199
154 62 109
135 103 199
99 140 201
131 85 136
146 157 172
135 105 59
143 139 75
135 100 98
143 129 103
102 142 61
119 199 218
144 40 140
165 43 77
106 216 77
145 200 107
154 181 131
135 120 36
102 106 145
112 175 218
119 85 202
135 200 170
143 169 86
118 85 165
117 131 218
191 42 143
153 205 149
102 103 87
135 64 127
135 143 211
102 177 184
140 170 199
127 43 177
101 203 149
102 142 165
102 129 183
98 93 126
191 40 99
111 106 36
123 107 218
154 87 148
150 47 93
146 138 177
116 216 108
135 112 163
154 84 107
102 200 87
137 206 138
135 216 194
161 40 180
102 165 84
145 127 199
136 161 216
102 179 149
102 192 110
102 171 112
135 197 36
153 169 147
154 69 129
102 135 116
154 109 127
102 167 169
154 142 111
102 181 56
119 156 36
136 101 80
154 54 143
177 40 132
137 58 107
135 208 79
143 176 60
146 173 164
135 209 52
135 102 181
99 103 204
102 150 136
113 40 148
98 41 97
135 54 144
99 100 64
101 199 39
154 129 143
140 145 55
119 216 159
176 41 64
115 216 53
98 42 116
117 216 90
102 166 129
154 163 108
102 111 112
143 184 96
101 153 212
113 85 181
175 43 115
135 160 48
114 40 90
120 192 36
135 40 68
102 157 102
128 40 100
136 86 202
140 119 68
157 40 114
133 85 86
106 85 57
143 153 84
102 85 89
101 40 179
132 85 120
172 43 169
136 201 94
146 186 198
100 216 193
137 198 67
148 43 78
120 85 68
102 138 76
105 206 216
159 40 144
146 189 167
139 106 149
135 89 49
135 116 99
115 85 37
135 204 185
119 215 218
154 122 113
101 85 207
99 171 45
100 181 198
154 144 137
178 40 88
135 197 214
115 216 123
143 40 125
135 200 154
99 130 52
143 138 91
125 46 115
154 192 117
118 140 36
135 216 174
103 137 215
119 85 217
99 213 135
143 171 103
150 195 139
162 40 194
101 125 197
126 43 193
106 216 178
102 201 170
111 40 123
123 85 107
99 144 47
97 92 148
140 40 172
102 121 143
102 106 173
115 40 170
99 43 148
146 146 163
154 96 115
129 40 142
124 216 203
101 216 112
122 185 218
141 48 156
135 92 171
102 136 130
102 133 90
135 103 213
146 167 187
102 152 76
102 142 102
125 216 146
135 133 42
102 195 61
120 40 76
135 157 201
143 206 119
139 90 107
135 73 141
104 119 37
100 153 198
100 205 105
102 216 148
123 166 218
136 116 51
122 85 147
136 117 198
99 204 200
109 85 104
99 95 182
146 120 170
154 171 120
102 194 139
163 47 158
114 118 218
109 162 217
146 137 191
99 205 70
99 216 46
101 177 211
143 171 73
147 138 149
146 118 150
117 178 36
154 75 141
102 106 127
128 85 38
146 162 157
102 104 101
102 85 174
154 146 124
154 55 120
135 173 49
108 85 156
136 209 108
141 84 149
135 184 36
107 40 69
114 216 67
102 163 190
154 119 135
138 48 98
125 216 80
115 216 194
135 53 119
130 133 218
102 112 64
121 216 41
99 105 43
102 141 178
102 191 153
110 190 218
99 86 115
154 97 139
184 40 159
135 132 205
102 175 69
102 109 159
115 43 136
164 43 62
150 40 153
144 196 180
156 48 104
102 189 187
102 153 55
154 205 114
154 74 114
99 189 47
160 40 91
135 158 36
99 97 76
189 43 131
102 132 158
102 187 86
102 118 177
184 40 180
102 194 122
135 103 47
99 100 116
130 216 135
180 40 104
135 212 206
102 193 98
116 127 36
116 85 131
102 171 140
102 130 65
102 115 86
102 170 157
143 137 63
154 158 141
103 108 215
149 43 179
135 182 203
146 196 192
154 168 135
138 142 199
99 88 137
142 110 107
146 169 175
123 85 191
102 153 169
146 149 181
102 123 117
113 143 218
153 40 131
143 141 106
136 116 176
99 213 87
133 46 165
101 113 198
99 100 193
143 124 92
143 189 63
167 45 139
143 162 95
135 98 68
128 216 166
102 145 154
102 169 99
143 148 68
132 40 122
144 67 107
102 141 190
149 97 149
99 212 209
135 109 72
131 85 99
143 127 75
102 130 170
123 85 175
154 56 132
154 179 142
118 85 79
156 40 71
104 145 37
135 68 115
99 94 54
148 206 138
100 216 64
119 96 218
176 43 76
102 181 107
102 119 154
154 98 128
154 86 137
143 164 55
118 43 160
145 189 107
127 216 108
102 216 123
146 196 152
131 150 218
135 49 134
153 152 107
106 166 36
154 131 107
178 43 144
146 128 183
126 118 218
136 210 67
135 107 89
143 195 88
112 216 169
135 109 190
101 193 197
147 54 107
135 90 192
102 167 180
136 66 149
191 41 88
105 85 128
108 40 158
101 204 159
146 57 149
146 177 193
135 171 209
129 48 150
128 216 52
135 89 60
108 85 45
126 85 158
108 85 199
169 40 125
143 161 77
116 43 180
102 202 132
106 127 216
142 40 86
120 102 36
164 46 111
190 43 109
135 78 127
125 40 167
135 109 36
159 40 168
168 44 87
136 216 87
99 208 179
135 115 153
153 195 128
146 40 101
138 198 78
102 132 105
102 107 73
122 45 91
99 201 49
102 175 82
115 216 149
105 98 37
135 102 169
108 216 216
154 64 145
100 100 135
131 205 218
154 190 149
129 205 36
154 195 107
146 179 174
143 179 87
102 161 139
102 163 119
143 100 107
119 166 36
173 43 179
145 118 160
101 166 213
145 118 193
102 106 56
136 43 184
122 40 122
102 122 59
110 216 100
135 111 207
101 165 53
146 136 165
134 85 164
102 196 179
143 181 73
142 198 56
112 85 210
135 207 161
102 129 137
141 206 147
135 49 108
112 105 218
135 94 89
140 196 162
109 43 98
99 131 205
102 179 122
102 145 126
102 113 97
125 85 127
136 40 195
153 43 194
102 198 76
109 207 36
136 215 185
146 163 196
132 171 218
135 149 45
100 126 42
98 93 93
99 86 160
191 43 152
167 43 187
144 158 106
128 85 76
181 40 169
135 191 43
134 111 218
156 40 82
135 216 60
99 90 64
132 40 132
128 43 62
143 119 59
99 97 156
124 216 119
147 76 107
120 216 99
154 123 123
154 156 116
102 156 127
140 206 128
166 46 148
107 216 91
105 88 37
99 92 201
102 120 189
113 85 191
102 179 161
135 124 46
102 175 174
135 95 208
107 216 156
149 199 121
126 94 36
100 144 209
99 208 79
135 207 196
135 216 143
140 155 55
101 98 211
121 45 146
137 40 154
118 40 100
183 40 71
154 85 116
111 40 78
102 166 72
102 155 160
136 199 103
154 111 118
102 156 87
134 40 93
135 61 138
139 75 149
109 216 187
135 202 46
103 40 105
132 85 151
127 85 58
154 76 123
143 193 98
102 150 67
143 180 105
103 40 89
128 43 73
183 43 122
167 40 162
158 48 137
129 130 36
153 48 152
124 46 106
107 40 114
106 40 139
99 88 81
146 158 186
102 187 178
146 147 172
115 216 78
135 182 48
154 64 121
154 183 118
140 96 149
121 216 172
154 40 186
129 85 208
160 40 123
110 152 218
101 200 211
122 175 218
99 180 47
102 123 91
108 85 165
170 40 108
128 96 218
143 119 103
106 216 53
146 173 155
124 216 194
154 117 145
100 205 94
154 144 147
159 40 104
135 92 76
109 216 116
102 110 137
144 40 164
102 140 138
102 128 126
154 133 135
130 189 218
102 127 150
102 173 192
143 143 83
135 104 159
99 158 48
142 185 55
163 40 132
120 40 113
99 212 157
135 122 205
149 80 149
100 43 125
123 40 184
179 43 96
142 43 64
99 211 170
152 98 107
134 216 78
99 216 183
154 187 137
161 47 96
136 140 49
154 64 136
143 148 91
134 216 113
128 85 198
143 129 85
154 151 131
129 216 210
135 205 60
102 186 63
111 85 64
126 143 218
99 206 140
118 85 59
154 139 119
131 216 44
102 163 109
175 43 161
137 40 145
102 133 193
154 106 135
102 153 144
118 216 131
102 174 132
136 112 64
102 120 108
110 85 95
136 89 37
99 111 208
99 86 48
142 119 77
102 113 122
110 199 218
184 43 138
135 151 207
116 85 153
154 40 97
109 85 113
135 191 208
128 158 218
135 83 143
106 85 216
129 47 96
135 208 176
101 191 39
100 209 42
100 204 114
164 44 173
161 48 118
146 152 157
101 138 53
153 70 107
149 162 149
148 48 101
103 111 38
136 199 86
126 85 167
102 144 110
143 173 95
104 85 182
136 209 92
102 192 130
124 126 218
102 173 61
135 94 183
143 150 76
160 40 155
99 215 72
127 47 138
143 143 98
146 144 155
99 42 171
99 216 202
150 170 107
137 43 78
104 185 215
100 139 41
151 40 89
126 85 91
125 85 116
128 85 66
114 216 180
136 210 41
126 216 155
135 72 133
102 167 147
102 150 98
102 113 169
146 180 160
102 163 162
146 141 198
131 85 108
135 115 184
102 126 81
149 40 113
154 137 142
154 140 130
143 175 80
169 40 68
168 40 117
143 190 71
135 98 191
147 105 149
136 132 50
129 40 108
99 160 207
128 85 47
136 215 164
108 43 176
154 116 107
121 40 132
151 40 144
146 189 175
135 95 200
102 171 120
102 143 146
102 149 190
135 108 99
134 49 126
99 197 204
99 86 97
150 206 107
102 174 38
101 174 53
130 48 158
125 40 86
136 66 107
100 40 156
107 43 132
115 40 69
99 100 107
143 126 67
170 42 194
146 196 171
145 45 170
117 161 218
108 216 62
135 86 176
102 142 83
136 40 104
146 144 187
102 186 115
118 85 101
135 95 54
128 216 91
122 40 152
135 72 122
148 43 69
107 216 134
155 49 111
112 85 74
102 160 77
154 168 127
135 198 180
135 212 131
170 40 94
151 201 133
99 43 140
135 112 80
153 181 149
126 212 36
143 134 199
114 209 218
147 126 149
100 149 42
140 137 55
135 138 36
119 40 194
149 90 107
135 57 130
146 154 165
143 160 87
102 160 95
146 176 181
114 216 44
117 40 83
143 135 98
154 101 121
136 210 100
182 40 80
99 95 141
181 43 153
135 166 41
104 145 215
107 43 151
101 193 53
135 95 43
145 194 199
108 43 84
101 146 197
143 46 90
101 85 153
130 40 187
135 97 217
111 138 36
136 208 119
105 115 216
146 49 149
99 120 202
128 216 175
135 203 73
133 85 128
99 100 149
154 157 149
99 118 44
136 216 105
155 49 123
191 41 161
146 193 159
138 59 149
154 151 144
101 101 165
152 45 172
114 168 218
162 46 166
100 127 211
143 197 72
135 141 218
131 152 36
144 206 111
140 171 55
101 90 212
172 40 140
161 45 84
108 216 107
110 133 218
136 92 96
99 208 129
106 152 36
186 43 94
99 174 201
102 160 178
152 40 106
102 120 67
102 113 79
102 181 142
116 85 111
135 60 117
154 76 131
135 40 161
126 89 218
141 40 132
146 130 176
99 212 105
108 216 196
146 166 166
120 85 140
102 106 94
102 111 179
154 117 128
135 95 164
104 216 141
152 40 162
185 43 115
150 40 123
171 40 80
131 216 201
153 71 149
117 43 126
148 48 158
154 165 115
134 45 172
146 126 192
130 105 36
138 122 55
99 208 190
140 196 188
102 194 82
102 188 104
102 183 79
135 108 177
120 216 188
128 216 188
179 43 175
122 85 42
135 211 149
102 129 112
101 85 122
155 40 138
138 40 118
111 216 85
120 114 218
102 195 166
146 162 180
102 134 176
123 135 218
127 211 218
102 130 75
153 134 149
154 174 112
142 40 182
99 184 209
154 55 107
129 116 36
143 197 63
153 201 141
137 179 54
135 41 61
99 86 57
111 187 36
145 151 107
105 40 165
129 216 73
99 212 117
123 216 57
102 199 68
105 216 171
143 182 64
111 182 218
99 215 56
135 96 61
146 170 195
102 140 91
102 149 105
102 190 146
102 170 92
115 85 46
117 216 202
102 112 105
102 186 159
143 169 61
135 133 212
102 141 68
102 146 119
135 199 206
102 113 146
135 115 92
102 201 194
136 46 88
146 192 186
154 129 114
125 216 130
153 58 149
146 89 149
135 111 46
102 202 60
99 215 176
143 120 199
99 122 52
100 165 40
149 198 112
98 93 119
147 206 128
143 182 80
99 208 50
