-7 -52 21
6 105 -72
0 87 73
47 -50 -84
-56 -49 -71
16 37 -7
50 -51 80
-10 9 70
-5 8 -74
-54 -50 77
3 105 -2
51 -52 -16
-1 -47 -46
-56 -51 -11
-3 57 -53
-11 -7 -9
-2 -52 73
-4 48 39
40 -47 32
16 -3 25
-50 -52 33
-15 -51 -84
7 105 37
-13 -22 46
15 -39 -10
-8 20 -37
-1 71 -18
-19 -52 -13
8 100 -37
35 -47 -47
-8 22 14
0 75 18
-12 -13 -47
-1 42 73
-36 -52 -42
16 -11 -27
17 -48 -78
-22 -52 48
26 -52 60
5 76 46
-13 -20 17
15 -33 20
-8 18 43
4 75 -74
13 8 -1
-5 38 -74
-11 -22 -74
-35 -47 9
-5 44 -25
13 49 18
-9 -24 73
-9 -29 -27
5 -47 45
33 -52 4
-27 -49 80
-8 20 -12
11 -16 1
51 -51 54
-32 -52 -67
0 81 -51
19 -52 -30
-4 45 1
11 13 -24
-9 -31 -3
-2 65 69
9 105 61
-11 0 28
-43 -48 57
-16 -33 -55
-56 -49 -34
8 96 18
51 -52 -63
-5 -1 -30
-56 -51 11
-2 -52 -67
-5 -3 51
0 34 -54
17 -52 29
51 -51 15
6 -52 4
2 92 -19
-26 -47 28
0 -52 -22
20 -31 -31
11 19 23
17 -51 80
6 81 -1
-17 -47 -35
-10 -35 32
-1 30 57
-42 -48 -84
-37 -52 -21
-5 0 9
-4 5 -55
17 -47 -58
51 -48 -36
3 60 -33
32 -47 -17
-4 57 -72
-13 -36 59
-18 -52 -55
0 34 27
-51 -48 -53
34 -47 -68
-2 65 2
-14 -47 4
16 32 11
13 49 -19
8 98 -55
7 -2 -15
-2 65 34
6 79 -34
-3 55 18
19 -22 -13
1 88 35
2 53 55
23 -37 6
-8 27 73
33 -48 75
-8 21 -61
10 -47 62
-8 -7 73
10 31 -21
7 88 57
-19 -52 65
-6 -7 -66
28 -52 43
-1 28 0
-56 -51 48
1 44 -40
31 -51 -84
-37 -48 42
-16 -36 15
1 90 -72
-3 57 -11
19 -17 19
-9 -52 39
11 51 2
-3 -47 -8
-4 12 56
30 -52 20
0 -52 -82
-33 -47 -7
-12 -14 -25
-14 -27 -41
-4 6 -5
-11 -36 -70
-3 14 27
-7 -16 30
-7 -14 3
-13 -16 60
-16 -36 -15
8 105 -22
1 46 -63
-6 32 40
0 36 -12
50 -48 -2
4 69 -59
-39 -52 23
-9 -52 55
5 11 12
14 23 -1
34 -47 -33
8 -5 13
18 -47 -44
25 -39 30
4 -47 31
-8 -22 -60
-39 -52 70
-3 13 -26
4 38 14
17 -52 13
5 74 61
-45 -52 0
-1 30 -29
-3 22 -74
19 -52 -6
2 93 4
2 101 73
-16 -52 -71
-55 -52 64
44 -52 65
50 -52 -49
7 -47 -33
16 -6 -5
5 76 30
3 96 47
-8 -21 -12
11 -25 -23
4 69 -46
-31 -47 -55
38 -47 54
5 -47 18
13 -30 0
-10 3 -18
50 -48 40
-29 -47 59
-16 -36 73
3 105 25
-14 -50 80
-6 32 -42
6 5 24
4 14 -13
-10 2 -42
14 -41 -24
-12 -8 39
-2 22 -49
-10 -34 46
-44 -48 -64
-29 -48 -79
-49 -48 -23
7 86 -61
3 106 11
9 -15 -15
8 95 -9
15 -52 -18
-21 -47 17
21 -24 9
-2 66 51
40 -52 -9
44 -47 -26
-10 0 62
9 0 -27
-28 -47 -31
-5 40 52
-7 -13 -36
4 64 22
6 -52 -58
2 92 -46
11 34 22
-11 -52 -25
17 -47 48
-3 53 65
13 -23 28
-9 10 16
6 84 10
-23 -52 -44
-4 7 43
3 75 73
-7 -47 -56
-9 -26 8
2 54 -22
-8 19 1
21 -33 -18
-7 25 30
-47 -52 -41
4 46 -8
2 91 -34
6 85 23
-53 -49 -82
-11 -5 -55
2 27 12
44 -52 -72
1 23 -18
18 -10 10
-4 45 27
-4 45 -53
-9 -26 61
-6 34 9
-11 -36 -35
-7 -11 20
41 -47 -57
-9 -27 24
48 -52 26
-6 34 -64
17 43 8
3 58 -63
-3 -52 -34
-2 19 66
4 14 0
-46 -48 13
-13 -47 30
-9 12 -46
-53 -52 22
-14 -24 36
-24 -52 2
2 56 43
8 -48 -68
40 -47 18
-56 -48 0
28 -47 -56
-10 3 -64
3 105 -62
-43 -48 -13
-5 -47 10
24 -39 17
-1 69 -28
40 -52 42
14 4 10
-9 9 -34
7 -2 0
6 80 -23
18 48 -6
5 73 6
10 -13 26
-42 -52 -73
6 82 -12
0 -52 61
24 -52 -67
-5 41 63
-39 -48 -31
-16 -36 3
8 -46 -5
9 -52 -46
16 -46 4
22 -29 28
8 97 30
-2 60 -43
22 -42 -32
-19 -52 37
6 -52 79
3 62 11
-9 -26 -50
-10 -36 -47
-13 -21 -2
-23 -47 -64
21 -48 71
43 -52 8
-9 -48 64
4 66 -9
-21 -47 -22
24 -43 -4
13 6 -16
2 50 9
-9 8 5
4 105 -45
-2 25 46
1 86 48
-4 46 -14
5 44 22
-10 -52 -42
20 -22 -2
-4 -52 1
-7 -48 -76
-12 -8 10
-7 30 -20
3 64 -74
10 25 -10
-30 -52 18
0 77 -64
3 61 61
35 -47 64
2 104 -30
-36 -52 33
2 104 -14
-5 43 18
27 -52 31
0 39 36
-1 33 69
-1 74 38
-5 39 -34
7 105 47
12 -21 14
-48 -48 42
18 -21 -30
-5 1 19
26 -52 -46
-53 -52 -62
-42 -51 80
-12 -15 -65
-14 -27 -65
11 18 8
8 97 -65
-6 -7 -22
42 -52 -36
-14 -23 -20
2 55 0
-3 13 -65
-42 -52 -54
-11 -3 0
18 -44 23
-7 -15 45
-6 -8 59
-12 -6 -74
1 82 64
27 -52 -25
15 -34 11
12 -46 36
0 77 -42
-6 -5 -47
-29 -47 -16
-11 -52 -6
2 52 -46
6 4 -7
7 43 -24
8 96 66
9 -49 -84
-16 -35 25
-7 29 20
33 -47 -5
-9 11 36
16 -7 -19
-1 27 -9
-3 54 30
-13 -52 14
-5 47 -71
-8 20 58
17 -52 56
-13 -47 47
-47 -48 70
11 -21 -8
26 -46 9
23 -43 -15
-13 -21 -31
-56 -51 -46
1 46 48
-36 -52 53
-28 -47 37
-4 -52 30
-17 -47 57
2 24 21
-10 5 54
8 100 3
11 26 17
1 49 -30
5 6 -21
12 42 -13
0 76 -9
5 -47 -16
7 93 40
42 -52 75
4 42 4
22 -33 -8
-10 2 37
24 -52 -15
11 15 -6
42 -47 -17
-7 23 -28
-6 -52 -15
-5 1 70
12 -48 73
-6 35 -1
8 97 55
26 -48 -77
-9 -30 -17
-16 -34 -27
6 81 38
29 -47 53
13 11 19
26 -51 80
22 -28 16
-18 -52 24
-2 21 36
-16 -35 38
-7 28 -55
6 83 -71
12 -28 -14
16 -3 4
0 -52 52
-7 -13 -55
-14 -28 53
-1 70 27
10 -52 -27
1 87 -7
4 65 -22
-3 54 -36
-4 10 -17
37 -52 -78
8 96 -29
20 -46 40
-3 14 9
18 -16 -19
16 32 2
-9 12 -57
6 85 -43
7 95 -74
-3 15 18
16 -37 30
36 -52 -22
2 90 15
-10 -34 67
-46 -52 50
9 -16 -28
-7 -14 67
17 -42 14
-14 -27 -10
12 40 16
-2 26 -66
-25 -48 70
6 6 3
9 -52 51
-19 -47 -5
-11 -7 -31
-13 -47 -49
-49 -48 -6
-7 -13 -6
-33 -52 2
-9 16 -74
2 92 -56
-7 -13 -17
24 -52 -38
12 -52 -38
-8 -20 -45
7 -7 -22
-4 5 27
-4 48 55
10 -13 15
3 62 -51
5 -52 68
2 50 72
0 79 53
10 51 -10
-13 -48 72
-1 67 -37
45 -47 47
-1 73 -52
14 1 -10
-16 -35 -5
50 -48 70
0 37 -24
2 92 24
-13 -19 -53
-5 41 -7
8 -52 -75
15 -38 0
-5 0 -72
2 104 -53
-3 16 49
9 21 -19
32 -46 37
35 -47 26
-3 58 49
0 36 46
-5 -1 -9
6 51 17
-20 -48 -77
-26 -52 -6
35 -52 48
14 33 -14
2 51 -69
-4 10 64
16 -4 16
33 -52 -61
-1 31 -73
7 87 67
-43 -48 33
9 -10 -4
22 -48 -84
-9 -27 -35
-47 -48 -34
26 -44 24
18 -14 -1
15 -38 -32
12 -30 -30
51 -50 -24
-9 -27 42
-12 -8 -40
4 64 44
0 38 -67
-31 -52 66
50 -48 -77
19 -25 -22
5 -52 25
1 47 33
13 -33 -21
-56 -50 40
21 -30 0
32 -52 12
-25 -52 10
42 -52 0
-1 -52 40
-7 -15 54
51 -48 62
-9 12 -9
9 104 17
-13 -13 73
-1 27 -38
0 37 -45
3 19 7
-28 -47 -39
-12 -8 47
-10 2 45
-10 2 -50
-13 -47 -18
-2 60 -18
2 95 61
-1 -52 -53
2 20 -8
-31 -52 45
46 -52 34
0 79 8
-8 -15 -74
3 103 56
-5 41 -60
22 -52 5
1 84 -28
3 -52 -8
-37 -48 -78
-28 -52 -24
1 46 63
-52 -52 56
-34 -48 76
5 13 23
4 -52 -38
-10 -30 -74
6 4 14
-10 -35 10
-3 14 72
-13 -20 9
-8 -20 37
-10 -35 -60
-47 -48 25
-7 -15 12
20 -20 27
3 104 65
-3 52 -61
18 -52 64
18 -12 27
-23 -50 -84
-14 -27 66
44 -47 -42
-5 39 -18
-33 -47 25
-1 69 59
-6 32 63
-4 6 -39
-8 17 -19
0 81 27
14 -52 42
3 57 26
-10 -34 -10
-16 -36 -42
12 -52 -9
-6 32 52
15 -52 -66
23 -42 -24
8 -3 26
-37 -48 -48
-3 14 -38
17 41 0
-2 64 -62
11 15 -15
-38 -52 63
9 104 70
-9 -52 -63
9 -47 -53
-36 -47 -61
7 93 10
11 -46 27
-10 -47 -32
4 49 -17
24 -52 50
8 -52 11
-1 -52 16
24 -52 16
-11 -4 20
-1 70 -4
-2 23 54
-13 -17 -38
-13 -20 27
27 -52 69
-6 -5 35
-11 -1 -25
3 99 40
16 -44 -15
7 86 -52
27 -52 -1
-42 -52 8
23 -52 24
9 -10 7
-19 -52 -29
50 -48 8
5 73 -38
12 26 8
3 32 20
13 -27 8
1 -48 -73
4 69 35
51 -48 -56
-1 81 -74
-3 15 -4
-2 69 -73
-42 -52 -7
3 100 -21
-9 19 70
-6 -47 -23
-50 -52 -16
-3 16 -55
31 -52 -11
15 3 20
-1 29 36
-13 -47 20
8 100 -47
5 77 22
9 102 -7
-19 -52 75
-7 25 -44
1 84 -37
0 37 59
-3 59 56
-10 7 -27
17 -11 -12
-3 59 8
-26 -52 -52
-33 -50 -84
40 -52 26
-8 -49 -84
-6 31 -13
-10 -36 19
16 -52 22
35 -52 -54
0 -47 -28
-7 27 5
-3 58 -28
-13 -20 69
3 13 -22
-48 -48 -73
-55 -52 -22
-3 -50 80
-8 16 -30
-55 -48 30
15 30 -8
4 68 15
6 81 58
-7 25 41
-2 62 17
-12 -10 -1
9 101 24
13 9 -9
-5 48 72
3 61 -5
-5 0 -59
-4 58 72
14 -52 0
-7 27 -3
4 68 -66
51 -52 -8
-2 25 -59
-2 -47 46
3 57 36
0 76 -28
41 -52 59
-47 -52 62
3 104 -37
5 73 54
-3 -47 36
-14 -47 40
-1 30 -46
-1 34 -37
-12 -8 -18
2 30 -22
-12 -12 25
-4 4 -22
-3 54 -4
2 92 -64
44 -47 -49
7 105 30
4 68 72
5 -47 38
3 19 16
-9 -32 -41
-6 -7 3
-4 49 -44
50 -48 -69
-29 -52 -60
-5 41 40
-4 5 35
-12 -14 -12
3 99 -70
4 63 29
33 -52 -43
14 0 -18
12 11 10
5 77 -46
23 -52 -58
29 -46 16
1 49 -52
-8 22 49
3 98 10
2 95 -39
18 -10 18
23 -47 -50
6 81 72
-12 -15 39
47 -48 19
-28 -52 54
-4 8 20
7 90 -15
40 -52 -63
-10 -52 7
38 -47 12
-12 -8 64
-9 14 23
1 87 1
-42 -52 -37
32 -52 -73
-4 51 -19
29 -46 -38
-33 -47 -26
1 82 -18
-19 -47 9
1 -47 2
-14 -27 1
-5 38 30
-9 12 52
-1 69 8
51 -52 -42
-2 19 -33
-12 0 72
7 90 31
-28 -48 -71
-14 -24 -57
5 93 73
-12 -8 55
-6 34 -27
-9 10 -68
19 -18 12
23 -34 23
7 -47 55
-18 -52 -63
-2 60 39
7 87 -26
3 98 -61
-6 37 20
3 61 52
-10 -33 39
44 -52 53
-44 -52 -25
-16 -36 -65
3 39 -18
-16 -34 65
9 104 -59
-13 -19 53
8 -46 -23
45 -47 -8
36 -52 36
-10 4 -9
-5 0 1
3 -48 74
-36 -47 18
-15 -30 -33
16 -45 -7
-17 -52 -41
19 -19 4
11 -47 -62
-36 -47 -13
-46 -52 -80
11 -46 15
-1 -47 -39
-6 -5 15
-15 -31 -46
-10 3 13
46 -52 -30
5 73 -13
-9 -27 32
-6 -6 43
-38 -48 2
21 -48 -73
45 -52 -55
-10 -34 54
4 48 0
-16 -32 -73
11 -22 -16
-14 -25 13
4 66 65
-55 -52 71
-26 -47 45
35 -47 44
-52 -52 -29
18 -16 -8
-9 -32 -53
-43 -52 43
-7 30 -70
-5 40 -48
24 -46 32
-5 4 -46
-32 -52 -36
9 102 -16
29 -46 2
5 74 -25
9 -8 20
1 41 -73
-5 40 7
-8 -23 -6
-1 28 64
-5 -47 58
-1 73 49
8 94 -22
3 58 -15
10 51 12
-2 25 71
16 -52 -54
-6 -7 -37
-7 -12 -44
-2 26 27
-2 66 -46
15 -31 27
-1 67 40
8 0 19
2 22 1
-10 -47 -10
11 -17 8
37 -47 5
40 -52 -84
23 -37 -1
-51 -48 4
7 2 8
-23 -47 -11
5 77 12
4 68 -33
7 89 48
-8 19 32
22 -47 58
-6 -10 28
4 67 55
-11 2 -73
-3 14 35
3 99 21
-6 39 71
-15 -30 45
11 6 -26
-1 74 67
2 95 32
-2 61 25
-4 9 49
-22 -48 62
-15 -31 19
-4 7 -63
3 99 -1
8 98 45
-39 -48 48
-29 -47 -48
-6 -5 66
-41 -52 17
-1 -52 -60
-8 19 -50
-7 27 -33
0 78 0
17 -52 -24
2 91 44
27 -46 -31
-9 -25 54
3 20 -24
-10 4 0
-21 -52 -36
-6 30 27
-10 1 -34
-5 -1 57
-9 11 45
3 96 -12
-3 15 -72
16 -52 36
-8 -47 27
8 96 -43
5 73 -6
35 -52 70
2 54 -8
-15 -52 53
3 32 8
4 67 -1
-12 -52 -76
8 -52 19
-14 -29 8
-47 -48 -47
11 37 -18
-40 -52 -67
8 -46 7
-47 -51 75
1 -47 12
-12 -12 16
3 62 -40
-4 51 45
-52 -48 15
-19 -47 -46
0 41 -56
9 104 -33
-56 -50 -56
4 -52 -29
5 5 -15
21 -52 44
-9 10 27
-23 -47 -55
-8 -21 4
-7 -17 19
6 82 31
1 42 -31
5 76 -58
-8 -23 -28
-2 63 -10
-3 19 -66
-10 -34 -21
1 48 -23
51 -52 45
-9 -28 -62
1 44 10
12 -22 0
-12 -9 -60
-27 -52 33
25 -47 -63
-8 -20 61
2 61 73
-9 13 -2
7 87 -35
-52 -48 -40
1 41 55
-10 -36 2
13 -46 -34
-18 -52 44
-30 -52 73
-42 -48 -19
-14 -29 59
-2 65 -55
16 -52 7
6 86 17
10 -47 -43
11 17 1
-1 -47 -15
45 -52 -19
4 70 22
1 84 -64
0 41 27
33 -52 59
-8 -52 48
0 35 -60
-11 -52 -55
-4 6 59
-23 -47 55
-28 -47 3
18 47 0
0 80 73
14 -28 14
-43 -48 -43
-7 26 55
-15 -29 72
