92 75 163
80 221 54
200 174 132
80 221 201
192 54 87
89 108 54
82 165 128
179 57 176
143 137 175
142 181 80
118 53 93
80 150 200
175 121 91
140 195 145
146 89 137
197 118 156
84 221 143
82 106 115
82 163 69
210 54 135
128 132 76
113 185 186
104 212 98
83 102 202
82 128 157
132 53 169
80 74 84
172 170 165
129 95 180
158 53 115
182 163 94
129 95 97
108 53 133
153 61 75
201 135 121
82 172 167
106 192 65
162 188 113
163 107 167
82 141 98
175 109 126
107 127 191
80 73 129
111 87 137
111 207 160
83 187 202
177 61 143
82 187 102
108 86 71
116 161 71
130 198 111
145 185 174
199 150 156
165 84 111
98 137 60
154 152 84
101 81 106
82 204 170
118 155 183
81 73 193
82 111 84
84 74 54
82 100 146
80 221 113
172 140 165
136 61 139
188 61 115
82 192 137
147 111 82
80 218 84
112 206 132
82 133 130
166 187 141
80 188 54
82 104 174
105 211 191
105 83 185
200 60 159
156 61 159
125 200 84
111 111 68
82 130 183
199 119 101
197 175 157
129 61 115
169 184 90
171 88 137
82 192 78
185 180 113
82 152 152
150 160 173
201 161 109
126 94 156
145 100 113
167 53 93
97 165 196
190 141 97
98 215 68
113 59 155
128 119 180
82 165 97
127 200 175
125 94 121
145 61 97
82 93 97
156 53 180
177 111 148
82 150 174
82 141 76
208 54 112
105 104 192
82 93 69
165 107 106
107 60 112
195 117 132
144 77 119
80 73 106
100 172 61
127 98 75
134 152 78
147 101 154
86 221 181
158 53 139
80 149 54
86 122 202
149 192 97
80 128 55
156 132 85
159 189 161
110 86 165
200 154 135
123 181 74
135 53 81
99 144 195
82 204 191
94 218 162
147 117 174
147 193 126
132 170 179
82 200 119
82 172 146
82 148 117
95 217 126
172 146 91
82 122 104
82 178 185
201 135 141
80 78 148
191 53 132
156 74 142
112 88 91
184 181 143
175 74 124
177 61 78
82 115 133
82 85 178
183 113 108
179 123 163
80 168 201
82 204 152
82 205 65
173 53 159
82 205 97
115 143 70
97 79 124
99 192 195
113 206 113
121 135 182
175 53 124
142 53 124
194 176 98
130 199 130
98 79 84
82 91 130
163 168 87
125 200 152
82 187 157
94 87 198
108 209 81
162 105 143
96 89 59
95 156 58
171 61 108
164 108 88
149 102 97
82 124 73
82 176 82
82 181 124
189 136 160
182 154 162
145 101 173
173 184 126
89 221 98
131 115 77
129 95 139
125 53 130
81 170 54
145 53 150
141 195 161
104 212 146
99 120 60
156 69 110
199 61 100
103 212 175
96 78 146
134 150 178
164 126 168
174 184 157
82 111 189
82 161 187
158 176 170
129 61 156
191 53 148
165 156 168
82 91 159
90 74 71
111 87 117
112 169 187
82 128 89
82 148 135
82 152 87
82 170 113
180 61 95
171 96 116
142 165 80
142 126 80
200 144 108
199 119 117
118 203 97
200 165 146
110 128 67
143 61 178
128 185 180
115 114 185
116 200 185
82 113 161
82 87 115
82 189 174
93 200 57
140 195 85
138 98 85
140 53 108
83 221 69
80 218 128
131 61 98
123 53 145
82 120 119
99 214 112
80 89 195
80 218 169
155 144 171
93 207 199
156 181 85
94 76 180
82 181 67
89 74 95
82 207 137
199 175 112
80 91 55
82 137 145
204 61 124
97 216 86
117 198 72
80 135 196
180 182 100
82 137 169
82 133 113
82 109 98
140 98 126
111 144 188
206 61 146
143 71 131
146 141 82
193 156 97
182 53 106
167 61 170
186 61 157
96 114 197
166 53 76
187 124 96
116 91 176
148 192 113
80 115 62
105 100 64
127 168 75
102 180 193
187 115 121
189 115 145
133 96 109
200 132 155
111 174 68
155 53 102
82 117 148
143 61 163
82 89 82
93 185 57
171 73 137
154 191 138
106 84 152
186 168 161
82 119 176
164 61 148
81 139 63
137 196 100
200 132 104
133 96 167
82 144 187
168 133 89
158 96 110
82 205 82
119 53 111
190 57 169
201 152 122
82 157 108
105 148 64
201 122 143
185 180 130
115 204 172
107 205 65
83 73 174
121 58 165
116 91 106
120 120 73
95 132 198
91 177 200
92 75 113
114 61 122
201 165 122
147 53 87
145 53 137
114 61 143
94 218 191
80 81 65
122 201 140
152 84 111
151 53 169
162 61 85
131 191 77
144 62 116
92 216 56
120 202 122
135 107 178
141 99 143
115 96 70
116 91 148
156 93 142
151 192 152
182 61 132
122 93 86
105 156 192
81 200 54
82 96 185
173 99 134
123 106 182
113 96 186
132 132 179
162 188 98
162 188 130
88 159 202
95 77 60
176 174 92
173 110 97
196 176 143
162 106 156
88 73 139
114 205 149
173 110 159
197 53 121
167 157 89
125 59 86
139 195 176
195 61 139
83 80 202
80 74 161
82 191 191
93 76 193
82 178 95
82 159 143
173 184 111
82 104 74
82 165 156
82 126 139
81 209 202
82 209 111
146 172 174
153 128 172
128 199 163
168 72 113
175 91 126
183 113 135
86 198 202
82 165 176
82 196 89
155 53 128
82 102 126
82 141 157
82 156 163
185 180 157
179 135 93
150 192 84
153 63 142
125 144 75
81 221 154
118 61 104
138 53 95
142 87 124
80 215 191
164 120 88
183 150 94
95 101 198
146 149 174
106 210 121
98 215 137
172 109 115
107 53 121
80 79 97
167 53 178
82 165 84
82 185 113
171 53 148
154 103 163
82 194 67
187 115 156
168 185 167
120 176 183
104 83 174
99 80 95
88 119 54
98 79 135
106 159 65
81 104 63
184 114 97
82 102 159
82 181 135
80 73 117
197 53 109
121 92 132
156 187 171
94 218 151
90 220 77
173 63 118
88 143 202
80 216 102
194 177 123
135 141 78
138 161 177
138 98 100
131 61 126
134 53 152
92 167 56
82 198 181
81 84 139
162 61 97
162 53 156
173 84 118
88 135 54
201 141 132
82 154 74
123 61 137
166 53 130
177 61 165
82 192 148
201 126 126
100 109 61
105 181 64
81 212 179
91 146 55
113 88 80
107 200 191
95 100 58
127 161 181
102 213 157
132 178 77
138 196 117
139 124 176
103 94 193
200 160 156
81 154 63
154 163 84
154 103 86
81 159 54
111 53 103
136 97 154
82 185 87
175 53 113
81 211 159
193 53 98
134 53 117
80 125 194
200 152 146
143 61 80
148 78 138
175 61 154
200 167 101
190 125 159
119 92 163
90 217 201
154 120 84
149 174 83
92 219 174
155 61 174
123 53 156
140 61 152
138 61 89
180 53 89
83 211 54
173 110 139
118 125 183
143 100 163
128 199 95
201 53 139
182 53 137
91 219 108
120 202 107
88 73 154
134 197 154
82 209 124
184 53 119
193 61 124
89 84 54
118 106 72
80 115 200
192 117 108
158 115 170
119 202 163
81 84 106
123 53 102
99 209 60
201 143 150
134 53 133
82 143 126
82 161 119
171 53 102
184 61 85
149 53 111
82 137 85
106 136 191
82 196 109
82 100 84
82 128 172
180 53 152
114 205 88
101 81 67
107 54 144
90 220 117
148 193 168
80 76 183
105 83 130
203 53 150
121 192 182
156 53 80
135 104 78
80 214 75
98 215 183
80 178 198
89 94 202
162 136 169
160 106 97
119 92 97
143 194 135
90 220 134
161 164 169
193 53 161
192 167 97
81 172 63
89 111 202
105 116 192
123 154 74
112 152 69
80 78 74
89 74 82
82 87 150
173 61 87
201 61 111
186 61 104
107 139 65
173 64 134
115 185 70
107 61 130
180 133 163
159 189 148
208 53 126
173 151 165
201 163 133
82 146 108
82 96 117
187 146 160
82 196 159
153 53 157
82 93 169
82 176 176
182 53 161
147 61 106
82 156 98
186 61 141
131 61 165
127 61 146
146 53 76
82 198 128
191 178 150
118 53 121
155 190 105
113 88 128
155 84 142
143 53 159
173 184 148
108 86 106
95 156 197
127 144 181
140 61 128
178 182 135
99 80 161
80 220 93
125 94 170
175 100 124
81 124 63
81 212 149
203 61 133
81 84 124
82 183 167
82 178 104
193 61 93
82 93 141
156 141 85
155 61 91
82 122 165
82 117 91
82 102 135
142 156 80
82 146 145
88 221 87
82 124 130
82 196 100
82 132 104
201 144 141
82 172 135
82 183 148
86 132 202
119 61 115
201 152 102
82 146 69
138 61 170
82 113 124
140 53 174
138 61 104
193 61 152
116 53 139
82 93 108
82 111 108
82 178 159
82 130 80
81 211 89
151 61 152
156 190 91
166 98 141
135 179 178
172 129 165
175 82 130
130 198 121
155 190 123
171 53 84
107 189 191
120 130 73
100 81 192
139 117 79
166 81 141
88 98 54
116 204 79
142 80 130
150 109 173
106 210 89
116 53 150
156 61 104
105 169 192
185 176 95
176 178 164
105 83 80
169 53 169
164 144 88
167 61 78
181 53 80
199 139 99
103 212 129
164 146 168
131 198 142
150 98 140
164 178 88
146 89 116
152 103 108
103 82 143
111 207 101
90 220 64
169 109 150
134 163 78
89 73 202
88 73 124
125 94 108
145 62 138
92 126 56
181 113 162
202 53 99
171 167 90
80 216 61
189 159 160
94 124 198
138 196 108
157 152 170
120 202 131
172 118 165
179 164 163
151 76 112
88 73 185
81 168 192
143 69 123
89 168 202
104 212 74
192 132 97
121 95 182
80 82 54
133 96 132
106 91 65
191 178 106
97 216 95
121 61 93
130 96 85
86 73 63
133 96 121
118 172 72
81 104 54
165 187 122
80 103 194
108 209 169
208 53 143
180 61 122
173 110 106
81 84 89
146 101 82
121 92 141
136 197 169
126 200 75
113 135 186
131 193 179
123 168 182
101 130 62
170 185 103
132 124 77
163 67 142
94 184 198
143 98 134
81 154 191
100 205 195
109 177 189
118 144 183
101 81 117
97 79 74
167 102 112
200 175 103
201 172 150
82 168 76
82 115 76
116 61 133
82 191 124
201 128 117
200 143 117
131 53 98
99 191 60
106 119 65
82 152 128
162 61 178
82 111 170
82 109 145
125 61 108
162 53 106
158 53 95
162 53 122
153 53 146
201 152 111
131 53 109
82 172 124
173 53 133
116 53 130
82 154 181
123 61 122
105 83 89
147 53 98
82 109 154
82 130 121
167 177 167
147 61 170
147 53 178
97 79 172
86 221 163
90 207 55
200 174 121
156 111 85
118 91 117
127 199 103
194 177 134
158 53 172
80 163 61
124 111 74
89 151 202
158 78 110
105 211 136
80 215 141
197 141 157
139 144 176
90 74 172
147 132 82
171 161 166
196 146 98
134 197 80
136 132 78
81 221 135
152 103 148
80 78 169
100 200 61
98 215 168
193 61 163
136 97 174
113 205 70
194 166 158
205 60 104
135 61 80
114 89 157
163 89 142
119 61 152
120 191 73
82 111 69
80 95 201
201 124 152
86 221 124
123 137 74
80 159 201
136 97 93
108 167 66
111 157 188
111 105 188
129 95 148
91 192 55
82 85 73
106 59 139
80 119 55
84 221 191
143 95 120
82 202 143
201 130 135
82 146 163
131 53 124
82 172 89
82 191 95
82 170 181
82 181 76
82 139 135
82 139 119
82 159 133
82 146 82
82 161 169
182 61 148
82 96 154
82 133 95
201 130 146
200 159 141
125 53 117
177 53 97
179 143 163
80 221 176
92 193 200
112 120 69
90 174 55
106 84 98
167 91 112
164 62 109
138 187 177
167 186 156
180 182 150
110 198 67
80 76 137
179 61 113
89 154 54
208 61 115
81 82 156
125 152 181
210 61 131
88 73 106
146 71 116
81 73 93
98 180 60
184 61 172
82 135 189
137 196 127
82 124 97
82 204 104
82 170 102
82 100 98
82 100 109
176 183 92
164 61 157
132 53 141
95 77 102
143 53 117
200 148 130
184 53 145
190 53 139
84 87 202
195 61 117
82 196 169
82 119 141
82 128 146
82 89 187
82 187 181
82 205 183
190 53 111
147 53 130
180 53 130
131 53 161
201 122 133
82 135 176
82 192 117
82 144 89
151 53 119
191 61 132
177 183 117
80 143 198
193 61 109
169 61 98
160 53 163
82 96 176
160 53 148
112 193 187
109 90 189
101 123 194
96 173 197
175 67 126
120 202 177
80 189 62
200 133 111
139 168 176
151 179 172
145 130 174
144 100 106
138 117 177
184 53 172
121 93 74
81 73 69
98 214 196
80 198 198
89 74 132
160 58 75
163 128 87
186 114 128
135 170 78
99 144 60
141 148 80
96 216 144
174 154 91
181 113 115
141 189 80
81 183 193
110 86 145
178 128 92
125 161 75
126 58 170
200 159 100
110 104 67
106 210 184
112 123 187
80 220 121
170 126 90
183 181 123
145 101 89
194 124 98
125 127 181
82 91 89
152 92 111
156 61 167
82 122 183
82 172 154
112 53 111
148 71 138
106 210 113
99 214 119
81 132 63
195 117 124
140 53 87
112 206 139
104 149 192
179 143 93
105 83 122
125 53 137
82 165 108
199 119 109
82 120 111
99 214 105
82 205 74
82 85 170
88 91 54
166 53 115
80 135 55
179 61 106
156 53 87
131 61 91
82 178 113
82 102 167
145 61 89
81 211 167
123 113 182
143 53 167
118 162 183
178 113 92
115 90 183
80 218 183
144 194 154
143 108 175
155 136 171
114 205 125
149 143 173
170 185 133
140 195 93
83 111 54
172 76 117
80 181 58
136 197 135
160 89 110
