7 -40 -45
-10 77 101
6 -58 91
-10 77 -102
7 57 0
-27 -91 18
-8 11 60
4 5 -102
17 -29 16
-11 -57 -102
-8 19 -44
18 -90 -17
7 77 49
-10 77 -48
7 -10 100
-8 11 4
-27 -88 -34
-10 -56 46
7 35 101
-10 -57 -6
7 42 -79
-8 -23 -77
-8 40 32
7 -26 64
18 -72 16
18 -10 -17
-8 47 68
-8 -12 35
-11 -57 -68
7 48 -33
-8 78 20
7 4 -69
18 -42 -15
-8 -12 -39
-8 -21 -3
-10 78 -17
0 -91 33
7 72 -74
-11 -91 -8
-10 31 -102
18 1 16
-10 -33 95
-10 11 89
7 22 -18
7 71 78
5 -33 -102
-8 -42 22
-8 43 -56
7 17 35
-10 -57 -33
7 57 -101
-10 -48 73
7 32 7
-1 -85 -34
-8 -12 80
7 24 75
-10 53 94
7 -43 -79
7 60 32
-8 -1 -17
7 34 53
7 -18 -58
18 -66 -8
7 -32 41
-10 -15 -102
-8 21 -79
-8 41 -14
-8 -35 -26
8 -91 7
-10 70 63
7 72 -34
7 -7 52
7 -48 58
7 60 -53
7 24 -60
7 -55 33
7 4 -36
18 -50 12
-8 58 -84
7 57 55
7 2 73
-8 -2 -84
4 78 2
-8 -8 14
16 12 -2
7 -37 82
-10 67 42
7 64 98
-8 -37 -62
-10 -40 -90
-8 48 13
7 -16 -89
7 47 83
6 -57 -57
7 25 -93
-8 -1 -56
7 12 101
-10 32 91
-8 59 -25
-10 66 -65
-10 -52 100
7 -21 -28
18 -13 3
7 -57 -21
-10 78 -82
-8 -33 54
7 -57 -94
-8 24 45
-8 8 26
-8 -40 3
7 -39 101
7 77 -93
-8 25 20
-8 35 -34
-1 -58 13
-18 -86 33
-10 67 -2
-9 -88 15
-8 29 64
-27 -85 0
-10 -5 98
7 35 -46
-8 48 48
6 78 -56
7 -2 31
-10 14 -96
-8 -15 62
-10 51 -102
-8 57 -43
7 -79 -6
-10 74 82
-8 24 -8
-8 -29 74
-8 -25 20
-10 -48 -48
7 77 30
7 44 23
-27 -90 -17
-8 -30 -43
7 69 -13
-8 -58 -85
-8 18 -26
7 17 18
7 -55 74
4 40 -102
18 -26 -10
-8 5 43
-8 -18 -19
7 -57 -38
7 -16 21
12 5 -17
7 22 -36
7 14 52
7 -29 -70
7 54 -68
-8 40 -87
7 45 41
7 -20 87
-10 -57 28
-8 62 24
18 -38 1
7 9 -52
7 8 -86
-8 12 -65
7 -41 -28
5 -58 -3
7 37 -8
-8 -5 -2
-8 32 -68
-8 78 -33
-8 -29 35
7 40 -63
7 40 67
-6 21 101
-8 -15 -64
7 23 91
3 78 65
-8 35 3
2 78 92
5 -58 -74
2 -85 -19
7 52 -15
7 -10 -44
7 -70 6
7 61 14
7 30 27
7 -10 -74
-5 -58 61
-9 -58 86
7 -39 25
7 -16 38
-8 -1 70
7 3 88
7 58 72
7 63 -86
-8 22 80
-12 -88 -23
7 21 -75
-10 -30 -101
-8 51 -2
-8 -42 -76
-8 3 -39
-8 -38 -12
2 50 101
-10 0 -98
7 -7 -26
5 -85 21
7 -12 72
7 -31 -87
-8 -43 36
7 -45 -65
-8 49 -69
7 35 -24
0 -47 -102
18 -87 -3
-8 58 81
-6 -18 101
7 75 16
5 -9 -102
-8 29 -54
7 -57 47
7 -26 -42
9 -71 -17
7 23 -4
-8 -2 55
-8 -19 47
-10 -52 -20
-7 78 34
-5 64 -102
18 -52 -5
-7 78 52
18 -62 5
7 61 -26
18 -88 16
7 47 10
-10 41 101
18 -1 -5
-8 38 78
7 -23 51
7 -5 -57
-8 -1 -69
-10 -46 56
-3 78 -66
2 78 -23
-8 11 -13
-8 65 11
7 -30 -54
7 49 -46
-8 30 -20
1 -91 -4
7 28 42
-8 55 35
7 -41 70
-8 -17 -88
7 -27 98
-8 61 54
-6 8 101
-8 -42 84
10 -32 -17
7 51 -89
-8 22 32
-8 -18 -52
-8 10 76
7 3 60
1 18 -102
7 18 64
-8 64 -53
-10 67 94
-10 -20 89
-10 77 7
-9 28 -90
-8 23 6
7 3 42
-8 64 -14
18 -75 4
7 -45 45
-8 -58 -56
-8 -46 -36
-18 -91 7
7 22 -48
18 -79 -13
7 67 -63
7 33 84
-8 49 -32
-8 39 57
-15 -90 -34
7 13 82
7 70 -46
18 -16 16
-10 -50 11
7 -42 -92
7 -8 83
18 -57 -17
18 -26 5
-7 78 -5
-10 66 -35
6 -51 101
7 69 -102
17 11 11
-8 8 -77
-8 -5 26
-8 -21 -32
8 -51 17
7 -27 24
-8 4 15
-8 -37 65
-8 -1 83
7 -3 -89
7 60 44
-8 37 16
-5 -42 101
-8 -30 10
7 58 -38
7 -36 58
7 61 84
15 -60 17
-10 72 -92
7 32 -73
-8 59 65
10 -18 -17
-8 5 -28
-8 45 -45
7 37 -90
8 -4 17
-9 43 89
7 -47 87
-10 68 -76
7 -22 -101
-2 -58 -14
7 71 40
-8 13 -54
7 -27 75
-8 -26 -60
7 37 -35
7 21 8
-10 -42 -101
2 78 -83
7 29 64
7 -13 61
-1 78 -42
7 45 53
-8 -19 10
-8 -11 -10
-8 55 -59
-9 -88 27
-10 66 74
7 -90 -28
-8 -88 4
-5 78 73
7 65 64
-8 18 68
7 50 -57
-8 -8 -29
-7 -58 -44
-27 -90 30
13 -40 17
7 -68 -6
-6 -58 74
-10 -47 -64
7 1 100
7 -67 16
-1 71 101
-8 -31 85
7 42 93
-8 38 45
-8 51 23
18 2 5
-5 -58 3
7 50 64
-8 -28 -15
-8 -32 -84
7 67 23
-8 -7 44
7 -23 -79
-8 -16 25
7 -79 12
7 7 25
7 -31 -33
-10 41 -97
-10 59 -94
13 15 -13
8 -43 -18
-21 -88 -9
-10 -51 -93
7 53 -79
-8 39 -76
7 67 2
-8 50 58
6 22 101
3 -58 -84
-8 15 17
7 12 -63
-2 -58 96
7 0 -79
7 67 52
-8 -27 62
-8 -10 -77
7 53 91
18 -16 -7
-8 31 -44
-10 74 -58
-8 54 -12
0 30 -102
1 77 -102
-2 -58 36
-7 60 101
-8 59 -72
6 -58 62
7 10 -25
2 78 -12
7 24 54
7 33 17
7 18 -85
-17 -91 21
11 -91 -8
-3 -58 -26
-8 25 -35
-8 48 80
-7 31 101
-10 -9 89
-3 -22 -102
-22 -85 -25
-10 -46 -5
7 -45 35
-9 7 -90
7 47 0
-8 -31 -3
-10 -27 -92
-8 -32 -73
-8 23 -64
-8 -32 -53
-8 14 47
7 0 -47
7 13 -43
-2 78 43
7 40 32
7 -45 -54
0 -57 -102
-10 69 32
-8 -45 -26
17 -91 6
-8 78 91
-9 -46 46
-6 8 -102
4 -58 24
-3 -91 -25
7 -53 -48
-1 78 11
6 78 -66
7 -62 -14
-8 14 37
7 55 22
-8 47 -22
-1 48 -102
-8 -18 72
-27 -86 10
7 -25 35
-8 30 54
-8 14 -35
7 32 -55
-10 -51 -78
-8 4 -5
-2 -91 -13
7 -82 3
-8 21 -17
7 44 -20
-8 57 45
7 -36 -62
-8 -39 75
7 11 -76
7 -15 -35
-8 -6 -46
-1 -58 -67
1 -58 83
-10 -43 93
7 70 90
7 76 101
-10 68 -25
7 15 -95
-10 22 -102
-3 -31 101
-8 -22 81
7 -86 30
-10 22 93
-2 -9 101
-10 -58 16
7 19 -27
-1 -91 10
-8 -2 35
-8 42 -4
-8 -31 26
7 -35 91
7 -13 30
-8 2 6
7 70 -24
10 7 17
-10 -53 37
9 -5 -17
-10 48 -91
-2 -2 -102
18 -80 13
-8 59 3
7 -5 93
7 -33 -78
-8 -11 52
-8 58 16
7 35 75
7 10 68
-10 3 94
-2 78 -90
7 -50 -29
18 -35 -9
-8 -21 -42
-8 -35 45
7 61 -75
-8 30 -78
-10 -26 100
-10 -46 -14
7 -7 43
7 61 -17
-8 38 68
18 -75 -5
7 -32 50
-1 78 -50
7 -6 -35
7 37 42
7 47 74
-8 21 54
-9 66 84
-10 -9 -95
-8 -37 -35
-1 -58 51
7 -48 -39
7 -18 96
7 20 26
7 29 -30
-10 -53 66
-8 32 25
-8 -13 3
7 41 -53
-8 -43 -56
-8 51 -78
7 45 -69
7 31 -84
18 -7 8
7 13 -34
-1 78 25
-17 -91 -2
7 29 -13
7 73 57
-8 38 -49
10 -23 17
-10 70 -43
-10 14 97
-10 66 -85
-10 70 51
14 -65 -17
10 -82 -17
-8 -40 -46
7 -50 -86
1 -58 68
7 -18 -47
0 78 -74
-18 -91 -17
7 17 -55
7 -5 63
7 -21 -67
-8 -20 38
-8 41 -66
18 -46 4
-8 14 -4
-8 7 -47
-8 8 67
7 70 10
-8 35 -59
-8 13 -85
3 -85 -10
-10 -49 26
-7 50 101
0 -58 -52
-10 75 42
18 -37 11
18 -19 -17
7 -42 -101
-10 -46 -85
7 67 -94
7 -62 10
0 -58 -34
-23 -85 24
-8 -85 -29
7 -51 -102
7 -29 -25
1 -91 17
7 2 -27
-3 38 -102
7 -12 -66
1 29 101
-8 -9 -54
-3 0 101
-8 33 -12
-9 78 60
7 15 93
7 54 7
7 34 0
7 25 20
-8 -21 -69
-8 42 24
-8 -26 -23
-8 -5 -37
7 -23 -92
-10 -50 81
7 -33 66
-2 -58 -76
-2 -31 -102
7 -57 -66
7 -50 67
-8 7 -58
-8 33 36
7 21 46
-8 -22 30
-10 74 -72
-8 28 0
-8 43 6
-8 17 -72
-8 18 25
18 5 -9
18 -42 -6
-9 -58 54
7 -26 -60
7 -17 78
7 50 34
-8 -27 43
-8 37 -25
-8 44 38
-8 50 -52
-10 -20 -96
-8 11 -22
6 78 74
-1 -13 -102
9 -33 17
-21 -86 15
7 -1 -98
17 -2 -17
-8 -45 66
7 67 72
-10 71 23
-8 4 51
7 59 -62
6 78 -47
7 28 -42
7 -49 27
1 59 101
-8 -38 31
7 -41 53
7 -12 91
7 -9 -84
7 58 -9
-2 -58 -90
-8 60 -6
9 -91 0
7 7 51
7 53 -25
7 -20 71
-8 30 77
-3 78 3
-10 -49 3
7 -37 34
-8 21 -55
7 -40 -36
7 13 44
-9 78 -40
7 65 -39
7 20 -67
18 -82 5
7 -29 83
-8 57 -33
7 31 92
-8 -9 71
18 -53 3
7 74 -5
7 77 84
18 -8 -9
-9 78 -25
18 -71 -16
-10 -58 94
7 47 -8
-8 -19 55
-8 -19 -10
-1 78 -58
-8 -29 -35
18 -7 16
12 -77 17
7 44 -96
7 -91 -17
-10 70 -9
1 -91 25
7 -50 -75
1 78 55
14 -50 -17
-8 -25 -85
-10 68 -98
-10 59 89
-8 18 86
7 -86 -34
12 16 6
1 78 35
-8 24 72
7 37 61
-8 -6 62
-8 42 -38
7 57 -46
7 40 14
7 43 -87
-8 -8 -20
-8 -1 -25
11 -91 14
7 4 -93
7 5 80
18 -19 8
-8 -7 6
7 1 -63
7 21 82
7 -50 81
-8 -27 51
7 -6 75
7 -3 -70
7 58 -93
7 -33 -42
-8 -40 51
7 61 92
5 43 101
-6 -91 -34
-10 72 13
7 -59 16
-11 -91 33
7 -25 -19
17 -36 -17
7 28 -101
2 -58 6
-26 -91 -27
7 77 9
-10 -53 -13
-3 -50 101
1 -86 -27
-6 -91 21
18 -88 -10
-10 -35 -95
7 -57 40
7 21 -11
11 17 -2
-10 -50 -100
1 -87 3
7 13 -102
7 27 3
18 10 -17
18 -67 11
7 41 -14
7 -50 40
-10 75 67
7 -45 76
7 -49 51
7 -42 93
7 -29 -96
-8 2 63
-8 -88 -17
-8 53 7
-2 78 -28
7 63 -5
14 -27 -17
18 -58 -9
-7 -91 -3
5 -58 -29
7 24 32
7 -21 43
7 -9 -52
7 -40 -70
7 -38 -84
-8 -26 -48
7 -8 25
7 55 80
7 67 -79
7 40 48
7 51 16
7 -45 21
-10 20 -92
7 -18 55
7 77 -28
7 77 -39
-8 25 87
-15 -85 -29
-10 -48 18
7 33 34
0 -58 -7
-8 69 101
-8 57 72
7 31 -63
-8 -30 -66
7 15 -20
7 -77 -13
-8 18 11
0 78 98
7 -76 1
-8 1 76
-8 20 62
7 -37 -52
7 40 86
7 69 33
-10 -48 87
-8 -36 20
7 34 -97
-8 28 13
-8 49 30
-8 -23 4
1 -16 101
-8 -16 -26
-8 -8 -66
-8 12 -42
-8 63 -45
-8 42 -29
-8 63 47
7 0 23
-9 -11 101
6 78 23
7 24 -82
-8 -39 -68
7 4 33
18 -50 -12
7 52 43
-8 31 43
-10 -58 -75
-27 -91 -9
-10 60 -102
0 57 -102
-20 -85 -34
-10 69 5
-10 33 -94
0 70 -102
7 27 12
0 37 101
7 -17 -97
5 78 41
3 -58 100
-11 -53 -62
7 54 98
-10 -55 -27
2 -85 11
-10 -38 100
-10 2 101
-8 32 -85
-9 -46 -70
10 -11 17
1 15 101
-7 -85 33
7 71 -57
-8 -37 88
-11 -55 -49
7 -25 -35
-8 62 36
18 -67 -2
-1 -58 -58
7 11 62
7 61 6
-8 0 -76
-8 35 -5
-8 3 -12
-25 -91 6
-2 -25 101
-1 -58 90
-8 9 33
7 13 -69
7 -8 36
7 12 75
-10 -27 93
-8 49 -60
-8 53 -20
7 -33 97
-8 -17 -76
7 -17 -80
-8 -33 -19
-10 75 -65
-8 24 -28
-8 -13 42
-8 -13 -46
-8 23 38
-8 10 11
7 -63 3
-3 -58 30
-10 -1 -92
7 -27 57
-9 -58 10
5 -58 55
-10 7 -97
-8 65 18
-23 -91 0
-6 -58 -97
-15 -91 27
7 -33 73
-1 78 18
-8 -16 18
7 29 -19
-8 -40 10
-5 78 -12
-8 -5 -10
7 -15 -28
18 -43 11
7 67 45
7 -23 -54
7 67 -69
7 13 25
-8 21 0
5 48 -102
7 1 -20
-10 -57 80
-10 70 -16
11 17 12
-8 47 -85
18 5 -3
-8 34 85
-10 25 100
-10 -15 93
2 -91 -34
3 -5 101
7 77 -16
-10 66 57
-10 -51 -38
-22 -85 -15
-10 78 -95
-10 78 -88
0 -85 28
7 1 66
7 -38 -23
7 -2 -40
-10 38 94
7 54 28
-8 -21 66
-8 29 -60
-10 74 28
-8 59 -65
7 40 -29
18 -31 -4
-8 47 -10
-1 -58 21
-8 17 76
-8 2 30
-15 -91 13
7 5 -44
-8 -6 -102
-8 1 23
-8 33 10
7 1 -54
7 35 -78
-10 -49 -30
7 -50 -62
7 53 -52
7 34 -16
-8 -38 40
-8 -30 16
-8 25 -47
7 53 50
-8 -36 -78
-8 -18 -58
7 9 38
-8 0 -32
7 63 57
7 23 61
7 19 72
-8 5 87
7 38 -69
7 -30 32
-8 54 86
7 -48 -23
-27 -85 -22
18 -57 12
-11 73 0
-19 -91 -26
-8 -91 10
17 11 5
-21 -86 5
-6 -58 67
18 -22 16
-10 -55 22
-21 -91 33
-25 -85 33
18 -21 1
-21 -91 25
-8 43 17
7 -2 47
7 -36 -92
-8 -41 61
7 20 -99
7 42 5
-8 5 81
7 71 -89
7 25 -70
7 42 78
-10 -49 33
-8 37 -18
7 49 -75
-2 64 101
-2 78 -18
-2 45 101
-6 -58 -63
-10 72 -29
7 65 -30
1 -38 -102
-8 14 -102
-8 -12 -84
13 -48 17
-8 7 -84
1 78 77
-8 -15 87
-10 70 -53
-8 20 -86
-8 -8 -89
16 12 -9
4 -21 101
3 -85 -3
-9 -58 -17
-10 -53 58
7 -46 98
-21 -91 -33
6 -91 22
18 -30 11
-10 73 -36
