134 69 138
132 209 29
125 209 226
125 96 28
123 174 127
123 111 226
173 45 68
86 46 192
94 45 75
175 46 192
130 116 91
123 125 165
123 153 45
133 209 169
133 209 85
130 160 206
134 78 189
136 49 95
130 165 86
123 82 69
123 170 168
107 46 157
123 134 126
155 45 159
133 209 130
123 84 106
123 117 57
111 46 119
123 188 56
134 78 223
123 101 139
128 45 185
123 128 197
123 193 197
134 127 28
150 46 124
133 178 28
134 138 226
134 181 226
130 97 167
130 149 151
123 190 103
123 140 74
123 190 149
123 100 200
130 154 111
130 149 182
120 46 74
134 79 45
123 111 115
141 68 111
149 49 73
144 67 160
117 68 158
109 49 96
123 187 79
151 49 185
134 208 52
131 49 152
130 167 61
105 49 179
130 94 86
130 113 182
123 136 101
117 68 123
134 208 109
130 121 143
157 46 92
134 209 206
123 96 50
130 169 147
130 175 191
123 160 226
123 191 170
134 157 28
130 85 126
130 83 152
130 135 47
117 53 138
130 109 73
117 67 97
123 206 69
130 152 131
123 113 37
126 209 151
123 173 44
124 209 187
123 170 104
130 192 121
138 49 169
123 179 210
123 192 37
126 56 110
147 49 142
132 78 170
123 141 211
130 123 214
123 91 216
123 92 183
130 101 102
123 109 156
123 143 167
130 148 90
134 78 94
123 140 31
121 49 168
130 150 61
123 81 202
130 133 178
125 79 31
123 123 77
130 194 216
144 61 127
150 49 108
123 160 73
130 113 129
123 133 151
161 46 173
123 205 96
130 181 160
134 96 226
123 150 196
130 123 105
130 194 183
130 157 165
130 133 88
130 134 62
130 114 197
130 181 91
130 192 136
134 78 79
123 162 183
123 82 139
130 105 214
123 206 43
164 49 79
123 97 69
134 108 28
123 207 121
123 96 115
130 140 115
130 176 73
134 79 60
120 67 142
130 179 113
144 64 97
144 63 147
122 49 88
130 192 69
134 49 77
123 126 226
123 95 154
130 199 160
130 112 168
107 49 81
133 193 28
130 72 119
123 142 138
123 160 140
134 168 221
123 164 33
130 164 121
134 78 210
123 104 89
130 107 53
123 180 181
130 161 99
123 139 188
143 52 157
130 101 40
130 151 218
130 139 201
130 194 88
130 183 45
123 83 85
123 82 51
123 124 184
123 164 156
123 168 200
123 128 38
117 56 151
130 125 118
130 90 195
130 196 47
123 205 139
130 98 127
123 175 223
134 118 225
123 87 171
123 113 102
130 183 201
123 149 121
130 118 46
123 203 208
139 55 107
123 88 39
123 143 225
134 78 108
123 103 177
130 120 66
130 150 76
123 151 101
86 47 66
123 69 110
134 205 194
123 203 176
123 208 163
130 91 138
165 49 184
130 164 49
130 130 136
130 103 190
123 203 81
123 194 226
123 92 98
116 49 106
123 84 226
117 49 181
123 80 162
146 49 85
117 56 124
123 155 85
123 144 53
123 201 29
123 183 29
130 179 171
134 207 218
134 143 28
123 204 108
130 137 161
130 167 134
130 180 134
130 108 145
130 181 62
130 162 193
134 87 30
97 45 189
134 207 65
123 152 31
134 205 142
130 89 57
128 61 148
150 49 174
123 174 84
130 123 156
123 158 59
130 181 147
134 208 40
123 206 55
139 49 185
103 49 167
130 170 180
123 125 97
134 206 181
123 118 206
123 107 62
123 122 129
110 49 146
134 80 139
130 199 59
123 166 211
123 98 225
134 205 119
130 88 74
111 45 132
123 72 132
123 152 175
123 130 55
123 133 112
134 206 96
144 53 118
123 81 214
123 80 186
130 145 43
130 89 208
123 83 118
123 162 113
130 123 173
130 103 113
123 208 197
130 196 99
123 158 127
133 199 226
130 178 102
123 103 78
147 49 96
123 153 157
123 190 209
127 118 28
134 108 226
123 140 85
123 187 114
123 175 139
123 197 130
130 130 76
130 186 190
123 105 127
123 113 190
144 50 131
130 142 127
123 104 166
130 174 205
123 142 155
117 60 114
130 193 110
123 178 153
130 158 38
123 106 28
159 45 71
123 115 139
123 173 57
130 183 216
123 189 92
123 118 151
130 138 147
123 166 95
123 187 125
130 88 114
104 45 71
130 158 148
123 141 63
123 151 208
130 86 181
130 168 111
130 160 177
130 101 156
130 133 210
130 170 35
126 49 98
123 113 82
123 169 70
123 116 217
134 74 148
123 112 48
130 175 50
122 49 157
130 49 175
123 128 69
123 76 148
117 63 134
124 130 28
117 58 161
134 209 159
130 196 145
123 186 68
123 133 218
144 68 138
132 204 76
130 153 51
130 170 162
123 91 131
133 78 200
130 100 61
123 200 190
130 99 206
130 125 204
123 83 96
130 89 160
134 128 221
117 59 103
130 87 101
130 125 192
130 200 170
133 63 110
102 45 88
123 94 79
123 202 218
123 191 158
130 141 105
130 179 124
130 145 192
123 163 43
123 90 202
123 125 139
123 184 223
130 114 110
123 151 144
134 80 161
123 135 171
131 49 162
112 49 173
130 158 65
130 134 35
139 67 122
130 197 206
123 152 66
130 123 55
130 86 218
123 108 208
130 98 181
130 149 169
123 181 39
130 187 35
134 97 32
133 49 109
134 79 36
123 92 143
123 120 119
123 178 200
123 174 114
130 105 84
123 182 165
130 113 207
123 187 137
130 94 149
133 155 226
123 174 31
123 195 63
123 171 187
123 178 97
130 117 78
130 114 119
130 191 165
130 107 95
155 49 84
123 123 49
123 143 96
123 180 50
130 138 96
152 45 150
130 67 128
134 78 69
130 186 180
123 158 200
123 85 60
130 151 203
123 122 88
130 187 99
130 136 192
123 199 117
130 171 96
130 140 69
131 76 131
130 87 46
136 57 149
108 46 104
130 195 77
130 114 153
123 116 170
130 166 170
130 147 140
123 128 208
123 103 45
123 112 70
123 209 33
134 190 223
96 46 180
123 152 188
123 149 110
130 178 82
123 131 83
123 147 129
123 161 168
130 100 75
130 199 38
130 121 37
130 110 43
130 105 200
123 181 191
124 80 41
130 140 216
123 101 215
130 96 215
123 200 155
130 197 196
132 147 226
123 101 106
130 111 62
144 59 138
123 209 87
130 107 137
123 196 140
123 88 191
130 167 74
123 97 38
123 86 155
130 175 215
123 95 59
146 49 165
123 94 163
130 156 89
123 165 148
123 199 88
130 184 74
123 192 48
130 90 65
133 49 86
123 139 39
130 121 134
123 143 180
123 78 126
123 136 204
123 140 119
130 129 127
123 124 111
130 125 92
130 129 145
130 133 106
123 166 176
109 48 186
130 183 53
118 49 96
113 49 88
123 142 147
123 191 186
130 133 168
123 104 98
123 194 72
123 113 93
130 85 88
130 90 174
141 46 74
139 68 130
130 161 219
123 74 116
154 45 100
133 81 118
123 167 78
130 94 108
123 101 149
130 139 56
123 115 162
123 67 150
123 144 203
130 105 174
130 201 126
131 151 34
125 192 28
130 139 82
130 175 154
123 111 147
130 113 218
130 156 156
123 95 89
123 124 176
123 167 122
123 154 219
123 201 167
150 46 135
134 205 152
130 92 95
130 190 152
130 149 117
139 49 151
130 191 174
128 209 101
157 49 166
125 209 215
131 82 53
123 202 147
130 201 106
130 148 210
130 109 161
130 105 124
123 166 51
130 122 182
114 49 161
123 148 78
142 49 177
123 105 193
130 178 183
130 86 144
125 209 128
130 203 135
130 203 89
144 62 105
157 49 179
130 201 69
126 135 226
123 88 30
133 167 28
112 48 73
144 61 155
117 51 114
130 157 139
123 166 131
130 188 82
123 182 144
117 49 81
134 86 226
126 209 62
117 60 143
132 78 178
123 161 101
123 113 180
123 195 110
130 111 102
130 151 99
130 133 153
135 65 148
159 46 187
150 49 116
130 91 36
130 157 74
123 178 65
123 153 166
123 181 86
130 171 118
123 197 101
130 138 184
130 147 158
123 130 158
123 98 125
130 126 44
123 85 77
130 202 187
126 49 79
130 154 124
123 135 136
123 113 131
123 136 195
130 190 128
130 164 154
127 79 101
168 49 73
144 63 117
130 96 52
123 117 196
123 194 82
123 199 52
130 168 197
123 101 158
130 166 187
123 128 104
130 140 136
130 129 186
123 137 50
123 137 163
123 180 118
130 94 121
123 193 217
123 163 192
123 150 91
123 105 52
123 89 123
123 187 177
123 84 179
130 114 139
123 92 108
124 49 105
134 71 110
114 49 126
117 50 145
130 191 60
130 91 188
130 115 53
123 100 184
123 171 161
123 121 36
130 124 85
123 123 62
123 175 76
130 98 196
123 175 176
130 169 44
130 182 208
144 56 145
123 152 55
130 178 36
130 160 58
123 147 217
130 173 139
123 135 90
130 127 163
130 187 115
130 169 126
123 154 115
123 129 190
126 152 226
130 140 169
122 49 176
130 99 135
123 165 86
123 125 217
123 141 112
123 164 64
130 151 69
123 105 36
123 104 71
123 186 216
125 53 149
99 49 81
130 107 35
133 201 28
124 167 226
131 101 220
144 56 97
130 132 114
123 158 208
123 178 104
123 143 103
123 100 207
93 48 68
123 127 119
134 135 28
123 113 124
130 127 66
123 136 180
123 81 194
123 80 169
134 79 86
130 79 216
124 209 113
125 77 110
123 201 197
132 209 188
134 117 32
140 49 103
131 204 47
130 202 215
110 46 112
130 155 186
123 153 137
123 108 218
123 86 147
130 117 99
123 95 194
123 170 153
123 88 209
123 134 61
130 141 153
123 147 42
134 79 28
123 175 147
130 161 114
123 157 36
130 161 127
144 50 112
130 164 213
133 186 28
142 68 153
130 84 166
133 49 181
125 67 117
128 209 138
132 163 226
133 174 226
100 46 174
126 209 176
130 209 198
117 67 104
127 209 38
127 79 61
92 49 190
111 45 139
132 204 164
136 49 157
130 101 48
130 171 68
123 158 49
123 88 113
123 175 216
123 156 106
123 197 204
130 88 82
123 156 96
123 124 155
130 113 84
130 117 177
130 117 164
123 199 181
123 169 37
123 147 161
130 101 28
130 90 130
123 133 45
123 130 143
130 128 101
123 107 135
130 144 177
130 144 51
130 147 110
123 209 77
130 155 211
123 186 204
123 147 71
123 203 126
130 95 71
130 192 42
130 156 197
123 148 151
130 94 202
123 84 130
130 141 37
128 67 142
123 90 223
131 76 114
130 84 191
130 83 40
123 168 141
130 191 204
123 89 52
130 175 60
130 118 190
130 177 165
130 199 118
123 122 191
130 170 104
123 189 192
123 120 104
123 116 75
123 158 162
123 95 177
130 177 197
130 194 53
123 174 193
123 184 99
130 174 131
130 131 56
130 148 83
123 180 135
130 139 208
123 103 121
123 128 131
117 56 131
130 190 143
123 117 113
131 209 115
130 136 125
123 160 119
130 163 92
149 49 156
117 62 153
168 45 190
112 49 152
117 66 112
127 79 81
128 209 91
157 49 76
134 205 224
123 158 29
127 120 226
122 61 107
124 209 204
134 81 102
127 79 47
134 204 59
132 77 124
128 92 226
130 74 140
102 49 187
139 49 87
130 115 72
130 152 45
130 95 79
130 104 182
130 84 66
123 95 169
130 156 81
123 175 90
123 181 171
123 98 132
123 111 197
130 95 101
130 164 163
130 103 166
144 55 126
123 130 76
128 112 28
127 67 134
130 151 176
130 121 198
130 143 75
130 133 200
123 142 194
130 186 122
123 122 70
132 49 168
130 164 140
130 122 150
130 182 140
130 188 158
123 88 68
123 113 63
123 184 157
123 88 138
123 207 156
123 123 30
134 204 102
123 104 224
134 205 201
131 122 220
123 121 43
130 105 207
123 161 219
130 100 95
123 199 95
130 167 205
130 152 192
130 161 105
123 149 85
123 174 50
130 94 46
123 180 128
128 45 74
128 209 69
130 110 190
130 158 45
123 71 125
123 208 145
145 47 186
133 150 28
143 68 102
140 49 79
117 62 126
127 209 51
123 113 31
161 46 85
127 78 225
123 86 163
131 163 34
109 49 164
130 148 124
130 103 66
123 196 162
130 173 85
130 107 108
123 174 207
123 195 176
130 191 93
123 124 148
123 168 111
123 154 76
123 87 101
123 155 182
130 120 60
123 181 111
123 111 167
130 154 104
123 203 225
130 120 123
130 128 50
130 129 226
130 129 216
123 152 126
123 147 60
130 142 87
123 130 183
123 130 177
123 141 126
123 73 141
123 200 69
130 145 132
130 176 177
130 113 37
123 182 59
130 189 48
123 160 90
130 87 201
123 85 45
133 49 100
123 137 69
130 124 72
120 45 185
130 189 195
130 104 151
133 209 148
118 68 129
113 49 101
117 49 134
117 49 121
134 90 221
128 161 28
144 57 161
165 47 178
149 49 79
136 67 115
127 178 226
144 57 111
99 49 74
134 206 175
131 209 125
143 67 126
121 55 106
132 209 213
130 102 141
123 194 57
130 94 155
130 199 179
123 148 35
130 163 201
130 110 114
123 199 213
130 143 60
123 138 142
130 136 73
130 135 131
130 134 141
134 81 129
123 83 35
123 109 184
123 120 143
130 111 49
123 186 44
130 209 79
123 87 91
130 163 70
130 199 139
107 49 89
139 62 151
123 209 103
123 208 134
141 56 153
128 101 226
123 197 34
140 68 144
132 92 28
128 209 162
138 63 108
133 81 183
121 49 151
131 55 147
121 67 136
127 79 87
153 49 96
123 208 220
134 143 221
132 67 123
127 70 148
138 49 163
111 49 179
125 79 153
125 49 164
148 49 179
