3 44 -33
-25 -43 105
3 87 93
-26 -44 -106
19 -44 13
1 17 58
1 87 -92
-1 85 22
-26 -37 -38
-1 16 -92
-26 -40 48
20 -44 -71
1 6 5
20 -39 76
1 0 -48
-1 87 -46
3 60 59
-23 -37 5
15 -37 -30
0 -6 93
3 44 20
-1 38 93
1 50 -73
3 -17 39
-1 -20 -90
3 75 -11
18 -44 -106
-18 -45 -71
6 -38 105
18 -45 44
-11 -45 74
3 -23 -5
4 14 -23
-1 87 51
-1 -30 -54
-1 -15 66
-7 -45 28
1 25 -62
1 36 -7
-8 -45 -17
3 10 32
-1 62 87
3 38 44
-1 -18 -30
3 -2 -74
1 75 -68
0 -45 -89
1 65 36
3 16 85
3 38 70
0 63 -92
-3 -37 51
1 39 -92
1 63 -48
-1 -14 15
1 66 10
-1 -28 86
-2 -45 4
20 -39 -9
3 83 72
15 -45 -51
-4 -45 -38
-26 -37 27
1 22 -41
1 -4 -15
1 25 15
-7 -37 -106
1 65 -29
1 -2 51
1 42 -53
6 -31 22
-26 -38 -18
3 55 -11
3 -24 -71
-1 87 -25
3 86 4
-25 -37 -89
-24 -37 86
-16 -45 -53
3 3 71
3 -45 -64
20 -38 -89
19 -44 93
-9 -45 97
3 -3 -92
6 -45 65
-25 -37 66
-1 -14 -58
3 34 -76
1 32 -23
3 -45 84
20 -38 29
1 50 5
5 -37 37
1 19 -8
-4 -30 10
1 -30 -19
-1 -30 70
3 18 -76
3 32 29
1 0 -30
19 -37 58
3 82 37
3 53 76
1 -5 28
-15 -45 58
3 10 -60
1 19 43
7 -45 -18
3 53 46
3 -9 0
3 75 58
1 -30 -38
-1 87 -77
-12 -37 40
3 -23 55
3 -16 80
4 -45 18
-11 -37 -84
1 60 22
-12 -37 -29
8 -37 -80
-16 -37 -8
-14 -45 13
3 78 -36
3 -13 -42
3 73 -83
1 43 57
4 68 74
3 87 -61
-14 -45 -96
3 24 71
-9 -37 -64
10 -37 4
7 -37 -98
3 55 -60
1 11 18
0 -45 -51
-26 -39 -60
3 35 7
3 50 93
3 51 -86
3 76 -52
1 47 33
3 29 56
3 72 25
1 -37 -7
3 76 85
3 63 -75
-1 87 -10
19 -37 104
-4 -30 32
15 -37 -61
3 -2 15
1 28 83
3 43 -18
0 6 93
-1 -18 -17
0 -13 -78
3 9 -39
3 27 -88
1 6 -83
-4 -45 -75
1 56 -38
3 -19 26
-10 -37 85
3 7 -11
1 41 81
3 63 -2
-14 -37 -44
-26 -44 -7
-26 -44 17
-14 -37 105
-26 -44 76
1 69 48
3 -1 83
20 -44 -39
10 -45 54
7 -37 92
-24 -45 -29
-26 -44 37
3 7 44
1 35 -40
6 -45 -32
-1 -30 -81
3 -3 -61
-7 -37 19
3 -45 -106
3 42 -64
1 78 12
3 24 3
1 20 27
8 -45 29
-1 -18 93
-1 -19 5
3 24 93
3 -5 40
1 31 -52
-25 -37 -77
-8 -37 64
-1 -14 49
3 53 -25
3 14 -49
18 -45 2
20 -44 -19
3 66 -59
8 -37 -46
3 75 2
-1 -27 46
7 -37 77
-15 -45 0
-5 -37 -95
10 -45 -7
3 5 59
1 13 74
3 -12 -68
-17 -45 24
1 76 -25
3 -5 63
-1 84 62
-17 -37 -103
3 64 -18
-26 -40 -48
3 68 -39
0 87 81
-5 -30 -2
0 -45 43
-15 -37 50
12 -37 15
-17 -45 -37
-1 -23 -46
-26 -44 59
-21 -45 -83
14 -45 84
-26 -44 94
11 -45 -86
-1 -37 -30
18 -45 65
-2 -24 -62
3 -30 -91
-7 -45 -7
-1 -45 73
1 -45 98
-18 -37 77
1 22 -31
-17 -45 87
-18 -45 -19
3 50 -47
1 42 -82
3 27 -14
3 -10 -23
1 49 66
3 34 19
1 9 -73
19 -37 -99
10 -45 -73
-18 -37 95
13 -45 101
-16 -45 34
-3 -45 59
-10 -37 5
-1 73 -92
3 -8 74
3 57 13
-1 70 93
4 28 39
-12 -37 -74
3 -12 -9
6 -37 -58
3 -23 17
12 -37 48
4 -37 59
-10 -45 46
-26 -44 -95
1 -37 -73
-4 -37 103
4 -29 2
0 87 -36
13 -37 69
-19 -45 68
10 -37 -12
-4 -37 93
3 -5 -83
1 -2 -39
-5 -45 -26
3 79 48
1 -37 28
1 60 70
-2 -37 -44
1 4 25
3 3 -20
3 87 14
3 -22 -54
4 -22 -81
-3 -30 -11
-10 -37 -55
-1 6 -92
-5 -37 77
19 -37 87
3 -1 -4
8 -45 10
1 17 -67
3 -27 78
3 -27 37
20 -38 -80
3 -23 64
1 56 33
3 44 -3
3 32 -32
1 26 -73
3 14 10
18 -37 -46
6 -45 -41
3 68 65
19 -44 22
-19 -37 17
1 60 -83
-1 -11 -90
3 83 -18
10 -45 39
-12 -44 -106
6 -37 -24
8 -37 -67
1 13 -1
3 -13 57
19 -37 6
19 -37 40
14 -45 -98
-12 -37 -18
-1 87 32
3 83 -84
6 -32 11
-19 -37 59
1 11 -31
3 51 55
3 39 35
1 2 34
-1 -29 61
-4 -45 -100
3 -27 -30
1 10 52
1 75 70
3 34 -61
-19 -45 -61
-5 -45 -61
-5 -45 88
1 21 -54
3 73 41
1 -9 -49
3 79 -75
1 40 -26
-21 -37 -25
-1 -14 32
-22 -37 -69
-9 -45 -88
3 -19 72
3 14 -84
-1 16 93
1 28 48
1 61 44
3 18 35
-1 79 92
1 7 84
1 65 -10
13 -37 -106
3 80 28
3 24 -23
1 76 -44
19 -45 54
12 -45 72
3 54 85
3 -25 93
7 -37 -36
-22 -37 39
3 -30 -66
-3 -37 -17
-8 -37 -37
-10 -45 -45
10 -45 -59
3 85 -53
-19 -45 -45
3 61 -67
-4 -37 42
-18 -45 48
-18 -45 100
-24 -45 8
-1 -26 25
7 -37 -89
-16 -37 68
-16 -37 30
-19 -37 -53
-1 81 -2
3 -23 -23
3 68 18
17 -45 34
3 44 49
1 36 62
18 -45 -63
0 -45 -14
-3 -45 13
4 19 -16
3 10 66
-25 -37 -99
3 42 12
4 61 79
3 -9 85
-1 87 42
19 -45 -30
12 -37 -4
0 -37 14
-2 -37 -86
1 32 0
1 44 41
3 54 -2
3 -9 -36
1 -37 6
12 -45 19
1 -2 6
1 3 -67
-10 -45 -69
3 44 74
-24 -37 -3
3 40 27
13 -37 24
-17 -45 -11
1 -45 -81
1 -45 51
1 76 -60
-16 -45 -27
14 -37 -22
14 -37 -73
3 43 -41
3 25 63
1 -10 8
5 -37 69
3 72 33
1 65 28
3 71 -75
-5 -45 80
-2 -37 85
8 -45 2
-1 83 -67
-1 -20 85
19 -45 -84
5 -30 -9
17 -37 97
-9 -37 -3
1 -30 52
14 -45 -14
-1 47 -91
-1 44 88
-26 -44 -69
3 27 -5
3 34 87
3 33 77
3 -23 -37
-8 -45 104
1 66 57
-8 -37 32
3 53 25
-2 -23 33
3 58 -31
-19 -37 -83
-1 55 -92
3 -11 21
15 -37 -38
-25 -45 25
-1 -16 -2
8 -45 93
-1 21 -85
3 -20 46
-3 -45 35
1 60 6
11 -45 -25
-18 -37 -62
4 -37 -105
-11 -45 65
-10 -45 20
-11 -37 57
1 36 54
3 36 -15
3 60 93
19 -37 17
1 -37 -51
-17 -37 -36
-14 -37 -95
-26 -44 84
-1 33 -86
20 -38 50
-25 -37 99
20 -41 -56
3 26 22
3 79 19
1 35 -68
3 18 19
1 44 -11
1 31 69
-1 22 87
3 61 51
3 43 -73
1 53 -18
13 -37 33
1 17 66
1 50 13
-1 -18 -73
-1 -15 -37
3 83 56
-1 -30 -73
1 -45 -23
3 4 -55
-15 -37 11
3 47 -59
8 -45 79
1 22 52
1 22 78
-10 -45 -80
-7 -37 -24
3 -37 47
-3 -37 -60
-17 -37 0
-1 -1 88
3 -15 -85
-25 -45 -15
3 86 -71
11 -45 -106
-4 -37 -80
-8 -45 -52
3 36 -48
1 71 -4
3 25 -48
3 -25 10
11 -37 57
3 72 -18
1 9 -46
0 -45 -4
-9 -45 6
1 -45 27
3 16 -37
-18 -45 77
1 27 8
-8 -37 -48
3 80 79
1 28 -80
1 53 -80
-24 -45 -39
-14 -37 24
1 -5 -68
14 -45 -78
-26 -38 12
3 82 -8
3 -25 -15
-1 -17 -64
3 -29 -45
-5 -30 18
-1 -16 -48
5 -30 29
-25 -37 74
19 -37 -16
-23 -45 -1
3 14 48
20 -44 -93
1 50 -64
19 -44 105
3 84 -41
3 87 -3
3 -17 11
-25 -37 -11
3 -27 -59
1 68 -67
1 12 25
1 -37 -93
-5 -37 -71
1 68 3
8 -45 -49
-17 -37 87
3 69 86
-19 -45 41
3 51 -32
13 -45 -37
1 6 77
-4 -45 66
-19 -45 -90
3 -6 56
14 -45 -44
1 31 93
-24 -37 -106
-1 0 -86
-1 -44 105
-1 -14 73
-1 -20 78
0 -37 21
-7 -37 12
17 -45 -7
3 0 44
3 -12 -16
1 17 -60
19 -37 65
-21 -37 -44
3 79 -92
-1 84 8
3 83 -29
10 -37 99
1 73 77
3 50 39
1 4 18
1 -8 -29
3 71 -31
1 47 -27
1 -6 -7
3 4 11
1 42 3
3 29 -42
3 58 39
-1 -20 21
-7 -37 -11
3 -9 46
14 -37 -52
3 -12 91
-17 -45 7
-4 -37 70
4 -45 -95
-7 -45 51
3 6 -26
-3 -45 -45
1 7 37
3 -3 -24
3 54 -53
3 78 64
1 70 -47
-9 -45 39
13 -37 -95
1 0 -80
-23 -37 54
4 21 -91
-1 -19 61
-1 30 -92
-1 -19 -9
0 81 -48
-26 -44 -87
-19 -45 17
-1 -25 2
-19 -37 -18
-26 -44 -22
-26 -38 20
-26 -44 66
-25 -45 -53
20 -40 -25
1 13 -17
-1 -15 -23
3 68 -89
-22 -37 105
1 -4 -55
3 62 -42
-3 -37 59
1 -2 77
3 -9 -75
-11 -37 72
-1 -15 25
1 0 -10
3 12 -7
3 13 40
12 -37 87
0 -37 99
3 75 92
-1 -30 -26
-1 -24 72
1 34 40
3 54 63
1 -11 39
20 -38 -68
-26 -38 59
3 28 -58
1 69 -23
1 -8 69
1 56 -47
1 16 -42
1 10 -54
1 73 18
-25 -37 -30
-21 -45 29
3 56 -75
1 28 -37
1 66 -80
3 -6 -42
3 44 63
3 38 -85
1 48 79
2 -36 -14
3 6 -1
1 20 10
3 4 -34
1 58 -5
1 50 -7
3 47 -78
3 29 -68
-22 -45 -100
-24 -45 -75
-1 -25 -77
-19 -42 -106
-1 -26 -86
6 -34 -3
6 -44 105
3 10 -89
19 -37 0
13 -37 104
0 -34 34
3 22 -81
-1 56 90
-18 -37 -76
11 -37 40
1 -8 14
14 -45 27
-12 -45 -63
1 39 76
3 32 13
3 36 -55
3 -17 19
1 58 -16
7 -45 44
3 -20 0
-10 -45 -36
1 17 -29
-3 -45 -67
4 -37 -41
-12 -45 -22
20 -41 81
4 83 88
-25 -45 52
-26 -41 -82
6 -35 17
-3 -37 2
-1 -20 13
3 -20 -42
3 47 85
3 79 -64
-1 80 -88
0 81 -80
-1 82 68
-1 82 -60
0 81 -12
3 87 65
-26 -37 34
-26 -38 92
4 -17 -91
-5 -31 24
-10 -37 100
-1 86 76
3 -28 -77
-26 -37 -54
3 -20 90
-1 82 -23
3 87 46
-1 87 -18
-4 -31 4
-1 70 -85
6 -32 -14
-1 81 -39
1 24 36
3 10 90
7 -37 22
3 -10 -60
-1 -26 16
1 38 14
1 78 33
1 58 -55
1 21 -2
1 72 63
8 -45 -99
3 18 72
1 0 62
14 -45 8
1 -6 34
3 58 -24
3 51 19
-1 84 17
3 -11 64
3 -15 44
3 -19 -14
1 39 -32
7 -37 -18
6 -37 83
-1 -45 -56
4 -37 52
-3 -45 -32
3 -45 33
3 49 -14
3 38 0
-2 -45 19
1 40 -60
1 34 25
1 73 -38
3 24 46
3 65 42
1 28 74
3 47 26
12 -37 63
1 26 28
3 -18 32
3 16 4
-16 -45 -5
-1 -37 -23
1 -37 78
8 -45 -66
3 11 61
11 -37 10
3 76 7
-2 -37 -36
-7 -37 -31
-8 -37 25
-5 -45 -95
-4 -37 -100
-21 -37 22
18 -45 73
3 31 62
-1 -18 42
3 65 93
3 -18 -61
3 -17 -26
-1 -19 54
20 -42 -47
3 -25 85
-1 39 87
14 -37 74
-1 87 87
-1 81 42
3 -11 -54
-1 -29 92
-1 86 -86
3 -16 -33
14 -40 -90
3 -29 -85
3 34 49
3 -25 -49
-12 -45 91
12 -37 -84
1 -4 -33
8 -45 -78
1 4 -42
-11 -45 -12
6 -37 -30
8 -45 85
-14 -37 18
12 -45 66
1 48 -53
3 44 69
3 -5 21
-10 -45 -30
3 16 79
10 -45 59
1 50 -38
19 -45 59
-2 -24 -68
1 65 -34
-9 -37 46
4 -37 -83
3 -45 10
-14 -45 28
1 5 -7
1 -45 -38
-5 -45 -1
-23 -37 80
1 69 80
3 -26 69
3 80 -56
3 -19 -68
1 39 21
-12 -45 51
3 -37 -67
3 75 51
-15 -45 -86
3 11 -80
3 77 -4
6 -45 -11
1 19 -47
-11 -45 -56
3 -17 -5
3 70 -54
-21 -45 92
3 40 -77
3 54 -42
3 54 69
3 3 -15
-26 -44 -63
13 -37 -100
20 -40 70
3 1 93
3 -20 -86
-19 -37 -12
-1 42 -88
-1 -24 -30
-26 -40 41
3 -19 -48
-1 87 -56
-1 13 87
-1 -30 -62
3 -26 49
3 62 -88
-26 -44 -44
-21 -37 -96
1 61 17
3 22 -69
3 12 -69
3 4 87
1 4 48
1 56 49
3 2 55
3 72 -63
3 -13 5
20 -41 100
1 79 4
3 -24 22
-1 -23 -40
0 81 52
-26 -38 -24
-21 -37 11
14 -45 -20
3 -30 43
-5 -45 -106
-26 -38 -66
1 44 -46
3 31 -18
1 3 -60
1 16 -54
1 16 14
1 3 -73
3 -1 2
3 36 -22
1 78 24
3 61 29
1 63 64
1 60 -71
1 -9 79
1 9 -64
3 3 39
3 55 7
1 35 83
-1 64 -86
-10 -37 -102
1 48 -83
-24 -45 46
-1 31 88
0 -13 84
3 22 84
-1 -22 -3
20 -39 24
-16 -43 105
6 -35 30
1 57 76
-1 -19 -59
19 -37 12
3 87 20
3 -10 28
3 22 -37
1 78 -18
3 13 -12
1 -2 71
-1 -29 -48
1 5 66
3 22 57
3 2 29
1 29 19
3 61 -10
1 -1 21
3 87 38
-26 -44 31
-1 -26 55
3 -28 17
-1 76 -85
20 -42 -102
-12 -39 -106
-1 85 -31
-1 -25 7
-26 -41 -34
3 41 86
19 -37 -74
15 -45 90
-1 47 93
-1 72 87
1 87 -82
-1 -33 -2
3 2 -84
-1 84 36
-1 -28 80
-1 -24 -53
-1 81 -54
-1 12 -88
-1 -27 -16
3 -18 51
-1 -28 40
-1 -25 65
1 34 -81
3 -18 -19
3 46 -89
-18 -37 101
-26 -39 -71
-1 56 -86
17 -37 81
6 -35 -9
3 -30 73
-26 -42 3
-1 -39 -106
3 50 -92
1 48 59
3 -20 -31
-1 24 -91
-15 -45 -41
-12 -37 -60
3 70 -9
-9 -45 33
6 -45 -90
4 -45 70
15 -45 78
-21 -37 49
3 65 22
-22 -45 -33
3 62 -61
3 26 -27
-16 -37 -90
3 64 84
-15 -37 62
3 31 5
-14 -45 41
1 68 -15
-12 -45 85
