129 106 155
122 200 23
122 201 232
122 80 36
122 202 124
122 84 233
161 64 100
127 139 83
130 168 177
157 64 188
122 138 22
122 142 233
118 93 107
124 192 73
121 150 132
144 65 144
121 115 198
157 64 56
121 102 68
122 80 183
122 202 162
149 104 123
127 165 48
121 169 102
119 198 197
121 138 165
126 168 211
135 74 80
126 124 111
129 129 52
118 82 137
119 108 23
121 179 143
130 143 194
118 114 230
167 64 127
122 171 22
144 76 117
121 165 75
122 202 97
120 201 49
150 90 146
126 124 137
118 87 207
141 72 169
121 112 90
135 66 198
135 74 56
121 103 177
127 102 45
120 176 232
121 160 157
121 146 108
118 81 160
121 103 129
156 65 78
126 130 213
130 123 180
160 64 161
118 87 86
126 181 122
121 147 63
121 181 164
125 184 38
136 103 107
118 81 66
121 179 193
126 146 41
121 122 72
125 190 216
141 67 99
130 182 57
121 150 215
143 108 142
130 98 194
126 103 215
121 123 35
123 198 143
124 192 179
126 184 92
121 151 179
126 161 118
150 91 107
121 154 92
121 160 196
123 80 118
142 89 130
162 65 144
121 119 162
119 90 23
119 159 230
154 75 133
121 144 148
119 154 27
121 136 123
130 112 59
121 190 109
123 87 51
118 94 150
126 165 136
121 131 95
155 64 117
143 64 65
121 108 111
130 177 77
130 101 81
121 130 194
137 73 184
121 110 143
126 94 165
130 160 63
122 80 100
118 98 232
130 133 68
134 107 123
141 75 155
126 98 95
123 127 231
121 117 124
129 187 202
121 172 61
121 116 47
130 153 75
149 68 199
121 168 36
121 130 152
119 80 219
130 110 187
122 202 83
143 64 86
123 186 22
122 202 211
118 89 193
126 95 118
121 189 132
126 188 152
144 66 126
132 99 142
153 66 174
118 95 37
120 201 63
126 167 88
130 140 177
152 74 106
121 116 216
130 117 81
149 106 109
141 96 117
130 98 58
126 151 165
122 121 22
130 169 198
152 76 146
118 90 176
123 201 36
121 177 176
121 163 169
130 155 188
125 91 131
121 144 203
121 107 165
119 189 227
129 152 52
125 91 74
151 87 121
121 138 50
121 108 36
127 114 102
121 136 138
126 148 121
149 98 136
126 174 154
121 189 51
130 112 173
121 180 209
126 154 144
121 175 47
126 133 39
129 124 201
122 202 185
128 154 205
121 130 174
144 63 188
130 183 186
126 117 151
123 139 222
124 91 216
121 125 83
126 158 107
121 172 115
136 64 176
126 144 95
123 168 223
140 64 159
118 92 61
138 76 92
154 68 91
136 74 68
121 80 148
121 101 201
128 111 133
121 172 128
121 202 109
130 184 172
150 71 162
121 184 64
144 80 138
130 140 57
130 109 71
121 167 187
121 140 72
121 134 110
121 141 186
121 103 189
121 105 57
145 64 110
121 176 83
121 119 60
118 97 138
125 192 163
121 119 188
121 108 80
121 165 146
130 158 173
126 92 185
153 64 153
121 80 171
124 192 119
126 179 106
121 189 189
121 157 45
144 82 107
164 64 110
119 201 173
130 133 188
130 127 78
130 98 175
121 148 80
118 97 81
139 64 76
121 80 78
121 191 83
122 80 195
122 80 25
142 97 146
121 116 177
130 168 71
130 123 65
127 110 206
121 132 204
121 121 97
123 179 219
123 201 222
156 65 66
118 90 124
146 69 56
126 126 125
126 173 168
126 129 164
121 126 46
154 74 123
121 131 64
123 145 30
132 99 130
130 177 66
121 151 190
118 96 50
123 105 225
121 162 56
119 198 153
125 192 100
123 159 217
130 162 80
130 170 57
128 113 117
121 191 207
155 64 137
119 130 27
144 71 136
151 86 133
125 91 200
144 80 128
121 102 103
121 175 73
141 107 115
121 172 202
126 161 97
123 124 222
121 155 72
130 144 66
123 151 225
126 92 43
123 89 96
125 91 142
121 191 32
121 176 95
140 107 132
130 121 191
121 159 126
126 140 157
126 179 132
121 98 158
123 83 109
120 176 30
129 187 81
119 97 221
127 98 207
134 66 61
120 201 133
119 80 45
118 81 127
126 93 86
130 132 172
118 97 211
121 140 174
126 150 154
121 131 74
122 80 58
123 193 59
129 134 200
119 115 29
130 172 189
126 189 140
126 136 146
126 144 138
145 63 171
121 110 154
135 65 188
150 64 102
147 69 79
123 159 36
121 122 145
123 80 90
129 97 67
123 97 28
129 108 145
121 182 114
121 147 49
130 107 196
121 139 195
121 163 66
121 129 183
118 96 90
129 119 52
130 148 173
123 167 233
120 201 72
126 139 130
121 154 115
125 91 154
147 74 98
126 121 170
136 65 167
161 69 132
126 121 210
137 73 193
130 160 197
120 195 42
157 64 197
144 98 107
119 97 169
146 69 179
121 183 78
121 138 101
126 151 101
143 87 116
152 80 114
119 197 90
162 67 121
118 89 165
150 96 127
128 109 51
121 118 107
126 121 89
121 129 117
121 139 89
142 92 139
121 190 171
123 162 24
149 102 145
126 143 212
133 99 115
121 170 161
126 105 88
126 129 102
126 98 109
149 100 115
130 146 186
121 111 72
121 158 83
121 159 183
121 163 205
122 80 209
121 183 201
125 116 38
130 101 183
118 87 226
118 96 184
123 89 32
127 184 48
141 97 125
121 137 32
135 67 86
126 147 87
126 174 41
129 187 193
126 172 145
136 74 176
155 72 114
121 181 154
118 96 115
121 108 210
121 184 100
121 101 145
130 176 175
121 181 184
121 169 179
121 109 122
130 104 100
145 69 70
130 186 71
126 140 114
161 64 153
121 118 133
121 165 110
121 172 138
121 157 137
121 182 56
121 114 169
121 126 56
126 163 162
165 64 137
129 177 201
130 100 150
152 72 154
118 94 71
126 98 136
146 71 89
121 108 46
121 117 115
121 146 160
130 152 65
121 109 183
130 132 60
121 117 82
121 123 204
148 107 133
130 107 112
121 111 99
121 154 56
137 104 146
121 133 83
119 198 117
119 134 227
152 64 126
122 184 233
144 78 147
139 99 135
123 88 67
130 138 75
119 196 103
126 112 160
121 153 171
121 101 121
156 70 144
119 192 24
123 88 116
142 90 108
128 144 49
152 80 128
126 92 58
125 100 38
151 83 142
121 148 22
154 70 99
118 89 133
124 192 196
144 67 117
122 119 233
123 151 233
130 132 180
118 88 41
126 160 210
130 152 195
130 165 184
121 115 207
121 157 150
121 111 191
121 109 64
126 168 122
118 86 186
118 86 103
121 151 207
121 140 59
130 170 80
126 144 168
128 145 203
123 199 56
138 71 162
118 89 142
139 66 55
152 63 182
126 125 41
121 136 212
126 132 89
126 170 108
118 86 153
121 110 132
126 180 148
127 137 207
123 195 128
121 151 35
126 102 168
126 95 50
121 150 140
143 75 104
121 182 128
121 140 41
126 165 41
142 64 199
126 123 158
121 157 101
122 92 233
119 80 202
123 198 204
152 63 85
143 86 144
121 186 44
120 98 57
158 64 169
128 165 204
126 92 173
118 93 202
130 107 177
118 86 57
121 145 126
126 187 209
121 130 133
147 64 136
150 91 138
121 169 52
118 83 31
123 117 225
120 181 226
149 68 63
120 195 213
128 110 82
143 70 150
128 173 50
125 192 92
128 155 82
126 169 95
130 174 182
130 114 194
118 87 73
121 167 154
121 157 63
130 146 78
121 153 200
126 129 144
121 112 54
121 122 195
121 161 176
126 96 102
134 107 137
129 101 200
119 196 188
121 170 216
126 118 142
123 94 226
143 108 122
157 64 106
140 64 92
123 194 233
121 184 215
123 196 67
123 105 29
125 192 38
121 190 157
125 91 108
121 143 118
119 197 78
126 116 95
121 184 138
123 109 218
140 72 85
126 176 112
127 116 128
126 176 161
126 140 106
150 94 119
127 132 47
121 126 107
126 155 159
130 98 74
121 80 227
118 86 215
123 85 177
153 63 144
144 70 193
123 197 167
119 105 232
118 100 23
148 106 116
127 180 83
121 101 75
121 108 202
121 131 159
121 167 195
121 184 85
133 99 123
126 123 118
130 159 56
159 64 92
123 183 29
126 187 106
121 117 155
123 132 219
152 67 190
129 110 123
119 123 28
118 97 97
141 63 181
121 125 167
121 163 92
126 103 161
134 68 73
140 72 63
126 160 88
123 194 222
130 160 70
118 97 131
123 179 22
121 174 184
121 184 71
130 165 191
121 184 176
126 175 211
121 145 101
121 123 174
152 66 72
123 83 143
144 74 124
148 69 168
123 87 160
126 125 151
126 187 126
132 107 130
150 64 95
121 125 215
121 190 145
121 121 42
126 133 115
122 80 132
123 86 125
126 188 55
126 158 132
121 143 133
121 186 121
126 147 112
121 166 83
126 161 151
126 111 44
141 107 108
150 85 107
121 133 44
128 129 205
126 154 126
130 130 194
126 140 123
130 152 179
130 126 71
130 105 65
130 119 71
121 166 46
121 179 67
121 157 165
121 179 41
121 104 139
126 165 128
126 161 142
130 117 186
121 175 56
121 107 148
121 122 181
121 119 53
121 173 89
126 189 114
126 190 45
144 74 160
141 71 75
123 158 224
122 202 148
119 199 30
145 64 151
119 173 226
123 199 179
126 118 45
123 86 81
123 114 23
119 141 227
130 186 180
119 80 85
156 68 157
127 181 206
144 71 109
126 107 95
121 172 209
121 102 51
118 86 198
126 137 94
121 154 122
121 140 143
130 181 196
127 163 171
121 102 93
130 114 75
121 101 43
123 130 35
123 195 49
127 172 206
123 81 155
119 166 29
123 87 222
128 111 151
123 82 72
126 124 95
119 97 191
121 157 211
127 99 125
123 90 209
121 137 154
126 134 167
126 183 167
126 183 158
120 195 135
152 76 139
118 81 190
123 186 222
118 81 52
127 125 47
127 104 208
123 90 148
127 157 47
127 116 109
158 64 128
121 202 191
119 196 110
151 89 115
152 64 110
118 97 65
130 123 57
121 141 81
126 151 210
118 89 47
121 202 42
146 69 186
160 70 126
118 87 111
129 108 106
141 74 99
118 87 93
130 170 65
130 112 181
121 158 190
130 183 64
121 187 182
121 125 66
126 175 124
121 138 65
121 150 70
126 133 128
121 136 188
130 153 58
121 172 173
121 105 196
121 127 139
127 100 155
121 169 71
121 133 58
121 152 86
118 92 155
137 64 67
129 114 200
130 146 55
156 70 108
118 81 114
127 123 83
147 76 153
165 64 117
121 103 219
121 166 131
126 95 79
126 110 166
118 81 95
123 86 190
118 94 30
119 197 160
135 73 169
141 69 155
126 170 131
123 180 35
123 86 132
126 166 103
126 168 114
126 180 96
121 170 42
126 133 155
126 134 135
126 181 139
121 183 147
126 173 101
126 122 101
121 175 104
121 147 167
126 115 212
125 192 186
157 64 72
144 64 71
126 188 62
121 146 222
118 85 169
128 118 205
150 104 139
122 202 90
158 64 86
150 102 129
121 112 41
121 100 86
126 173 86
121 124 92
121 179 136
121 130 210
119 97 177
123 130 225
126 97 213
120 160 30
119 198 227
130 125 172
121 154 107
126 154 95
129 101 52
127 117 122
126 98 143
121 190 68
119 97 125
123 196 96
118 92 220
129 107 172
126 153 215
126 92 92
130 170 172
122 133 233
144 71 143
121 101 208
123 85 39
126 152 42
121 101 35
121 187 94
121 112 104
121 110 176
121 125 160
121 163 116
121 143 180
121 145 197
121 153 184
121 124 78
123 100 227
130 165 58
121 190 201
156 69 150
121 162 212
121 116 77
126 134 101
121 131 166
121 137 117
122 111 233
126 145 131
121 151 148
121 145 36
126 153 111
143 87 136
130 127 187
144 78 111
126 148 145
121 183 108
126 141 162
118 92 101
121 179 171
121 184 195
143 86 122
143 92 146
149 97 108
119 197 123
119 141 27
150 90 130
127 179 47
123 127 22
127 96 180
152 64 169
123 86 166
129 138 172
144 64 104
125 137 216
119 121 229
155 67 164
126 139 151
130 139 70
130 103 191
130 162 176
130 179 189
123 83 64
121 123 130
130 174 72
121 103 153
121 176 198
130 148 70
130 140 183
126 134 161
121 147 57
121 146 154
121 144 209
130 183 77
121 165 140
126 134 107
121 186 207
134 68 79
118 92 215
129 134 52
121 114 138
121 132 50
126 175 118
130 136 194
121 130 128
121 146 174
121 136 177
121 134 198
121 136 78
121 101 135
144 63 79
121 140 110
121 152 160
121 152 97
130 132 74
130 129 65
126 188 87
126 184 144
130 134 80
130 159 75
121 143 217
130 159 183
118 94 196
121 161 42
130 165 66
123 165 227
123 86 28
121 117 68
126 168 140
126 175 140
130 114 67
121 103 115
121 134 70
121 175 158
121 172 78
130 118 61
121 153 50
123 87 138
130 104 74
121 125 188
121 116 183
126 161 111
160 68 114
122 80 164
149 63 195
139 107 126
126 116 167
144 75 132
135 74 199
128 97 187
126 158 41
152 81 121
119 199 217
156 71 137
142 92 121
157 64 180
123 170 28
125 105 38
135 68 173
123 86 89
126 159 168
118 92 118
124 166 217
129 177 53
118 88 79
121 190 103
130 118 197
119 147 230
121 192 115
129 109 139
135 68 183
126 93 66
130 102 106
128 113 145
148 64 90
121 101 61
138 99 119
124 91 102
123 82 216
130 104 57
123 174 36
121 163 99
121 147 43
121 134 148
126 167 167
121 130 88
126 141 145
123 87 172
124 192 79
143 74 93
147 95 146
123 90 38
118 88 232
126 183 116
121 177 150
