157 74 126
119 209 224
119 210 30
112 97 224
111 100 30
136 179 127
73 56 150
114 120 157
134 124 89
105 56 96
130 154 204
127 154 40
121 210 84
118 209 170
160 126 134
122 56 155
112 95 118
117 165 86
117 165 163
110 92 74
117 90 185
116 144 123
188 55 143
133 188 56
183 55 107
74 61 114
115 124 56
118 209 131
140 55 101
133 190 198
115 124 193
152 103 110
148 149 112
140 141 158
117 176 224
110 86 152
113 133 224
151 98 145
153 55 150
103 61 131
132 118 128
134 148 68
116 180 32
134 187 155
133 188 100
117 130 30
129 55 128
150 157 138
114 121 107
133 122 175
124 100 94
136 165 181
124 99 52
118 168 112
171 95 129
120 210 59
97 61 158
116 146 180
117 164 138
116 140 84
118 166 62
119 186 178
119 210 194
126 106 206
119 187 77
116 143 151
124 209 108
139 164 96
73 56 92
124 101 164
180 69 125
113 106 139
145 125 109
146 120 150
160 55 114
128 109 71
139 166 157
119 188 139
136 170 75
118 170 193
141 136 134
119 190 117
115 155 220
115 127 137
167 55 134
132 137 191
139 144 89
120 61 111
82 55 132
114 116 86
116 144 58
129 207 153
124 114 39
114 110 178
116 140 205
121 115 224
116 147 102
113 90 206
93 61 111
128 193 220
110 87 96
132 129 67
120 86 133
120 196 44
127 107 113
163 119 116
149 55 129
171 79 138
148 109 129
127 133 45
130 171 48
155 85 111
136 61 144
136 146 175
129 110 149
115 129 174
131 199 180
131 199 71
139 166 115
126 124 210
129 110 188
153 92 129
131 197 128
114 113 123
128 168 213
110 91 45
128 209 210
114 147 31
118 179 96
135 182 172
157 137 121
174 82 116
119 186 208
119 180 156
134 185 83
110 92 167
117 152 73
136 176 143
166 111 130
173 61 148
113 107 65
188 55 124
113 105 195
89 59 94
120 196 97
109 61 146
120 194 163
115 164 31
133 174 195
119 181 60
113 105 105
118 177 127
127 195 30
128 209 45
156 84 142
113 101 154
131 117 102
124 100 127
120 88 108
90 61 144
115 132 69
117 154 195
116 150 165
128 113 56
168 102 116
133 153 189
114 110 49
118 168 178
125 138 216
155 143 137
133 121 160
139 133 119
130 148 53
112 115 30
145 61 116
159 68 139
107 55 114
134 122 142
114 115 208
115 133 98
125 56 99
117 157 50
154 61 103
116 150 139
82 60 160
143 138 102
131 197 113
133 161 62
120 90 63
168 69 116
119 90 84
119 189 192
117 61 128
143 153 150
131 197 89
138 158 83
122 94 145
129 122 196
120 196 60
120 202 143
150 156 124
123 100 38
115 132 115
117 161 207
134 186 69
129 110 85
168 61 104
145 122 125
113 105 79
139 166 134
136 180 110
132 194 142
130 184 43
117 158 151
175 55 118
116 143 44
181 66 138
147 133 148
115 127 43
122 61 142
92 55 123
118 174 73
135 137 78
120 90 30
124 100 179
115 133 161
118 176 45
122 95 216
128 135 204
130 203 167
137 132 168
139 154 164
81 55 106
162 99 138
127 170 34
122 94 196
114 119 69
117 157 121
133 61 113
114 108 165
135 182 185
134 174 61
117 160 101
110 92 140
72 61 139
124 164 224
153 114 141
128 181 217
130 200 55
140 150 99
125 209 121
113 103 211
120 205 182
130 204 198
133 121 114
136 176 96
119 180 110
129 112 167
120 205 70
123 96 74
128 108 135
130 136 57
120 196 84
120 197 205
116 142 192
126 154 216
148 113 116
124 139 33
73 55 125
119 144 224
119 90 160
115 128 208
108 56 157
119 191 151
117 188 220
118 209 97
118 173 205
145 55 141
134 122 77
143 164 146
123 127 222
111 95 56
119 86 121
139 61 131
99 55 142
118 171 148
113 104 92
128 209 138
120 196 130
131 199 101
114 119 145
145 122 137
137 165 170
181 55 133
120 201 217
114 61 99
156 61 123
110 89 128
118 206 157
149 138 112
151 99 121
128 125 53
118 176 84
132 163 195
131 180 206
157 74 113
115 133 127
121 108 30
113 122 220
116 150 90
134 133 180
110 55 137
121 92 172
82 61 122
73 61 102
136 176 161
125 103 63
143 160 106
116 138 140
131 195 44
134 187 119
115 129 80
117 192 33
162 61 150
119 184 166
140 56 153
124 126 36
121 104 223
137 130 155
147 115 105
131 191 209
128 209 76
113 98 176
113 103 128
137 129 102
115 131 150
137 172 85
117 165 43
114 115 133
118 208 42
116 150 209
124 55 118
120 200 110
130 159 52
185 61 115
126 184 30
110 87 112
115 133 186
114 120 169
156 55 140
117 159 185
117 163 73
124 111 215
118 208 205
124 99 105
177 79 129
127 144 44
138 170 105
128 209 34
140 55 123
172 91 138
168 91 116
128 205 223
136 128 129
132 192 167
154 128 116
119 186 49
118 166 125
115 136 51
120 198 173
99 61 119
111 95 193
129 208 64
155 84 122
121 92 45
123 96 117
125 160 30
113 102 42
73 55 161
112 110 224
152 132 139
110 91 216
81 55 145
117 159 172
151 100 134
147 143 144
136 148 79
93 55 102
133 188 134
129 208 91
117 155 37
128 112 198
150 55 110
154 146 120
132 120 185
114 117 39
130 144 198
107 55 125
124 99 83
118 171 102
113 101 186
114 118 185
114 122 95
128 209 175
90 61 131
119 180 196
119 189 106
139 134 94
106 61 105
129 207 187
118 173 170
119 187 90
114 108 114
111 95 85
188 61 132
138 132 143
148 160 114
116 137 214
119 90 224
116 150 112
169 68 138
128 109 124
118 178 214
135 160 71
125 107 45
118 174 137
132 193 188
161 117 138
131 60 154
113 61 118
165 55 125
119 193 69
118 177 187
119 181 146
131 197 153
141 164 124
119 89 94
160 109 116
128 109 95
124 98 137
110 94 102
116 142 71
136 175 178
160 127 123
174 87 124
120 198 192
128 109 178
118 168 218
117 156 82
129 55 138
131 169 204
114 122 118
117 153 62
156 94 114
137 157 176
131 117 64
177 68 116
86 55 114
115 132 197
149 108 148
117 55 146
128 55 108
120 203 52
126 174 223
89 61 154
133 190 177
133 192 76
137 175 118
97 61 97
128 143 209
114 110 147
110 91 31
123 149 30
113 99 203
112 55 107
125 103 154
170 55 111
99 55 151
153 92 138
120 202 122
118 169 53
124 100 190
157 76 135
141 61 108
145 61 147
117 154 129
119 210 147
116 139 106
80 61 94
130 201 215
166 79 116
117 86 145
128 163 43
173 55 141
153 61 134
120 121 30
116 141 166
119 201 34
132 118 150
132 178 52
116 142 94
140 136 111
125 61 133
160 65 115
111 95 159
139 145 165
126 120 46
128 209 161
128 109 159
129 205 127
125 103 144
114 115 195
152 151 131
131 61 100
122 136 224
163 88 138
92 55 137
120 210 213
114 122 202
116 142 131
115 131 89
158 134 131
134 142 182
127 55 146
119 55 134
133 188 110
136 180 152
128 209 55
113 139 33
114 111 157
118 171 36
151 119 111
113 98 68
167 106 124
160 64 130
127 107 103
129 161 208
116 138 175
117 162 197
123 97 205
162 55 106
120 194 185
132 142 62
118 170 94
117 159 110
117 157 160
113 101 50
114 111 58
114 111 73
114 111 216
112 108 34
130 204 82
119 182 69
129 190 36
121 99 30
167 107 138
135 61 124
120 90 54
114 119 78
129 208 99
133 188 91
155 143 128
88 61 103
138 55 114
73 55 109
112 95 147
78 55 118
177 61 106
113 97 110
115 129 106
136 129 82
115 61 156
131 116 93
91 55 159
126 115 207
132 167 56
120 203 164
114 115 100
135 179 75
114 121 127
75 61 130
148 162 131
184 61 146
101 55 109
136 176 134
85 61 138
145 122 117
118 174 117
118 169 79
130 201 206
124 186 224
120 202 78
118 172 158
78 61 153
167 55 147
133 137 70
132 194 61
155 84 130
134 183 194
119 189 127
164 114 123
172 62 115
130 113 142
135 126 121
118 174 63
115 163 224
124 152 224
121 194 224
114 121 49
122 95 154
153 61 144
106 61 139
115 136 40
115 131 60
155 106 139
130 202 144
118 208 116
116 145 217
113 96 133
137 172 151
134 182 62
153 122 139
130 114 111
128 127 202
112 124 32
134 185 141
113 99 166
128 179 36
184 62 124
129 199 37
118 90 76
139 152 88
104 61 153
115 129 218
117 55 124
132 144 190
149 126 146
125 146 219
125 102 197
115 155 30
116 149 50
110 87 119
179 71 132
126 209 202
129 207 114
120 205 90
135 170 188
120 198 154
134 123 107
134 122 97
113 90 177
124 120 216
112 95 38
158 55 132
135 180 102
125 130 214
132 129 189
79 55 98
118 178 52
116 142 115
150 149 139
123 104 215
117 152 174
114 117 176
135 125 166
118 202 224
141 143 97
119 193 211
116 150 154
169 61 142
140 136 151
126 61 122
90 61 119
138 168 142
98 55 127
85 55 155
119 188 159
116 146 201
135 167 67
103 61 112
137 165 81
132 118 83
181 55 143
131 154 196
115 127 166
136 55 133
133 189 147
118 179 174
112 86 134
117 153 97
146 61 102
172 55 129
153 61 115
118 55 101
121 61 103
132 155 58
149 61 124
113 61 140
117 159 144
117 161 94
119 187 201
179 55 126
121 173 30
116 139 63
117 158 67
119 182 133
113 102 219
143 129 131
119 182 118
163 76 138
113 97 95
121 92 209
126 209 193
116 149 146
188 60 108
121 92 125
121 93 37
174 85 132
135 183 163
124 101 172
116 141 159
139 135 127
150 55 117
146 155 144
83 55 125
120 194 77
114 115 114
80 61 102
142 61 140
95 61 138
118 209 124
78 61 144
111 95 184
120 203 62
147 115 134
144 129 102
82 61 129
115 126 185
135 55 147
120 196 139
101 61 145
126 209 217
170 99 137
119 186 36
130 203 134
144 127 151
136 179 89
131 117 71
112 61 110
73 61 122
120 205 104
170 97 122
134 124 134
126 103 75
132 196 160
113 90 67
188 55 116
137 175 168
115 86 102
149 106 116
126 103 119
136 127 113
143 129 123
123 96 59
132 194 51
169 102 130
132 118 169
130 203 108
133 190 126
127 107 52
107 55 148
92 55 146
138 171 125
113 90 91
118 168 210
115 136 77
113 102 119
103 55 135
131 197 121
78 55 139
161 88 116
149 130 110
119 186 186
114 121 213
110 61 131
115 130 143
174 75 116
119 182 102
119 189 172
131 197 81
116 150 189
143 131 114
135 176 68
141 160 152
113 96 211
120 196 52
188 55 135
133 126 181
125 133 38
188 61 139
83 61 113
130 202 47
178 75 123
127 162 216
114 118 61
139 136 162
117 164 155
119 86 151
128 120 203
157 115 116
134 155 66
99 55 117
139 157 93
112 90 198
119 142 30
130 203 159
121 210 51
161 99 116
118 166 187
143 129 140
126 61 148
138 169 163
122 210 187
118 90 217
120 210 177
113 87 158
145 163 137
138 136 87
138 153 171
128 140 49
131 197 201
140 148 158
129 174 41
130 123 60
113 101 61
159 81 115
119 90 191
113 103 145
127 209 145
121 93 102
113 90 51
144 150 106
130 200 64
151 154 116
129 187 215
179 55 113
131 61 139
114 110 95
130 130 195
94 61 149
75 61 160
118 169 132
119 90 202
143 55 133
117 158 134
113 96 79
120 196 146
118 177 162
83 61 148
174 73 138
129 112 78
114 109 84
119 193 177
149 108 106
119 182 43
114 108 188
117 153 203
114 110 200
131 199 190
129 175 212
113 105 174
159 61 107
135 161 186
120 97 224
147 116 144
115 127 224
115 128 157
176 61 141
114 113 107
130 55 114
97 61 126
112 55 130
134 55 121
117 86 127
119 55 109
162 121 123
118 175 180
165 55 141
92 55 112
149 106 124
115 126 71
142 55 109
111 55 98
119 188 58
158 55 146
112 90 223
148 109 137
120 210 75
130 116 193
153 92 120
139 61 101
131 197 95
113 97 125
132 186 49
115 125 148
157 77 141
127 136 210
148 162 124
132 119 121
131 115 176
122 95 165
126 209 167
146 121 103
149 137 143
123 97 67
131 115 135
125 145 35
123 132 30
138 162 88
134 124 154
73 56 132
120 210 162
135 128 175
118 166 144
129 204 120
139 157 158
126 113 47
119 193 111
117 153 181
113 140 223
122 95 186
128 153 210
145 143 106
122 94 132
129 155 47
122 95 90
118 86 114
99 61 106
130 129 59
156 55 107
108 61 98
146 55 147
117 160 191
116 143 78
134 148 183
131 198 174
159 62 138
169 55 119
116 142 50
118 166 171
137 130 162
119 182 84
178 62 114
122 114 30
127 160 37
126 105 82
115 134 134
135 182 96
124 98 46
115 123 83
116 150 119
144 164 118
113 103 98
116 170 224
116 149 42
111 95 63
120 87 140
175 55 147
152 97 109
118 209 141
138 131 135
114 116 151
127 209 84
132 55 100
105 55 102
126 61 115
123 96 111
151 99 127
129 111 117
131 61 132
120 196 124
117 161 213
159 111 138
126 104 90
116 146 84
137 139 168
114 111 39
159 67 124
112 116 224
120 90 179
148 112 124
156 97 140
138 61 150
127 106 167
136 128 94
160 127 117
157 135 137
126 139 40
151 55 102
129 206 180
128 204 30
136 176 80
131 61 107
145 140 149
142 147 153
152 150 125
138 169 91
173 88 117
135 139 177
126 176 30
146 156 109
117 161 128
153 109 112
133 192 70
115 136 192
116 138 181
123 209 66
131 175 202
132 195 134
116 183 223
110 89 145
120 204 189
114 61 149
124 200 224
