-23 11 -33
92 -20 85
-84 -21 85
90 -18 -33
3 25 85
-84 -19 -94
41 25 -89
-86 26 18
31 -21 23
88 26 26
-13 -20 -94
-38 -21 29
-80 -21 -28
29 -21 -47
-55 30 70
-47 26 -93
61 26 78
-29 -21 85
34 -21 82
-86 26 -55
49 11 -12
78 26 -53
81 -21 36
-5 11 14
-86 -19 33
67 -15 -73
-48 -21 -64
-3 26 -93
28 11 52
-49 11 3
-3 -21 -13
30 -20 -92
-22 11 52
93 23 -15
1 -21 57
-42 -21 -19
-11 -21 -52
10 11 -59
-86 10 60
93 11 63
68 -21 -2
-84 18 -19
-83 22 -94
45 11 -49
55 11 28
10 11 -20
-25 11 -68
-57 -21 63
-60 11 37
-57 11 -45
36 -21 -12
50 -21 51
-64 -21 7
-3 -21 23
93 -3 11
-30 15 85
-51 -8 -94
63 -6 85
-60 1 85
60 -21 -42
27 11 13
6 -8 85
-77 35 46
-82 -21 -58
34 15 85
-79 25 85
-86 0 5
18 6 -94
64 16 -75
-28 -21 57
-30 11 25
-24 -21 4
6 -21 -74
3 11 41
72 26 54
-58 26 -68
73 -21 66
91 26 85
-25 3 -94
-21 11 -6
57 -21 23
83 -1 -52
71 11 7
72 11 -25
-86 6 -71
-86 4 -41
93 1 39
47 -2 -86
-86 -19 60
25 -21 48
-86 6 35
52 11 58
-60 -21 -42
-62 -21 36
-58 11 -20
31 11 -72
-3 11 66
-34 -21 -42
93 -18 -7
45 -21 -68
-46 11 56
-73 1 -94
9 -21 -35
-28 -21 -76
93 -16 55
18 -21 5
-52 -21 85
92 2 84
31 11 -29
-86 1 85
-86 -21 -6
-11 11 -51
92 2 -23
-25 25 -88
-70 -21 -76
-3 -1 -94
-71 11 17
80 -21 -56
89 20 -37
-8 -21 76
-56 37 49
-21 -21 -25
-44 11 -78
72 -21 -23
93 21 7
-16 -1 85
-4 11 -75
74 11 37
48 -21 5
84 -21 11
-70 11 -3
65 11 -47
16 11 73
-36 11 -49
11 11 1
20 26 -92
74 12 85
36 11 32
15 -21 73
53 -21 77
-76 26 65
8 -18 -94
48 11 10
93 22 45
-38 11 -19
-44 -21 3
-83 26 -74
-68 -21 -13
-17 -21 36
-50 18 85
25 -21 -69
-41 -4 85
-86 26 -2
-79 26 -37
-37 -21 -93
5 11 -41
51 -21 -23
27 -4 85
-66 26 -88
10 -21 -53
30 11 -10
16 -21 -14
46 0 85
26 11 -50
-86 0 -16
-83 -21 15
51 11 -32
14 11 26
44 26 74
-51 11 21
-6 -21 5
-17 26 82
-67 -17 -94
32 -21 65
-69 22 -55
-50 11 -61
-7 11 -27
28 -21 -29
78 26 72
-47 -21 46
48 -20 -86
-62 19 55
74 -21 83
-71 11 -33
71 2 -68
-77 22 32
14 -21 34
-71 -21 73
-29 -21 -58
-53 -21 -81
93 -15 25
-38 26 74
-21 11 70
-53 -21 20
-57 12 -94
-41 -21 70
93 -9 70
-42 11 39
47 11 -68
21 26 82
67 -21 48
81 11 20
-4 11 -10
46 -21 -51
-11 -21 -72
-12 11 33
-86 -4 50
-75 -21 48
33 11 68
42 -21 37
11 11 57
-86 -12 -40
-25 11 10
-6 11 83
85 11 -7
36 10 -90
-40 10 -94
12 11 -78
-86 9 19
67 11 52
-86 -18 -73
58 10 85
-13 11 -89
61 -21 -59
-73 -8 85
67 11 -10
87 26 59
-86 -4 70
-86 24 51
-69 -21 22
-67 15 85
43 11 46
-47 11 -33
-40 11 70
60 -2 -78
-76 -21 -45
77 -21 -39
70 26 -66
-21 -21 18
0 -21 40
33 -21 7
72 -21 21
-86 16 75
89 1 -38
54 26 -81
-14 -21 56
13 -21 19
-19 -21 -41
-68 -21 -58
-60 -21 -27
78 -6 85
-30 -21 -10
59 23 64
32 -4 -92
-46 26 -78
46 -21 -37
-67 36 58
-86 11 -54
79 26 41
77 14 -61
-23 -21 71
-5 -21 -39
-35 11 -2
-86 -6 26
-71 17 44
-36 -21 14
-48 -21 -50
-30 11 -83
4 14 -94
-86 -8 -83
-32 -21 42
86 -21 71
-36 -6 -94
-67 26 76
-84 15 7
57 11 -58
-54 -21 -7
93 -14 41
-22 -11 -94
79 11 -39
59 -21 65
-16 -21 -9
66 -21 34
17 11 40
-86 12 -7
49 -21 -9
93 -2 54
81 -21 50
18 -8 -94
93 10 27
85 -14 -47
37 11 3
80 -21 -10
18 -21 -85
46 11 72
-16 -16 85
-86 -2 -59
10 7 85
93 20 73
-72 11 -48
-46 -21 -32
-2 -21 -85
93 1 -1
5 -21 85
34 -21 -79
57 11 0
-39 11 11
16 -21 58
43 -21 16
63 -21 11
-24 11 -54
-77 -21 4
-85 4 -92
68 11 23
-63 11 -58
-28 -7 85
73 26 85
53 13 -83
-86 -5 -29
-71 26 -67
46 17 85
-62 -21 50
-70 14 -94
55 11 44
-12 11 4
46 -13 85
84 11 6
-29 11 41
-71 11 -19
-4 -21 -26
61 -21 -14
-12 11 -39
83 13 -50
-50 -21 -93
-3 11 -61
-15 11 -17
89 15 -25
42 -21 72
-50 11 -10
-71 11 30
19 -14 85
93 -8 -15
-52 18 65
-86 16 -34
-2 -21 -63
6 -21 -4
36 -21 -59
-6 11 50
56 -21 -77
54 -21 38
17 11 -37
27 -21 35
89 -21 -21
-64 -18 85
38 11 19
-17 11 22
24 11 1
-86 26 39
-74 -21 62
-50 -21 32
3 -21 70
11 -21 46
22 -21 -57
74 -10 -64
33 26 80
24 11 -62
-18 11 -78
63 11 -34
39 -21 49
-34 11 54
22 9 85
87 15 85
84 16 33
-5 -14 85
-86 -11 11
5 -21 10
42 11 -24
-1 11 28
36 11 -40
-37 11 -67
-86 26 69
69 -21 -50
93 13 15
15 11 12
-28 26 81
-34 -21 -30
-41 8 85
-35 11 -33
-71 26 52
-86 -18 74
25 15 -90
-40 -17 85
-17 12 81
93 3 72
-86 26 -27
-36 21 -83
-86 -20 45
-56 11 49
93 -14 4
-15 -1 -94
-25 11 -21
-39 -21 -72
-45 -21 59
-57 11 11
-18 -21 -82
18 11 -9
-70 -21 -35
24 -21 -5
-76 -21 -87
-4 -2 85
-86 8 48
-77 8 85
90 26 -27
-86 -10 83
-27 15 -94
-15 24 -94
-86 22 -44
-80 -21 -16
61 -19 85
93 26 -4
-76 -21 34
86 26 -46
60 11 -23
-81 -7 -94
-13 11 -68
40 11 -79
-15 11 62
-54 -21 73
14 11 -48
7 -21 -21
89 -9 85
13 -21 -64
-54 14 -71
14 18 83
41 -11 -89
64 -21 -31
41 11 60
-18 -21 -64
-35 26 -93
-73 26 -78
2 11 -51
80 11 -17
93 -4 23
57 11 17
7 -6 -94
-59 -21 -66
83 -21 23
-60 11 -31
38 -21 -23
23 11 -80
36 11 -62
9 24 -92
93 11 47
-58 26 -79
-77 -21 -68
-86 -12 -51
-27 -21 30
-7 -21 66
4 11 -30
-65 26 66
-47 11 -50
36 -21 -37
25 11 26
-25 -21 -93
66 12 -66
-86 26 -12
-81 18 22
92 -9 -27
18 -21 -41
-15 11 44
-50 -10 85
-41 24 85
-86 6 -28
-7 -12 -94
42 -21 61
20 11 -24
52 26 84
-61 2 -94
0 11 0
-86 20 -63
-20 11 -45
71 -21 -63
90 26 16
60 26 -72
75 11 -3
77 -21 4
67 4 85
-12 -21 -19
62 13 61
-58 11 -3
30 26 -89
27 -21 74
-48 35 76
92 -21 34
76 17 46
54 -9 -82
-76 26 -48
93 18 55
-85 -21 -83
65 19 85
93 14 -1
-41 -21 -84
23 11 65
23 -21 16
-7 22 85
-86 -4 -72
-37 -21 -51
-34 -21 0
-57 26 79
93 -17 13
66 -21 76
-86 12 85
92 -21 64
-77 26 42
-86 26 29
93 2 -12
-23 -21 48
-46 1 -94
-9 -21 45
5 -21 -45
41 11 -7
-51 11 32
7 11 -69
83 5 85
-81 26 -84
36 2 85
-74 -21 13
-13 -21 25
6 11 71
-66 -21 -3
5 11 16
-52 8 85
-75 -18 85
-58 24 -94
91 13 -15
90 10 -34
-78 14 -39
89 26 36
46 11 33
26 -21 -15
-66 -7 -94
-70 11 8
8 11 -10
-40 11 24
-3 11 -85
55 11 -48
-59 -21 -51
-78 11 -13
-78 26 -61
-23 11 33
-14 -21 10
80 -21 -29
-44 -21 -7
-21 -21 -52
80 -11 -57
-84 26 8
-53 -21 -20
-31 11 -12
89 -9 -37
-43 -14 -94
-64 11 -12
29 11 76
-86 -1 61
-30 11 74
19 -21 -25
53 -21 14
-47 11 -23
0 11 -19
61 11 9
68 26 63
-78 26 75
-86 15 32
44 15 -87
-60 -21 -89
77 2 -60
-86 8 70
93 15 36
54 13 68
-85 -21 -42
8 -21 -85
85 26 49
-86 20 62
93 -8 -5
88 -21 2
39 -21 -88
-10 11 74
82 26 83
-64 21 -62
65 11 34
-80 -21 24
-69 -21 -24
38 -10 85
-6 -21 32
-55 -21 4
57 -21 2
-25 2 85
78 26 62
-60 11 24
-40 11 -58
22 -21 26
46 11 22
93 -17 76
-33 -21 74
-37 -21 50
14 -3 85
-9 -21 -4
49 -21 66
54 -21 -32
17 -21 -74
3 14 84
-86 1 -4
-6 15 -94
38 16 77
-70 25 85
-58 26 60
15 17 -94
43 -21 84
-62 -9 85
93 10 78
43 -21 -2
46 11 -57
-49 -21 10
73 11 15
93 1 64
93 -6 32
58 -21 -68
74 11 -49
69 -13 85
-31 11 -60
40 -21 -46
-29 11 -40
10 11 47
53 -7 85
-1 -21 -51
24 18 85
52 24 70
84 -21 80
59 7 -79
87 17 24
25 -21 84
-9 11 23
55 -21 -52
-29 11 66
45 11 -39
-48 11 12
14 -21 82
34 -21 -3
5 5 -94
-29 -21 -19
74 -21 57
-75 23 -94
25 -21 59
27 -21 -38
22 11 -71
34 18 -87
65 11 43
5 11 8
18 -17 -94
-48 26 79
26 11 40
-48 -21 -41
57 11 -67
48 -21 23
34 -21 -70
-39 -21 -63
-79 11 -30
-69 4 85
43 9 85
-48 14 -94
7 11 33
67 -5 -73
-22 11 -87
-61 -21 -77
-44 19 70
-66 -21 66
80 11 -29
-77 -21 -8
-12 -21 -30
80 -21 -19
-61 -21 26
-36 -21 61
-78 26 56
-32 -14 -94
68 11 -57
-86 26 79
-3 -20 -94
67 20 57
47 21 -81
-86 19 -81
88 -20 -42
70 26 76
-54 11 60
-66 13 50
-23 20 80
86 6 -46
-86 3 -83
79 -15 85
40 25 85
11 11 -89
-78 15 -94
-11 11 -5
-25 11 18
-31 -21 21
-34 11 34
-27 -21 -35
32 -21 54
-18 11 -26
93 -9 49
-5 11 -44
-59 -12 -94
93 -9 60
19 11 -54
-67 11 -41
-86 -12 -7
-77 -16 -94
27 7 -93
-67 -21 -84
-20 -21 -73
23 -1 -93
89 -21 42
3 11 54
40 11 10
-44 11 -42
49 11 -21
-49 -21 67
-20 -21 79
53 3 85
-27 11 1
-6 -21 13
-26 -21 -85
66 -21 60
-35 18 76
-6 11 39
89 26 69
-44 -21 38
37 -21 29
-40 11 48
24 -21 -79
33 -21 43
75 -21 30
-48 25 67
70 18 -69
-9 -21 85
93 2 30
26 -10 -93
48 7 -85
-86 7 10
28 -14 85
-1 11 76
-18 8 -94
12 26 84
-83 17 14
-86 -8 -17
31 11 -82
24 11 -42
74 -21 13
69 -21 -41
-61 -21 -18
-78 -21 71
32 11 -18
4 11 -80
2 -21 30
8 -21 -12
-86 -18 -64
-83 -21 -50
93 11 8
70 -21 -15
-16 -21 2
-84 -21 2
58 11 -15
40 11 -70
-77 -21 -79
-68 -21 -68
-39 16 85
-19 -21 -17
58 -21 53
47 11 -77
-74 -21 -52
-64 11 -50
-54 26 -87
-59 35 58
-69 11 39
78 18 -53
-86 11 -46
54 0 -82
82 17 -44
76 22 -62
-78 12 28
56 19 -75
-65 -21 58
46 -21 -59
-36 11 -75
2 -21 49
-39 11 -9
-55 -21 -59
19 -21 -49
2 6 85
14 -21 -2
42 -21 9
-33 6 -94
-32 -21 8
93 -17 -15
-47 -21 77
74 -21 40
54 -15 85
-56 11 -54
46 -21 44
36 11 42
-7 7 -94
9 -21 62
19 11 56
93 5 14
-9 -21 -81
-14 -21 70
-16 11 14
67 11 0
87 -5 -43
-74 26 -86
-45 -21 21
-27 -21 65
37 11 -48
17 -21 -33
-45 11 64
45 11 2
-77 11 -4
-20 -9 85
-55 -21 45
93 7 54
-52 -21 -71
-80 -5 85
-69 -21 30
88 12 -41
42 11 -16
-63 -21 73
48 -21 -77
64 -21 -23
-86 8 -16
91 0 -30
88 -21 57
-78 11 10
93 25 52
-52 22 -73
-75 15 35
-13 7 85
-62 24 85
-86 18 -55
-60 12 -66
89 26 77
-86 16 -89
-66 11 -26
59 -21 72
93 -9 17
2 -21 -31
20 11 18
-35 11 18
31 11 -55
22 11 47
60 -21 43
-35 -11 85
52 -21 -42
-39 -21 -36
-18 -21 62
72 -21 -33
-27 -21 -48
72 11 -16
-59 -21 12
-31 7 85
19 -21 40
69 -21 7
12 11 67
46 -21 -18
66 -21 26
-43 19 -80
93 20 28
-86 -10 46
-86 20 85
-86 9 28
61 -15 -77
-79 -21 41
93 20 80
-81 26 23
-86 26 -38
-86 18 -11
-67 27 58
-86 1 21
81 7 -55
34 -14 -91
39 3 -89
-85 19 -3
-86 16 -26
-56 -15 85
-84 26 -19
-22 11 63
-4 -21 -75
55 17 85
54 -21 30
49 11 51
24 -21 68
29 -21 -54
-54 11 -38
-47 11 -68
8 -21 54
77 19 85
-54 5 -94
2 -21 16
27 -21 2
-2 11 -37
60 11 -7
-22 11 44
38 11 53
70 11 -37
-21 11 -61
-27 11 -48
-66 -21 -49
36 -21 13
90 -21 18
-64 9 -94
-81 -21 51
-78 7 -94
-39 -21 79
48 -11 -86
61 26 70
72 11 46
93 11 -8
84 -20 -49
-86 -13 23
-86 0 -34
-86 -1 38
-79 11 19
10 -16 85
-41 22 -94
85 11 27
59 24 85
86 26 -37
67 4 -73
-12 16 83
-49 17 -76
60 11 54
80 16 40
31 11 21
-16 -21 46
-29 22 -94
-8 11 -19
93 -7 77
11 -21 -28
12 -21 27
93 13 70
-62 11 17
93 -1 46
53 11 37
-77 -21 -37
-24 -21 38
-18 -21 -32
-41 11 5
-33 -21 -87
-80 -21 78
57 11 -41
17 11 -64
-62 11 44
-11 11 -61
41 -21 -81
16 -21 11
-1 -21 -2
8 -21 3
-1 -21 78
72 16 52
-45 11 -16
22 11 8
-66 26 -80
25 -21 -87
-60 17 85
-11 11 -82
-86 3 -53
92 19 -9
-85 -21 68
-86 7 -1
-24 -21 -6
25 11 -33
17 -21 50
-5 -21 53
-35 11 62
-1 -8 -94
3 11 62
4 -21 -57
-57 -4 -94
-50 -21 -13
-29 -3 -94
-7 11 60
30 -21 -21
-52 11 43
80 -21 61
-32 11 -23
41 11 26
-84 -21 -22
74 11 27
72 26 69
-70 -21 38
-34 -21 35
-41 11 -29
-52 20 -94
-4 11 6
-69 13 -54
-15 16 -94
-43 26 -87
-28 17 -87
-86 -9 76
-53 25 85
71 -16 -68
91 20 -30
-85 -21 -33
-23 -21 10
21 -21 78
63 -21 -73
-63 19 -94
-25 -21 -68
-47 -21 -76
29 8 85
41 11 -31
66 11 14
-82 26 -67
-12 -21 -63
-20 -21 25
19 11 -17
-20 -21 55
