51 -51 10
-26 75 -97
-27 75 100
-20 -54 -97
-21 -41 100
28 57 0
-21 -14 -23
-22 15 48
-19 -68 27
-6 12 -83
-28 74 -31
11 -69 -39
-23 75 34
39 1 -17
-12 22 99
-23 32 0
2 -22 22
5 29 -39
-1 -30 -62
23 -68 43
1 -16 70
31 17 23
-24 47 -65
-23 -63 -15
-3 48 65
14 -61 2
-9 -54 63
47 -68 -24
48 -15 17
27 -33 -19
-11 67 0
-2 46 29
-22 -19 -91
-22 10 -52
51 30 -3
11 22 -6
-13 43 -97
-21 -54 -50
-22 1 13
9 2 43
-27 71 66
-23 -9 94
7 -4 -35
-20 -29 44
-24 40 -31
-19 -40 7
-4 -40 -27
-1 15 71
-15 75 -59
27 -39 22
-24 48 90
6 -9 -7
-2 45 -15
48 49 17
-24 43 48
-22 13 -25
29 38 -19
-5 53 -46
51 -29 -6
-21 -17 -50
-1 30 -65
2 -2 -61
5 28 48
45 -69 28
-8 -54 -72
11 2 16
-20 -31 71
-23 27 26
-10 64 -81
-5 -44 31
37 -69 0
-21 -5 66
-24 55 18
-23 27 74
27 -18 4
6 26 18
51 8 7
48 53 -12
-9 -69 4
-25 20 -97
7 -69 24
-6 -37 -89
23 -60 -19
1 -69 -17
-21 -3 -71
-21 -7 36
-10 65 80
-5 -44 83
-23 25 -73
-10 64 49
27 40 21
-7 -24 92
1 -24 49
-25 58 -16
-1 -30 -4
-2 45 7
27 8 0
-21 -17 -1
-4 -15 -80
-20 -36 -71
-21 -54 43
-20 -25 22
49 -50 -12
-5 -1 84
-25 61 -47
31 34 1
29 -7 23
27 -39 1
-6 -49 -6
-13 -2 -97
-10 64 -29
-7 34 84
-27 72 -77
-20 -33 -13
-20 -34 -38
1 -23 -37
46 29 18
27 -58 18
-28 74 13
-22 13 -3
32 -68 -36
-24 51 70
40 22 -17
-7 -62 -34
57 -68 2
8 10 -21
-22 9 85
-2 -34 65
-3 -66 39
-6 45 -77
-23 30 -55
27 57 -19
-26 57 -91
-14 60 100
47 -34 17
27 -13 -16
-8 -54 99
6 12 -50
-21 -3 -38
51 -9 -2
-7 -51 14
-12 68 21
-21 -53 79
-26 -67 10
-26 75 -9
-4 -42 -50
-9 29 -87
3 0 62
-2 45 47
4 30 -21
-24 42 -82
32 57 17
-21 -51 -27
-4 -42 49
-24 52 0
-22 9 30
-25 57 38
-13 4 100
-25 34 99
-21 -48 26
6 -8 30
-25 75 82
41 4 20
43 -18 -16
-15 75 -42
-23 29 56
-23 29 -16
-21 -3 -10
-21 -17 80
-20 -33 -55
-2 -35 13
-25 75 50
-19 -42 55
4 -15 -23
-25 58 54
27 12 -16
-1 14 -68
-22 -25 97
-21 -50 -81
8 15 34
-22 -34 -97
35 -59 37
-23 25 -37
-21 -17 55
4 -14 8
-22 9 -82
-24 44 -47
-8 50 86
-6 54 -64
50 14 -8
47 57 3
-3 48 -31
35 -47 -19
-20 -20 -75
-15 75 -19
1 30 62
4 14 55
39 -49 21
-21 -51 -65
-19 -55 1
27 -53 -5
16 15 11
-14 65 -97
-8 -53 -88
-11 67 63
-22 17 14
43 38 -15
-25 57 -75
-25 58 -32
35 -69 -15
-22 14 66
-24 44 28
4 -15 -54
-13 43 98
14 5 -9
-21 0 52
-8 60 -15
-25 35 -96
17 -69 -10
-8 -54 -20
4 31 32
-6 54 17
-1 42 -56
30 21 8
0 -29 35
-24 41 12
-11 13 -97
3 32 0
33 -21 23
54 -64 16
-14 73 92
16 -61 33
-10 -24 -97
-21 -48 -12
-25 61 83
-7 18 87
-19 -38 84
-8 59 33
41 -34 -16
-21 -11 22
-24 15 98
-2 -29 78
0 -29 -19
-2 -29 -77
-22 11 -68
54 -67 -12
1 -62 -4
-6 -2 -85
-24 43 -15
31 -5 -4
10 -61 -25
-8 -54 -58
39 -69 15
-25 63 -62
-23 29 42
19 -69 14
27 27 -11
-10 -9 97
-11 -69 -10
27 -3 9
3 -61 13
-8 -36 98
37 -58 -27
31 -69 26
-15 75 -85
-27 75 -53
-17 -68 -26
-4 -41 -69
27 44 -7
-20 -18 -35
21 -60 -39
-20 -36 33
-23 35 85
8 14 -37
51 -23 6
5 -10 45
51 41 7
-25 66 1
-10 65 -52
27 -30 12
-21 -6 -56
10 -67 43
-21 -54 95
-21 -7 -87
7 -3 -49
-24 -69 -3
-8 -53 41
-24 6 -95
-7 -69 17
-14 73 -72
-8 -54 -44
-17 76 72
27 -50 9
-20 -32 -84
-21 -50 66
4 26 -54
46 16 18
-14 74 43
27 45 9
-6 54 -1
0 41 -41
-14 74 10
-4 24 -75
-21 -51 13
-27 61 98
-24 41 61
1 38 21
-20 -26 10
-25 64 27
51 -36 6
-23 27 -86
8 -1 2
0 -16 -68
27 8 15
24 -69 0
-11 54 -89
-26 47 -97
51 42 -6
19 -69 -27
-1 -30 -47
-20 -27 -27
38 57 -6
-20 -25 -64
51 -57 -1
-3 37 72
49 2 -11
-3 -39 -13
-8 -53 76
-19 -39 -24
27 28 18
-20 -19 68
-20 -19 34
-6 -62 28
40 38 20
4 -12 59
-21 -4 2
-27 69 -20
-22 1 -26
-20 -30 56
-26 75 -65
-9 -12 -93
-12 -42 -97
27 0 -19
-5 -14 86
22 17 -5
-3 4 -75
-15 29 -97
-19 -37 20
-19 -46 -40
7 23 6
10 21 -18
-5 -45 -80
38 53 -18
-15 75 -6
-15 75 55
-7 57 72
4 -69 4
-24 50 -25
-22 18 -59
-23 20 35
27 -31 -7
-20 -30 -1
-21 -14 -66
-21 -6 82
1 -25 10
-2 -35 25
-17 -55 54
8 -1 -16
-3 -39 -39
5 -10 18
2 35 -11
-23 20 82
51 26 8
-12 70 32
-23 22 -47
-4 24 78
-26 68 -87
-9 62 -41
49 -58 -19
-27 71 -42
45 -58 25
-22 3 40
-6 55 57
33 -24 -19
-22 8 -13
5 -61 -34
-5 -44 70
-21 -15 11
-16 -63 11
-23 36 -71
3 -20 -13
1 39 -26
-20 -19 -12
-7 -51 -32
-25 61 65
8 13 23
-22 3 76
-24 40 72
3 -18 34
7 -61 -14
47 -9 -14
4 -14 -43
-4 -42 1
-2 -6 75
-22 75 23
-23 24 -26
51 -3 8
-6 54 43
15 -61 22
-19 -41 44
-14 73 -31
-23 28 13
-22 8 -37
22 -60 9
-9 40 -87
27 -19 -7
20 -69 26
35 -69 -26
-21 -14 44
41 -6 20
-10 64 11
48 27 -13
8 17 45
-6 -25 -87
48 -69 9
51 -43 -2
-19 -41 -4
2 -22 61
-24 2 97
36 57 8
-10 64 -64
-25 67 42
51 -18 -6
-23 35 -43
2 36 54
5 -69 -28
37 28 22
-21 -45 -92
-8 -54 89
-3 6 76
38 -38 21
-5 -34 88
-2 -33 44
28 -60 29
-7 -51 53
27 -59 -29
-27 69 91
-20 -26 85
-24 54 -57
-19 -45 -57
-23 -9 -97
-25 45 100
-11 -19 100
44 -69 -10
-23 24 -7
-5 46 77
-11 31 95
-11 -54 23
5 -69 35
-18 -55 34
-5 53 -21
-7 -52 3
37 -69 36
-8 8 90
-22 4 63
-7 57 -74
-1 -32 55
44 11 -15
-12 -68 34
-6 -45 93
-5 -62 -13
-7 -69 -24
-24 41 38
29 -48 23
32 -69 9
9 4 34
-25 67 76
-24 42 -2
21 -60 -10
27 -20 15
-3 -5 -76
-3 39 -69
-10 59 90
35 49 22
0 41 38
-15 75 82
2 9 -60
27 -42 -15
9 4 -30
-20 68 100
8 5 -43
-1 -61 -26
25 -69 -18
7 -2 52
-22 8 21
-24 49 80
31 24 -1
-6 36 -78
-22 17 25
42 -23 19
-5 -45 22
-17 76 -96
51 -13 8
9 -69 14
3 -18 -1
3 32 12
-19 -45 91
-16 -55 -38
32 27 -19
27 35 10
-23 20 -17
-9 -62 -3
-19 -40 67
2 9 64
47 -46 17
-21 75 1
27 -29 22
6 26 -30
39 -57 -18
15 6 9
21 -69 -38
36 -12 -19
-8 -1 93
-25 58 9
54 -57 -10
-1 42 -5
7 21 -46
56 -60 7
-9 4 -91
-19 -55 -73
10 -69 -17
27 55 10
-25 66 16
1 -24 -27
6 -61 29
-21 -9 -30
-23 25 90
-22 6 -60
30 -69 -7
-22 2 -46
-19 -40 -47
27 55 -10
-22 17 -85
49 -37 -12
-23 36 23
-18 -69 17
51 17 4
-23 21 6
-23 66 -97
-25 66 -10
-12 68 -15
35 -57 22
6 27 -12
-21 -10 -78
-21 -34 93
-22 -16 100
51 49 1
-21 -11 74
-24 40 -58
-20 -25 -41
2 19 62
8 22 27
2 -69 -38
33 -59 -35
-11 -53 -97
-20 75 63
48 -1 17
-5 -45 -19
-18 75 -51
-14 53 -97
16 13 -12
47 -26 -14
-24 55 27
-2 -20 79
-19 52 100
-17 -16 -97
-15 -30 100
-16 -55 71
27 5 -9
2 35 -51
-4 -40 -58
-6 55 -36
-2 46 56
-18 -63 -5
-23 33 32
-4 -42 61
31 44 1
6 -6 -25
27 47 -18
51 55 12
-1 -31 -34
-24 49 -73
-24 50 -9
-21 -9 57
-3 -38 37
-21 0 28
-22 4 0
23 -60 -1
40 56 20
-6 -45 -92
-12 -54 -11
-23 33 65
-20 -25 -55
-21 -5 45
-3 47 20
35 13 -19
-19 -46 37
-3 -69 -7
-22 13 75
-22 15 -76
-18 -4 100
-22 10 10
21 18 4
36 42 -18
-11 -62 -20
27 36 -10
46 -69 -1
30 1 23
51 1 0
27 -40 10
27 -26 0
-18 -69 3
2 17 -59
0 39 64
4 25 56
27 -44 -6
6 -69 -10
-21 -10 -45
-25 65 -71
-21 0 -81
-26 68 55
-2 -62 6
-23 32 -27
-6 55 -55
48 39 17
-10 19 -91
-21 -26 -97
16 -69 0
-11 67 72
-8 59 25
29 -69 35
14 5 0
16 -61 41
-19 -45 -71
14 -69 36
27 -52 -18
51 56 -4
-12 68 -88
-16 -47 100
-19 -55 -17
-22 75 -25
27 51 22
-19 -55 -87
-2 -34 4
-21 -1 89
31 -10 6
-13 -63 23
7 -5 39
-20 -18 89
-11 50 93
-19 -43 78
-25 64 -39
-21 -7 -17
-14 -54 -80
1 -8 67
-23 24 50
3 -11 -61
-24 54 -83
14 9 17
24 -60 40
4 -62 39
2 -21 -62
-23 35 50
48 -54 17
7 24 40
-9 39 90
-8 26 89
8 0 24
-6 -47 -41
13 20 17
-19 75 -78
-5 -45 41
39 -65 -32
-11 67 41
-5 -45 9
40 30 -17
35 -13 22
12 -60 -38
-24 39 93
-14 -54 -65
1 -24 -52
-21 -11 -6
51 -69 23
-24 53 62
-23 32 -79
-22 75 -89
23 7 8
-15 75 18
29 20 -19
39 16 21
-24 48 21
-23 28 -66
-19 -42 -31
-6 -62 13
-3 47 -64
-6 -49 -65
-23 22 60
-25 57 91
-3 -62 21
-24 51 44
51 -28 12
-25 67 -28
16 -60 -16
8 10 40
-22 23 100
7 9 49
3 34 43
3 -17 53
49 7 14
-10 65 -73
4 -15 26
-5 11 82
-1 -30 20
-3 48 -40
-19 -42 -83
27 -16 22
-19 -46 -20
-2 26 70
1 -25 -69
-2 -69 27
-22 55 -97
27 18 15
45 -58 -26
-17 13 100
-4 49 -8
-16 75 100
43 -60 33
-15 75 27
27 -26 -15
-22 14 56
46 45 -14
-11 67 89
-10 15 94
-12 -54 82
-19 -41 -64
29 -13 -3
2 -21 41
-7 57 9
-24 55 -39
0 40 13
-24 51 11
-20 -27 36
0 0 -68
-20 -55 -58
-26 68 -57
-12 -54 9
8 -1 -7
-3 -38 -80
27 -2 -11
-25 58 76
-20 -28 64
28 -69 -28
-27 71 27
3 -18 14
-20 -55 86
-22 17 -34
-24 48 -33
-21 -7 10
44 -42 -15
-24 47 -90
-25 58 -4
-23 37 -51
-20 -23 49
-20 -54 20
-22 13 39
-20 75 -13
4 -16 -33
11 -69 7
-24 56 -67
-25 62 -82
-21 -14 -84
8 -3 10
20 9 -5
13 20 2
-16 76 36
19 -60 -31
-2 -22 -76
-12 68 -37
-26 68 34
-3 -36 75
-18 -69 -15
-8 53 -81
8 15 -27
-22 -63 21
0 -23 73
3 34 -32
-21 75 -70
-17 32 100
25 -69 21
1 37 6
-21 -2 -64
21 -69 34
15 -61 10
51 34 6
-23 21 42
-21 -1 21
-12 70 -47
-4 50 37
6 4 -51
1 -69 18
-22 6 -73
51 -44 6
43 -69 -17
15 -69 21
27 -10 13
-23 23 20
-20 -19 -28
-23 34 8
-22 1 -88
-20 -32 -46
-20 -25 -7
-15 -54 -25
-24 52 -46
-4 12 -75
-20 -25 -86
-4 50 -71
-1 44 -48
1 34 -58
31 10 23
-1 -30 -55
4 31 25
-8 -53 34
-21 -17 -57
50 22 -8
27 -46 1
18 -69 -18
35 -40 -19
-23 32 -7
-22 15 89
-8 60 65
51 20 12
-17 8 -97
39 -69 8
51 -36 -2
-22 -63 1
-7 19 -83
8 22 -39
-8 -16 94
-21 -48 -4
-8 60 -3
14 -60 -6
-22 1 -54
31 7 7
30 34 23
-20 40 -97
0 -8 -67
-19 -46 3
-23 34 -89
40 -30 20
-6 -10 -85
26 14 9
1 37 -18
30 28 8
-3 30 -72
-20 -48 48
-14 73 1
-5 53 -14
5 -11 -16
33 57 -14
21 -60 25
51 10 -2
13 4 -16
-24 75 71
-15 -63 30
-21 -50 57
11 -69 -25
-8 -36 -96
-10 -69 -17
-1 2 71
0 23 -63
21 -69 7
-12 -69 -2
-21 0 -16
50 -41 12
52 -69 -4
-2 -13 76
51 -29 1
27 -32 4
-3 -69 8
-23 24 67
-22 11 -43
-22 75 43
-25 75 -83
-12 -63 4
-11 61 -90
-7 -69 -32
-20 -32 -62
-26 53 100
-11 -54 -2
-19 -45 20
5 -61 21
-4 -42 15
0 -26 -11
-13 -10 -97
5 -9 -31
-22 -30 -91
-27 69 -49
-2 -34 -68
-23 75 -38
-7 57 -27
33 -32 23
-22 15 -10
5 7 55
-23 35 16
-6 -18 -87
-24 75 90
-2 -34 -27
35 35 -19
-25 61 -55
-12 37 -95
30 -64 40
-8 -29 -93
-26 -68 -10
-6 53 78
-8 43 84
30 -7 -19
-20 -25 -15
51 -52 -5
41 -50 -16
-20 -29 28
7 -61 8
-19 -46 84
-28 74 58
-8 59 83
-19 -43 30
41 -6 -16
50 36 -9
0 -28 66
-24 10 93
50 34 13
51 -61 22
-20 25 -97
-21 -14 62
-26 40 -92
4 31 -46
27 -48 -12
-23 35 -20
40 -25 -17
5 -4 -55
36 -69 22
-23 22 -80
-12 70 -78
-27 69 9
-23 75 -46
40 57 13
-3 -36 -3
-22 7 -21
-5 -43 -7
-25 63 -23
-19 -37 51
-23 32 78
-6 28 -81
-6 54 29
-11 67 -8
49 -21 14
-7 -51 69
-3 47 -24
-25 57 47
-24 51 36
-3 47 0
31 39 7
-4 50 12
46 -69 17
51 37 -1
-19 39 100
-24 47 -54
-20 -31 -19
37 -69 -7
-19 -40 -77
30 29 -5
51 -50 1
-19 14 -97
-8 -69 25
-25 28 -94
-21 -12 51
40 57 1
27 -9 -9
51 -15 0
-22 6 47
52 -68 -18
-21 -17 24
-21 -12 86
-20 -29 -73
-20 -32 -31
-24 52 -18
-5 -44 -34
-23 35 -64
-26 -69 3
-5 4 -81
-17 -48 -97
-6 -47 -54
-4 -32 -84
31 8 -19
34 -59 29
43 57 -13
-8 -63 35
-8 59 -48
-4 49 -53
5 -9 -51
-13 70 -65
54 -69 12
50 -7 13
-24 41 82
-19 -47 -48
8 0 -25
-28 74 -2
27 -56 12
-23 22 -90
0 -28 26
-27 71 20
27 -55 2
-14 -54 -54
-15 -62 -28
-8 46 -83
