-4 -34 -21
3 72 105
2 72 -106
4 -66 105
4 70 0
2 -66 -106
4 3 56
-15 -89 23
4 5 -80
-4 21 -27
-5 63 52
-7 69 -53
4 -52 54
-6 20 105
-2 -67 -57
-4 29 19
-4 -23 92
-21 -90 -21
4 -23 20
-6 -25 -106
7 -68 -2
4 -28 -58
-5 34 -106
4 40 -71
4 38 76
4 4 0
4 51 -28
-4 -1 -49
-4 -44 -83
-4 -53 22
4 33 47
-7 -66 77
-4 -25 62
-5 -67 -28
-4 57 25
-6 3 -106
4 67 78
2 72 -78
-4 2 29
-7 47 100
-4 5 82
-4 39 -6
-4 -8 -24
8 -41 3
-4 27 -51
-7 -89 0
-4 -18 -79
4 -46 91
1 -3 105
4 -49 -42
4 -66 -81
-4 53 -90
-4 -22 -2
-4 -32 40
-6 72 -25
-6 -67 39
4 48 -50
-4 21 63
14 -88 -7
4 -44 -104
-4 -23 -40
-4 25 -87
-4 -44 71
-4 -53 -12
-4 -47 -62
-4 -12 45
4 -13 76
4 50 8
4 71 37
4 -10 -97
-4 17 41
-4 18 -69
4 -9 -64
4 21 -9
-6 -37 105
-4 56 -66
4 21 86
4 48 60
4 6 -34
4 50 40
4 13 16
4 51 -106
4 -30 -91
-5 -67 59
4 18 -106
-4 57 -10
-4 39 -37
-6 72 15
4 68 -39
-7 64 92
4 51 88
4 -31 80
-5 -67 11
4 -53 37
4 35 -21
-4 -9 10
-6 -58 -93
-4 -89 -18
-4 -35 13
-6 -58 95
4 33 104
4 13 -55
-7 70 -92
4 -19 -15
-4 53 74
7 -87 9
-4 -50 -28
4 7 -18
4 38 -93
-4 -52 5
4 -66 26
4 42 26
4 -40 26
3 -67 -42
-6 72 66
-4 -37 -48
-4 25 4
4 -9 -39
4 -38 -71
4 -56 69
4 -19 105
4 -11 32
4 21 -40
4 -35 55
-4 -16 -54
-4 -9 64
4 -5 89
-4 -5 -9
-4 33 34
-6 -58 -73
8 -16 6
4 57 105
4 -51 105
4 20 30
4 -34 -36
-4 36 62
4 6 -97
-4 3 -65
-4 32 92
4 54 -78
8 -32 -10
-20 -88 9
-4 40 -59
3 -67 -15
4 -66 89
4 69 -15
-4 9 97
4 0 71
4 71 -64
4 5 42
-4 -39 -4
4 16 74
4 -33 97
4 -16 55
-4 39 9
-4 -4 -87
-6 -11 -106
8 -52 -5
-4 55 -42
4 -20 -29
4 27 -77
-4 61 5
4 -55 -55
-6 -37 -99
-4 43 48
4 -50 -91
-4 61 39
4 -66 48
4 63 -88
4 68 23
4 47 -14
-7 60 -105
-5 -54 -106
4 71 58
-17 -88 -9
-7 71 -8
4 -3 18
-4 -23 -66
4 -45 -20
-7 -59 -39
-4 25 77
4 62 -54
-4 43 -80
-4 -23 31
4 -80 -6
4 72 92
-4 -87 16
-7 71 30
4 -46 15
-4 -45 42
4 21 53
-6 -67 -3
-7 16 -99
-4 5 9
-4 12 -5
-4 -19 -92
4 -64 -68
-4 7 64
4 27 -64
4 -9 -77
-4 -31 -79
-4 11 -42
6 -28 9
-6 -58 48
4 -50 -76
-7 45 -99
4 -59 15
4 18 99
4 -25 46
-4 58 -22
-4 28 -14
-7 -15 102
-6 72 82
-4 -38 88
-4 -23 76
4 -55 83
-5 72 45
4 17 -90
-4 -44 58
4 36 -46
4 16 3
4 -59 -26
-4 11 53
4 -18 -106
-4 62 -79
-7 71 -70
4 32 -2
-4 -10 23
4 -66 -94
-4 13 -81
4 40 93
-4 -22 12
4 -22 -48
-7 64 -34
-4 7 -26
4 61 63
-7 62 104
4 -40 -56
-7 -48 100
4 56 51
-4 -6 80
-4 -48 -50
4 49 -62
4 28 67
-4 43 -21
4 -32 -105
5 -13 -5
-4 41 85
-4 46 18
-4 -28 -11
-4 48 32
4 60 15
-4 -4 53
4 28 -101
-7 -62 29
-7 -59 67
-4 54 -55
-4 -44 -37
4 -30 68
-4 17 -15
4 -26 -73
4 63 -28
-6 -66 -85
4 9 31
4 -20 85
-4 -35 -64
3 45 105
-6 72 3
4 61 95
4 -66 76
4 -4 -15
4 32 10
3 -4 -106
4 -9 -53
-4 13 23
-7 34 105
4 61 32
-6 64 74
3 72 -49
-6 -25 105
4 -59 97
4 48 -39
4 11 90
-4 33 -73
-4 -2 39
4 9 -69
4 -38 44
4 33 -34
-4 -1 -77
-7 -61 -19
8 -25 -1
-4 -12 -70
-4 -2 -33
4 67 47
-4 -47 82
4 40 -105
-4 -47 -97
-6 -61 105
-4 -13 -34
4 62 -70
-4 27 49
4 -37 -83
4 -41 66
4 24 -19
-4 -3 95
-4 46 -69
4 -30 34
-4 49 -3
4 -1 -26
4 14 -27
-4 -33 24
-4 33 -27
-4 55 61
4 55 -95
3 7 105
4 -56 -101
7 -57 4
4 70 12
-4 -24 -22
4 31 29
4 5 -44
-4 7 -91
4 -19 -85
4 57 -17
4 13 63
-4 2 -17
4 -6 46
4 -63 38
4 17 -76
4 22 42
-4 -44 32
-6 -67 -68
-4 58 83
-7 -64 -48
-6 26 -99
-4 27 -41
4 -3 8
-4 18 -58
4 -44 77
-4 16 86
4 32 86
-4 -44 -72
-6 -58 -62
-5 72 -41
4 -18 67
4 47 -88
4 33 58
5 -42 -7
-4 -31 4
4 -44 -32
-4 -6 -58
-4 7 -56
-4 -27 -53
5 -76 4
3 -40 105
4 -62 58
-4 16 11
-4 54 93
4 -30 -24
-4 -32 -32
-7 -66 -101
4 60 -5
4 43 -4
4 -59 -36
1 -89 -10
-5 -5 -98
4 49 70
4 2 97
4 -13 95
4 -16 41
4 39 39
-4 47 -32
4 51 20
1 -67 67
4 24 16
4 69 -97
-4 45 -46
-4 -35 63
-11 -90 9
-4 43 70
-4 33 71
-4 -28 84
4 -52 -64
4 39 -81
-4 -15 -14
-4 -34 51
-4 -10 -43
4 -52 26
-4 55 13
4 -1 34
4 35 -11
4 -32 -49
4 -40 -92
-4 23 96
3 72 70
-4 -41 -14
4 -33 19
4 29 -87
-7 70 -102
-6 -43 -106
-4 -34 -90
-7 64 -62
4 -11 -26
4 -18 -57
4 -2 -91
4 38 -56
4 58 -44
-4 -23 49
-4 35 -90
-7 -59 84
4 40 17
-4 3 18
-4 -13 90
-4 -3 1
4 -12 16
4 22 -53
-4 29 -61
-6 -67 90
-4 -54 -85
-7 71 -81
4 6 -106
4 -8 61
4 11 -9
4 9 81
4 42 52
-4 55 47
4 2 -62
-4 12 75
-4 -56 38
4 54 78
-4 9 -73
4 50 97
4 42 -29
-4 -11 36
-4 -34 73
-4 14 32
-4 -42 23
4 -47 46
-4 38 26
4 25 -29
-4 35 44
-4 -13 73
4 28 77
4 -25 59
-4 24 30
-4 -19 22
-4 29 -5
-4 45 58
4 -19 -66
-4 -56 -3
14 -89 2
-7 2 103
4 -61 -7
3 72 -31
4 51 30
-5 -67 20
4 -25 -37
4 18 -64
-4 -23 40
-7 71 56
-7 71 105
4 -66 -51
-4 16 -34
-6 64 -45
-4 -45 11
4 -2 -71
4 -54 -14
3 -30 105
4 61 -102
-4 7 41
-4 3 73
-4 -15 58
4 6 22
4 -56 -83
4 45 82
4 -4 -6
-4 25 -78
4 60 41
4 12 48
-4 -49 64
-4 32 83
-6 63 17
4 -19 -94
-4 49 -14
4 -38 85
-4 -32 97
-4 62 -88
-6 -66 -12
6 -87 -2
-6 -58 58
-6 -58 12
-4 35 53
-4 36 -51
4 -22 30
4 5 11
-4 -12 2
-4 51 -77
-4 19 -48
4 -40 -46
4 29 96
4 40 63
-13 -87 -17
-5 -67 48
4 72 -88
-6 11 105
4 62 5
-5 72 96
4 -49 7
-4 -40 -56
4 25 4
2 24 105
4 20 -98
-7 -17 -100
-4 -49 92
-5 -26 -98
-7 -87 -9
-4 72 -17
-5 51 -106
-4 51 5
-4 -1 62
-4 4 -7
4 3 -53
4 40 8
-4 21 -7
4 16 -47
4 32 19
4 -42 34
4 -23 77
4 -44 58
-4 -42 -24
4 64 86
4 60 -62
-4 72 -61
-2 -89 6
-4 -56 -54
-4 21 -106
-6 63 61
4 -46 -84
-4 48 41
-4 35 -19
-4 -32 -41
-4 -48 51
4 53 0
-4 3 48
4 -9 -86
-4 34 2
4 -20 12
4 -35 -63
4 -38 12
4 -28 90
-4 -50 -42
-4 -26 -86
-4 48 81
-4 3 -40
2 -67 97
-6 64 -16
-6 -58 -27
3 -67 18
-4 -55 77
4 64 -79
-6 -6 105
-6 54 105
4 -28 -81
-4 28 58
4 60 73
4 -38 -26
-4 62 -3
4 21 62
1 -67 5
4 3 88
-4 14 3
-4 -30 -71
4 46 -77
-4 -12 -86
4 -6 81
4 -17 -40
4 -18 -75
-4 21 20
-4 46 -54
-4 40 93
8 -33 -1
-4 -27 18
4 -59 31
4 27 -46
-5 -67 -76
-5 -67 -40
-4 -48 -4
4 -38 -14
-7 -60 4
-5 54 -98
-2 72 23
4 -8 69
-5 3 -98
4 6 -88
4 -52 -32
-4 -23 -32
4 35 -64
3 -67 -34
-4 55 -34
-4 43 -88
4 54 -70
-4 -16 -24
4 -66 -24
-22 -88 17
-6 36 -98
2 72 -9
-7 -66 98
-1 12 -106
-6 63 31
8 -19 -9
4 -10 104
0 16 105
-2 43 -106
4 -46 99
4 -48 69
-4 17 -92
-4 -4 -70
-4 -9 -77
-4 -17 83
4 -16 24
-4 26 -68
-4 41 38
-6 -66 69
4 -8 25
4 -1 -37
-4 42 2
4 4 64
4 17 23
-4 -49 -20
-4 -19 -47
-4 51 54
-4 -53 31
-5 63 -98
-4 72 74
1 72 30
-4 -67 -94
-4 62 -55
-4 41 105
2 64 105
4 -27 -14
4 -23 98
4 -60 -44
-4 62 -71
4 -59 105
4 -60 -90
-4 -17 -62
4 -42 -77
4 58 -34
4 25 24
-4 39 76
4 -38 73
-4 31 9
4 54 -10
4 -3 -48
-4 -1 86
-4 -13 16
4 -12 -12
4 -34 -97
-4 27 -32
-4 51 -26
-4 -49 -78
4 16 35
-4 26 88
-4 7 -34
4 -5 -32
0 72 52
4 72 -56
4 70 -24
-4 -27 69
-4 48 -62
4 31 40
4 -45 -69
4 -46 -97
4 14 -37
-22 -88 -14
-4 -15 -5
4 -47 0
-4 14 -24
-4 10 -12
-4 7 1
-4 -42 4
4 -62 -75
-4 36 17
-4 25 42
4 -59 -62
-1 -46 105
4 11 56
4 11 -62
-4 10 -63
4 -9 53
4 -47 -58
-4 19 70
-4 -37 80
-4 -41 -92
4 56 -86
-4 47 91
-4 9 89
4 22 71
4 49 -21
4 -52 -24
-4 57 68
-2 -67 -20
2 -25 -106
-4 -53 105
-4 -32 -106
-7 -60 20
-14 -89 -23
4 68 99
4 71 84
4 65 -47
-7 16 99
-7 67 9
-5 72 37
-15 -90 15
-4 -42 97
-14 -87 3
4 55 -51
-4 32 -80
4 43 45
4 -27 -31
4 68 64
-4 -24 5
-4 9 -49
-4 56 32
4 61 22
-4 20 48
-4 47 11
-4 24 11
-4 14 62
-4 -38 -78
4 -60 -19
4 31 -57
4 -34 62
4 -54 47
-4 31 27
4 20 80
4 42 -20
4 41 -40
-4 -1 -26
1 72 -71
-4 42 -13
-4 26 69
2 -11 -106
0 -67 -9
-7 71 89
4 48 -95
4 -2 -84
-4 -33 31
4 -30 27
-4 48 25
4 14 -20
-4 28 -21
0 -48 -106
4 0 81
-4 -4 18
4 13 -98
4 -10 8
-4 -16 64
-4 39 -69
-4 18 -76
-4 -50 58
4 42 -62
4 -2 -98
4 -50 77
-4 -44 -44
-6 72 -32
4 7 -25
4 28 -11
2 -84 3
-7 65 45
-6 -67 4
-4 -52 15
-4 -18 -106
1 -38 -106
-7 26 102
-6 63 -27
0 72 8
-6 -58 -80
-6 -61 -106
4 -62 82
4 24 -91
-4 -19 -72
-4 60 97
4 13 -84
-4 -5 45
-4 10 17
-1 29 105
-4 56 -84
4 38 83
4 -28 52
-4 51 -48
-4 -16 9
-4 -39 -29
-4 -41 48
4 -31 -42
4 -60 44
-4 -31 56
4 34 70
4 -57 23
4 -12 -47
-4 53 86
4 14 84
4 19 9
-4 -10 -50
4 18 -14
-4 -10 96
-4 -13 29
-4 -20 -9
4 -23 -100
4 57 84
4 -53 93
-4 -52 45
-4 40 -27
4 -41 49
4 -49 -51
-4 -28 46
4 -40 96
-4 49 67
-4 -35 -11
0 51 105
-4 65 -106
8 -18 0
4 33 -106
-7 -60 -11
7 -88 -11
-7 65 84
4 -60 89
-6 -4 -106
1 -87 12
-7 10 -102
-7 27 -105
1 -67 42
5 -72 -6
4 10 7
4 54 66
4 25 34
4 28 52
4 -16 -21
4 -53 18
4 47 34
-4 -49 -90
4 41 -50
4 21 -71
4 47 16
-4 20 82
-4 -6 -37
4 -30 41
-4 -25 -76
-4 -28 -18
-4 21 -20
-4 -49 38
4 38 31
4 -48 62
4 32 -41
-4 21 37
-4 -22 -57
-4 34 -42
4 45 89
4 -2 41
-4 34 -11
4 62 -12
4 11 -2
4 -49 -10
0 -67 -100
4 58 -24
4 64 -20
4 -13 -70
-4 4 58
-4 48 -94
4 72 43
-1 -67 81
0 72 -93
-4 72 -3
-6 -21 98
-2 -67 104
-4 -55 -34
-12 -90 -5
-7 -55 -100
-10 -88 20
-1 -87 -4
0 72 -100
-6 32 99
1 26 -106
2 -67 -87
-1 -67 74
-7 -64 -62
-4 -54 -69
8 -23 8
-4 56 0
2 -67 33
4 29 -70
4 -18 47
4 -20 92
4 -18 35
-4 33 -66
4 -64 10
-4 -8 88
-4 -9 -64
4 3 29
4 47 -68
-4 53 19
4 31 -27
4 6 51
-4 21 -39
4 34 4
4 39 102
4 31 -17
-4 -3 8
-4 -5 33
4 24 -3
-4 -8 -31
-4 2 -58
4 -4 -59
-4 19 -2
-4 5 -79
-7 -49 -102
4 43 73
4 42 -98
-4 31 64
4 -49 85
-4 23 54
-4 61 -40
-7 -62 -54
-4 -45 88
4 65 70
0 2 -106
-4 -30 91
-4 -6 59
-4 -3 -43
-4 -10 51
-4 -37 2
-4 41 -75
4 -56 -72
4 46 -44
-4 -39 40
4 62 53
-4 -16 -40
4 65 -59
4 -37 37
-4 -34 -54
-4 -53 84
4 53 13
4 -32 -69
-7 -66 -34
-4 -54 -48
-4 -50 -56
-6 64 23
-1 -17 105
-7 -63 53
-4 -32 -95
4 -66 -62
-6 63 -10
1 72 17
8 -62 -2
-7 -61 -87
3 65 -106
4 -63 70
-1 72 -85
4 12 102
-8 -61 -2
0 60 -106
-7 67 38
-6 72 -47
-4 60 -49
4 -63 63
-4 -35 -84
-4 18 -86
4 54 59
-4 -55 -21
-4 39 32
4 28 -51
-4 -25 -46
-4 -17 39
4 -24 66
4 -47 20
-4 -42 77
-4 -48 76
-4 33 -36
4 -46 40
4 53 -43
-4 -38 -39
4 20 92
4 41 -87
4 -61 -56
-4 -67 26
4 -6 95
-4 3 34
-4 -27 -3
-4 9 -20
4 6 -75
-4 -2 68
-4 10 47
4 6 37
4 14 41
4 25 -58
4 -12 -58
4 -39 18
4 67 31
-4 -24 55
4 -61 51
-4 -47 -10
1 -67 -77
4 42 2
4 -3 55
-4 -4 -18
4 17 -3
-4 -46 17
-4 2 -90
-4 9 33
-4 -16 52
-7 53 99
-4 50 -9
4 -10 40
-4 -42 66
4 -56 59
-4 -27 25
4 -24 -22
-4 -13 -93
4 16 -70
4 -1 -78
-4 -5 74
-1 -67 -51
4 65 -6
2 72 76
