154 214 195
70 40 56
182 39 196
70 206 53
182 126 84
70 111 171
70 204 150
165 214 53
137 52 117
182 127 174
70 126 84
99 39 200
182 41 51
182 191 127
129 88 50
122 159 50
119 151 200
70 53 131
122 214 108
142 88 200
182 87 129
97 213 200
70 152 133
70 167 189
182 165 50
179 171 200
118 39 72
135 52 167
181 90 50
123 214 157
70 189 100
117 214 53
70 100 124
81 94 50
182 140 129
73 157 50
182 52 99
70 75 199
70 72 89
154 129 50
178 52 154
182 82 185
182 214 163
182 214 91
99 106 200
182 172 91
182 168 160
152 128 200
94 52 162
127 188 200
182 88 88
93 214 84
155 214 136
155 40 75
95 52 105
88 214 120
145 41 200
70 78 159
150 181 50
98 61 53
84 137 200
158 64 50
70 200 185
121 121 50
145 214 80
70 144 165
74 161 83
70 40 181
112 68 200
98 179 200
180 109 200
70 125 53
182 202 197
150 160 200
182 100 160
70 175 155
182 114 112
128 57 50
182 191 68
182 64 70
125 214 186
151 214 165
182 134 56
151 52 143
96 194 50
182 140 200
124 120 200
70 125 139
160 40 175
109 52 138
67 184 128
70 134 111
90 46 75
71 69 58
159 214 107
70 103 198
182 52 127
70 100 93
164 61 198
70 185 70
155 102 50
182 147 101
123 187 50
157 155 50
70 74 116
89 214 174
182 114 138
160 188 200
182 165 123
73 161 108
181 214 138
127 52 92
156 52 100
141 206 50
71 214 98
182 105 69
182 57 180
180 40 75
182 151 74
70 89 71
182 76 157
120 39 189
70 102 148
182 189 171
182 152 178
100 214 150
182 74 109
77 52 200
182 145 152
132 214 131
118 90 200
165 87 200
71 52 108
182 214 68
182 214 114
70 208 76
87 139 50
70 143 68
134 61 197
96 156 200
173 114 50
70 129 185
182 191 149
70 53 153
111 100 50
70 64 180
137 143 50
92 214 57
76 181 50
70 74 138
70 54 73
171 187 50
182 193 89
158 52 121
70 85 181
143 109 200
70 202 118
109 214 124
76 214 199
80 190 200
114 52 173
182 69 50
182 104 180
107 134 200
70 113 109
131 52 145
70 109 71
182 68 199
182 204 50
173 214 184
70 182 177
90 52 137
140 115 50
114 52 108
99 175 50
137 50 75
70 145 92
182 83 68
168 52 85
95 58 199
182 69 90
182 95 111
166 214 151
182 106 93
105 52 86
108 214 173
100 39 181
140 201 200
182 66 140
182 174 141
70 149 185
168 152 200
182 195 109
98 214 105
182 118 156
70 162 171
143 177 200
132 137 200
70 209 168
164 40 199
157 52 161
182 173 69
136 214 96
166 47 56
162 109 200
139 165 50
117 203 200
133 214 67
141 214 147
141 214 115
95 155 50
182 176 108
70 213 133
127 167 200
182 39 178
118 139 50
182 173 183
70 128 157
113 52 156
174 149 50
81 57 50
157 198 50
70 170 138
70 94 164
151 73 200
167 52 139
70 89 108
169 214 125
162 214 90
70 178 87
70 165 67
108 214 67
70 156 154
83 169 200
64 149 116
80 89 200
64 136 129
182 156 138
136 73 50
168 125 200
182 96 143
74 153 200
109 214 88
81 51 175
182 123 191
109 50 58
170 213 200
172 52 113
182 130 102
126 52 130
182 123 68
137 214 174
70 176 111
70 53 92
181 89 200
84 121 200
181 187 200
113 47 200
73 115 127
141 51 57
170 52 171
182 72 125
70 141 143
70 194 84
182 86 168
70 195 163
78 214 65
70 109 51
148 145 200
182 154 193
167 168 50
143 52 92
76 39 72
73 115 189
113 64 50
85 52 89
128 46 200
64 198 133
70 85 56
70 69 73
145 39 177
168 134 50
182 127 118
73 61 165
182 130 140
70 184 143
103 39 75
182 72 174
159 214 180
86 39 192
182 53 60
182 203 179
70 125 99
180 53 200
126 202 50
70 127 199
135 151 200
137 191 50
70 86 145
182 106 125
161 79 50
148 58 200
126 102 50
70 101 184
80 52 119
182 157 89
70 127 69
71 114 156
129 211 200
182 205 150
168 214 167
164 171 200
70 139 53
182 142 86
70 167 95
182 80 143
116 175 50
154 39 188
76 214 112
70 87 87
99 72 200
70 180 198
128 106 200
167 39 67
112 214 193
182 54 85
72 39 197
153 45 62
181 61 165
182 137 70
83 195 50
142 214 188
182 202 76
109 186 200
139 52 134
102 90 50
70 199 65
181 52 141
182 146 116
172 60 54
182 162 110
182 180 54
126 44 175
161 139 200
182 61 116
85 214 101
182 188 187
70 86 126
182 139 180
70 127 171
131 131 50
79 214 85
70 113 91
154 214 120
111 120 200
182 131 155
182 104 52
182 152 164
138 123 200
149 214 97
74 161 123
67 189 116
153 142 50
108 129 50
82 214 185
70 68 101
168 74 200
147 52 172
70 56 56
104 214 53
103 93 200
152 97 200
134 78 200
182 199 139
157 202 200
70 51 189
142 88 50
182 208 126
121 214 138
134 179 50
143 39 71
146 214 67
106 52 118
182 203 99
182 113 170
70 139 81
182 75 78
182 137 166
122 73 50
118 177 200
71 199 200
159 214 64
88 84 50
128 52 105
182 159 150
144 52 159
96 142 200
110 155 50
82 52 152
70 213 187
112 202 51
120 134 200
159 117 50
182 178 120
182 70 187
71 99 58
116 52 80
98 73 50
70 171 52
70 63 122
182 182 161
182 150 62
70 77 171
70 194 52
70 61 144
182 119 97
70 112 139
170 202 50
70 127 123
119 214 96
182 122 55
120 58 200
171 214 106
130 39 72
167 214 138
182 182 77
182 184 98
70 182 164
182 115 77
172 39 184
98 50 175
153 52 80
144 214 128
170 52 101
182 39 63
182 97 78
88 199 200
146 61 51
108 191 50
112 161 200
145 153 50
182 192 51
182 108 148
70 151 103
64 101 135
171 97 50
156 52 51
130 213 53
80 116 50
181 214 194
124 52 160
134 214 161
182 91 99
70 199 107
182 162 77
182 163 62
155 167 50
71 138 200
81 210 52
126 147 50
83 39 178
113 52 127
132 39 188
73 160 142
70 190 191
171 199 200
123 214 123
70 172 76
147 192 200
152 52 131
153 214 147
182 166 171
143 213 200
116 52 95
105 52 165
182 214 56
70 98 82
107 147 200
182 79 58
70 103 105
182 144 140
166 99 200
70 90 194
70 66 191
182 177 172
70 80 100
71 115 61
70 171 126
129 199 200
182 203 64
182 214 80
162 179 50
160 52 150
118 88 50
87 214 74
112 214 145
143 131 50
74 59 84
153 209 51
70 206 91
182 89 156
182 93 188
182 127 130
116 40 175
182 187 138
182 79 195
182 65 153
182 195 162
70 138 175
168 52 159
123 214 175
123 50 57
101 44 66
95 131 200
70 52 173
92 95 50
117 111 200
83 61 198
90 203 51
70 141 155
182 153 127
85 156 200
182 103 104
70 194 176
70 154 64
98 214 117
182 92 62
70 75 184
72 159 182
70 79 78
164 144 50
182 214 103
84 110 200
70 133 92
70 196 141
182 99 133
182 200 118
93 214 158
172 214 95
149 118 200
138 50 200
160 92 50
70 178 187
182 85 116
182 174 130
121 52 140
138 165 200
70 120 180
182 115 182
70 73 149
109 214 107
70 79 67
70 103 160
140 99 200
125 51 76
70 139 120
182 204 87
102 204 200
84 179 200
182 162 184
76 79 50
170 49 75
182 57 50
160 52 173
182 157 99
70 150 81
182 95 121
70 155 92
182 54 74
126 170 50
148 214 179
168 52 124
87 211 200
118 214 67
182 133 191
107 59 196
167 123 50
106 52 102
143 214 57
170 185 200
79 52 137
65 101 115
130 214 144
179 214 173
65 109 125
106 39 192
95 52 152
141 52 147
80 52 98
182 52 110
182 99 197
182 126 163
182 63 98
182 176 152
182 96 174
138 188 200
141 132 200
70 138 101
70 90 155
100 166 200
70 173 168
181 61 191
72 115 81
175 77 50
182 51 190
147 195 50
159 188 50
102 214 132
178 128 200
171 159 50
71 185 58
82 52 162
144 39 190
182 112 62
92 214 94
121 52 150
74 161 162
70 119 164
144 214 157
114 110 50
182 143 50
149 52 107
98 52 95
77 214 125
70 66 158
70 99 68
181 52 169
182 69 61
80 49 75
155 88 200
70 53 118
118 39 199
135 214 106
74 206 177
165 214 116
66 92 118
106 56 50
150 214 110
70 170 178
149 120 50
178 60 134
70 94 176
159 52 112
70 208 67
182 199 187
182 135 111
160 120 200
182 123 147
173 214 159
173 161 200
70 166 150
90 214 110
157 150 200
158 214 156
176 214 146
73 207 141
174 61 199
78 144 50
94 52 86
70 165 199
182 117 128
182 79 92
182 167 101
153 179 200
163 161 200
182 143 189
74 204 193
127 93 200
70 193 125
70 94 139
182 156 51
173 176 50
176 129 50
66 144 135
92 40 175
181 118 200
133 214 121
70 62 133
120 214 198
169 134 200
70 77 125
70 110 181
182 181 87
182 63 80
131 116 50
140 214 137
182 99 88
169 115 200
70 151 171
74 59 100
64 154 124
119 56 50
71 146 194
133 157 50
171 40 175
70 156 190
182 113 87
70 47 67
178 59 145
116 214 117
114 214 165
182 111 190
182 123 108
182 134 80
182 76 134
154 41 200
70 150 55
182 191 117
134 174 200
182 82 105
89 148 200
182 203 165
70 168 115
182 103 115
182 165 193
108 49 75
71 61 64
94 47 200
91 56 50
149 111 50
146 173 50
70 115 198
70 144 111
74 59 113
91 101 200
175 146 200
178 60 91
70 162 131
70 121 115
74 160 73
172 39 195
72 115 99
123 52 170
131 52 154
130 128 200
158 54 200
102 214 97
70 121 150
70 157 116
138 45 175
182 41 187
84 39 67
172 52 147
70 209 106
74 131 193
70 138 187
70 196 153
70 89 97
125 158 200
175 211 51
154 52 89
74 59 186
182 180 65
182 108 163
70 84 116
155 168 200
70 175 100
182 138 97
132 115 200
140 45 64
82 39 200
182 62 126
116 214 130
182 214 183
100 49 58
161 214 189
73 132 58
123 52 121
168 87 50
137 58 50
180 61 107
125 143 200
98 207 52
73 164 57
79 145 200
74 62 199
70 147 126
182 167 136
70 130 148
70 213 59
70 185 81
70 170 85
182 157 68
182 128 93
172 176 200
92 164 200
182 144 172
145 52 125
97 51 77
76 214 75
164 42 75
71 62 51
160 52 134
133 52 86
70 106 85
70 214 83
86 52 200
142 52 102
176 52 93
106 42 175
103 116 200
73 114 118
70 111 147
66 94 129
70 47 200
115 194 200
136 41 200
164 214 99
70 82 137
182 195 178
70 210 160
182 73 100
182 114 50
126 179 200
70 118 71
160 214 169
74 60 153
182 138 120
70 182 94
173 91 200
182 183 145
142 155 200
182 195 60
140 141 200
182 102 62
149 206 200
112 39 183
70 128 132
175 48 56
162 206 50
174 214 132
158 39 67
99 214 79
182 48 180
170 53 50
74 98 193
71 207 125
70 153 163
106 213 200
166 111 50
152 52 152
96 214 125
160 214 126
114 52 165
182 207 189
79 201 200
70 63 90
135 214 183
128 56 200
142 183 50
165 195 50
176 82 200
114 214 185
132 214 193
161 51 77
90 39 199
67 191 134
71 176 58
116 142 200
174 106 50
92 52 170
182 127 185
70 87 169
182 166 145
182 105 138
70 126 108
162 214 144
182 182 179
86 214 90
70 82 191
113 129 200
174 139 50
182 182 193
178 45 200
143 214 168
70 105 190
182 183 130
70 135 72
182 75 117
182 130 65
182 213 153
182 69 166
70 184 108
70 201 171
182 111 101
70 106 64
182 190 80
182 85 177
106 214 115
182 165 86
182 154 107
147 214 139
116 165 50
94 39 75
182 48 68
70 54 142
182 86 138
182 75 67
135 200 50
79 64 50
70 136 135
163 58 51
73 77 58
182 172 55
115 83 200
182 207 108
78 41 58
77 52 84
105 52 155
182 52 119
77 203 50
94 39 192
146 52 83
182 82 50
70 54 164
105 65 50
175 40 67
84 40 75
71 159 99
70 42 75
70 68 166
130 68 200
147 44 75
64 197 117
70 52 181
70 211 195
77 214 92
70 193 72
70 149 141
171 214 175
181 58 158
182 112 119
153 137 200
182 45 58
182 73 145
182 149 93
182 102 167
174 101 200
182 82 80
166 145 200
182 175 99
161 214 199
70 96 51
172 214 117
182 207 141
70 199 93
172 39 75
126 39 196
164 39 186
182 149 199
179 214 122
70 68 81
181 178 200
148 163 50
118 149 50
182 197 170
74 172 193
70 122 91
70 188 159
89 52 95
182 141 64
70 174 144
175 206 200
162 131 200
182 135 148
182 195 198
78 160 200
70 151 70
182 197 95
70 200 73
182 184 153
182 114 69
70 183 151
182 82 161
70 201 83
182 175 78
70 102 175
70 96 101
70 106 97
182 143 108
182 100 97
164 203 200
70 169 162
182 151 187
104 159 200
182 82 152
123 132 50
156 61 197
138 172 50
74 106 57
70 55 199
175 52 163
74 72 193
138 42 75
77 44 175
116 192 50
182 122 138
70 176 118
154 109 200
182 105 77
182 123 75
70 117 51
70 177 70
182 92 69
70 79 87
164 178 200
70 65 115
182 199 131
179 58 64
75 109 200
70 74 106
73 197 192
110 39 200
86 214 62
182 54 148
71 61 75
74 143 58
181 49 50
142 52 111
71 52 99
141 62 200
182 207 172
74 207 97
154 39 180
