128 96 144
71 174 70
185 174 79
85 15 84
70 174 184
185 173 184
171 15 169
170 44 84
84 24 170
125 174 129
84 92 84
161 112 85
128 171 70
84 119 171
128 168 185
171 120 170
70 169 126
179 167 132
171 68 169
94 138 94
92 71 171
87 99 127
166 89 124
126 87 94
93 54 94
94 158 156
152 174 99
155 158 161
102 174 99
170 144 94
171 78 91
163 15 94
149 96 167
108 99 167
139 101 117
157 171 70
99 170 185
162 41 161
70 173 155
99 167 71
156 174 185
128 167 156
97 174 133
125 157 94
72 174 97
153 174 129
102 96 105
185 168 105
94 47 161
181 174 158
167 100 148
89 91 152
94 115 84
89 158 112
149 91 89
165 158 114
114 101 126
127 86 165
94 140 171
84 157 86
165 101 105
171 142 163
94 75 94
109 174 165
171 97 170
94 32 94
148 96 135
139 167 114
106 101 145
161 158 141
89 174 168
86 99 171
161 61 94
161 160 86
144 174 167
116 167 112
144 174 147
134 174 89
170 167 172
122 101 107
112 101 89
161 131 84
171 174 95
163 174 151
113 174 84
106 158 91
114 174 145
171 96 85
88 174 149
161 81 161
90 158 132
115 158 166
145 158 94
85 157 171
173 174 117
135 101 87
135 101 160
89 86 115
84 65 84
87 174 83
84 174 116
84 42 84
161 28 84
161 86 141
99 86 164
161 107 162
143 167 77
161 25 161
84 128 85
161 55 170
85 105 94
84 57 170
170 121 94
94 127 161
157 101 119
149 101 152
87 167 98
102 174 116
137 157 165
94 86 138
109 86 94
161 129 161
149 96 105
119 101 155
162 86 103
171 33 171
94 15 162
163 101 134
73 167 141
129 174 104
110 167 127
94 107 161
173 167 71
70 168 170
129 101 129
113 174 181
153 174 114
101 101 119
84 84 170
87 100 108
140 167 130
84 40 169
130 174 171
84 144 161
70 168 111
70 168 83
142 174 184
92 31 161
161 162 101
171 32 94
85 174 182
166 166 126
98 98 87
100 167 146
185 169 145
159 174 165
135 96 102
154 174 84
170 156 161
114 168 70
92 101 141
161 149 171
171 64 84
102 96 132
83 174 133
185 168 171
171 174 185
94 16 94
83 167 71
86 143 84
141 88 161
133 167 143
161 145 84
171 54 161
113 86 161
171 107 93
161 41 94
165 174 138
156 101 95
114 167 96
93 152 94
89 87 97
170 19 84
84 68 161
84 78 86
84 119 94
84 28 84
185 168 90
166 174 80
164 174 107
99 165 166
98 167 87
124 100 167
101 96 155
171 84 169
162 84 84
137 86 89
185 170 119
141 167 101
84 132 170
161 63 161
166 93 159
83 167 159
113 96 113
89 162 144
94 60 163
149 167 177
128 174 116
170 157 94
123 101 93
161 71 84
142 167 156
96 167 107
164 55 84
125 167 81
95 166 121
94 85 85
171 167 147
143 101 96
161 74 171
113 96 101
170 50 94
119 96 135
169 167 159
138 101 140
170 45 171
128 96 117
153 167 141
89 86 127
171 109 171
114 167 157
104 174 155
94 151 167
168 99 116
121 167 167
121 167 139
135 161 89
88 53 84
138 96 150
94 113 171
93 127 94
161 137 171
148 96 124
161 160 171
161 115 170
102 174 175
171 165 85
156 101 142
123 174 94
161 86 114
80 167 90
94 76 161
166 93 96
169 115 161
94 24 85
171 133 94
161 20 171
107 174 136
90 65 94
97 98 167
89 105 84
161 101 84
174 167 103
152 86 165
104 174 79
85 114 161
81 167 171
84 48 94
161 150 94
84 20 94
170 136 84
138 174 70
94 62 84
171 130 165
167 122 84
94 37 171
94 111 94
170 153 84
84 50 161
135 174 161
160 99 168
84 103 161
107 167 106
152 167 155
185 168 70
94 42 93
118 174 120
137 174 122
91 167 177
118 101 145
93 101 99
77 174 107
161 143 161
85 36 94
94 135 84
162 127 171
161 140 94
171 25 164
163 26 94
161 39 171
166 158 150
166 86 151
94 72 84
117 174 105
85 146 171
84 90 161
84 147 94
161 80 94
177 174 169
149 167 121
149 167 107
125 158 162
148 166 89
178 174 86
168 69 94
94 25 170
77 174 148
94 158 103
161 84 171
77 167 181
170 155 171
94 125 171
85 156 161
138 96 129
94 86 106
156 96 157
93 37 84
110 101 135
84 136 92
177 174 139
106 159 161
118 91 89
161 119 93
170 103 161
93 154 84
166 158 132
88 15 171
164 167 183
94 141 161
124 174 148
77 174 81
171 76 163
171 32 84
164 15 162
71 174 134
109 167 173
147 160 166
159 96 111
91 174 70
111 96 152
134 174 134
85 22 161
103 101 95
89 174 106
162 174 90
123 174 179
161 174 175
90 174 140
89 101 118
159 167 118
91 101 151
121 174 160
149 100 87
132 167 96
134 92 166
84 109 170
94 117 162
77 174 163
174 174 126
93 125 84
148 173 70
171 34 161
91 174 93
84 124 163
161 38 84
141 100 167
99 86 94
84 115 84
161 130 94
116 94 166
144 174 84
159 92 89
115 158 94
161 19 84
154 101 129
104 174 90
138 167 170
77 167 119
98 174 163
161 158 122
85 79 161
183 174 98
171 56 170
171 86 85
119 174 76
106 174 70
155 159 94
134 167 77
88 167 129
84 94 94
168 99 126
97 161 94
156 167 78
104 174 126
89 93 135
95 94 123
91 167 77
171 19 94
147 174 136
117 174 172
161 174 124
177 167 178
94 82 171
170 107 84
98 96 147
128 167 110
124 167 121
84 167 139
141 174 107
160 166 135
131 101 110
128 101 153
175 174 77
140 101 107
161 164 155
128 94 89
170 60 94
117 174 134
178 174 107
184 174 126
93 55 171
173 174 154
88 39 161
136 174 151
106 96 124
122 101 121
161 29 169
109 167 142
106 167 84
125 93 161
161 52 162
145 96 159
88 167 112
94 46 170
121 166 89
147 96 145
85 67 171
91 174 125
141 94 89
185 173 135
177 167 121
104 166 94
155 167 169
161 110 94
93 174 115
166 90 133
158 167 108
93 159 171
95 166 139
170 41 94
162 72 161
94 93 113
76 174 176
147 174 158
123 96 100
148 101 117
145 174 94
85 56 94
170 73 84
178 167 152
166 174 71
161 52 94
81 174 97
156 174 146
94 47 84
164 63 171
166 165 95
109 167 184
166 93 143
110 101 159
161 93 150
94 86 157
89 159 123
160 166 145
110 167 119
73 167 103
161 47 86
85 72 94
180 167 163
110 174 112
106 101 110
84 32 165
145 174 126
144 174 115
141 174 175
171 167 135
133 167 177
170 146 171
94 87 147
88 174 159
128 167 134
102 167 133
70 174 117
161 118 161
94 145 86
77 174 126
86 165 84
166 164 108
120 167 183
85 156 94
177 167 91
72 174 89
95 174 81
162 174 99
167 174 168
157 174 157
96 174 152
170 44 161
164 167 76
99 167 156
142 167 142
119 167 129
170 85 161
74 167 74
91 91 171
117 174 153
169 68 161
99 101 126
106 90 166
157 167 88
157 96 135
144 87 94
149 168 185
156 87 94
159 96 126
161 63 86
104 91 89
70 168 150
137 174 142
130 101 97
169 167 116
179 167 78
170 86 94
123 167 175
170 76 171
89 93 103
183 174 177
166 101 95
89 93 144
106 174 147
157 101 103
134 167 125
121 174 86
133 174 182
91 168 185
85 128 94
171 144 86
84 74 167
75 167 132
94 134 165
90 149 161
179 174 147
94 68 163
99 167 79
113 167 149
110 174 98
93 63 171
158 101 150
129 167 166
85 80 94
113 167 166
161 34 161
164 150 161
150 96 97
112 96 142
94 164 151
84 49 171
148 167 130
149 167 97
157 167 126
155 174 137
94 15 86
136 174 100
120 174 112
76 167 155
95 174 178
84 167 122
73 167 93
121 167 99
70 174 145
117 167 83
161 33 91
94 23 161
99 167 177
98 174 143
166 89 109
84 174 75
150 174 173
130 174 78
103 96 141
165 174 115
81 167 148
153 174 76
96 95 95
169 136 171
178 167 111
171 55 86
97 101 106
93 162 84
129 167 89
88 136 161
136 168 185
99 174 107
159 90 161
71 167 177
184 174 112
124 101 137
94 91 130
106 167 74
139 167 83
178 167 142
107 167 154
128 174 138
135 174 112
142 96 101
161 70 93
112 174 125
174 174 177
104 167 113
112 163 89
111 96 130
184 174 165
157 167 176
181 174 70
185 172 152
99 167 100
80 174 140
131 96 124
103 167 121
141 167 122
80 167 78
174 174 162
171 164 165
156 167 101
122 96 112
98 101 135
150 174 151
82 167 104
95 95 159
94 105 168
89 163 105
94 104 91
165 135 161
171 124 161
134 86 161
89 164 159
146 90 166
70 173 78
94 159 140
171 26 90
161 101 157
145 96 112
74 167 163
149 101 162
142 168 70
116 101 97
113 93 94
166 103 171
133 101 167
164 91 84
97 157 164
119 99 87
169 174 147
161 158 108
134 166 160
142 101 132
94 164 132
137 174 82
151 167 72
160 94 104
136 96 111
95 101 113
103 101 161
130 96 137
171 114 91
114 167 137
155 174 92
114 96 120
171 167 78
169 129 84
87 14 91
91 96 84
84 162 164
94 118 92
87 96 160
161 86 129
141 161 161
149 165 161
168 174 87
167 91 171
123 174 167
105 101 87
88 62 161
88 165 171
99 101 151
82 174 170
109 101 99
114 101 109
154 167 148
113 174 159
90 158 151
135 167 106
122 96 148
171 174 133
173 167 128
160 174 131
151 101 111
130 167 118
116 167 176
164 101 141
122 101 130
178 167 171
143 167 149
81 167 111
87 167 151
118 101 163
127 101 160
90 174 132
106 164 166
170 61 161
121 87 161
89 174 175
133 96 155
130 174 95
84 85 87
185 168 83
94 25 94
161 48 170
161 108 171
131 174 126
80 174 88
151 174 121
135 167 151
84 174 124
124 167 146
170 22 171
84 99 84
84 18 166
84 27 94
121 168 70
96 167 114
84 137 84
142 164 94
165 174 181
171 149 163
161 155 166
77 174 71
84 140 168
171 98 92
174 174 70
117 167 119
178 169 185
79 173 185
137 101 125
84 91 169
161 120 84
89 161 97
123 96 126
149 174 107
171 95 163
160 174 76
142 174 76
84 149 86
174 174 102
164 174 160
167 79 84
106 101 153
120 167 153
96 167 171
80 167 127
145 167 171
157 174 105
118 96 106
154 96 115
152 101 136
150 91 161
99 174 71
84 122 84
120 94 94
91 167 70
142 101 148
131 160 161
84 149 164
133 101 144
155 96 148
137 157 94
161 167 83
147 101 141
89 91 120
128 101 88
166 161 159
119 174 185
163 157 95
171 39 167
86 35 84
184 167 127
84 58 84
113 174 71
116 174 96
152 167 113
166 163 137
172 174 110
107 174 106
128 96 105
128 167 102
170 116 84
154 167 133
185 168 178
166 29 161
185 169 159
171 50 167
91 132 171
168 96 132
84 163 92
95 95 139
151 167 83
108 167 99
94 18 170
70 173 104
164 151 84
122 165 161
71 167 118
105 96 117
87 30 171
95 95 153
166 163 144
121 174 70
171 14 89
84 63 91
170 19 161
160 102 90
166 165 152
171 167 184
162 101 114
166 158 103
166 163 119
183 174 91
88 95 112
135 89 94
88 101 145
125 164 94
88 77 171
101 162 89
163 137 84
109 101 121
90 19 84
94 53 86
171 110 164
131 101 119
119 158 89
84 111 92
94 38 162
90 81 84
160 90 167
144 101 123
105 86 161
166 95 121
87 129 161
140 174 132
85 167 178
153 174 163
108 174 177
90 174 99
120 167 105
120 96 141
138 174 94
91 101 134
120 86 93
131 174 144
94 70 91
77 174 118
128 174 158
144 167 136
94 31 168
168 128 171
91 55 161
158 95 95
87 99 98
109 92 161
94 61 93
128 95 166
161 86 156
160 165 95
139 96 136
164 86 96
93 30 84
164 166 171
157 167 184
131 160 94
165 14 170
88 42 94
140 174 157
183 167 137
135 101 133
84 44 163
94 158 146
150 101 146
110 174 76
175 167 157
162 174 143
167 174 127
111 163 161
161 124 90
94 158 126
95 101 162
70 174 170
141 94 166
114 86 89
133 168 70
157 165 161
135 101 150
142 167 184
136 96 144
83 168 185
106 94 94
84 47 88
184 174 141
127 174 184
102 174 167
166 167 103
94 82 94
98 174 90
77 174 155
103 174 181
159 174 116
101 167 140
127 174 110
163 101 120
94 144 92
128 174 85
169 161 171
156 101 161
151 174 179
177 174 92
108 167 136
111 174 119
101 174 137
144 96 151
178 174 122
141 167 176
149 174 80
84 174 92
122 167 112
103 96 111
126 167 75
91 120 171
166 87 145
71 167 184
161 137 164
166 160 126
84 53 89
136 101 99
142 96 120
108 101 128
171 38 85
117 96 127
178 174 182
84 96 165
120 101 115
164 123 161
108 96 105
162 174 84
100 101 145
155 100 87
138 167 136
145 167 114
130 174 165
118 174 126
94 78 89
161 67 166
113 167 105
124 174 123
143 101 162
89 165 136
89 87 134
90 149 84
99 92 166
166 51 171
116 101 137
84 61 165
164 34 171
92 147 171
110 91 89
171 151 91
129 167 172
161 76 89
178 174 113
127 101 147
94 89 118
143 161 89
94 89 100
94 48 91
166 76 94
94 132 91
126 94 94
89 164 118
157 161 166
94 159 115
91 37 94
94 161 108
159 167 151
89 75 84
134 163 166
164 58 161
171 139 91
161 93 116
104 101 138
100 96 121
165 86 119
166 168 70
88 113 171
109 173 185
137 86 166
94 51 166
