11 -45 -42
-65 58 65
64 56 32
-54 -100 60
-66 58 -67
51 -61 61
37 56 -67
-55 -98 -61
-15 22 5
-55 -21 57
-55 -14 -56
52 -99 -61
-48 -59 -2
4 53 64
51 15 -18
-66 58 -4
40 2 58
9 -45 19
-15 30 -55
23 58 -2
51 -61 -9
52 -17 -60
-17 -62 60
-33 23 54
-31 -56 -61
63 58 -28
-55 17 -23
-33 58 27
-19 58 -21
30 22 20
-55 -61 39
-55 21 19
23 13 -56
52 -59 -53
40 -100 56
42 58 65
50 -45 25
4 15 48
-15 -45 -14
16 -45 58
14 22 -21
-55 23 -60
-55 -47 -35
9 58 -44
23 58 34
-26 -45 27
-67 54 31
-31 56 66
-50 58 -35
-33 58 -66
51 33 -47
51 42 5
52 -28 53
52 31 50
21 -45 -11
-5 58 13
-1 -67 -59
-20 22 -27
-54 -71 -50
-40 -46 60
41 41 -21
25 30 60
64 58 -60
37 -45 -34
26 -64 -61
-55 7 52
-36 58 -1
-43 -75 60
14 38 -61
-55 35 45
-10 58 41
-29 22 27
51 9 -62
-5 58 -66
-15 -45 -42
-55 -43 -61
4 22 22
37 58 -40
-40 22 -2
26 -67 55
-38 40 -50
-52 -45 20
-5 -45 45
-36 15 -45
-12 35 49
50 15 8
28 -45 36
40 -38 -60
44 -65 36
64 54 57
44 58 20
35 -50 8
-20 58 -46
49 15 32
33 22 -37
-58 36 -7
7 58 -20
0 15 -46
-14 -50 8
-50 58 48
40 -82 -54
26 22 -2
-34 -50 -27
51 38 27
47 -65 -32
61 58 -6
-3 -46 -61
-52 -65 -23
50 -64 15
51 -81 50
-43 3 -61
-55 45 15
6 -64 60
25 15 44
-55 36 -37
37 -44 58
-34 43 49
35 31 -61
-43 -30 -50
-14 16 60
23 58 55
16 58 -67
46 58 41
-33 -45 3
6 -50 -23
-48 -64 18
30 58 -21
-67 56 -46
19 -46 -61
-54 -59 61
-1 22 -9
2 -45 -2
-52 -45 -16
-43 -45 38
-24 -45 48
-46 15 36
-43 -82 -61
-55 44 -61
-53 24 61
-38 58 -20
-7 58 -6
42 58 -1
7 36 54
-67 57 -23
40 -45 -11
51 15 -40
37 43 54
-1 43 -50
51 -49 46
16 58 17
-12 22 34
64 58 13
-42 -7 57
-55 16 -42
-36 24 -61
-53 43 61
28 45 -50
-8 -50 27
-55 -38 50
51 -10 48
-45 58 -53
41 0 -49
-14 50 60
11 -50 38
56 53 -44
2 24 -61
-41 -50 -47
7 58 45
-19 49 -61
52 14 53
16 22 -40
-38 22 -21
51 30 -30
40 33 -6
-54 -84 51
52 43 -62
-20 14 -60
-19 -67 -55
32 -50 -49
-67 54 48
-7 58 -34
49 58 -18
11 22 6
33 22 -18
51 -46 5
41 -17 61
-19 17 -44
16 15 59
-55 16 1
-65 58 13
-48 -61 -62
40 36 39
51 -50 -27
-45 58 15
-36 -61 54
-20 58 8
40 -23 -50
-24 22 -9
-24 58 50
-47 58 66
51 -45 -45
40 31 12
41 41 -39
42 24 61
-10 -47 60
-52 58 -11
18 -45 5
21 -50 -27
-22 15 45
-43 -28 49
21 42 49
39 16 -53
-10 -50 -28
-52 -45 3
-55 45 -20
-40 22 15
-5 22 -25
-34 58 -37
-55 43 31
-17 58 25
52 24 -62
40 -75 60
-50 58 32
52 47 50
46 58 -54
-43 12 61
-36 -50 -11
41 -54 -62
-22 33 60
46 -69 -62
-57 32 8
-43 -8 -50
-20 -45 -59
40 -57 50
35 -50 24
-38 -50 19
0 24 60
52 -42 60
18 22 32
21 58 -34
13 -64 -55
41 21 43
-53 -87 -52
-47 -62 -40
51 30 -14
-55 7 -54
-48 58 -67
-43 -21 -62
-55 26 32
51 49 -28
-22 58 -7
9 58 1
-55 49 1
-42 -92 54
26 30 -50
45 19 -6
40 -97 -54
52 -83 -61
28 58 -56
-40 36 60
52 -29 -51
26 -54 60
-5 58 -47
-55 31 -21
-55 -29 -58
-14 22 19
-29 -50 -40
9 58 31
-24 42 -50
-55 49 -47
40 26 29
30 15 59
21 -50 24
-53 -7 48
51 -68 48
44 -5 -62
-3 -50 -46
52 -94 59
9 13 -56
-47 -56 29
-41 47 -61
40 -32 49
41 -66 -49
2 -52 54
-42 -97 -55
51 57 -67
-34 58 41
6 49 -61
7 33 -50
-36 -67 -55
52 -43 -61
-5 40 60
51 21 20
51 47 -11
-27 -52 60
0 -50 10
26 -45 50
-7 13 -59
-46 -33 61
-55 -54 -47
-43 -36 -61
-12 -56 -55
-55 -71 50
-43 15 -32
52 -8 -50
52 -73 -50
-29 26 -50
-55 -56 10
14 22 -7
28 58 22
-31 36 -61
30 53 66
-46 15 -11
51 -59 27
42 -50 38
-7 23 49
52 -2 60
-59 58 -56
-55 28 -47
-53 -45 61
46 -64 3
7 -54 -61
-15 -50 39
32 -45 -21
15 47 -51
44 -59 -20
47 36 61
51 28 1
32 33 49
-43 -52 48
-43 -20 60
-7 40 -61
-36 16 43
-47 -52 -27
-26 -50 15
-3 22 8
16 22 19
-10 -50 -4
44 -54 -39
47 2 48
-55 -49 43
42 -26 -62
38 45 -61
39 58 52
51 58 10
-31 58 -53
40 58 -28
-31 22 -34
51 58 55
-24 -50 -7
19 47 60
-33 -45 -54
-43 7 49
51 30 38
16 26 -55
-53 -38 -49
45 19 -28
-55 47 48
37 58 31
51 47 19
25 -45 -37
52 58 29
35 58 12
2 -45 31
-53 58 -23
-36 58 53
-7 -66 54
-43 -49 -62
64 56 45
9 58 -32
-5 22 -37
-7 58 -21
42 -19 48
21 26 49
-19 58 -34
-43 -40 49
56 56 66
-5 58 57
26 40 -61
39 20 6
41 41 22
2 22 38
37 36 -50
30 22 34
44 -33 61
51 -48 -14
-38 13 -56
-41 49 60
-5 45 49
-20 47 50
28 15 -46
-5 28 -50
-53 -74 -62
9 26 49
16 58 -54
-43 -45 -37
-33 -50 36
-20 -45 -30
-57 58 22
-43 -9 -62
64 53 -16
40 -85 53
-26 35 49
-43 15 6
-55 -9 60
-43 5 -50
52 -14 60
-27 43 60
-14 22 -14
2 -50 -35
-31 58 13
-26 -45 -20
6 -45 -53
30 -50 -2
-5 -50 -18
28 58 45
-55 24 -7
52 -75 60
-27 -67 58
-12 47 -51
-52 -23 -49
51 58 -35
11 -50 -7
26 -45 13
13 28 60
40 31 -28
37 -62 60
42 26 -49
-55 16 45
-41 28 50
52 5 -51
-50 58 5
44 -52 15
-47 -59 -14
18 -50 -49
52 19 -51
-15 58 -56
-19 58 66
-55 -64 27
18 58 65
44 12 61
-48 2 61
-64 58 -35
21 58 -14
23 22 -28
-55 36 22
14 -57 60
7 22 -30
-24 22 12
46 49 61
-45 -45 12
40 40 5
-26 15 58
40 7 -61
51 38 -23
-19 58 -67
40 12 50
-43 -81 51
-53 -78 61
-24 58 38
26 22 10
51 31 17
26 58 -44
-7 58 31
32 21 -61
39 58 -11
-55 -3 -51
-46 36 -62
41 -42 -49
61 53 22
-40 24 -50
42 -43 48
-55 -50 -7
51 -66 -42
30 -54 -61
-12 -45 19
-42 -75 -51
-24 26 -61
-60 53 57
-19 24 54
14 -45 -20
47 -89 -53
-50 -89 61
9 -45 50
40 -14 -56
-45 -68 48
13 48 52
-38 22 34
-54 -1 -62
-43 -56 61
40 -72 49
51 43 -39
52 45 -51
51 19 43
19 49 -61
51 -56 38
18 36 -50
-55 14 60
46 -50 61
-53 -28 48
-55 -59 50
42 -45 -23
-55 47 -30
-55 26 -35
-1 -57 -55
-55 47 -9
25 30 -61
51 58 -7
42 -52 -49
51 47 39
51 -19 -49
64 57 -39
-41 25 60
43 -51 -3
-45 -17 48
40 -90 -61
6 58 -65
-33 -50 50
13 -45 29
-8 -56 54
-1 35 49
14 15 48
32 23 49
-43 -45 27
26 56 -67
-29 49 -61
23 58 8
30 -50 -13
6 58 17
64 53 3
-10 16 -50
-43 -87 -52
-48 12 -62
-43 -61 -50
-48 15 24
-60 58 41
-55 -54 -58
-41 -50 3
-19 -45 1
9 -50 3
-43 -45 -6
-20 -50 -49
40 30 -39
14 -67 55
-43 -18 -50
-42 17 52
37 33 60
13 58 53
-55 26 50
0 -50 22
52 -29 -61
-14 58 52
-27 58 -28
-10 22 -4
18 58 43
-10 31 60
-7 30 -61
2 35 -61
51 -56 1
-29 22 -1
-10 36 -50
-50 -89 -62
4 58 -53
47 -85 61
-15 22 -35
13 -50 -32
40 30 -18
40 -7 53
-34 22 -11
25 22 -13
-18 -51 53
-60 58 5
-27 22 39
52 28 60
42 42 -9
56 58 39
-54 -63 4
-27 15 -49
-7 54 66
-55 -57 -30
51 26 -40
51 -45 35
-41 58 -30
-55 35 -54
40 24 19
0 58 -13
7 22 -14
-55 58 -46
41 30 48
-14 21 -61
16 15 -47
32 -45 -58
-4 15 54
47 -45 -34
63 53 -51
44 16 -62
52 -2 -58
36 -67 -60
44 -65 23
21 -50 39
52 51 1
-45 -99 61
43 42 32
-55 -62 -7
-14 -45 -53
-19 36 -61
-52 -94 52
-22 -57 -55
-48 14 -49
-12 15 46
-56 53 -67
-42 -42 -51
43 39 48
52 -57 50
28 38 60
2 -50 41
-7 -45 -39
-45 -69 -62
52 -40 50
51 24 10
47 -24 61
-1 58 5
-41 58 -44
16 -57 -61
33 23 -50
-55 -31 57
-50 15 13
7 -45 59
-17 42 60
-43 -66 61
51 -45 -5
-67 54 -58
36 21 -9
-47 -52 17
-50 35 61
-41 -50 -20
52 -62 -62
32 -50 45
-45 -3 48
37 -45 32
14 -50 13
54 52 -56
-41 21 -39
45 15 16
-59 53 -16
3 47 53
-12 -64 -61
-67 56 -13
-54 15 31
37 48 -53
7 20 -43
-17 -50 -21
-54 -45 -25
-52 15 -32
44 -52 29
-33 -45 -34
49 35 -62
51 -59 -37
51 38 43
33 -45 -42
-7 -45 34
19 -50 -2
-22 -45 38
58 53 -34
2 -45 -16
-7 -45 6
37 -45 15
7 42 -55
-27 -67 -58
4 16 60
-54 -17 49
-55 54 66
51 -47 15
18 19 -61
-38 31 -55
-27 21 -42
40 -26 55
51 -56 12
-65 53 22
40 16 -44
-46 58 57
19 -50 50
-46 15 -21
51 -64 -21
44 -54 6
-47 -54 -35
37 50 60
46 -94 52
-55 -56 -21
-3 -45 53
-8 58 22
-3 58 48
51 38 -9
-34 -45 -18
-55 -62 -46
-55 -50 52
-41 -45 -28
-55 49 39
-22 22 20
-31 31 60
-41 58 29
51 49 27
-55 -69 60
-40 22 25
28 -45 5
-17 -50 25
16 35 54
18 58 25
52 -50 -54
-19 58 17
-22 33 -50
-5 22 17
32 -50 -28
-5 49 -61
32 58 -1
47 58 -46
-59 58 31
-55 24 41
19 58 -23
-20 22 29
-55 36 53
52 8 61
25 22 -39
42 42 13
-48 -65 32
42 -9 -49
35 -51 53
-55 -52 26
-45 24 -62
-34 47 -54
51 35 -39
-29 22 -21
-55 17 -14
-55 35 32
-47 -62 -32
51 49 -20
52 -38 -51
51 -21 48
51 26 27
-38 58 20
32 58 -34
-40 58 -60
-45 58 -6
-29 58 5
9 22 29
4 58 53
6 22 -4
-8 22 25
7 58 -7
51 40 13
21 -45 31
39 58 -49
-31 -45 20
-14 58 -14
-47 -57 43
2 58 36
-31 58 -7
-15 58 1
40 -33 -53
11 -46 -61
52 58 20
45 15 24
-55 40 1
30 58 -11
42 -92 61
44 -54 -11
44 -45 10
32 24 60
51 -54 -44
-47 -59 6
13 22 39
-22 50 60
-46 -51 -11
43 42 -31
58 58 -20
52 -75 -60
52 -50 55
2 16 -61
-22 -45 57
40 33 24
30 48 52
44 -7 61
21 -61 54
-30 14 -60
46 -68 61
38 20 53
-41 53 -67
45 24 -13
-38 -52 -55
-59 53 13
-36 35 49
-55 24 5
45 33 5
44 -59 43
11 49 60
-54 -20 -62
44 -45 -62
-46 15 45
23 -45 -53
-27 -50 43
-12 -46 -61
-46 15 -40
-42 -85 60
-36 -45 -44
-31 -45 12
-15 23 -50
39 -45 3
0 -45 -27
2 -45 -42
23 -50 8
-3 -45 17
-29 -45 -11
26 -45 58
33 -59 -55
-5 49 60
44 -45 20
-29 17 49
32 14 -55
40 -76 -61
44 -62 -40
-50 51 -62
49 -97 -54
-38 -45 45
44 -62 -6
61 53 -66
-5 58 -58
-11 53 -67
-36 15 58
44 -54 -27
19 23 60
51 15 -32
23 22 39
51 -81 -52
-53 -45 36
54 58 1
51 -52 22
-50 -45 -46
-54 -64 -16
51 23 -21
64 58 65
13 -52 54
43 41 -48
52 40 55
-32 -45 59
58 53 12
44 58 -63
-52 -79 -51
-40 22 6
13 -52 -55
-46 -29 -62
44 26 -62
-55 -48 14
52 28 -54
58 53 -11
44 -99 -62
43 -51 46
-3 30 54
-40 56 66
51 -64 41
-50 -95 -54
-3 -52 60
-42 5 57
40 2 50
-8 -45 -9
30 -50 31
-41 41 50
42 -45 -42
52 -34 61
-22 21 -55
40 -73 -53
21 43 -55
-47 -52 36
-5 -45 -51
44 -56 22
-26 -45 -47
-48 -67 -47
-50 51 61
56 53 53
40 24 -25
-55 58 55
-42 -90 -60
-31 -50 -49
7 -50 -14
-59 53 -37
-20 -45 17
30 -45 22
-24 -45 -39
19 -45 -44
26 -50 -42
23 35 -55
-27 -50 5
-14 -54 60
58 58 58
-27 58 -40
35 58 -60
-43 58 45
-31 58 -16
-40 -50 32
-27 -49 -61
11 23 -61
26 -50 -20
-29 58 57
-24 -50 -25
2 58 24
0 22 29
9 22 15
-31 22 15
-24 58 29
16 22 -32
-26 28 54
-55 21 -51
40 33 32
-53 58 15
-10 58 -40
-55 30 19
-55 -59 -39
32 58 55
-55 -68 -58
16 58 5
13 -45 43
-26 -50 -34
-1 22 -1
7 -50 25
0 58 -37
9 31 -61
0 22 -18
-12 22 -28
-12 58 10
-15 -45 -6
-38 -50 10
-34 -56 60
-16 20 42
21 -62 -55
32 38 -55
32 58 38
-55 -54 36
-55 -62 13
6 -64 -61
33 15 46
-55 50 27
9 17 54
2 23 49
49 -100 55
47 -74 49
-65 53 -30
-33 28 49
-5 23 -55
-42 -38 57
-55 -52 3
-43 -45 -14
-19 30 49
11 26 -50
45 24 38
-46 -12 61
-60 53 -4
52 16 -58
37 -52 -55
40 9 -50
-17 35 54
6 -56 60
23 21 -55
-36 43 60
-43 15 19
45 16 3
6 -45 10
-19 -52 -61
-14 45 54
44 40 -2
21 17 54
-65 53 6
58 58 -53
61 58 -46
-24 53 -65
-12 -50 48
51 -52 31
-46 -45 45
11 53 -65
-46 15 -1
-41 21 -14
-46 19 61
-53 -9 -62
-14 24 60
2 -50 -7
-26 -50 32
-19 43 -55
-3 35 -55
11 58 62
45 19 -39
-48 -35 48
-55 38 12
42 -50 -18
7 16 -50
-10 20 -43
-36 -67 59
-42 -3 -56
51 -92 -62
-17 58 58
4 30 -55
52 21 57
37 26 -55
51 23 -9
39 -56 60
-55 -47 -51
44 -83 -62
46 15 39
-50 -31 -49
45 15 -12
51 -63 -2
44 -57 34
-29 -50 -16
-55 -2 53
-42 16 29
44 -64 -14
51 9 48
-42 45 -53
53 52 34
-43 -10 50
45 24 3
-55 -83 -60
-36 -50 -37
9 -61 54
-48 -45 -32
25 22 29
-17 -45 32
