44 20 78
-55 -83 -81
21 70 -85
-55 -83 80
-59 69 16
44 -83 -2
43 -25 -82
-27 -18 -15
44 70 3
-53 7 81
31 -66 81
-55 29 -81
-12 70 78
44 -5 7
-49 -84 7
12 -84 -65
-14 50 -30
-23 -27 -82
-1 -18 50
44 25 -47
-55 -38 44
1 -84 35
-5 50 24
40 70 59
5 20 -82
44 -40 -32
-55 -55 -36
44 -48 35
-5 -84 -17
-57 70 -47
-59 68 65
-16 -51 81
-5 23 75
-27 71 -84
6 -18 -47
42 70 -43
36 33 35
44 -25 74
-55 -18 -56
-61 -38 2
6 -18 9
44 -66 -81
-31 -84 -47
44 -79 -43
10 -48 -82
40 -84 48
-40 -84 44
36 29 -10
44 40 -81
-53 50 -15
-51 -33 81
-31 -18 22
44 -3 44
-20 -70 -82
8 70 -8
-38 42 81
-1 -84 72
-29 71 43
-18 -10 81
-55 -48 -77
-27 70 0
3 50 -62
18 -3 81
18 53 81
36 -7 -34
-29 7 -82
21 70 30
44 -38 2
-33 50 -58
12 -14 -82
14 -38 81
19 50 -30
36 8 -73
-1 50 56
-58 65 -78
-55 -25 -26
-50 -83 -24
-53 50 39
-31 -18 54
-23 -18 -49
-22 36 -82
16 -84 5
-18 -84 9
-55 -62 26
23 50 5
44 -46 -62
-33 50 18
10 -18 -19
-55 -64 57
44 42 61
23 -18 31
-55 -2 -81
-33 70 -28
31 50 -58
-10 70 -49
19 -84 -30
-29 -84 72
-40 69 85
44 55 -21
-55 -62 -8
44 69 -71
44 59 35
-52 -70 -59
16 71 -47
44 -57 59
44 -62 -19
29 -18 -60
-29 12 75
43 68 85
36 -84 22
-27 50 57
-7 50 -6
-49 -59 81
-55 -18 28
19 25 81
-1 70 41
21 -18 61
44 -61 13
-55 -18 59
-3 65 -84
44 21 15
-48 -18 2
16 70 63
19 38 -77
-1 -84 -43
19 50 43
-48 -25 -82
44 -25 22
-29 -84 -13
-10 46 81
-16 -84 52
23 -84 65
44 20 54
-46 50 -38
44 46 15
44 7 -13
5 -62 81
-16 71 20
-10 -7 -77
33 -17 -13
-53 27 71
-40 -12 75
-40 51 -82
44 -83 74
-49 70 -6
44 -29 48
19 -70 -82
34 -84 -69
-35 -84 -69
-29 -49 -82
-29 -31 81
-12 70 -17
-16 -17 5
44 -3 76
44 3 -52
34 -46 -82
29 70 -17
44 -46 81
-31 50 -8
-38 70 -64
3 -17 73
-55 53 -60
36 42 81
-55 -38 -51
-38 70 22
-7 -18 30
-10 -18 -32
-23 -84 31
-55 50 8
36 3 26
-3 -84 -80
40 -84 -23
-51 70 43
19 -84 44
-49 50 59
-59 67 -26
-35 -18 -67
44 46 -43
-44 -66 -82
6 71 -28
-14 70 57
-3 -29 -82
23 70 7
-55 -44 -17
36 18 -28
44 -21 -45
5 70 18
-14 50 -51
-55 -46 65
-16 -84 -62
44 -68 31
-38 70 65
12 70 -67
-16 -72 81
-55 53 81
-38 -18 -32
44 -66 -62
36 31 -64
31 -8 -82
-16 70 -67
25 50 61
-50 -83 -44
-5 3 75
6 71 83
27 -84 -51
-14 18 -77
16 5 -77
44 -57 -41
3 50 -39
-55 -36 20
29 -18 5
-49 -84 61
-44 -84 26
-8 -51 -82
-52 14 -71
-29 70 -47
-7 -31 81
16 -84 24
-33 50 37
-16 -84 -32
-12 50 -73
6 38 75
25 -29 -82
25 71 82
-27 57 81
-14 50 43
27 -84 -10
5 -18 -65
-22 31 75
25 -20 81
-55 -55 9
27 50 -13
-35 23 -77
27 21 -82
16 -81 81
44 44 -4
36 3 59
10 53 -82
44 -12 -67
42 70 22
23 -18 -39
-33 -64 81
27 70 46
-7 -18 -13
18 50 22
-1 -84 15
44 14 37
5 -84 56
3 50 -21
-18 50 9
44 36 -28
3 -64 -82
5 50 7
-44 -18 43
-12 -18 63
29 71 -64
-12 -18 -62
-10 71 3
44 23 -77
44 -20 -26
44 -12 59
-57 71 82
44 -40 61
44 -42 -15
-31 50 -28
44 59 71
-40 25 81
27 53 -82
-52 -70 40
31 10 81
-46 -18 -15
-23 -18 37
44 -55 -4
-5 38 -82
44 61 -56
36 12 0
36 29 67
-52 42 -71
-55 -12 81
44 57 52
-55 -55 -62
35 -16 46
44 -20 -2
44 -66 72
8 14 75
-55 -34 -67
5 50 37
-16 70 -34
-29 -12 -82
12 -84 -15
23 70 -32
44 -44 16
16 -18 -4
44 -10 30
-55 -69 -28
-44 68 -85
44 69 -13
44 49 -67
-55 -48 31
19 -55 81
36 33 7
-35 -84 13
44 16 -62
31 -38 81
32 50 30
44 42 44
-51 -77 -10
44 -83 -81
-49 50 22
-33 -18 5
-55 -21 -41
44 -31 -65
42 57 -82
-40 -3 -77
-50 -83 -67
-55 -16 -71
-59 69 -62
44 -38 -47
-55 -71 72
-55 -53 46
-3 -84 -2
31 -84 7
1 70 56
-3 7 -82
8 -18 33
10 50 -8
16 50 -54
-36 -36 -82
1 -46 81
-27 50 -43
44 -72 57
44 12 -39
31 -83 81
-40 -79 81
-38 -18 -47
-31 -84 -32
3 53 81
26 -83 -81
-55 -38 -36
21 40 75
-55 -68 -73
-55 -69 -44
-20 -84 -77
-53 -69 7
-46 -18 16
-20 50 71
-23 53 -82
43 -1 -82
35 48 -30
-31 -84 56
-27 70 74
-1 70 -60
-40 -42 81
44 -72 -30
10 50 65
-44 70 -38
-55 -31 67
36 33 52
-18 5 81
-38 3 81
36 -8 -49
-38 36 -82
35 -14 73
-33 -77 -82
36 -12 16
14 -84 -45
-27 70 -15
-16 70 37
31 -84 35
44 40 -56
-16 -84 67
-42 12 -82
-20 50 30
-20 50 -17
40 -84 -56
-55 52 -81
-52 -3 71
36 20 26
-44 50 0
-55 57 -45
-55 41 71
44 61 13
44 61 -34
36 -5 -4
29 -18 -26
11 -83 -81
-57 64 29
44 -75 15
44 3 -28
44 23 0
36 -3 -19
36 31 -38
36 70 -82
36 8 46
43 70 46
-55 -27 -4
44 -81 35
-55 -57 -21
-46 70 7
-3 -84 -58
12 -18 46
44 57 0
44 20 -17
23 -57 -82
44 -64 44
5 -7 81
-8 -18 -49
36 70 72
-42 -84 -56
36 14 67
27 50 -41
44 -53 -73
36 70 -28
34 70 35
-35 50 69
21 -18 16
44 -68 2
36 10 15
-20 -18 -73
32 33 -77
-27 -3 75
3 70 71
33 70 -4
-25 50 -69
31 70 -51
8 -18 -32
-40 70 35
6 -84 -32
-40 70 -17
44 -29 -13
-42 -18 30
-1 -16 -82
44 -48 50
16 -18 -56
-14 -18 48
-16 -84 -4
-23 -18 -30
-55 -27 11
10 -27 -82
44 -34 33
-12 -38 -82
-40 55 81
8 -18 59
-14 -84 -45
6 70 5
-25 44 81
-42 70 -51
16 70 -19
36 -84 63
-49 70 56
-31 -62 -82
-40 -18 63
44 36 24
3 70 -45
36 -1 -64
32 50 44
-55 -48 78
8 -25 81
-49 34 81
-46 50 -51
-18 -18 22
36 55 81
36 16 -51
-52 14 71
-57 64 5
33 -72 -82
-42 -23 81
6 25 81
8 34 -82
44 -38 -79
34 27 81
-7 -18 81
-55 55 -30
44 -20 39
21 50 -71
-51 -75 52
-5 -18 0
-27 -46 81
44 -51 -24
6 -3 -82
-10 -84 30
-27 70 15
-33 50 5
-29 -84 2
-44 50 48
-25 -18 65
-27 70 59
-53 -36 -82
44 -74 -13
44 -55 24
-55 -49 -2
-42 50 -21
10 70 35
-14 71 -82
-27 71 28
-42 -48 -82
44 42 -17
36 46 5
44 -75 -71
-55 -21 44
-42 -84 -4
-16 21 81
-50 -83 38
31 -3 75
-55 57 69
-3 -75 81
35 48 71
-5 70 -73
16 -16 74
16 20 -77
-51 -74 24
34 -84 -38
43 12 -82
44 47 30
44 34 76
-55 -57 71
-8 -62 81
44 -12 -11
-3 -18 16
-12 29 -82
-12 -21 -82
-7 -72 -82
6 70 -79
-18 -18 -8
-55 -29 31
-40 50 -67
-29 70 -71
-55 -31 54
40 -74 81
-48 70 -71
-18 3 -77
-55 59 54
-58 65 -13
-20 -84 80
33 -17 59
8 50 48
44 -68 -47
-27 -84 43
44 -16 -56
27 -84 54
19 -18 -67
34 70 11
18 70 18
16 70 50
31 -51 81
44 -33 13
16 -66 81
-36 -18 -6
-5 -84 48
10 -84 69
29 50 18
44 -49 -51
42 -34 81
36 29 18
36 20 -69
36 36 -49
36 29 -24
-44 -14 -77
-55 -59 -80
43 -16 81
-3 34 81
-44 -81 -82
-55 21 81
29 7 -82
3 46 -77
35 -16 33
-5 62 81
-50 -16 71
35 -16 -73
-55 18 -82
35 44 -75
44 -51 71
36 20 43
-20 -21 81
-46 25 -77
-55 -33 -15
44 -27 63
44 -12 -80
21 70 -6
27 70 61
23 -84 -64
-33 33 75
-25 50 46
19 12 81
-18 -59 -82
44 -18 9
-18 -33 81
-1 71 -15
-16 50 -62
44 3 -2
36 5 -41
-29 -14 75
44 31 43
-55 59 16
-35 62 -82
44 12 24
-49 71 71
-46 -18 -65
44 3 16
-1 12 81
-22 70 84
-5 -84 -69
-49 -18 -32
-1 50 67
23 -18 46
29 -84 -23
-14 50 54
44 31 -17
-38 70 -6
44 38 -67
38 -84 -11
-55 50 -3
44 8 76
-44 50 11
-23 -18 -62
-16 57 81
-5 -84 -32
-5 70 -28
3 50 -51
-31 -84 -58
-49 -72 81
-46 49 74
34 -61 -82
44 -7 -41
-55 57 -71
-25 20 -82
35 48 57
-7 55 -82
40 70 -58
-48 -84 72
-44 -84 -36
-55 61 41
16 -36 -82
-33 -84 26
6 -18 22
-8 50 -39
19 50 71
34 -34 -82
-55 -44 -60
29 -18 -49
31 70 24
-5 70 24
-7 -84 61
-1 -18 39
-5 50 13
21 -18 -13
-38 50 57
-29 -18 -39
14 50 -21
40 -57 81
-23 -84 -23
-18 70 -6
36 3 5
-22 70 -24
-5 70 13
44 3 35
-10 14 75
-16 -84 20
-18 -18 -21
-10 -42 81
-22 50 -2
-46 70 -26
-55 -49 -45
-55 -27 -51
35 -16 -39
36 -7 52
-49 40 -82
-55 62 -54
-49 70 24
-55 -69 -16
16 65 83
25 70 -75
36 14 -13
44 25 -30
44 5 -67
21 -10 -77
44 -8 -23
31 -20 -82
44 10 61
44 14 7
-1 70 -2
-36 71 50
16 50 56
6 -84 -52
-1 -44 -82
-14 44 -82
44 -31 -39
23 -31 81
-46 -5 81
8 -84 -2
-12 -84 41
-23 -84 -39
-23 -18 13
-55 -20 -11
-29 -3 -77
8 70 -54
-48 62 81
-29 42 -77
1 29 -77
44 49 76
-53 -5 -71
44 -40 72
44 61 -45
19 61 -82
-55 -23 80
-14 34 81
-8 -5 81
27 61 81
-55 -17 -81
44 25 28
44 34 13
31 50 -2
36 -5 67
-49 70 -58
-51 -74 63
36 14 56
-55 53 30
18 -18 -28
3 -18 -10
-33 -17 41
44 23 63
27 49 81
25 -42 -82
-55 -59 35
-20 -8 -82
-33 21 75
21 50 31
10 -84 41
-20 -61 81
44 51 -11
-31 -75 81
36 8 -32
12 70 74
36 -10 -60
5 50 20
-3 -18 -58
-7 70 67
-58 70 -36
-20 70 -52
8 3 81
-55 -51 18
19 70 -60
-1 -18 -28
44 -48 5
-55 -42 56
44 34 -43
18 -84 -6
44 -59 35
-55 -53 -11
23 70 71
-10 50 -21
-55 59 -21
-38 70 -75
44 34 0
-7 70 -39
-8 50 33
6 8 -77
25 -18 71
36 42 -11
44 38 35
-55 31 -71
34 -1 -76
44 68 31
25 31 75
-35 -7 81
29 21 75
36 -3 39
44 -83 -34
36 -8 81
-14 -17 73
36 42 18
-55 8 -79
44 -83 9
44 -48 -81
-36 14 81
-16 -3 75
-55 -40 -6
38 3 81
-55 -18 13
-55 -42 9
-22 27 -77
19 12 -82
-18 42 75
-53 70 -85
-59 69 -4
44 -83 57
-48 50 -75
36 38 71
-3 42 75
18 5 75
35 7 73
-10 -83 81
6 -79 81
34 -21 81
12 44 -82
-20 -48 -82
-23 50 20
-55 -55 59
-7 -61 -82
-12 50 63
-14 70 46
14 50 3
19 50 -6
44 -29 3
44 61 -10
-3 50 46
-18 71 11
18 50 -39
-36 -18 -58
36 -84 -47
6 -84 26
19 70 39
-25 70 -36
-25 -84 18
-33 50 -17
44 -25 -54
-5 16 -77
-8 -84 7
-14 -84 -19
14 -84 15
21 29 -77
36 40 -36
-27 -40 -82
-55 -25 -65
-55 -38 30
44 -29 -28
-55 -64 16
44 49 -54
-42 50 39
-31 50 28
36 18 -41
-36 50 -39
-46 -18 52
-38 -51 81
44 25 -67
44 -3 61
44 -10 69
-50 -83 19
5 -74 -82
27 -10 81
-55 -66 48
44 -38 52
-38 -33 81
25 70 -41
44 -55 -60
18 -84 33
-23 50 -52
12 50 -73
-36 70 13
-42 -84 54
44 -51 -13
-22 -18 56
36 10 -64
-53 50 50
-55 42 81
-31 67 85
-55 -18 -21
6 -17 -75
31 -18 22
6 -16 81
-55 -25 -77
44 62 61
27 -18 -6
-31 -17 31
-48 -18 -47
-50 -83 47
44 33 61
-55 -38 -26
44 -20 -36
-40 -84 -47
10 50 -30
-20 -18 -39
44 51 -34
-42 -57 -82
5 -84 -21
-25 -18 -2
-42 -66 81
-23 70 50
18 -84 -56
-18 70 -43
23 -84 18
36 21 -58
44 -21 54
44 -48 -38
25 50 -51
-48 5 -82
44 -75 43
16 -18 26
-20 70 69
-33 -84 35
-36 -84 -24
44 -23 -71
-48 50 -28
23 -72 81
44 -74 67
44 -74 -54
12 50 13
1 -55 -82
-55 -61 2
-22 14 81
8 46 81
44 -10 -2
-1 -55 81
-7 -18 -69
44 -5 -73
44 51 7
44 3 69
3 -84 5
-44 50 -10
-1 -7 -77
-5 50 -30
44 -3 -13
10 50 28
5 -18 0
44 -61 -52
44 -44 -71
-31 31 -82
44 5 54
44 -59 -30
25 50 -23
44 -53 43
14 -18 -39
44 53 20
23 -46 81
44 14 -24
-31 -18 -24
-20 50 -38
21 -84 -17
34 70 52
18 -21 -82
10 -55 81
-35 -84 65
18 -84 -73
-46 59 -82
44 -5 -58
-16 -18 31
-12 50 18
1 -36 81
-38 -84 -13
6 -18 -56
-55 -59 -45
-55 -31 -41
-36 -18 -15
44 49 -77
10 50 -45
5 -36 -82
44 -20 30
-46 18 81
34 70 -38
-46 8 75
27 50 52
-55 62 76
36 20 11
44 3 -38
36 5 -56
36 21 -4
36 40 -64
36 27 -51
36 -14 -4
-53 -68 -82
16 -5 -82
44 -10 20
36 -12 -21
29 -84 72
36 23 56
44 14 -73
36 10 35
12 68 -85
36 34 -17
44 25 -10
-35 14 -77
-10 8 -77
-51 -74 -67
-44 -84 -73
35 -83 -81
31 40 -82
-51 -75 -49
34 14 -82
5 -84 -75
34 66 84
-55 -3 81
-51 4 -72
-46 40 75
-55 -36 74
-33 -20 81
-20 64 -83
44 12 46
5 61 -82
8 61 81
36 -1 16
36 -8 7
44 -81 -64
-5 -10 75
44 36 52
33 62 -82
-3 70 78
44 70 68
-5 23 -82
-58 70 54
-14 -79 -82
38 27 -82
27 14 -77
-55 57 -10
44 61 80
-53 70 -21
44 61 -71
-55 -69 -2
-55 50 -38
-53 -17 37
-55 -18 -2
44 5 7
44 23 -56
36 -8 28
-1 -18 65
35 48 -39
44 16 69
44 21 44
-49 -8 -82
35 48 -67
34 49 -18
44 -7 -32
36 34 -2
36 5 -13
43 -84 -73
