173 69 113
73 206 181
167 206 72
73 26 183
78 129 77
173 159 178
83 26 73
91 115 178
163 27 183
88 206 98
160 132 76
78 71 126
145 206 136
159 93 178
123 81 76
102 157 134
170 26 72
173 124 131
127 50 143
119 167 76
123 176 178
173 172 111
162 206 182
168 26 135
98 68 178
79 118 122
78 74 77
98 206 143
81 161 178
137 132 178
148 157 143
171 89 76
111 50 103
119 123 76
173 61 157
78 170 81
129 206 85
134 42 71
126 42 182
173 184 149
135 157 108
75 41 149
159 168 76
72 44 103
122 97 178
78 90 156
161 206 106
78 137 151
120 194 116
173 92 145
173 123 171
145 50 106
107 206 178
78 154 112
173 101 107
78 102 95
172 34 104
162 58 76
108 145 178
173 142 105
72 206 124
145 66 178
101 53 74
73 205 72
136 206 166
98 50 132
104 157 100
141 104 76
104 194 76
151 181 173
173 148 151
99 95 76
75 53 175
173 206 132
73 203 153
156 50 135
135 146 76
100 144 76
122 194 146
95 182 173
123 157 153
99 41 181
172 187 89
174 51 182
162 206 156
141 158 172
139 184 76
72 49 74
172 33 159
96 50 157
147 50 159
78 68 102
79 113 146
94 194 122
78 135 177
147 78 76
173 151 127
78 156 136
78 66 154
79 95 130
122 74 178
174 186 176
171 74 178
173 120 92
93 157 156
72 46 126
85 92 178
78 149 90
173 151 80
155 157 97
116 122 178
158 142 178
78 125 101
143 194 116
111 206 99
125 50 120
97 118 76
127 157 129
141 110 178
173 70 92
162 110 76
151 45 183
172 44 123
98 172 76
119 50 163
151 206 87
173 74 135
102 74 76
121 60 76
173 100 165
92 50 112
79 86 111
155 157 121
104 88 178
173 169 135
78 138 126
89 50 90
173 192 115
78 74 177
85 194 82
78 94 77
155 40 72
173 99 126
131 50 91
121 103 76
83 194 138
141 124 76
91 206 166
163 50 95
158 157 161
173 118 150
173 45 143
108 194 160
172 166 93
143 194 152
130 206 105
140 166 82
78 109 166
126 206 182
107 166 178
124 157 93
138 87 178
173 124 111
111 206 129
173 171 163
144 59 76
159 194 127
121 189 82
112 157 116
153 151 76
79 188 178
173 82 160
124 156 178
174 205 93
154 123 178
77 37 87
159 191 76
117 206 71
173 44 77
173 102 88
79 194 107
141 206 72
92 157 85
78 85 92
143 201 181
112 57 178
78 36 169
173 87 97
157 164 178
114 42 72
144 194 98
78 57 139
93 157 118
117 141 76
72 203 93
91 202 183
105 105 178
132 194 132
94 133 178
90 206 72
174 206 168
79 102 113
164 109 178
167 32 88
172 26 118
144 50 122
154 93 76
100 206 111
173 86 113
133 189 173
119 206 165
78 156 161
136 50 171
166 50 168
173 145 170
84 109 76
173 136 87
173 176 77
159 194 167
90 41 71
168 157 107
173 133 158
99 194 96
130 206 121
84 42 183
162 50 110
157 194 144
173 186 133
108 190 178
111 50 144
162 74 76
163 157 138
79 80 139
78 138 109
122 137 178
79 126 137
89 148 178
136 90 76
172 36 175
86 194 157
78 59 85
173 138 138
89 50 171
171 122 76
173 200 146
150 50 88
174 90 177
87 206 129
108 157 85
173 59 131
78 124 162
138 172 178
107 194 139
160 60 178
116 50 88
88 157 103
130 206 151
108 157 148
78 55 111
120 194 96
85 143 76
159 194 97
139 157 155
107 50 120
97 206 86
112 157 167
150 206 122
155 77 178
80 50 160
114 206 150
89 61 76
173 106 139
161 50 149
85 206 112
126 111 178
141 157 125
110 179 82
170 206 117
72 205 139
172 192 161
173 112 119
90 82 76
168 172 178
93 168 178
143 145 178
173 56 104
144 50 145
128 194 161
173 163 152
130 114 76
173 194 77
86 180 76
92 194 108
81 158 76
172 186 103
131 50 107
138 157 94
76 200 169
159 194 112
126 206 136
85 206 148
132 157 142
108 194 109
135 71 76
152 206 166
98 194 150
78 117 86
160 206 138
78 116 178
172 162 119
145 194 84
78 133 90
110 88 76
126 61 178
173 138 123
107 106 76
173 57 85
79 95 144
144 194 167
89 80 178
174 201 106
125 155 76
129 174 82
142 206 110
150 206 150
173 86 129
132 50 159
78 195 120
106 50 166
114 206 111
170 157 164
85 29 180
112 42 183
72 34 75
107 194 125
139 206 95
167 33 147
88 157 143
110 206 84
145 194 130
154 204 71
119 157 140
171 135 178
78 96 168
172 176 124
92 157 170
78 138 164
102 50 89
78 81 166
102 206 159
87 61 178
121 192 173
118 50 131
119 194 133
80 173 178
148 137 76
173 74 148
100 54 178
119 157 105
161 50 123
150 157 108
173 164 80
78 151 149
152 182 82
110 177 173
163 40 183
104 206 72
173 61 175
98 184 82
136 50 132
98 194 168
78 42 115
132 133 76
174 203 181
83 206 82
167 26 169
88 157 130
131 194 89
173 68 77
173 113 103
78 72 90
85 50 102
78 62 166
145 98 178
128 201 73
139 41 180
91 132 76
173 55 117
85 194 96
108 63 76
172 43 90
78 67 114
154 193 178
78 102 155
173 106 153
150 50 171
110 77 178
79 115 110
72 204 110
81 104 178
164 157 88
131 194 108
78 42 136
86 50 144
78 148 171
101 155 178
173 109 77
139 49 82
78 144 138
79 125 150
163 153 178
105 128 178
97 50 100
114 157 129
108 128 76
173 131 100
173 71 165
173 45 155
78 58 127
163 47 82
79 85 123
173 111 170
126 157 116
78 155 124
99 206 123
121 86 178
124 157 165
153 108 178
95 194 138
173 78 105
153 118 76
110 194 87
162 206 87
78 149 102
86 194 169
167 37 131
103 42 76
73 51 93
83 45 80
119 45 174
173 129 146
162 157 150
155 194 156
173 63 142
95 106 76
100 159 76
173 146 93
172 175 99
164 84 178
72 38 179
173 151 139
167 36 113
145 41 76
78 69 142
163 184 173
79 94 105
173 149 113
162 179 76
124 92 76
163 206 126
94 102 178
148 171 76
162 144 76
142 155 76
173 76 122
134 121 178
147 157 87
174 206 82
75 53 150
73 27 83
150 206 103
118 165 173
132 53 74
79 127 111
78 78 155
123 45 81
102 117 178
87 50 130
88 97 76
79 115 135
165 194 152
159 45 175
173 103 178
79 80 101
92 192 178
167 48 132
134 99 178
133 194 145
142 184 178
112 156 178
78 195 148
78 102 84
174 206 157
119 50 152
144 77 178
148 167 173
171 133 76
83 206 176
166 194 136
173 45 106
130 52 182
99 157 109
120 206 93
119 50 111
173 112 130
110 117 76
79 104 136
114 111 178
173 81 88
139 206 145
173 198 124
116 202 183
173 122 160
163 97 76
87 122 76
173 26 182
167 26 99
75 26 172
152 50 71
87 167 82
84 125 178
116 70 76
78 145 118
161 86 76
156 50 102
137 206 129
164 49 71
167 195 178
142 53 179
165 123 178
172 181 166
167 41 163
149 155 178
173 195 96
116 206 139
158 50 159
79 206 101
159 172 173
151 206 183
91 52 72
72 43 161
173 174 88
172 178 140
84 50 118
102 157 123
75 47 183
163 194 85
173 83 140
83 206 138
93 192 76
153 50 115
161 132 178
174 79 77
79 128 125
121 177 76
118 194 158
115 153 76
143 114 76
173 156 95
101 206 97
91 71 76
110 194 98
114 67 178
137 194 76
118 197 76
88 51 183
85 35 77
161 28 76
146 50 134
173 66 103
162 154 76
173 174 150
173 98 116
144 194 140
144 122 178
79 199 76
72 47 84
159 50 183
78 84 77
136 206 176
106 50 156
149 157 155
173 96 97
81 157 97
110 95 178
98 50 142
120 206 119
136 50 116
128 145 178
156 157 132
132 157 86
102 157 167
97 206 174
142 206 158
86 182 178
77 199 130
114 53 74
173 166 104
106 45 175
173 99 77
173 182 111
165 194 106
109 206 166
173 54 150
127 194 123
156 67 76
79 109 101
131 163 178
113 188 76
168 26 154
173 144 160
134 78 178
113 157 96
112 194 169
173 128 120
136 62 178
159 157 112
119 113 76
140 50 95
109 170 82
78 206 162
167 39 97
173 165 170
124 46 71
172 28 81
139 176 82
78 43 95
95 50 82
173 56 166
109 47 82
78 138 81
83 157 86
153 163 82
100 200 180
77 53 102
173 195 170
173 88 168
141 51 72
78 119 77
101 85 76
164 206 147
146 136 178
173 121 140
172 162 140
136 157 164
86 139 178
164 38 71
78 135 141
99 157 143
109 162 76
151 128 76
116 206 174
90 206 120
152 194 119
79 105 122
165 206 98
142 206 81
173 63 122
126 50 99
167 145 178
173 137 112
150 85 178
78 71 162
84 157 152
78 181 79
78 114 155
172 36 140
100 194 85
80 83 178
151 56 178
131 199 179
172 33 124
172 188 124
173 50 96
81 46 173
130 173 173
145 157 100
78 145 158
91 194 90
167 38 81
114 97 76
157 206 116
130 157 100
118 157 86
79 89 136
85 194 129
117 194 108
120 206 83
79 95 119
116 50 122
109 50 129
121 206 103
80 44 71
144 157 115
98 65 76
92 206 154
93 153 76
173 90 86
139 206 119
153 108 76
114 79 76
78 93 86
109 194 148
173 61 94
115 171 178
173 111 90
86 157 162
78 61 96
73 51 134
78 74 109
172 27 144
173 46 114
173 42 183
82 53 73
172 185 76
78 48 143
129 206 160
173 160 128
152 50 150
95 93 178
132 123 76
125 71 76
78 195 87
142 194 108
149 188 76
136 194 122
98 50 119
124 185 178
127 50 133
154 67 178
173 139 147
91 157 94
157 206 97
74 206 81
136 80 76
125 120 178
105 206 149
164 172 82
173 50 173
79 75 118
120 48 183
79 190 77
155 206 175
147 157 132
86 50 153
162 119 76
119 132 76
161 206 166
98 200 74
166 66 178
74 52 120
155 194 135
129 163 76
83 196 178
150 157 165
173 96 157
130 70 178
78 141 94
145 96 76
173 79 169
164 50 141
173 131 167
135 194 100
127 142 76
135 155 178
78 123 172
130 187 82
173 34 72
128 46 173
78 197 158
78 62 77
125 206 174
165 99 178
158 206 79
91 162 76
85 157 111
162 199 76
72 46 170
109 50 183
172 191 142
114 186 173
162 157 171
96 45 174
73 26 72
153 171 178
173 142 79
86 194 148
146 198 76
92 160 178
153 194 82
171 56 76
142 177 173
138 194 178
101 194 114
140 50 164
136 194 157
167 38 154
165 194 122
100 194 130
132 50 150
99 165 173
154 194 104
129 92 178
131 180 178
78 126 85
84 206 91
78 146 77
122 206 154
104 50 112
127 50 166
120 148 178
95 194 160
85 157 121
153 206 133
110 157 137
127 206 113
171 26 92
110 200 74
72 48 112
95 206 103
161 157 103
86 194 114
170 115 178
173 91 135
138 157 136
102 184 178
101 171 178
122 128 178
172 167 125
173 68 129
102 194 104
141 50 153
143 45 174
81 145 178
92 177 82
81 50 89
167 27 126
131 180 76
81 206 122
155 173 82
130 49 82
174 82 177
82 206 71
173 200 137
167 44 177
81 203 183
99 165 82
173 198 84
79 35 183
166 206 172
172 27 107
173 127 83
173 47 163
78 73 134
128 206 95
154 59 76
144 206 174
136 61 76
173 89 155
101 157 154
122 194 88
118 50 96
156 157 141
173 120 122
106 65 178
173 88 121
100 206 135
120 55 178
78 64 174
91 40 181
173 51 137
85 70 178
161 178 178
159 36 178
82 157 171
80 53 181
81 101 76
93 125 178
151 50 126
173 144 131
140 194 91
78 62 147
173 66 85
96 76 178
134 157 121
98 136 76
96 50 167
150 87 76
173 178 157
173 110 146
131 106 76
173 88 105
173 153 171
173 114 159
158 50 87
109 157 156
98 110 178
151 92 178
100 127 76
155 157 88
173 104 96
167 206 139
113 85 178
78 92 94
173 49 84
115 194 126
166 157 123
79 132 118
173 176 173
173 51 128
116 157 160
147 206 94
173 75 156
152 159 172
78 90 175
77 54 167
108 206 139
126 157 108
137 206 137
86 188 76
143 146 76
78 141 102
164 165 82
173 130 138
173 123 100
173 77 113
164 164 178
128 194 169
168 182 82
173 128 92
144 50 114
79 182 174
144 163 178
105 176 76
89 188 173
159 185 82
173 182 95
76 206 147
84 69 76
110 182 178
169 158 76
174 200 114
106 189 82
172 42 135
167 36 169
105 206 117
159 117 178
114 173 76
122 206 144
110 134 178
105 150 76
78 143 146
78 130 157
173 107 111
79 112 127
125 194 103
135 205 183
78 63 121
78 149 129
115 101 178
169 206 109
84 153 178
173 168 145
154 149 178
106 206 91
169 35 183
167 48 119
167 43 147
158 200 179
147 46 82
172 34 95
111 198 178
172 165 160
172 27 175
122 172 82
141 190 173
78 132 98
99 46 71
78 156 104
84 50 110
139 158 83
163 192 173
111 50 171
156 101 178
173 126 153
149 70 76
173 159 88
173 62 110
149 194 110
150 194 147
99 50 150
153 206 143
99 206 166
153 206 157
91 50 122
134 194 114
134 113 178
127 206 128
139 50 139
167 39 122
79 102 147
157 50 168
109 206 156
98 157 91
79 83 146
173 67 151
122 53 74
165 188 76
89 206 85
155 198 76
85 194 104
128 42 76
173 194 152
156 189 173
174 202 73
120 182 173
123 200 180
143 187 82
172 39 117
77 206 133
174 128 177
73 51 157
112 168 173
172 41 169
