54 52 37
-64 -91 -65
13 -91 64
-48 52 -65
65 -38 -66
-64 10 64
46 52 -56
-7 6 -4
66 -26 63
-65 -71 62
-10 -37 -66
-62 52 5
5 10 65
26 -91 -62
62 7 -12
-63 -1 -32
1 20 -66
-17 -43 52
-7 52 29
66 -81 54
4 52 -26
-65 -40 -65
-60 0 16
-39 51 65
42 6 34
62 9 -66
-20 -82 -54
64 52 -9
27 -17 -54
29 -49 65
-37 -2 -66
16 51 65
-64 -30 53
66 -81 -62
27 40 7
-39 40 -26
-23 11 34
-28 -90 65
65 24 65
26 -53 -66
24 11 -24
-65 38 40
-28 -10 65
-65 20 -64
-20 11 -37
-10 52 -60
21 -18 52
-31 40 7
62 29 -37
-40 11 -7
62 27 16
34 20 -54
-35 -54 -54
10 11 27
-24 21 65
35 52 -23
37 7 65
-64 52 -39
-65 27 -17
-39 52 34
35 11 4
34 32 47
5 -64 52
37 -76 52
-45 -49 65
18 45 -66
-65 -10 -60
-6 -9 -54
-28 27 -66
57 -54 65
-6 52 1
-1 -64 -66
-2 31 47
51 49 65
66 -1 53
-40 -28 -54
23 52 32
-12 52 60
43 -70 -54
59 -15 -54
-2 -21 65
-45 18 47
-64 -67 -55
-57 26 13
48 6 -34
-59 35 65
-43 15 -49
-20 -65 65
60 34 -66
-50 -89 52
-42 -79 -66
5 11 -43
-53 -12 65
24 40 -43
20 4 -66
-7 -86 52
-65 2 42
-65 1 -7
45 -28 52
48 52 10
59 21 42
13 -32 -66
-12 31 -49
4 -86 -54
45 -35 -54
-24 52 -42
57 52 -34
-65 27 -42
-39 11 16
12 -40 52
-15 40 -21
-40 -31 52
66 -59 -56
-27 35 47
-39 -68 52
-12 2 52
18 40 -13
19 4 47
20 27 65
-42 37 -50
43 -6 -66
-45 52 -9
60 6 10
13 11 5
59 29 -13
48 -91 -56
9 40 18
-21 -18 -66
21 -70 -54
51 -10 65
46 -91 64
-18 7 -66
-45 11 -28
7 -48 -54
-23 -65 -66
-65 49 -15
7 52 46
42 40 26
-10 6 16
-65 40 -60
4 11 -21
48 -54 -66
9 52 -48
21 -71 65
38 35 -66
-59 52 26
62 39 51
-65 -49 62
66 46 -51
-40 -1 52
42 27 65
9 31 -51
-24 52 -9
-51 52 49
-24 40 27
66 49 16
-23 6 -18
-57 20 32
-51 -59 -66
-23 -29 65
40 40 -9
-2 -51 65
-15 -53 -54
43 -57 52
-32 -40 -66
-50 31 -66
13 52 4
-9 32 65
-45 52 13
24 6 -45
49 31 -51
29 -31 65
-29 52 -60
43 40 -35
43 11 -17
-46 13 65
-54 4 -66
-65 9 -48
37 -9 52
-65 23 49
5 -9 52
35 52 56
66 -43 53
-20 52 15
32 -29 -66
-64 -91 62
44 4 -51
-29 4 -51
-57 16 -2
16 26 47
2 12 46
27 6 23
62 7 31
-51 -43 -54
49 -73 65
7 -12 -66
2 -76 65
-50 -90 -54
62 16 -50
-45 6 34
23 -6 65
-17 -18 52
61 36 32
59 40 4
-24 11 1
-7 35 -66
-48 -12 -54
45 15 50
4 -24 -54
53 -26 -66
23 -40 -54
21 21 -66
-26 38 65
-45 36 47
29 52 -54
-54 -59 52
-50 40 2
31 -91 57
48 18 -66
-1 40 -12
27 52 -6
-29 24 -49
-6 40 -35
48 -40 65
-42 52 -42
-29 12 50
-57 -28 -54
20 52 -32
-53 40 -37
-51 -34 65
66 43 -23
15 -79 -66
-63 52 64
-26 52 45
-64 -10 53
35 -78 -66
-48 -78 65
-45 40 24
7 40 35
-34 -49 52
-7 -91 -65
62 21 1
23 6 -9
-6 6 32
27 -62 52
-65 37 -2
-12 9 -51
-31 -13 -54
-46 -68 -54
60 52 -65
56 -68 -66
-17 40 -1
37 -42 52
62 13 -29
-13 18 50
13 -54 65
-65 12 -20
-40 13 -66
-65 35 24
-24 -31 -54
38 52 40
15 -79 52
-4 -4 65
60 -64 52
35 -56 -54
-12 -59 52
-32 -91 -62
-29 5 65
29 16 50
-9 52 45
66 52 60
-23 -75 52
-51 40 -17
-39 29 65
-54 -43 52
-57 52 -53
-9 40 20
-24 38 -54
-39 -21 65
-34 40 -10
7 38 65
51 13 65
7 -24 52
-9 16 65
-54 5 52
49 6 -2
64 -7 -66
51 -82 52
9 1 -54
57 -17 52
-50 6 7
48 34 52
-57 13 -35
51 1 52
-37 -20 -66
-54 -20 -66
2 40 4
45 -20 -54
-7 -37 65
-6 -23 -66
-10 52 -13
-4 2 -66
-10 -67 -54
-34 -60 65
26 40 -26
51 40 -23
35 10 -66
16 18 -51
-53 26 -51
-65 13 21
46 6 15
66 -28 -56
15 -26 65
48 52 -7
24 40 24
-32 -76 65
-6 52 -43
-24 40 -34
-21 52 -26
26 52 15
-65 40 -29
21 40 48
-46 52 -26
5 52 -62
13 -60 -66
-13 -21 -54
7 52 -12
-10 11 -24
32 38 65
-37 38 -66
-35 -38 65
-24 6 20
9 40 -32
-50 -20 52
23 10 65
-65 -54 -62
-59 -73 -66
35 35 -51
-64 -21 65
60 -45 -54
57 1 -54
-62 -81 -54
64 -90 65
27 11 37
2 52 63
13 6 -32
37 -64 -66
1 -78 -66
7 34 -66
21 -10 -66
-48 -37 -66
-31 -17 52
5 -67 -54
65 13 53
-42 -91 64
51 -82 -66
-48 -64 65
-13 -82 65
65 -72 65
-37 -82 52
-32 -76 -54
66 21 -62
-57 26 -29
66 -9 64
-56 -76 52
-34 6 -39
64 38 65
-65 51 48
-26 52 59
-6 -42 -54
-9 40 38
1 -48 -66
7 52 29
-2 -45 52
7 6 -9
-53 6 -10
-2 21 -51
-15 35 52
39 -91 -66
21 -56 -54
42 -40 -66
-20 -6 -54
59 2 65
40 -18 65
53 40 18
49 43 -66
66 48 42
-15 -79 -66
-20 -48 65
35 11 -32
-35 -60 -66
53 -28 65
32 52 -37
-6 -29 52
-7 -71 52
34 -67 65
48 52 51
-65 40 -46
13 -12 -54
2 6 12
35 4 49
32 -82 -54
-2 39 -53
-20 -90 52
-26 -45 -54
53 -43 52
-12 -9 -66
18 -26 -54
-35 52 -18
-21 40 -66
7 -90 52
38 51 -66
-56 -1 -54
65 32 -54
-2 -91 63
-58 39 51
27 -2 -54
62 -53 -66
60 6 -40
-57 21 65
54 40 -43
49 40 37
46 52 26
-2 6 -34
-12 -56 -66
59 20 27
42 -53 65
-12 23 -66
15 40 -1
24 -31 52
43 40 4
12 -13 65
48 -48 -54
-9 52 -31
18 -82 -54
-64 52 -66
65 52 29
10 -91 -65
-61 -1 -20
-34 40 37
-26 -31 52
-29 52 4
24 -68 -66
9 -42 65
-43 1 65
-15 4 65
64 -38 65
-62 -1 29
-51 40 37
7 40 49
59 -32 52
-28 -62 52
48 -70 52
-4 -65 65
1 52 18
42 -18 -66
38 -6 65
-37 52 51
38 -79 65
-64 -4 64
4 23 65
45 52 -39
38 40 -21
-48 -9 -66
49 52 -20
-28 52 27
-48 42 65
23 29 -51
60 -73 -54
66 51 4
-65 7 -60
-65 29 -54
-59 38 12
34 40 37
-35 24 52
26 -40 -66
34 -28 -54
65 40 -10
65 -91 -55
-65 13 7
21 52 49
-54 39 -53
-56 11 42
-42 4 -54
48 18 -54
-17 -18 65
-46 -91 -66
-18 20 -51
-50 6 20
-50 6 -42
-23 -32 -66
38 52 1
-20 -45 -66
26 35 -66
18 -54 52
-51 52 35
59 27 52
-34 6 -24
51 6 42
-65 -26 -64
-56 -56 -54
66 -20 -65
-60 1 4
-39 40 -39
35 6 -9
66 40 -40
24 11 10
53 6 -23
-34 6 29
-37 -40 -54
-23 -4 -66
-51 27 52
59 -91 53
-21 -90 -66
-57 29 -7
-65 24 2
10 6 38
-65 48 16
-64 -34 64
38 11 23
60 -90 -66
-65 10 51
-23 24 52
-35 11 40
-62 31 -66
-28 1 52
-15 6 5
34 18 65
26 -45 52
45 38 65
29 40 -6
-7 -78 -54
32 -21 52
12 -45 -66
51 5 -66
16 -21 -66
20 -38 65
9 7 -66
-65 49 35
15 52 18
-35 16 65
24 -4 52
9 2 52
-65 27 35
-64 52 -26
54 52 -45
12 1 65
38 52 16
61 20 -20
-31 52 -32
54 -64 -54
-1 -57 -54
53 -12 -66
-39 52 -54
-26 -54 -66
-39 -49 -66
-62 -40 -54
1 21 52
16 38 -54
48 -6 -54
18 -91 54
-65 -59 56
27 -81 65
10 -68 65
51 40 -7
-46 40 13
-54 2 65
37 -45 -54
-65 38 -18
20 52 -13
-28 -62 -54
-35 52 20
13 -79 65
-32 40 18
-4 -18 52
16 -65 52
-6 -7 52
29 -2 -66
-26 40 -20
57 -81 65
27 49 65
15 15 47
66 -63 -66
62 34 -26
-31 6 9
13 40 -43
38 24 -66
-56 52 -9
37 -40 65
-45 52 2
53 -37 -66
66 -56 59
-13 -32 -54
23 -17 65
45 -17 52
-9 40 9
-51 -48 -66
-39 27 -66
62 9 43
27 52 -65
-13 11 -12
49 11 27
-7 -90 -54
-18 40 -45
38 6 -42
-34 15 -54
-53 15 -54
7 13 -54
-46 6 45
1 43 -66
-39 27 -54
-54 11 -21
-2 4 -54
-51 52 63
-4 43 65
66 40 21
56 -84 -54
-65 27 60
62 15 16
-60 -20 52
-54 52 -35
-54 -89 65
-65 48 -4
-56 -54 65
40 -90 52
-56 -84 -66
42 40 46
24 31 52
-15 6 27
-9 11 -42
16 52 -59
-13 11 38
9 40 -18
-37 -31 -66
-10 52 10
-56 40 27
31 52 24
29 10 -54
37 -49 -66
-28 6 -9
31 -15 -66
38 52 -12
7 -49 52
-23 16 -66
37 40 16
45 -73 -66
24 52 -45
-20 52 -51
-54 21 -66
-54 40 -66
-18 40 15
-64 -64 -66
40 24 50
24 6 -34
13 6 15
35 6 13
45 40 -50
-64 -44 53
62 34 42
56 29 65
62 10 1
54 18 52
-59 -79 65
-60 0 -45
-57 -43 65
-2 11 -12
5 -26 -66
-45 40 -9
-13 -56 65
2 40 -42
-42 6 -18
-40 -42 52
-31 5 -66
20 6 29
32 11 -18
-46 -53 52
-9 -70 -66
-2 40 31
-2 52 53
7 29 52
1 52 37
-1 52 -54
13 40 27
-15 40 65
38 52 -46
-54 52 -20
-65 21 -24
15 52 38
32 40 -37
-43 -12 52
-65 -20 -56
-39 40 1
-24 -91 -56
-57 32 4
38 46 65
-62 -62 65
-56 40 -6
-57 27 45
66 14 64
-65 15 40
59 20 -9
-6 6 45
-26 6 -31
-57 16 52
-20 10 52
56 52 23
31 52 46
31 -67 -54
-34 52 -6
10 24 -66
65 -23 53
54 10 -51
-20 -70 -54
-29 -40 52
65 -6 -54
-2 -32 -54
-20 52 1
37 -6 -54
-15 40 31
37 -65 52
27 -79 52
-32 34 -49
51 31 -66
57 21 -66
43 -31 65
-40 6 4
-7 12 -66
-43 -78 -54
-46 -79 52
29 40 -17
18 40 38
65 52 -40
-23 40 -10
-65 -86 54
-57 -34 -66
-34 -91 56
32 43 -66
59 20 -37
-65 16 -9
-57 13 13
-35 39 51
66 45 -62
59 29 -46
-60 -91 -56
-57 29 24
66 40 10
66 2 -60
-20 29 -54
-39 -91 -55
-65 40 59
66 -13 54
51 6 -43
-56 6 27
7 21 -49
-21 52 -66
-26 6 42
-1 11 4
-34 -48 65
38 6 -24
15 9 -51
-53 -34 52
-48 40 -28
18 40 -34
-13 40 -12
-15 -9 65
15 11 -42
21 6 1
51 6 -12
24 52 5
16 40 65
-17 -38 65
-37 -64 -54
49 -1 65
15 6 -23
-56 -4 52
46 52 -29
-24 -75 -66
20 -62 65
-50 -71 -66
-57 -13 -54
-9 -46 -66
-2 -7 -66
18 -1 -54
57 52 12
53 40 -34
-15 40 -32
54 -53 52
-23 -75 65
-46 52 23
15 -6 52
51 40 27
-37 38 65
45 -60 -54
-65 23 23
-35 48 -66
4 -35 -66
-58 6 -29
59 31 1
-26 15 -49
46 11 5
-57 21 -45
38 -91 -55
66 31 57
61 7 21
-2 39 51
-57 32 -20
26 38 -54
-48 52 -54
-43 -9 65
-1 40 -21
4 52 1
-1 2 52
15 40 9
-15 38 -54
51 -9 52
26 52 -23
16 34 -66
57 -64 65
4 52 -35
-24 -49 52
-24 40 37
29 27 65
15 -70 -66
4 -12 -54
-10 52 20
-65 32 48
57 -29 -54
64 52 -21
-54 -21 65
40 13 -51
59 21 10
56 37 -54
-28 40 -43
-20 5 -48
-65 43 7
64 52 49
62 7 -21
-65 -1 56
66 -37 -55
61 27 34
18 11 37
-46 -35 -54
-26 -21 -54
66 12 -56
10 -78 -54
-15 -81 52
18 52 -4
4 -34 65
-1 52 9
10 40 -9
-57 21 -12
31 -21 65
-45 -26 -66
-39 -18 -54
2 -37 52
-37 52 9
12 -40 -54
5 -60 65
12 -17 52
-28 -82 52
31 20 -66
43 18 65
-32 20 -66
42 -62 65
-65 23 -34
51 -76 -54
31 -1 65
35 11 42
15 20 65
-45 2 -66
-17 31 -66
23 -89 65
-24 -57 65
56 -53 -54
-50 13 -66
-59 -4 -66
27 -48 -54
-40 -68 -66
-65 32 -34
56 -2 -66
-34 -29 65
-48 6 -2
53 52 1
7 40 -51
-4 -20 -54
34 52 9
-46 -64 52
-65 -1 -56
-32 11 -17
-65 15 -56
65 -71 53
-65 48 -56
66 -34 57
16 11 -13
-4 6 -20
-17 6 -29
13 11 -4
29 11 -4
43 11 -7
66 -81 63
-57 12 -44
-13 -91 59
-18 6 -6
-57 32 34
48 52 -65
-65 -82 -64
-65 7 32
2 -82 52
35 -90 65
66 52 -31
-40 10 50
-12 29 47
-42 27 47
-42 -70 65
23 -71 52
-65 7 15
-62 -49 -54
-43 52 57
38 27 -49
-34 11 -1
4 11 34
-23 -12 52
13 -6 -66
-12 -35 52
59 31 24
10 -31 -54
-20 40 46
-15 23 65
-9 -28 65
-26 -42 65
-43 52 45
56 -59 -66
-18 52 54
-18 -4 52
9 52 12
-20 -15 -54
4 11 21
-6 15 52
57 -76 52
13 52 -26
-57 52 56
9 12 52
66 -71 -60
59 43 -66
-65 16 57
57 20 65
16 -91 -59
-65 32 12
-57 31 -45
59 7 52
54 11 15
-57 35 -31
-65 18 -42
42 -1 52
-57 45 65
12 21 52
66 21 56
34 4 -51
59 34 10
66 -13 -59
43 6 45
62 40 -48
27 24 47
-6 29 -54
53 24 47
-54 -78 -54
15 32 52
12 31 65
-51 52 -46
60 46 65
23 -82 -66
49 40 10
-18 52 42
-29 -68 65
32 -86 -66
31 -37 -54
16 52 -40
31 -54 52
59 -6 52
-65 20 15
-43 40 34
40 -78 -54
-4 52 -23
32 -57 65
-18 52 -34
-42 40 -18
49 -59 65
-46 26 65
51 -62 52
-29 52 37
23 12 -66
56 6 -31
60 -46 65
-65 10 -1
-53 52 10
53 -24 52
9 -53 -66
-4 27 -66
16 -28 52
-10 43 -66
-39 -20 52
-62 -17 -66
4 -86 -66
35 40 1
-64 -77 53
2 2 65
-13 -26 -66
-9 40 -4
-45 -4 -54
5 -24 65
-13 52 -6
-1 35 65
-18 -60 -54
45 -32 -66
32 40 27
-20 52 24
-58 6 -2
46 -49 52
-35 -6 65
-42 11 -35
-65 -13 62
-50 4 -50
24 52 57
59 26 -54
