-59 61 67
64 -61 -93
64 -61 90
-65 37 -93
65 61 -12
-45 -61 2
43 47 90
-61 -60 -93
-27 -26 90
66 -42 -2
27 29 -93
-25 61 -16
-68 8 14
1 -61 -54
13 -61 39
66 14 37
-67 -10 -48
19 61 33
66 2 -50
-21 -12 -93
-65 -61 60
-15 33 90
33 -10 90
-13 61 -72
-68 7 70
66 57 -66
-67 61 15
-68 60 -47
13 -61 90
29 -22 -93
-65 -61 -44
66 -36 47
21 61 -34
19 -61 -10
65 -61 -46
66 60 49
-66 -10 -93
-25 61 37
66 14 -8
-17 -56 -93
65 7 -93
-67 -33 25
-23 -61 69
-68 25 -23
66 14 79
23 -61 -88
-25 29 -93
-67 -31 87
-67 -33 -15
7 61 73
66 -30 -72
-29 -61 -32
-38 -72 -67
23 61 -76
-51 35 90
45 -61 23
41 -62 61
66 -26 83
-21 -61 29
-68 38 42
66 35 -36
-68 25 -61
-3 0 90
31 61 0
-47 61 -76
66 -14 19
66 -28 -36
66 45 17
-31 61 87
21 23 90
-1 61 6
-49 -58 90
31 -61 -40
-35 6 90
59 41 -93
-57 61 -16
-35 61 -46
7 -30 90
-67 -37 -72
44 -72 -67
-67 -21 55
-43 -34 -93
1 10 -93
39 -42 90
-13 -61 -6
66 -8 57
-53 -61 33
1 -32 -93
39 61 63
3 49 -93
66 27 -66
-7 61 -40
-37 61 10
-67 -3 -15
49 -61 -18
49 61 -38
66 43 73
-43 6 -93
66 -14 -12
-68 8 42
45 61 25
-67 35 8
-63 -61 -18
-11 -50 90
-51 61 41
3 -61 65
51 -36 -93
37 4 -93
-29 55 -93
-68 37 69
63 -61 47
-59 -6 90
5 -61 14
-23 61 63
-1 -61 -28
-63 -18 6
-66 56 90
41 61 -93
-67 -51 6
66 35 49
43 12 90
66 -46 25
-3 61 47
64 60 90
3 61 -18
-68 3 -71
19 49 90
1 -61 -78
-65 -61 -68
-67 -37 -42
-45 -72 67
-67 61 -90
-35 -61 49
-63 -42 47
7 61 -58
66 -4 -72
41 61 -62
66 39 -8
57 -6 90
-63 -12 31
-63 47 -66
65 -18 -93
66 -52 -68
66 19 14
-9 59 90
45 -72 80
-23 -61 -54
-39 -61 -92
66 12 -30
21 -61 -66
66 -54 69
66 -46 -24
9 -12 -93
-13 -61 49
65 61 -89
-67 38 -44
-63 14 -92
65 -61 9
-67 10 -39
-67 20 89
-67 -52 79
-43 -61 -48
59 33 90
27 -61 12
49 23 -93
41 61 -18
45 -62 -85
-7 61 27
-47 -36 90
-63 -39 -93
-45 33 -93
-68 24 27
-19 8 -93
-23 -36 -93
66 17 57
-19 -61 -74
57 61 6
29 -42 -93
23 49 -93
66 -18 -56
1 21 90
19 61 57
-43 -14 -93
33 -61 39
-63 45 -26
21 -61 57
-63 -18 -70
66 60 29
-67 -21 -31
-63 14 -4
-67 22 56
-67 -38 66
-63 -14 73
66 53 -44
-27 -61 10
-41 61 -28
-29 -56 90
-31 -61 -12
-9 -18 90
66 -8 37
-41 61 57
13 -10 90
-31 61 -66
-43 -16 90
-63 43 25
64 61 71
47 -61 -52
27 61 77
7 31 -93
25 -61 75
-33 29 90
17 61 12
66 0 4
66 33 31
66 -10 -32
47 -22 90
43 61 45
-67 -52 25
-47 53 90
-67 54 50
-53 61 -58
66 -28 65
47 -61 0
-47 51 -93
-11 60 -93
-50 -71 -81
3 -52 -93
21 61 -16
41 41 -93
-63 45 -8
25 -30 90
-19 61 10
66 -44 -84
-51 -61 -32
-19 14 90
1 41 90
37 -60 90
65 -42 90
66 -10 75
-63 -46 -58
65 -61 -10
66 -44 -50
-68 60 34
-63 -46 -26
66 23 -86
51 -6 -93
66 49 -26
-23 -8 90
13 -61 -38
-17 61 -54
31 61 -48
-11 39 -93
51 61 -78
-67 -26 -55
37 29 90
66 -30 31
45 61 79
-53 61 4
27 6 90
66 -26 4
-68 33 -77
-67 -3 55
-49 61 23
66 41 -56
-23 61 -34
31 -61 -22
-27 45 90
66 45 -78
54 -71 66
-51 14 90
-57 -61 14
-37 -61 25
66 19 -46
51 -61 -36
61 -61 29
1 61 -82
-57 61 -34
8 61 90
55 61 -54
66 -32 -16
-9 -61 77
-39 61 -8
-67 61 -74
-47 -61 -14
21 6 -93
-5 -61 31
-11 61 -8
15 -44 90
-45 61 75
-67 -33 3
-67 -3 1
3 -61 -6
-11 -34 90
-11 -61 10
-67 38 89
56 -66 -74
-68 5 -55
-55 -61 73
-68 60 -2
-63 -50 -80
66 12 -74
66 27 -18
-13 61 75
66 2 25
-11 -61 -40
11 61 -4
-38 -67 80
-66 -58 41
-59 -24 -93
-49 -48 -93
-11 61 -24
-63 17 -76
66 49 39
51 -52 -93
15 61 -90
49 -61 41
-67 -23 39
-63 49 -82
35 -61 -72
55 61 -24
33 59 90
-67 22 72
-59 -61 -4
47 -22 -93
-7 61 61
-27 61 -80
66 0 -16
15 -28 -93
-7 -8 -93
-15 -61 -24
33 -61 -56
-31 -40 90
-63 49 6
-61 -44 90
-63 -48 -8
-33 61 25
66 -40 73
35 -61 -8
66 27 2
66 27 71
33 61 17
-31 -24 -93
66 4 65
66 -48 55
66 -38 12
-47 -61 57
-64 11 -22
-67 -21 -7
-33 -62 -78
63 -61 -28
-65 51 75
65 46 90
55 61 59
66 -22 49
57 10 90
-57 -20 90
11 4 90
-13 -26 -93
-33 -4 -93
66 4 47
-9 -42 -93
15 -61 4
15 -61 25
49 -52 90
19 -61 -52
-35 -46 -93
27 -8 -93
5 61 -32
5 61 35
37 -54 -93
-67 -7 -34
66 -32 -92
-1 -61 89
37 61 -78
-68 25 -37
-11 25 -93
66 12 -60
-67 22 42
-67 6 87
-63 -60 90
-67 2 -85
56 -62 78
-67 1 30
66 51 59
-63 18 -50
-67 -21 20
-63 47 61
-66 20 8
1 -61 45
25 61 -60
55 61 39
37 61 -32
31 61 39
1 -42 90
-5 -61 -66
47 61 -6
11 -61 -22
15 19 -93
-19 61 49
25 37 90
-31 14 -93
5 61 19
-45 -61 -62
-68 59 -25
66 -50 -38
-63 -42 14
66 -58 -80
-63 -16 -20
-35 -64 65
66 -52 37
66 -37 -61
-67 -27 -83
51 53 -93
66 -16 -80
-68 60 -61
-41 -48 90
43 61 8
66 -20 -24
66 49 0
43 -2 90
-53 -2 -93
9 31 90
-39 -61 -24
37 -32 -93
29 61 -88
-35 41 -93
-5 -61 -90
-65 51 -38
66 -6 -88
-59 -61 -56
55 -34 90
-67 -7 -62
-31 -61 37
40 -72 67
-5 -61 -16
49 8 -93
-47 2 90
11 -40 -93
-39 61 37
31 61 53
29 -61 27
-39 41 90
-55 61 53
66 -10 -46
53 -61 57
-68 25 -87
-13 47 90
-63 -50 -38
-47 61 -42
66 -31 -49
-53 23 -93
-68 37 -56
-66 -10 -80
25 -56 90
-57 61 83
51 57 90
-19 -61 85
-68 25 -9
11 -61 -92
-68 35 54
-67 9 57
-41 61 -90
-66 -10 45
66 0 83
-68 -33 -29
7 -61 79
21 61 89
-68 36 -15
-68 -25 76
13 -61 -76
39 -61 10
-23 43 -93
39 -10 -93
9 61 -46
-11 -61 61
11 61 -74
66 -6 -60
66 -14 2
-21 61 23
23 -18 90
53 61 -66
-1 61 -70
-5 61 -56
-49 -61 45
65 22 90
65 -61 -58
-63 49 39
-53 61 -92
-31 -61 -66
-67 -51 67
66 -18 -68
33 -61 51
66 33 -78
66 -26 17
9 0 -93
1 -61 -40
-25 61 -4
7 61 57
-63 13 29
-65 -40 79
-59 51 -93
-67 -10 16
38 -71 -78
-50 -72 78
-67 -51 53
-68 -3 76
59 61 19
-41 21 -93
66 23 47
17 39 -93
15 -61 67
-31 61 47
-25 -61 55
27 17 -93
3 -16 90
-13 61 39
-25 -61 -2
-43 -61 14
-45 25 90
-33 61 69
-23 -61 -42
49 27 90
41 -61 -28
31 47 90
55 -61 17
66 31 -50
9 -61 55
66 39 6
7 -61 -64
66 2 -36
66 25 -30
13 61 47
-63 47 -50
-61 -61 -80
66 33 61
-29 -56 -93
-19 61 85
-38 -71 -83
66 21 27
-65 -21 -45
-67 29 81
-51 -61 -88
3 60 -93
-51 -68 -70
-39 -28 90
-35 -8 90
19 -48 -93
13 61 -24
23 -61 -30
27 -61 0
50 -72 -83
37 -61 79
-67 37 -32
-61 61 25
66 -52 83
65 -60 59
-67 54 -12
-63 -12 61
66 4 -82
64 -50 -93
66 -56 19
47 -62 -64
66 -50 6
47 -61 85
-67 -56 -28
-68 8 -12
41 -44 -93
-41 61 -62
57 -18 90
64 31 -93
66 41 -68
66 59 -30
23 61 23
-57 61 -80
-1 -61 4
23 -6 90
66 -40 -34
66 53 -56
29 -46 90
-21 -61 41
66 -18 61
-61 -61 25
-17 61 -84
23 61 67
33 -22 90
31 61 -22
39 19 -93
-55 -14 -93
23 -61 43
66 14 4
-9 10 90
5 -22 -93
11 17 90
-59 -61 49
66 49 -90
66 60 -2
66 60 -78
-63 -16 -56
-67 61 79
-63 13 -62
-67 -52 -17
-67 -51 -49
-64 -10 -8
-67 -34 37
-63 17 -32
66 55 12
-29 -61 81
-67 52 22
-67 34 20
-65 -21 65
-39 -61 90
-67 1 -25
66 51 -14
-67 -29 49
-34 -72 71
-57 61 -46
-67 -21 85
59 61 -44
41 61 -50
41 61 35
66 35 19
66 -42 -74
-19 -61 19
-35 19 90
-65 40 79
66 -44 -14
66 -20 73
-9 -61 -76
-3 61 77
66 10 -18
1 61 -8
-17 -2 -93
35 53 -93
-9 -61 21
-49 61 65
-43 61 85
66 47 29
-51 61 -6
-9 -61 -52
53 61 49
53 61 69
-21 61 -44
-63 45 51
66 -38 63
66 43 -46
55 61 81
66 -20 33
66 37 -26
47 37 90
21 61 2
66 -10 47
-9 61 17
21 61 -46
21 -61 -20
-33 -61 -46
45 -32 90
66 -30 -6
-21 -48 90
45 -12 90
-57 -34 90
-67 -37 -56
-66 -40 -82
-63 -18 -86
-51 -46 90
-61 47 90
-63 -42 2
53 47 90
-41 -24 -93
-47 61 -16
66 29 -8
66 2 35
-19 -61 -64
-63 -42 57
-35 -61 -2
-63 -50 -90
29 17 90
29 -61 63
-47 61 12
19 -14 -93
-9 8 -93
41 29 -93
-25 23 90
-53 -32 -93
-41 -61 39
66 -46 45
9 49 90
-33 -18 90
21 -36 -93
-31 61 -24
-49 -61 23
1 23 -93
55 -61 -6
66 -20 -46
66 6 12
35 61 -10
-11 61 2
53 61 -14
-7 49 -93
-17 0 90
-1 39 -93
66 -8 10
-1 -61 55
-1 31 90
15 61 79
66 -6 -4
-53 8 -93
66 35 79
-31 61 -56
-33 -36 -93
55 61 29
66 -32 -26
-33 -14 -93
-53 -61 -48
-63 -50 -70
23 -61 -78
17 29 -93
41 -61 -40
-35 61 -36
31 41 -93
-21 61 -66
66 59 39
5 -61 25
13 49 -93
-37 61 -80
9 61 6
66 -8 27
33 61 -68
-53 61 -68
31 61 29
21 -61 33
-21 -34 90
-51 41 -93
66 23 -56
-9 -8 90
-19 -18 90
66 -54 -18
45 61 55
-68 7 3
-57 6 90
-67 61 -35
-65 -10 83
66 51 81
55 -61 -88
66 12 23
-65 61 59
-67 -23 29
33 -61 -88
-65 -61 70
-68 38 32
-63 17 81
-68 28 64
-67 -33 15
66 25 37
-47 -62 81
55 -72 76
-63 61 45
1 -52 90
66 -52 -6
-64 -51 35
-63 17 49
-68 29 -49
-35 53 90
-68 38 -2
64 -61 -68
59 -61 67
-11 -60 90
17 -61 81
43 61 90
-63 18 21
-61 -61 -34
-63 -42 25
-63 17 -14
-67 -37 -6
57 -61 -52
55 -61 6
66 51 49
-66 -58 13
66 -28 -60
-63 -14 -40
66 60 81
-67 40 -85
49 61 -88
66 51 69
-15 -61 -86
59 -50 90
65 -12 90
-68 -2 -43
-66 -40 -34
-67 -23 -17
66 -11 -21
-65 -61 4
-67 54 65
-68 -29 -38
65 -60 78
-64 -41 -18
53 -72 -69
-43 -64 -84
-67 28 0
-67 -24 11
-66 -51 89
-65 29 90
-23 55 90
-63 18 63
-51 45 90
-51 61 -24
66 -24 -84
9 -61 -46
3 8 90
-1 61 -48
-9 -61 41
-1 -24 90
-33 61 0
19 -4 -93
-61 2 -93
51 2 90
15 61 -66
-57 61 33
-37 -61 -58
59 -42 -93
66 10 -40
66 4 -26
66 49 -36
-25 33 90
47 61 -28
35 -34 90
49 37 -93
37 61 75
-43 61 45
55 -18 -93
66 -42 33
-23 -61 -20
-29 61 77
-51 -12 90
-21 -22 -93
39 -61 -16
-13 -16 -93
-3 0 -93
35 -61 19
-17 -46 -93
-29 4 -93
66 4 -4
5 -4 90
41 -61 31
-37 51 -93
-43 61 0
66 12 69
66 -18 10
15 -34 90
-3 49 90
59 -10 -93
66 -6 67
-1 -61 73
-17 -61 2
3 61 65
-27 10 90
11 -61 -56
35 2 90
-15 -26 90
-57 61 17
-49 -24 90
-55 -61 -64
17 61 -54
49 61 17
66 -36 81
53 -61 33
-21 21 -93
19 -61 17
-19 -61 -34
-19 51 -93
-63 43 -74
-63 49 -18
-50 -63 66
66 43 63
-67 -21 -63
-68 -3 67
-67 28 14
-57 55 90
66 35 41
-67 10 -81
-68 57 7
-68 57 -82
-23 -61 -90
-64 50 30
-68 8 -30
-59 31 -93
37 -62 70
-67 20 -69
66 -19 -35
-68 27 35
59 -26 -93
66 59 63
65 61 -51
-68 29 -69
61 14 -93
66 43 55
57 2 -93
-57 -61 -24
27 -61 -14
-17 -61 -14
51 17 90
-33 -61 17
31 61 -38
-23 61 -90
59 61 -72
59 -61 39
66 -36 -80
-41 61 -52
25 -54 -93
66 53 23
66 -26 39
66 27 55
66 -30 53
25 -61 -46
66 -46 -62
66 35 -62
37 41 90
66 39 -84
-39 -61 -40
66 -2 17
5 -61 -16
66 -20 -4
66 6 75
-13 61 55
7 -61 -84
43 -2 -93
-1 -14 -93
-7 37 90
17 10 90
15 61 -40
-54 -62 -77
65 6 90
13 61 67
66 51 -72
-15 -61 35
-57 -52 90
-29 -2 90
66 -38 -44
57 59 -93
-41 61 19
55 -61 90
-66 -40 -64
-68 7 23
-63 18 35
61 61 -60
61 -28 90
-63 43 12
-64 -51 17
-64 -21 47
-65 -40 33
-59 -61 83
-67 1 -6
-66 -58 31
-33 -62 73
-63 -44 -44
49 -66 63
-34 -70 -74
-7 -54 -93
-55 -54 -93
-66 -10 6
-68 8 78
-67 61 71
-67 -3 21
-59 61 -2
23 59 -93
-67 -53 -60
43 -61 53
17 -52 90
-63 61 -10
17 61 -82
-49 -61 -40
39 21 90
29 -61 -64
13 61 21
-19 61 -22
27 -30 -93
-33 31 -93
51 -44 90
43 49 -93
66 23 81
15 -20 90
-5 61 -32
-9 -61 -32
29 8 -93
-19 61 -10
-43 -6 90
66 6 55
-33 61 -14
66 -38 23
29 61 61
45 -30 -93
35 -61 -48
66 -22 25
66 -36 4
17 33 90
-5 61 -16
49 61 2
7 -61 -30
-63 -16 -2
13 61 -12
-7 23 90
19 2 90
-3 61 37
-5 -61 -4
-49 -61 -22
29 27 90
66 12 45
23 61 -8
7 -61 2
7 17 -93
-29 61 12
-19 61 31
43 61 -70
23 61 -24
-39 61 -70
-63 14 73
21 61 41
66 21 -78
51 61 -46
-45 -61 31
66 39 -18
66 27 17
27 -38 90
66 49 -64
-51 -22 -93
