6 19 -27
-40 -113 47
40 -99 -48
40 -46 47
-42 60 54
-40 -57 -48
40 44 46
-41 -25 44
-46 63 -55
28 -113 44
40 -33 -46
-6 -86 -2
40 61 -55
-43 27 3
-28 -112 -48
0 64 14
-8 18 44
-9 -67 47
-40 6 -48
40 12 9
40 -81 9
6 -65 -45
-5 64 -33
40 59 -9
-6 -23 -47
30 -1 47
5 63 54
40 11 -47
-1 -28 44
-43 63 -13
-34 -85 23
-8 19 7
-28 36 -32
-34 -85 -24
-26 44 28
24 -77 42
-38 8 31
22 -86 -22
2 -98 -45
-40 -58 42
39 -65 -48
40 29 -21
-2 -98 44
18 39 -48
24 44 18
-38 3 -16
-39 -25 -43
-5 44 -10
-46 63 17
21 -11 -48
19 25 39
-10 5 -47
-19 -81 -48
24 64 -32
10 -86 21
12 -51 44
-18 -7 44
1 44 35
-15 -48 -47
-40 30 47
-18 60 -56
13 -40 -45
21 64 34
-7 33 -48
14 63 -55
20 42 -10
15 17 -2
-26 -86 47
-18 64 45
40 63 16
-23 59 6
-21 -43 43
-18 17 -19
6 -3 44
-31 63 -34
10 64 -10
-8 -86 -27
-32 -81 -1
-41 -92 -47
40 -23 44
-37 4 7
40 42 -40
16 15 -47
40 16 33
-8 42 14
-27 40 -8
-13 -81 28
21 -87 -48
31 63 54
40 33 2
18 -86 0
40 -92 47
40 -81 -34
-40 43 -48
-17 37 47
6 44 -29
-21 59 -16
18 45 47
4 19 26
20 -31 43
-27 22 -48
36 11 -11
-20 19 24
-23 -12 -48
39 -81 -12
-25 64 26
19 63 7
-42 49 1
38 -81 28
26 -112 -44
23 17 18
-40 -3 47
40 -65 42
26 17 -28
-2 64 33
-38 26 -16
40 31 22
1 52 -48
-25 19 -2
-45 59 35
-38 29 21
10 44 5
40 -14 -46
5 -81 38
-8 63 -3
-16 48 -40
40 62 35
34 47 -22
17 -98 42
-17 -98 -44
-23 -25 47
-37 -75 -43
-32 47 47
-24 11 47
29 -49 -48
-39 16 -33
-38 50 -24
-40 -76 43
37 27 47
-13 19 -36
7 -81 -15
5 -5 -47
-26 -103 43
-25 -34 -48
-19 -86 -13
-25 42 9
-18 -86 10
-1 -81 -48
-13 -65 -45
-34 -1 -34
9 -86 -35
40 47 28
22 -69 -48
-4 -45 45
-40 -41 47
-25 -64 47
40 59 -37
18 -15 46
34 49 5
0 19 -8
32 26 -48
-16 42 -23
25 -27 -43
3 32 47
-41 -93 46
11 -67 46
-8 51 47
24 59 -15
21 42 -32
25 54 -48
-26 28 39
8 30 -40
27 -86 17
-41 14 46
30 27 -8
-38 44 18
1 18 -47
40 21 -34
16 44 31
7 12 45
-46 62 -30
11 64 -40
12 59 22
-3 59 -18
-21 -81 -32
10 -24 -47
-22 36 -48
31 34 35
-31 56 -48
-40 29 -44
-40 -42 -43
27 -59 47
-3 -38 -47
36 -83 -48
-30 16 12
32 -1 -43
-27 -63 -48
-25 6 -43
29 52 39
-46 63 1
37 64 -24
-7 -84 47
38 11 47
10 17 12
-3 -86 12
40 45 -8
11 64 -26
6 42 22
-25 11 -30
-38 -11 -48
-12 42 28
-14 59 17
2 -52 -47
10 57 40
-39 40 36
21 9 43
-10 -9 -45
20 -81 28
-17 64 -41
16 -57 -47
30 59 25
-31 57 -6
-41 -107 -45
-30 56 37
-4 -14 44
40 -113 -44
-24 -86 33
-16 44 -1
14 19 -16
19 64 48
-8 4 46
21 29 -40
27 19 4
15 -98 -44
-39 14 -8
-18 50 39
39 11 -25
17 1 -45
21 -81 -34
40 -107 47
39 -78 47
-43 59 -42
-5 64 -51
-38 22 35
-9 17 30
40 -9 42
-17 -93 42
32 -86 -2
6 59 3
-15 -55 44
33 34 -32
9 -37 44
-26 60 54
13 -87 47
-14 59 30
-37 2 20
27 59 -2
8 42 -13
-18 59 -29
-38 44 -35
-39 40 -14
-29 -98 -48
26 34 47
-23 11 34
35 12 21
-3 42 -39
25 -46 47
28 19 29
3 23 39
8 -81 5
-13 29 39
-32 64 14
-32 63 -21
13 -77 -43
-19 -81 -2
-30 30 1
0 -59 45
30 50 -37
11 51 -40
34 24 14
-29 -14 47
35 39 13
28 12 -43
-29 -53 42
-27 11 -14
40 -53 -44
-9 64 53
-14 19 -7
15 17 29
-21 -75 42
-38 53 27
-1 -86 28
-29 -34 42
40 52 -48
40 21 0
18 -81 -11
-6 17 -23
-38 29 -28
-23 -81 20
12 34 39
30 -97 42
-20 36 19
23 44 1
-26 -23 -43
-34 -86 -39
5 39 -48
28 -97 -48
-29 -1 42
26 19 47
-30 20 -22
-10 -89 -48
-34 -82 -12
35 -35 47
30 -17 47
33 -86 39
32 63 7
38 -86 -23
-21 12 6
-39 38 -2
-28 44 -23
-2 44 3
30 41 -48
-39 15 20
28 -60 -43
8 -20 46
14 19 -34
15 42 -22
-8 17 19
40 56 45
29 -37 -48
-32 -81 11
18 -3 46
-13 -30 46
-39 15 4
31 64 -47
-35 4 -4
10 -89 -48
3 -81 -26
-30 32 29
40 28 36
-4 -81 -37
-36 64 44
-5 -81 -17
35 50 19
-30 53 -37
4 7 -45
-16 32 -40
31 34 -17
-30 52 17
-24 -89 -43
-37 64 25
-30 50 3
-7 55 -40
40 31 -43
-39 13 -23
-34 -81 36
-12 64 7
-38 19 -48
-14 -30 -47
30 20 -17
-25 -50 -48
-38 51 -10
21 -66 43
1 59 24
-7 38 42
-17 24 -47
-30 29 -39
-5 42 -28
-26 -73 -43
5 17 2
21 64 -42
-18 19 42
30 50 -10
33 -73 -43
-35 63 -55
-1 -73 42
3 50 47
40 34 -9
40 59 1
16 59 -2
30 -86 -13
-30 30 12
-28 -112 47
-28 16 -39
40 21 24
-3 -70 -48
36 -55 42
-30 21 28
40 48 -32
-22 50 -48
25 63 16
30 44 29
1 -15 -45
-30 26 -9
14 29 -48
23 41 39
-16 -19 -47
40 21 -14
30 31 6
-12 64 -15
39 1 42
12 -13 -45
-30 54 -17
19 -81 12
-30 -1 -48
-24 -81 -21
30 26 -36
-21 36 33
-38 58 6
27 -81 5
-16 -17 46
32 -70 47
39 -86 18
-40 54 47
2 -89 47
36 11 -34
31 63 40
31 34 25
-5 25 -40
-30 35 -17
14 -86 35
31 -20 -48
-12 -81 17
-16 -86 -39
-37 -102 42
3 -81 -4
8 -98 47
31 40 -6
-6 64 43
-7 -86 37
-24 64 -48
24 54 47
-12 43 -48
-15 14 -45
-27 11 21
29 -86 29
4 62 -56
-17 59 -4
34 24 -27
-7 -57 -47
14 44 14
19 59 -24
-38 -67 47
35 56 -17
40 39 36
-38 -1 34
32 16 39
-15 42 -11
-21 36 2
-35 -32 -48
40 39 -23
-31 -73 42
-39 -65 -43
-24 44 -38
22 17 -10
-18 -58 -45
31 -81 -30
-18 3 46
-39 35 7
-41 40 46
3 -30 -45
34 56 -29
13 -76 47
-30 11 1
8 64 32
-41 -15 45
40 -43 -45
33 -107 -48
1 64 -43
-39 36 27
11 41 -40
40 -24 -46
6 17 -38
12 -86 -22
-8 30 47
-15 -81 -20
6 59 -33
-30 -41 -43
-39 39 -27
36 11 0
-34 -83 -48
12 59 12
-21 55 47
12 24 45
18 54 39
0 59 -6
-31 12 -48
23 -86 41
16 59 -34
-4 42 23
28 45 47
26 60 -56
30 17 -5
-28 38 47
-33 36 -48
22 -45 -44
-10 -77 -43
-39 -3 -43
-38 55 -32
15 49 -48
12 58 -48
-38 21 12
-28 42 19
26 -81 -43
32 64 -12
26 42 -24
-33 11 42
-38 8 -39
-12 -75 42
-3 19 -32
18 17 7
12 19 21
26 4 -48
-38 57 16
22 24 -48
-16 19 14
3 30 -48
-18 0 -45
-40 5 42
-38 29 -6
-23 19 -11
-28 24 47
17 -31 -45
17 -41 46
30 41 -39
-46 61 44
40 60 54
-31 -57 -43
-20 64 34
12 17 38
-7 64 25
-30 40 38
11 -49 -45
20 53 -40
-4 51 39
-38 5 -28
-29 -94 42
-24 63 -2
-23 57 -41
-15 55 -48
-3 64 4
39 -81 -1
-21 12 -3
-10 -4 44
12 46 39
2 17 -17
30 26 37
-36 -86 47
22 63 25
19 -20 -45
25 -9 47
40 -3 -47
-21 19 -28
-30 52 -28
34 19 -43
40 56 24
-26 -86 -5
-38 25 -35
12 59 54
6 -75 -48
-10 59 -24
-18 -84 47
-3 42 -19
12 3 46
-22 36 -25
-45 63 28
-30 57 47
-33 64 -43
-12 42 -33
4 44 12
-2 11 44
33 40 2
40 41 22
30 59 -38
16 -24 46
-35 64 34
6 42 -2
-18 -38 -45
-9 -23 44
-38 31 36
-20 64 13
27 64 -22
7 59 -17
-16 44 21
4 -81 15
25 -104 46
22 16 39
30 56 15
-19 19 33
-38 -32 47
-3 -36 45
29 10 47
-4 29 39
-15 19 1
-31 64 5
15 -60 44
-29 17 37
-13 57 39
40 18 42
-32 -106 -43
-32 -24 42
-39 35 -35
-30 56 25
-30 20 -31
8 -29 46
25 19 -39
-1 -89 -48
40 -90 -48
30 -10 -48
-46 59 -6
30 32 16
18 19 -24
1 17 10
-24 -81 7
27 44 9
-1 32 -40
-38 33 -20
35 64 -3
-24 44 0
4 64 46
-21 36 -13
-31 -41 47
31 -81 -21
-17 42 37
32 -44 42
17 42 23
-39 58 -23
26 -81 -6
-27 -86 -29
-32 -19 -48
14 34 47
30 23 22
-3 -2 -45
-6 16 -41
-18 -67 42
-5 -81 23
-28 59 -55
-36 63 -7
-17 59 53
-21 44 -16
-40 51 -44
-13 -45 46
12 -9 44
1 -86 4
-25 59 18
-25 63 -28
-38 18 28
34 45 40
30 -87 47
40 23 -48
-21 20 -40
-36 -53 47
-38 52 39
3 39 42
13 52 47
20 -86 22
1 59 -27
35 24 30
27 32 -48
-27 43 -48
-26 -81 -39
15 -86 -40
12 22 -47
-31 -11 -43
33 -30 -48
22 60 54
40 36 28
-16 42 11
-8 -81 -9
-5 19 -1
-33 -60 47
23 45 -40
40 55 32
-22 15 -48
-23 -35 47
-30 29 -23
5 -43 -45
39 -100 42
32 -81 23
-3 44 47
8 17 -11
14 42 -4
-14 12 44
14 -64 -45
40 -83 36
38 63 25
29 17 12
-30 30 21
-33 9 16
-12 -81 7
26 -81 35
-17 64 25
-26 -6 47
39 34 47
-18 40 -42
-31 11 -23
35 4 -48
24 1 42
23 -21 42
32 57 32
9 -86 -7
-34 1 28
-22 -50 47
-24 63 -10
29 -32 42
2 51 -40
-30 16 -8
40 51 10
34 -86 6
-33 10 -32
-43 22 -4
-22 11 -21
6 17 33
-6 -98 -48
38 37 -48
0 57 41
-11 59 -55
7 -81 30
0 3 44
-21 -81 28
-38 45 28
-18 -73 -48
-26 48 39
39 -86 -40
4 31 39
-14 -86 -4
-16 49 47
40 31 10
6 -78 47
3 17 18
40 60 -45
40 51 -1
-21 11 27
-15 -81 35
-7 -46 -47
15 14 45
-20 36 -35
-6 19 -15
-1 26 45
-29 19 21
1 -67 46
40 30 -34
-10 -98 42
35 25 5
-40 24 43
-15 64 -33
-18 -86 -28
-4 64 -11
19 64 -11
-33 -70 -48
30 30 -24
29 42 -14
40 19 15
-4 59 49
-40 -48 42
-35 -7 42
-41 63 -48
32 64 -32
15 59 -17
4 -44 46
24 -53 -43
-32 64 51
-7 53 -48
8 14 -47
30 28 -1
-23 44 -31
13 59 29
25 27 47
26 -38 47
-30 47 -13
35 63 47
16 -86 -29
-40 36 -43
-27 36 -39
19 42 8
-36 -49 -43
-36 -113 -48
-21 19 7
25 -104 -45
30 45 -30
-20 -27 -47
19 59 18
-40 -99 -43
32 54 47
-38 43 6
12 7 -45
-24 47 47
33 -9 47
3 -81 -33
10 -86 13
-7 44 35
19 33 39
-34 -111 42
-14 24 46
-41 64 11
7 64 23
-18 64 -23
34 28 -16
-45 59 -19
30 56 4
33 49 -48
2 -86 -20
-40 -82 -44
-20 38 -5
-26 -81 -11
-30 -89 -48
12 63 4
5 44 -20
40 51 -13
39 -74 -48
-4 10 -47
-30 55 9
14 64 42
23 45 -48
19 -82 47
2 18 45
-34 -86 30
31 -89 -48
12 -4 -45
-30 46 -32
-38 33 15
-34 -86 6
30 52 28
40 -59 47
25 59 40
40 38 -32
21 -38 -47
7 57 -41
40 45 -18
-28 -81 42
40 19 -25
-39 13 38
19 58 -49
34 -100 -43
-13 -87 42
13 -81 -2
1 -86 -40
34 34 -3
-4 64 -24
34 59 -52
31 -52 47
-21 -58 46
9 42 33
-2 -81 41
40 47 36
36 -60 -43
29 -65 42
24 59 10
14 26 -40
-23 -92 47
-8 64 -44
40 28 -2
12 42 -48
-22 11 -36
-33 -79 47
7 64 -49
-8 -58 44
-33 2 -40
10 -81 -29
25 -4 -43
7 -83 -48
-9 64 36
-38 63 -32
22 -95 47
-8 59 11
-12 -86 -13
27 -16 -43
33 -42 -43
-30 33 -7
34 46 -2
-20 36 11
-9 42 -2
40 13 -17
11 -33 -47
-38 22 2
35 -113 47
40 41 2
-30 -86 17
40 -38 42
17 -81 40
-20 39 26
-21 -65 -44
-22 -17 42
24 42 26
-4 19 25
21 -55 43
-38 10 10
-30 -86 -16
34 -80 42
35 37 41
18 -79 -48
-32 -104 47
-4 20 38
16 -81 5
-23 -4 -43
-23 -43 -43
23 -91 -43
35 23 -4
35 54 -41
-13 57 47
31 40 19
-34 -16 42
-31 15 47
0 -61 -45
-41 -19 -47
-38 58 -12
22 19 -2
22 63 -1
-3 -5 46
-17 -12 -45
-10 -39 -45
-38 45 -4
-38 20 -25
33 57 -6
7 -81 -40
-15 -86 23
35 56 39
-22 19 17
7 -60 46
-22 30 -40
-19 26 39
-29 11 28
-38 48 -17
6 64 39
7 -86 -1
-10 -38 46
-5 45 -48
-18 -81 -8
3 64 -22
-13 -83 -48
-5 -91 47
-30 28 -16
-34 63 -14
-20 59 28
22 9 -44
13 -94 47
-6 -87 -43
33 63 16
11 25 39
11 -44 44
15 44 -15
-39 12 -15
-45 59 -35
40 -4 47
-6 -15 -47
35 16 27
-25 59 -22
-20 31 47
3 -86 -11
7 59 16
-1 44 -4
24 -81 -15
20 38 47
-34 25 -48
-30 25 16
37 -15 47
40 27 -10
0 -51 45
30 50 13
24 17 -20
40 62 -32
19 -48 44
-10 -95 -43
4 44 -40
14 -71 42
32 -86 -34
-19 -90 -48
0 -76 -43
-6 59 29
15 -86 28
-20 -86 3
26 59 -27
-34 2 -24
17 40 -41
33 -113 -44
23 -58 -48
35 13 14
-33 58 2
-23 -99 -43
40 -107 -48
-45 59 23
-20 12 20
-38 19 -13
40 45 -47
19 -94 -48
40 19 -7
-11 36 -43
37 -8 -43
34 8 42
-29 -48 47
-7 59 20
-8 -81 -32
31 -81 14
-34 -92 -43
-15 59 -11
3 59 10
35 -81 -6
29 -12 42
32 -29 47
-33 4 34
-25 -72 47
34 18 3
-40 -33 -43
8 38 47
-25 -86 25
-15 64 -51
40 12 -40
11 44 -33
-35 23 47
5 -10 44
-6 -77 47
-24 57 -48
31 -106 42
11 64 -3
4 42 28
2 -24 -45
-34 -84 -32
3 -86 22
10 -60 -45
-31 -28 -43
-2 38 -48
-14 19 25
-2 -81 34
-11 -1 -47
