-27 -17 -14
12 16 124
16 16 -125
49 16 36
-49 17 63
50 15 -49
-49 13 -82
18 -28 75
18 -28 -82
29 -17 -8
-30 -15 104
-4 12 28
-6 12 -53
48 12 88
-22 -14 -114
-50 15 13
-49 17 -36
-4 12 77
46 17 -93
-24 -26 -71
-36 -17 39
24 -17 36
1 12 -14
49 16 -3
-2 12 -90
25 -17 -46
-19 -28 70
29 -13 107
-43 17 98
32 -11 -109
0 -17 8
-34 17 -112
21 12 54
-41 -15 -44
44 -12 63
45 -8 -72
-21 12 120
-6 -17 -37
0 -15 116
22 12 -70
-45 -10 78
24 12 13
21 12 -37
45 -9 17
-4 -17 46
-29 12 -8
-32 12 39
19 12 93
-43 -13 9
47 -5 -29
5 -11 -122
-40 -14 -92
-2 -17 -96
1 -17 -64
-24 12 -74
-11 17 -126
48 17 62
-4 -17 88
-47 -3 -19
-18 12 -31
-4 12 102
-45 -9 -68
-29 12 77
-11 12 52
21 12 -100
29 12 -15
37 -17 85
35 16 111
-42 15 -59
7 -17 -18
-22 -17 18
46 -7 41
-13 12 7
-47 -4 54
49 17 -26
46 17 -71
22 -17 13
17 12 34
17 -17 57
-47 -3 28
36 -17 -89
44 -10 -51
-22 12 -95
47 -5 -8
28 12 74
-50 15 -10
-21 -17 -53
17 -17 92
-34 -17 61
-31 12 18
5 -17 28
37 16 -111
28 -17 -68
-2 -17 66
-24 -17 85
-25 -17 -33
-43 -3 96
3 12 -111
48 17 16
-38 -2 -107
16 -5 119
-49 16 32
-17 -7 118
-25 12 100
-32 12 -43
-2 12 -71
0 12 -35
43 -1 -97
-22 3 -120
-10 -17 -79
-1 3 123
14 -17 -107
-49 12 81
-22 -17 -95
32 -17 -26
5 12 4
31 12 -53
-8 -17 -8
41 -1 99
-32 12 59
24 2 -119
38 12 49
31 12 -85
12 12 -53
-47 2 -47
-45 12 -99
-18 -17 36
47 2 74
-35 12 -26
5 12 61
-47 0 -3
12 -17 -35
-33 0 110
35 12 29
47 4 -61
7 -17 -79
38 -17 29
-11 -17 105
-41 -15 -8
36 -17 49
-1 4 -126
4 12 43
29 -17 67
-17 12 86
12 -17 -1
-13 12 -107
-22 -17 2
20 13 109
-15 -17 57
47 4 7
38 12 -39
21 -17 -93
-25 12 -57
11 12 80
15 12 -22
-15 12 -15
-18 12 66
8 -17 -50
-42 -14 -29
37 -17 6
-47 -3 -82
-20 12 29
-38 -17 24
-34 -17 -63
17 12 -7
-36 16 111
-6 17 120
-36 -17 -78
12 12 -85
-7 -17 -110
15 -17 110
-48 7 45
31 2 111
47 6 -81
-14 -17 -24
47 2 57
7 -17 78
-12 -8 -123
47 5 27
33 12 -1
-8 -17 22
-48 6 -69
33 12 89
-40 13 1
11 -17 43
-35 12 -88
47 2 -42
42 15 75
-47 2 70
38 -17 -39
-48 -1 -33
45 -5 86
7 12 20
-13 -17 -64
-13 12 -82
-13 -17 77
-49 11 -23
-27 -17 49
-46 -7 41
48 7 -14
1 12 89
-32 -15 -104
4 12 113
41 -15 -17
-47 0 11
35 3 -109
43 17 99
21 -11 -117
-25 16 -121
-37 -17 88
23 15 -113
2 17 -124
17 -17 -61
32 12 61
3 -17 99
-6 -17 -53
-14 12 -64
-17 12 -46
35 -17 -57
-44 -1 -96
-27 -17 73
19 -17 -24
35 12 -67
-28 12 6
-38 12 -75
-35 12 89
-15 12 109
-49 16 -49
31 12 -28
8 12 100
36 12 14
45 -7 -85
-45 -9 -56
-20 12 42
24 -17 78
34 13 -99
33 -17 18
42 16 -58
-43 16 51
47 6 42
-42 15 23
-32 -17 8
-6 12 -3
-13 -17 8
-7 12 -25
13 -3 -124
36 -14 97
38 -17 -76
49 17 49
10 12 -67
15 -18 70
19 -17 25
-25 -17 -82
17 12 66
-39 13 70
7 12 -99
-47 0 84
40 -15 74
-44 -12 63
42 16 -82
45 -8 3
-21 -17 96
-41 -15 53
24 12 43
-24 -28 80
49 13 -37
17 7 120
-30 -6 -114
19 -24 -71
-40 7 102
46 -7 28
-20 12 17
4 -17 56
-3 -17 -25
-32 -17 -24
-7 -17 35
-6 12 63
3 -17 -7
-47 3 -58
11 -17 11
-28 -17 31
-8 12 41
-23 13 -110
40 -15 -5
-41 14 -16
10 -17 -96
42 16 6
24 -17 -35
25 -17 49
-16 -28 -79
23 16 119
-32 -17 -50
21 -17 -82
30 12 100
-38 -17 72
47 6 -29
-31 5 -114
-48 17 -69
8 12 -42
-17 -17 -40
36 -14 -100
-32 12 -99
40 14 -18
28 -17 91
-14 3 121
-25 0 116
-25 12 -19
-17 12 -3
5 12 32
-3 12 11
17 -17 -11
-46 -8 19
-13 -17 -90
24 12 84
21 12 24
-8 13 -117
-48 7 20
44 -12 -63
-12 3 -124
-38 -12 97
9 8 -125
4 -7 121
-46 9 91
-43 -13 -18
-44 -12 31
26 -17 -103
-48 5 59
44 -11 52
37 7 105
-11 -15 116
45 -9 -39
48 7 66
3 -17 -114
19 12 3
1 12 -81
11 12 -32
25 -7 114
-24 -12 112
-24 16 112
-44 -9 88
43 16 25
27 -28 -77
12 12 -107
0 12 53
22 12 -58
-4 12 -102
-8 12 -40
24 -17 0
43 16 -103
-15 -17 -104
-27 12 50
14 -17 34
-18 -17 67
-48 7 4
41 -15 -29
-34 -17 -39
47 6 -3
-5 -14 -120
-35 12 -65
-28 12 -33
3 12 -60
11 12 53
-13 12 -96
5 -17 89
12 12 11
-34 -17 -1
-15 12 96
-10 12 18
-25 12 -83
-17 12 75
0 -17 -86
21 12 -79
22 12 -90
-14 -17 47
-24 -17 -64
2 15 125
46 -6 -19
-43 17 -90
46 6 -91
37 -17 39
-47 -6 -42
35 12 39
-14 -17 88
-49 12 71
-3 -17 78
3 12 -25
-17 -17 -14
47 2 -51
-42 15 -43
-41 15 37
47 3 17
23 11 -122
8 4 122
-49 17 43
41 6 -102
13 14 -117
-48 7 -37
10 -14 117
44 3 91
46 -7 71
-16 -21 -73
12 -16 -116
-47 6 -88
-46 -8 1
11 -17 -71
3 -17 -104
-6 -17 57
4 -17 -39
-2 -17 -75
35 12 -76
33 -17 59
5 12 -5
4 12 73
-34 12 -53
-36 12 10
-18 -17 27
47 2 -72
26 8 116
-26 -28 -80
-8 -6 121
-36 12 29
-47 -6 -11
13 15 115
35 -6 106
-34 -17 80
-48 7 31
48 10 78
22 -17 103
40 14 -29
-35 16 100
-40 -9 -100
35 -17 -47
-40 10 -107
-41 14 -33
-40 14 79
27 -28 73
39 13 -8
-48 5 -10
39 -6 -103
29 12 -42
49 17 -12
31 9 -115
-21 -6 -120
-37 -5 104
3 12 -49
5 -17 18
24 -17 -56
29 12 20
-2 -17 107
-8 12 91
50 15 71
-36 -17 -15
-29 -17 93
26 12 35
-11 12 -72
10 12 -76
-7 -17 96
-31 8 112
17 -17 -43
-29 12 67
-47 0 36
-6 -17 -17
-49 12 -63
-7 12 113
-35 12 47
-14 -17 -1
-28 12 27
-48 17 -1
-13 12 124
42 -11 -92
28 13 -105
-43 -12 -84
38 12 68
-40 -16 -54
40 15 85
-27 12 88
31 -2 -114
-32 -17 -96
47 -3 47
-41 15 60
-35 -17 -86
-24 -17 -25
11 -17 -88
22 12 -29
37 13 -91
47 -4 -58
-7 12 -12
32 -17 77
28 -17 -17
38 -17 -67
-27 -17 39
15 12 45
21 12 -50
28 -17 27
-25 -17 57
-18 15 -116
48 10 56
-4 -5 -125
47 2 35
-24 12 -65
25 12 -7
5 -17 36
-6 12 -61
-40 13 -7
33 12 81
-21 -17 105
11 12 88
-17 12 -54
25 -17 59
-31 -8 110
28 -17 -88
-43 17 88
29 -17 7
48 9 -68
-40 -16 -70
38 12 -49
5 -3 -125
42 16 43
39 13 57
-38 -17 15
47 2 -22
-17 -24 77
31 -17 -79
-46 -7 -26
-21 12 -39
-18 12 56
3 12 81
-24 -17 -44
-10 -17 -31
-10 -17 -46
18 12 75
28 12 50
4 -17 2
10 12 -12
5 -17 -31
22 -22 69
27 17 111
-26 -27 72
-45 -6 -89
49 14 -79
-42 16 -81
-50 15 21
-42 15 15
-44 16 -24
-46 -7 70
-14 -14 -118
18 -12 115
43 -13 10
-49 10 -53
43 9 97
41 -10 92
42 15 34
-15 17 117
-38 17 -102
48 10 -54
8 -17 106
7 12 -90
-11 12 70
-7 -17 -102
29 12 7
11 12 27
3 -17 -56
-2 -17 -44
24 12 -21
49 12 6
31 -17 43
-3 -17 28
-31 -17 -72
11 -17 63
47 -4 11
-7 -17 14
-7 -17 71
-35 -17 47
18 -17 84
22 12 102
44 -11 79
40 -15 21
50 15 -64
-47 5 -80
37 -17 67
49 11 -21
24 1 117
-50 13 50
46 4 84
22 -16 -111
44 -12 -79
-46 -8 -77
43 16 -42
-41 -15 0
47 -5 -46
-34 12 -15
43 -13 34
-40 15 105
-31 12 -117
-45 -9 -35
-3 13 -128
-48 4 52
-11 -17 64
49 13 28
-49 16 -18
-40 -15 82
29 -17 101
47 -1 64
-15 12 -24
15 12 -61
17 -17 -53
31 -17 34
-22 12 -12
-6 -17 -67
-25 -17 -5
14 12 -96
-20 12 -102
29 -17 -96
-28 -17 -89
16 -21 -77
-1 12 35
18 -17 46
-3 12 46
3 -17 43
-20 12 4
-47 2 -26
18 12 -15
-13 12 27
48 10 21
-43 16 -52
-49 10 -3
-49 10 -45
35 -17 -14
14 -10 -121
-17 -17 111
-46 17 75
44 17 92
-16 11 -125
-30 14 -106
-47 4 77
39 -8 100
-4 10 124
31 16 -117
-41 -15 -62
35 17 103
-30 16 106
48 17 81
33 9 111
47 -1 2
43 -13 -44
19 -5 -121
-47 0 21
3 12 106
-48 -1 -70
-24 -17 -107
-38 14 -94
-45 2 91
15 4 -123
22 -15 110
-47 0 45
38 12 21
37 16 94
48 7 -46
28 12 -75
18 -17 -68
25 12 63
-24 -17 11
12 -17 24
32 12 -60
15 12 103
-6 12 84
-11 12 -32
-24 12 -47
-14 -17 -97
31 -17 -33
-2 -17 20
-6 12 -109
5 12 13
-34 12 -81
-8 12 -89
8 -17 -63
15 12 -43
-47 -5 61
-14 -17 -57
-17 -17 -81
-25 12 57
-35 12 -36
-38 -17 32
-43 16 30
-50 15 -29
1 13 -118
48 9 34
-41 2 -102
45 17 56
45 17 -33
10 -3 122
-49 12 -74
-47 -5 -61
-41 14 -69
48 7 49
-3 -10 120
-38 12 -47
-24 -18 -73
17 -17 -99
-44 6 -96
35 12 -22
-18 12 -86
-6 12 4
5 -17 67
-21 -17 45
-27 -17 -57
-24 12 36
-7 -17 -1
1 12 96
-25 12 -26
-48 7 -31
31 -17 0
-32 -17 -31
-45 -9 -49
-46 -7 48
-34 -17 54
-14 -17 95
-13 12 60
-7 12 -78
8 -17 -11
11 12 0
10 -17 99
-3 12 18
1 -17 73
-2 12 -43
-10 -17 -72
3 12 25
-3 12 -19
-11 -17 29
10 12 38
-11 -17 41
-29 12 -1
-11 12 102
-11 12 -7
19 -17 6
-31 12 -71
-28 12 -90
-24 12 71
22 12 70
-18 12 -70
36 -17 -21
21 -17 64
15 12 59
-4 -17 -60
-15 12 35
14 -17 -19
-25 12 13
-42 15 8
26 12 28
24 -17 -63
-7 -17 -86
31 -17 -42
29 -17 -51
-17 -17 14
-47 -3 75
36 12 7
26 -17 18
46 2 -86
47 -3 -67
-47 -3 -54
39 -16 14
38 10 -109
47 -3 21
47 -3 -78
28 -17 84
-35 -17 -8
47 -1 -35
46 -7 57
49 16 -86
47 -3 79
43 16 68
-49 17 -55
43 16 -51
-43 9 97
-26 16 118
-36 -8 -106
47 0 -12
25 -18 -75
42 -14 2
-47 -5 7
20 17 -119
-23 -22 77
-41 -15 44
-47 0 -40
-23 -7 116
-48 9 13
-28 -12 -111
-41 -15 -35
-9 10 -126
-49 12 39
0 16 118
-36 12 64
-43 -13 38
8 15 -127
-18 -28 -72
16 -18 76
-48 4 -20
44 -10 -25
34 -12 103
41 -14 -85
40 -16 54
-38 12 54
-17 17 -122
-17 -2 -122
-27 17 -114
-1 -4 123
25 -6 -117
5 -17 113
-35 9 -112
-15 -17 -112
31 12 -92
49 11 -8
-36 12 22
-47 17 -77
-49 16 56
-36 10 108
7 17 120
19 12 -109
42 15 15
43 -13 43
49 17 -57
37 1 104
17 -28 -75
-38 16 93
-24 10 -121
-18 -17 -68
48 9 14
3 8 124
-43 -13 24
-50 14 4
49 17 42
40 14 -75
38 12 -85
-26 7 116
-45 -10 54
43 16 -65
-8 0 122
-38 12 42
-37 5 -108
17 -26 70
35 12 -33
12 9 123
-42 -14 -76
-49 10 -14
-31 12 96
-6 16 -121
47 -1 28
47 17 10
42 -14 -72
47 17 -18
-31 14 114
10 17 -121
-47 14 -93
8 -17 -110
5 -17 -90
47 -1 41
-21 12 93
25 12 -64
18 12 18
18 12 86
17 -17 -29
28 12 -33
26 -17 -24
22 -17 95
26 12 -97
12 12 109
5 12 -106
4 -17 -70
5 12 -19
18 -17 -4
0 -17 -12
25 12 0
-2 -17 93
8 -17 49
-8 12 -67
3 -17 84
-3 12 68
4 -17 -24
-7 -17 6
-24 12 -5
8 12 67
-4 12 -83
-15 -17 -33
28 14 116
10 12 -58
22 -17 -14
-24 12 82
17 -17 100
32 -17 -63
-17 -17 82
-28 -17 21
-31 -17 67
-11 12 -49
-10 12 -18
39 16 -96
15 12 -74
-17 -22 71
44 -10 -14
-39 -16 -21
36 -5 -108
-38 -17 4
43 16 -1
-46 -6 83
-49 12 27
42 16 -24
26 -12 -113
25 12 96
-39 -16 64
-47 -6 35
23 -27 78
-42 15 45
48 10 -75
41 12 103
-41 2 101
43 -13 27
-47 17 82
42 16 50
-6 -17 114
-44 16 68
-49 10 55
49 12 -31
39 -16 -53
46 -3 -90
28 3 -116
1 -15 -120
11 -9 120
-34 -1 -112
44 -11 -33
-42 17 -97
-39 13 85
-19 -22 -79
28 14 105
-27 12 -100
33 12 -11
-24 12 21
38 12 -58
-14 -17 -50
-13 12 45
-28 -17 4
-43 -13 71
-21 -17 53
-31 12 -22
32 12 46
32 12 70
-31 12 84
-47 17 -62
-10 -17 84
10 -17 -103
7 -17 7
5 12 -72
-3 -17 39
1 -17 32
12 12 96
8 -17 -43
-18 -17 -5
0 -17 50
48 7 -36
-20 12 105
-34 12 73
-20 -17 -29
-20 -17 -21
-28 12 43
-20 -17 -60
12 -17 53
12 -17 -57
-31 -17 43
-14 12 14
-28 -17 -100
21 -17 53
29 -17 53
-31 12 -61
-15 12 -36
-47 17 27
16 1 120
-35 -11 102
19 16 115
40 -10 -98
39 -16 79
-37 -14 -98
30 -8 110
3 9 -127
22 -24 -80
4 -1 123
36 12 74
-34 -17 28
-39 -13 92
25 -17 73
26 12 57
-25 -17 80
-4 12 57
-31 12 34
-48 16 -88
-8 -17 -22
0 12 -1
7 12 -82
-11 12 2
-48 -1 -8
-47 2 3
-11 12 82
11 -17 88
-7 -17 -95
-4 -17 -81
5 12 54
0 -17 -32
-47 0 -64
-47 0 -75
19 12 -85
-31 -17 88
25 12 89
17 -17 41
22 12 -44
-21 12 47
-31 -17 -18
17 12 -67
21 -17 -104
-18 12 -8
-29 -17 -43
21 -17 31
-17 -17 21
4 -17 -97
25 -17 42
18 -17 -37
19 12 49
0 12 6
