127 180 195
183 34 60
71 34 187
72 140 59
183 189 83
183 75 191
74 33 68
132 63 123
73 189 131
71 117 194
173 114 59
176 141 147
127 141 101
119 188 59
72 62 133
125 63 184
134 189 136
108 141 156
183 188 184
71 187 190
124 58 68
183 58 140
71 86 61
76 141 111
71 188 77
160 141 195
183 189 134
180 141 98
154 157 59
176 63 95
106 189 102
79 76 186
114 141 60
173 34 195
91 63 95
95 153 195
101 189 161
73 160 160
144 189 94
182 74 59
107 57 152
149 57 156
183 114 186
141 141 139
150 189 170
127 141 186
91 167 59
183 156 176
183 146 66
162 188 59
94 141 84
155 59 68
183 169 110
107 141 124
71 173 103
155 57 186
153 141 84
156 170 195
151 141 167
137 63 94
76 58 162
103 189 131
81 113 68
178 57 169
103 63 124
99 185 195
78 141 140
163 141 121
161 57 118
72 188 159
157 189 120
85 60 68
71 141 181
73 158 79
183 169 153
65 161 128
97 57 178
183 173 59
128 162 59
97 189 72
126 189 160
72 161 195
116 57 103
160 189 144
183 136 195
183 163 83
128 189 111
131 141 77
71 56 195
183 160 131
174 189 163
183 95 68
72 62 110
125 189 81
129 57 145
101 141 177
167 189 100
173 95 195
183 60 116
177 57 73
80 98 186
137 160 195
85 189 110
183 53 189
72 58 85
141 182 59
183 167 195
114 189 180
71 173 60
162 63 140
84 141 164
114 161 195
148 189 191
143 141 117
128 141 163
141 141 59
159 189 79
85 189 175
73 173 143
92 141 60
105 63 75
73 141 89
88 63 146
73 172 176
126 57 165
120 141 139
157 63 88
89 189 145
183 141 121
164 141 62
106 141 104
170 141 172
83 189 60
86 189 89
110 171 59
183 188 113
168 185 195
71 52 59
108 141 194
171 141 80
159 141 103
183 126 68
114 141 85
115 189 146
81 132 194
97 141 142
85 173 195
89 141 125
179 189 66
141 63 176
159 141 138
160 63 170
183 152 159
71 69 66
148 57 131
110 63 168
124 141 121
139 63 77
143 142 195
90 63 113
145 189 153
73 155 99
167 157 195
122 63 84
114 57 136
169 63 155
73 63 178
172 156 59
73 175 121
183 174 175
163 171 59
134 189 182
90 141 101
120 189 128
72 189 99
71 157 59
183 157 98
73 173 87
183 177 95
165 189 180
81 99 59
81 129 66
73 156 144
183 51 59
143 141 98
102 153 59
173 126 186
71 144 154
72 89 195
140 189 77
81 48 186
88 189 125
71 144 126
183 175 124
146 63 115
73 157 114
183 187 150
171 63 185
72 141 74
73 146 195
174 83 68
120 189 97
105 189 87
102 184 59
173 57 129
109 62 186
162 63 104
100 169 195
116 141 176
183 150 193
183 148 85
143 141 180
142 189 124
141 141 155
130 63 106
97 63 162
173 141 132
114 188 195
73 156 182
163 141 159
72 59 147
71 186 174
90 63 131
146 189 108
183 161 68
151 156 195
183 57 155
105 189 117
105 141 74
85 141 179
167 189 130
81 46 68
151 141 69
103 63 107
183 142 181
127 177 59
173 41 67
73 120 59
183 177 76
183 156 116
143 176 195
183 156 145
117 63 120
88 154 59
182 39 186
143 166 59
173 61 60
150 189 67
173 84 186
125 150 195
73 189 145
144 63 144
81 66 195
73 173 159
183 176 139
100 189 182
113 189 74
71 146 168
183 141 166
183 113 68
81 79 68
173 109 194
160 141 182
71 103 195
148 189 137
173 100 59
183 100 186
128 149 59
71 128 186
93 141 190
115 157 59
88 189 188
147 57 101
71 101 68
79 58 99
91 57 80
161 189 159
115 174 195
95 141 113
172 141 189
130 189 66
183 164 166
135 63 155
183 179 162
108 63 88
119 63 152
170 189 114
71 187 116
181 135 59
81 117 186
85 63 175
97 141 163
71 173 189
175 141 110
183 58 85
115 189 167
126 141 150
102 189 148
73 171 74
85 141 72
88 189 160
167 63 80
71 75 195
183 180 194
80 63 123
172 180 59
183 63 180
152 141 127
183 122 195
180 87 59
79 40 195
71 186 62
94 189 99
139 57 165
174 48 195
183 145 138
108 141 136
135 63 135
138 141 87
152 141 150
132 141 175
117 141 71
183 189 98
81 67 59
183 88 193
172 189 146
117 57 177
133 141 129
157 189 92
183 58 104
172 173 195
173 136 68
167 141 95
136 189 194
183 186 172
104 141 92
132 189 95
171 189 81
173 71 68
172 63 113
178 65 195
75 41 59
153 177 59
135 57 185
173 126 61
81 92 68
123 189 188
85 141 149
168 189 69
72 62 74
89 59 186
159 57 150
101 63 143
72 152 69
139 189 167
82 189 74
123 63 131
130 63 174
174 106 68
71 109 60
97 58 68
71 184 88
126 141 87
116 141 99
80 166 59
183 66 66
130 189 124
149 57 170
166 57 177
114 141 115
124 167 195
117 189 110
161 141 75
151 63 78
155 181 195
83 141 83
73 167 134
183 121 59
126 189 145
105 189 171
160 63 128
175 141 159
81 184 195
81 81 195
121 63 95
176 189 124
85 176 59
173 57 143
183 153 75
183 150 106
86 160 195
71 162 90
85 63 160
183 167 184
82 189 136
147 189 180
124 189 176
143 154 59
141 141 72
183 108 59
167 58 68
173 78 195
71 142 101
109 151 195
110 189 156
116 141 129
137 141 107
167 57 91
183 154 59
112 58 68
183 57 127
71 125 68
174 189 91
71 47 190
93 57 123
81 63 89
158 57 161
111 57 113
152 141 59
173 189 187
75 88 186
94 189 117
119 141 192
159 189 110
163 189 170
73 158 171
181 141 75
183 47 68
149 189 83
176 165 59
183 166 120
131 141 141
118 141 160
87 141 136
80 122 195
71 181 137
102 63 97
79 189 182
125 141 111
135 149 195
125 141 64
183 181 105
80 147 59
144 60 68
81 56 59
148 141 107
73 106 186
125 57 116
160 189 191
71 135 194
133 63 68
174 51 186
80 96 195
83 63 77
172 144 59
71 45 67
85 150 195
134 173 195
136 189 86
173 51 64
183 166 141
85 141 116
116 189 86
156 189 132
145 165 195
71 68 186
146 57 184
71 165 121
79 112 195
81 54 194
79 63 141
173 97 186
71 165 66
93 189 60
183 103 195
78 80 59
183 126 186
183 38 195
73 56 186
173 92 66
71 114 68
149 141 188
117 57 162
155 141 115
183 152 125
183 178 185
111 141 147
99 141 152
137 141 165
110 141 183
108 189 188
116 179 59
140 63 105
163 150 59
81 128 186
178 189 195
71 98 59
170 57 165
173 141 121
73 149 84
133 189 153
112 63 145
173 120 195
183 183 59
80 189 152
71 131 60
135 57 115
73 156 129
81 35 186
116 57 80
99 63 86
183 179 85
83 189 101
71 145 145
100 174 59
138 189 145
112 189 136
72 58 120
161 141 168
173 81 59
72 148 135
167 141 149
173 189 175
128 141 195
71 163 105
178 135 186
174 113 186
81 67 186
183 144 154
105 141 59
71 165 184
152 167 59
96 141 75
183 168 101
81 102 68
162 161 59
132 63 83
143 141 128
80 141 102
162 141 85
80 112 59
97 63 153
177 157 195
133 141 119
174 115 68
106 57 175
106 63 159
183 83 68
173 41 188
71 179 97
71 66 195
173 74 187
178 63 160
140 57 125
173 63 175
72 148 115
80 63 153
100 145 195
152 63 123
137 189 116
175 131 195
150 147 195
91 189 136
164 141 111
71 80 68
93 57 106
71 179 149
116 189 119
183 167 91
73 170 167
183 160 153
112 63 96
183 179 116
183 56 66
73 175 130
71 167 151
178 63 148
77 189 166
166 189 89
183 113 195
71 181 106
155 57 138
81 135 60
95 189 168
99 141 66
138 189 102
133 170 59
79 67 68
111 189 94
151 189 100
121 168 59
171 57 106
176 44 59
183 149 171
152 187 59
79 139 185
183 96 59
126 63 76
102 57 186
183 136 67
183 37 68
183 141 130
183 161 107
94 176 195
71 115 186
104 141 115
169 63 122
103 63 135
107 177 195
89 189 80
105 161 59
142 189 65
173 71 59
178 141 89
153 63 179
79 33 60
80 189 83
120 63 111
78 141 122
118 57 186
73 170 112
183 57 95
142 63 86
137 141 147
110 149 59
105 141 170
133 141 68
124 189 136
163 141 130
161 58 75
96 160 59
93 63 171
75 189 107
89 189 67
146 63 164
71 96 186
175 148 195
147 57 93
178 63 133
133 187 59
183 179 67
183 188 162
95 189 87
156 189 178
149 141 141
155 63 96
141 57 137
77 63 169
73 133 68
81 122 60
72 126 195
126 63 158
182 62 59
71 80 188
119 63 171
71 180 195
168 141 103
95 189 108
102 189 140
152 141 97
168 141 181
177 56 195
183 168 132
167 149 195
167 166 195
71 182 165
79 141 131
141 57 150
183 46 195
76 170 195
73 63 96
71 153 189
123 63 140
168 141 139
71 151 106
174 86 195
153 63 147
151 63 108
91 141 169
79 141 171
71 180 184
110 63 129
149 189 118
132 141 94
137 141 185
172 189 154
160 189 69
153 189 149
77 155 195
117 57 91
103 189 78
183 104 66
108 167 195
94 189 154
90 141 158
120 189 154
134 155 59
183 167 74
73 154 154
183 157 89
72 35 195
111 185 59
165 176 195
132 189 171
178 63 123
130 63 97
102 189 95
147 189 162
183 185 76
71 183 70
173 34 62
78 189 66
167 63 133
182 63 77
81 107 186
107 57 141
71 183 124
183 67 188
78 57 70
81 121 68
181 91 186
74 141 161
72 148 176
146 141 89
101 141 188
105 189 70
92 167 195
83 141 95
117 148 195
97 189 124
80 87 59
130 57 132
132 141 156
183 153 136
141 189 132
128 189 102
141 189 186
91 180 59
178 63 109
155 141 174
175 180 195
82 189 118
73 90 68
118 57 128
181 82 186
71 145 65
118 57 144
176 189 139
71 34 60
183 160 191
117 189 66
108 57 103
183 143 59
135 57 173
183 73 68
71 145 188
89 63 88
154 189 158
145 175 59
93 189 176
126 189 90
71 64 60
141 189 175
100 141 99
80 63 133
132 189 75
183 149 99
107 159 195
73 171 95
151 189 76
102 141 84
97 63 78
175 57 80
73 178 171
73 72 59
124 57 172
72 179 82
115 63 74
176 189 75
177 57 184
174 63 69
129 57 180
97 146 59
81 189 144
163 57 184
175 57 154
159 189 101
183 156 165
82 63 114
155 141 159
91 141 93
122 63 103
129 159 195
102 63 116
135 181 195
164 179 59
175 173 59
183 161 59
107 141 66
143 141 172
133 141 60
183 179 154
124 141 176
81 89 192
173 105 186
177 141 176
183 141 112
183 57 162
154 63 164
81 48 60
183 185 141
149 141 77
114 141 167
121 145 59
122 141 94
183 154 186
94 63 140
104 141 143
86 141 187
71 166 59
75 141 81
98 57 99
104 63 180
81 140 194
178 120 186
141 57 157
75 181 59
71 162 140
71 162 176
85 141 63
183 148 118
83 57 180
173 189 107
71 188 183
183 57 175
73 149 161
103 57 83
71 141 118
80 33 193
180 127 59
112 63 106
183 140 188
165 189 152
97 161 195
156 63 116
79 189 126
97 63 128
124 189 117
183 183 91
175 126 68
183 179 130
149 57 142
109 63 119
164 63 164
102 63 166
112 141 93
79 63 105
91 188 195
75 122 186
162 189 137
172 63 89
88 181 195
167 141 72
73 150 59
108 189 164
108 189 109
97 189 188
71 62 66
97 63 111
172 141 165
137 148 59
145 63 125
123 141 80
72 148 97
87 141 109
160 141 92
145 63 152
81 57 172
72 61 156
130 57 153
168 166 59
144 141 146
151 189 127
172 63 138
183 183 179
166 189 76
120 185 195
73 156 89
134 63 180
156 58 83
160 57 92
81 39 68
164 63 114
157 57 178
81 105 194
71 160 151
91 63 72
71 141 173
166 57 147
112 63 177
164 57 155
132 63 141
106 189 62
142 185 195
71 141 133
169 63 101
175 189 60
84 57 165
81 56 186
154 188 195
81 189 93
71 165 81
173 137 61
173 88 59
183 97 194
176 107 59
163 57 133
126 63 124
92 145 195
183 172 83
73 154 122
171 141 88
88 63 124
183 182 123
183 150 147
92 141 150
183 173 168
183 155 66
78 177 195
82 141 157
122 157 195
73 177 114
73 159 71
71 78 61
178 57 90
159 63 154
79 189 159
183 41 61
97 63 184
182 107 186
166 57 125
149 63 136
181 63 100
81 73 62
174 138 195
183 61 194
72 42 186
81 72 191
106 62 68
83 57 85
114 63 84
155 162 195
117 141 184
96 63 118
108 141 176
173 68 190
183 167 160
121 154 59
173 165 195
149 57 118
79 159 59
161 184 195
161 63 81
177 141 141
96 189 147
96 141 120
168 189 124
150 175 195
183 163 173
183 161 75
125 141 128
126 173 195
116 189 160
136 63 148
134 180 59
142 141 79
178 141 83
152 189 112
87 189 153
113 189 129
143 63 99
166 189 188
183 154 82
87 189 182
86 141 142
109 178 59
125 63 148
143 189 85
183 146 162
93 141 132
131 141 106
164 189 118
145 153 195
183 148 177
183 172 145
155 141 144
108 141 164
149 150 59
154 57 128
72 58 102
114 57 170
87 57 92
183 120 68
98 57 166
71 163 166
135 141 195
144 141 65
162 63 71
88 189 167
167 141 195
121 161 59
130 63 113
183 58 147
71 163 98
103 189 124
183 147 186
72 58 126
183 160 138
118 189 139
77 93 59
144 57 77
163 63 180
101 141 136
107 188 195
