91 112 172
166 27 59
149 162 60
165 26 192
88 86 65
165 161 150
89 162 112
88 34 185
165 100 194
165 109 102
121 161 193
94 26 60
100 138 59
126 128 133
158 80 59
88 113 106
88 157 158
165 156 103
165 109 148
165 145 193
165 122 62
94 76 194
129 128 88
131 128 173
127 162 152
127 162 114
158 63 193
89 141 194
121 109 59
120 162 79
88 128 138
165 135 129
88 159 81
88 55 65
148 162 174
165 134 163
133 136 58
115 109 190
88 111 76
144 128 111
106 162 134
165 132 88
109 128 157
162 53 64
110 128 111
154 162 126
115 135 194
145 162 87
142 112 190
88 135 91
141 138 194
147 128 148
109 162 170
89 100 194
88 137 115
162 111 172
165 154 75
145 109 61
89 162 183
104 162 59
107 128 79
162 106 79
88 135 172
109 162 99
165 123 194
91 109 150
162 112 126
148 128 73
128 159 58
89 55 194
90 109 127
88 150 133
100 111 58
95 120 191
166 101 59
164 142 58
152 128 179
165 128 109
141 159 194
165 154 169
164 45 187
108 128 177
164 82 187
135 162 132
146 162 148
116 128 61
106 128 131
128 162 174
128 128 151
148 162 107
165 143 147
88 131 71
162 162 186
144 128 130
103 152 194
149 128 91
126 162 96
95 69 58
91 128 155
127 128 106
165 149 119
103 162 154
88 152 96
137 162 72
109 162 118
165 161 59
165 154 135
96 128 103
114 146 58
151 132 58
95 42 58
90 156 65
130 128 190
145 128 165
130 128 72
110 128 95
162 128 149
103 162 83
145 146 58
165 138 179
90 102 65
130 149 194
89 162 143
88 142 146
165 138 73
89 109 91
157 111 186
165 68 65
165 147 89
155 134 194
120 162 130
158 40 59
101 109 186
160 162 89
88 148 177
153 162 161
98 128 119
115 128 142
151 149 194
153 162 74
90 88 187
91 162 126
138 162 160
129 114 188
95 125 58
96 27 194
88 142 160
156 128 119
99 128 167
140 162 119
122 128 118
165 141 106
94 162 170
120 128 166
103 131 194
88 110 185
105 162 185
90 154 194
88 142 79
164 162 115
88 151 119
89 66 187
158 112 58
117 162 67
165 89 65
139 162 98
95 43 193
88 130 187
96 162 100
88 35 66
117 162 180
117 162 144
100 128 145
88 117 65
162 114 159
115 162 158
116 148 194
104 128 67
121 128 181
88 113 138
134 114 58
97 128 88
163 114 89
156 128 133
156 34 193
156 162 139
133 162 84
164 114 114
142 128 188
141 128 64
165 150 157
134 128 121
101 150 63
165 112 68
153 161 194
140 128 83
159 128 97
136 128 142
159 90 194
164 128 174
127 147 58
135 162 183
118 128 76
163 34 68
139 128 100
165 150 183
88 149 107
161 128 76
111 114 61
99 162 70
94 93 58
88 139 102
165 138 117
163 34 184
162 114 138
165 72 192
89 109 161
165 56 187
135 162 143
88 142 126
154 128 157
159 162 175
139 157 58
165 132 139
99 128 184
117 162 90
88 74 65
88 113 117
165 129 184
147 162 135
95 80 58
89 162 92
111 128 188
117 128 87
110 162 75
156 128 66
156 149 58
88 152 149
127 128 60
129 138 194
165 132 62
165 144 169
88 131 124
103 141 194
97 128 76
103 162 108
112 128 122
159 61 59
113 156 58
165 155 194
165 161 162
165 161 126
165 134 193
97 162 118
97 161 194
159 50 194
165 148 67
154 128 108
151 162 97
127 162 70
139 128 154
124 162 164
165 144 132
156 30 58
94 58 58
94 109 194
88 151 74
88 128 109
120 162 107
164 110 194
155 128 169
101 162 144
165 43 65
165 109 181
88 128 165
88 152 167
165 37 193
130 128 163
149 162 184
109 128 168
97 128 130
140 150 194
165 135 97
131 159 194
118 128 152
122 128 95
116 128 132
120 162 121
96 162 134
139 162 108
88 136 134
139 128 179
158 162 108
97 162 161
129 162 124
92 128 177
165 91 187
94 162 151
143 136 58
88 45 65
158 95 59
165 79 65
161 162 68
139 162 170
90 48 187
122 136 58
89 65 65
125 162 185
88 157 103
151 128 82
150 106 190
91 110 60
165 153 147
88 130 80
89 162 72
165 129 121
165 143 80
111 157 194
99 162 177
126 162 142
118 162 171
148 128 121
94 129 194
109 138 58
95 157 58
95 65 193
120 128 192
130 162 104
102 162 126
155 128 144
156 162 153
165 147 98
88 140 181
148 128 101
105 128 103
139 128 73
148 128 139
144 162 78
108 114 190
165 161 80
90 26 187
89 37 194
124 128 142
98 34 58
165 152 59
160 162 98
89 78 187
93 92 194
160 79 194
88 157 175
88 148 86
165 149 110
91 107 83
165 142 160
134 162 64
148 162 116
158 71 60
115 128 103
154 162 82
166 36 59
94 50 61
165 161 140
94 128 68
88 152 186
165 115 187
165 135 151
121 153 58
102 162 94
111 162 126
100 128 154
91 128 96
144 162 67
136 128 109
96 33 188
148 128 194
88 158 135
88 134 151
159 127 58
165 128 157
88 143 168
88 114 193
158 128 188
111 162 150
96 148 194
149 141 194
135 128 133
137 147 58
136 131 194
88 27 66
165 156 86
157 162 59
129 128 182
108 128 146
165 155 94
165 66 187
135 128 58
112 162 83
145 128 173
91 128 147
93 117 58
91 109 100
91 84 194
88 114 84
153 142 58
95 162 84
159 150 194
159 116 194
159 136 58
142 162 128
121 128 110
135 109 189
117 162 100
115 128 174
166 109 59
106 162 161
114 162 136
88 109 68
165 128 69
94 102 58
113 128 70
106 162 67
124 154 194
165 148 140
124 128 158
162 128 128
159 104 191
88 134 142
89 94 64
163 47 58
89 97 187
121 142 194
91 58 187
92 104 188
88 128 88
133 128 79
130 128 98
88 150 141
108 128 88
111 162 110
89 161 191
91 107 178
124 109 190
127 114 61
88 125 65
159 128 89
89 70 193
158 29 188
165 86 194
133 162 166
165 147 176
160 106 63
141 162 178
133 162 92
165 159 179
119 161 59
113 162 187
88 158 120
88 121 187
130 162 159
121 128 68
89 114 155
145 162 159
89 162 60
140 128 93
165 140 186
165 134 80
88 29 194
161 27 65
165 103 187
159 42 194
165 139 138
163 109 133
163 109 164
162 114 97
149 113 188
162 128 166
102 132 58
99 128 112
156 162 117
136 162 151
138 128 161
149 128 65
99 128 138
156 141 194
98 128 95
88 153 126
123 128 174
153 162 66
112 142 194
88 147 155
131 162 76
165 153 125
106 128 139
165 140 89
96 162 108
97 137 194
136 144 194
165 135 171
165 161 170
98 162 77
158 87 59
125 162 85
165 84 59
165 156 65
95 51 192
165 73 59
104 106 61
88 124 194
125 128 125
165 139 65
105 128 116
162 109 119
165 60 65
133 153 58
165 60 194
88 133 179
88 161 165
91 40 187
158 70 192
166 112 82
161 121 188
106 154 58
89 114 131
88 136 164
161 161 194
161 116 64
88 114 166
152 107 61
88 155 112
97 162 184
165 161 108
128 162 134
150 162 168
90 128 116
162 114 106
143 162 141
165 128 101
162 114 151
89 114 145
159 162 146
147 162 191
165 106 72
165 47 193
89 46 194
88 146 189
89 62 194
161 98 188
104 161 193
159 162 130
115 128 115
152 128 126
165 149 163
126 128 77
105 128 124
139 162 91
111 162 177
110 162 92
118 162 114
88 114 96
160 162 75
165 155 115
164 109 94
100 162 171
109 128 62
165 147 73
142 162 185
122 135 194
91 114 123
121 114 186
95 87 60
88 137 187
158 162 169
156 162 184
141 128 121
120 162 150
127 128 112
88 145 95
89 107 167
94 128 162
163 75 187
165 143 125
159 128 112
159 128 104
102 128 161
93 128 170
135 128 185
145 162 94
102 128 173
165 93 194
89 109 112
158 53 59
158 34 64
96 149 66
88 146 113
137 109 61
121 146 58
165 135 109
165 92 59
95 98 192
105 143 58
93 39 63
95 37 194
136 162 190
89 134 194
160 120 58
93 71 189
142 114 58
96 32 64
161 99 64
165 57 59
115 109 61
145 128 59
89 162 99
110 162 60
88 157 87
160 126 194
92 79 64
165 128 94
88 138 85
165 128 83
147 128 183
133 128 148
120 128 137
136 162 124
113 128 163
153 128 97
140 162 83
106 136 194
122 162 177
159 162 122
122 128 83
149 162 154
144 128 157
151 162 144
109 162 140
164 109 156
95 110 187
151 162 89
105 128 73
141 128 136
91 109 142
113 128 182
151 128 163
88 142 137
165 143 112
164 112 76
165 54 194
164 106 175
135 128 68
93 128 83
143 162 112
160 37 189
165 65 59
146 135 194
109 109 187
104 128 189
165 109 111
146 156 58
90 109 134
166 116 59
123 162 64
165 136 158
163 109 141
91 107 72
88 152 81
138 114 186
110 151 194
111 129 194
161 84 64
159 101 58
114 162 164
118 128 124
121 128 101
153 128 151
136 128 127
147 162 122
133 162 115
165 130 115
165 31 189
104 128 94
158 128 177
150 111 58
94 64 61
102 162 102
91 162 159
148 162 72
159 162 160
165 161 91
94 59 194
97 162 62
165 79 192
88 134 97
118 114 61
160 27 194
155 162 103
95 137 63
88 134 108
93 127 189
165 161 72
114 114 187
130 109 59
130 132 194
165 141 95
151 128 113
139 128 168
120 162 137
127 128 67
118 162 73
90 128 103
117 128 187
103 162 114
154 128 73
143 162 153
158 156 194
103 128 85
128 128 119
165 137 123
135 128 86
116 128 94
123 148 194
165 114 120
123 162 91
124 162 157
165 149 79
104 162 73
112 128 76
160 59 189
161 53 188
115 133 58
88 154 180
165 114 167
143 162 59
165 149 104
114 162 121
133 162 98
162 114 144
165 153 176
165 155 163
88 128 173
105 113 62
142 128 194
88 160 153
89 106 194
152 157 58
161 157 59
91 109 119
94 162 140
162 128 137
94 162 67
165 160 134
97 106 60
88 141 91
159 99 194
159 56 194
92 69 64
93 59 63
145 155 194
143 128 143
161 75 64
130 162 147
130 162 180
165 130 133
131 128 138
137 155 194
165 144 183
145 146 194
157 128 162
165 148 151
163 26 187
101 162 138
88 142 120
149 128 169
112 128 83
150 162 78
161 39 64
97 132 58
125 141 58
165 114 130
134 142 58
159 84 190
95 114 191
159 45 62
91 114 89
115 161 193
165 131 145
164 66 194
163 162 156
159 128 83
127 162 190
89 79 194
154 162 173
165 156 154
165 131 75
160 124 63
88 156 143
98 156 194
137 162 137
100 128 71
165 141 154
94 128 136
165 143 119
165 150 130
94 128 108
106 162 146
141 128 106
113 162 105
165 109 87
136 162 79
122 128 89
154 128 88
165 134 186
104 162 175
110 109 59
98 128 191
165 159 121
98 32 194
93 81 189
133 159 59
165 158 189
93 119 63
166 42 59
165 126 189
161 147 58
161 65 63
88 147 183
90 148 194
88 111 177
160 128 183
165 31 62
125 128 194
91 114 101
91 162 106
91 114 111
105 107 190
165 161 102
165 138 145
88 128 159
138 133 58
88 147 123
133 162 109
88 156 70
165 127 60
101 157 58
92 162 119
163 106 170
96 162 127
133 128 91
159 128 71
94 162 95
123 162 74
103 162 121
126 162 119
117 128 81
153 154 194
150 138 58
116 151 58
129 109 188
144 128 76
109 162 182
125 162 129
89 88 194
125 128 187
127 162 169
133 162 69
131 162 139
143 128 88
97 128 63
130 128 130
134 128 157
93 128 91
124 162 147
95 75 60
165 139 165
165 109 186
133 162 175
115 128 157
165 141 174
165 147 187
97 128 174
108 128 183
97 162 147
165 50 187
165 154 81
88 72 187
92 128 183
160 66 189
166 112 176
88 157 94
165 117 193
94 96 62
103 162 165
88 156 189
156 128 79
135 128 97
127 128 177
127 162 109
121 128 63
145 162 100
142 128 148
154 128 139
139 128 174
107 128 151
105 128 110
141 143 58
117 162 84
133 128 178
97 128 124
165 52 60
91 128 121
165 134 69
165 156 143
160 138 194
102 128 99
101 162 131
141 162 133
128 162 63
133 162 121
153 162 136
127 128 170
115 162 79
142 162 164
100 128 106
145 162 169
108 162 87
89 106 78
91 114 162
92 31 185
161 94 64
165 160 96
93 91 63
162 105 58
154 128 193
129 132 58
160 128 157
88 153 154
118 162 187
97 162 156
141 162 148
165 133 179
90 53 187
149 128 157
91 109 155
128 144 194
118 154 194
122 162 100
158 108 193
163 48 65
115 162 130
88 128 180
104 128 62
165 149 169
112 162 67
88 158 128
88 128 133
93 92 189
142 152 58
111 162 155
160 115 189
88 160 148
165 109 124
166 137 59
127 152 58
91 107 65
100 145 64
93 64 189
88 147 145
93 125 63
165 161 85
94 103 194
98 107 190
165 157 129
95 88 193
133 114 190
91 110 107
89 114 187
97 154 61
91 107 183
103 111 190
88 148 100
159 75 191
165 103 64
165 42 191
109 162 191
163 32 194
94 162 180
161 58 63
95 128 143
147 109 187
165 140 130
157 128 126
127 162 80
129 128 145
124 128 149
94 128 114
108 162 79
137 128 77
100 162 89
157 35 59
88 132 129
124 128 163
112 128 90
93 162 89
132 128 103
133 128 169
165 143 71
94 144 194
93 128 78
98 128 82
94 37 58
160 162 83
92 33 194
89 161 172
162 106 183
96 111 61
88 154 172
89 95 194
157 33 188
92 55 60
159 93 190
114 138 58
94 162 189
120 129 58
165 96 62
91 105 60
