150 165 133
78 14 161
162 59 109
57 152 179
105 101 140
136 238 132
86 178 125
152 113 112
136 15 88
98 51 128
118 146 101
113 177 164
126 196 105
163 203 120
161 17 118
163 191 155
129 131 133
82 163 157
156 85 132
117 109 109
151 146 106
117 169 126
82 21 129
106 72 152
133 190 143
138 40 107
151 178 106
125 213 130
95 36 152
108 193 123
107 79 128
129 105 134
147 89 109
125 170 103
152 134 128
133 127 106
148 217 131
112 129 118
155 187 135
153 27 97
152 106 133
132 153 135
144 179 158
141 209 113
78 155 176
92 57 148
115 149 125
93 169 141
163 66 127
102 175 113
118 94 122
145 57 100
117 87 147
134 227 117
154 43 116
136 104 115
89 14 145
84 39 136
107 113 125
141 198 129
162 96 119
163 78 113
96 175 158
135 223 143
142 162 104
118 183 147
94 68 135
155 162 117
138 33 91
134 171 136
99 85 143
79 28 149
162 186 116
143 121 136
149 195 106
148 69 112
124 195 128
146 15 107
143 93 126
135 146 102
150 130 111
116 159 113
117 129 103
148 148 134
128 182 159
168 196 135
114 186 108
153 43 99
147 232 124
118 117 136
96 29 136
164 179 145
135 183 102
135 117 124
136 25 103
99 181 129
156 119 125
103 94 128
119 182 132
155 176 125
126 228 128
160 16 104
118 200 115
148 31 110
105 61 139
71 162 165
146 229 138
153 56 119
100 45 141
143 181 136
156 202 132
116 172 113
154 147 122
152 74 125
139 115 109
118 87 134
121 100 143
115 142 114
112 77 140
130 177 147
157 197 144
152 100 111
138 210 134
129 204 120
91 166 166
88 53 137
142 51 112
89 20 157
97 187 118
141 45 95
140 106 127
86 18 170
151 205 121
128 157 102
106 179 152
118 136 127
153 182 150
137 140 133
94 69 148
130 118 136
126 117 105
114 182 120
109 103 118
159 109 121
85 43 148
122 158 132
145 192 139
144 218 120
148 15 95
84 155 165
85 168 131
97 171 123
84 172 149
145 82 119
138 198 105
124 144 133
128 233 139
142 138 107
103 60 151
157 96 130
124 105 117
164 79 125
165 188 128
158 88 111
126 139 104
131 183 134
159 48 107
112 124 128
93 36 128
79 16 139
111 117 115
124 182 103
88 178 135
93 27 147
66 155 174
138 186 152
158 197 112
133 214 118
143 24 89
116 173 153
140 161 136
98 79 135
154 186 160
166 65 117
168 192 145
153 21 112
131 24 93
107 92 145
153 167 107
138 14 99
144 132 135
81 165 169
151 157 107
141 174 103
151 79 109
152 157 128
137 235 122
78 18 150
157 128 120
156 174 114
105 71 133
80 30 138
96 48 150
104 186 110
114 108 140
154 63 105
140 93 116
89 16 135
140 208 124
161 181 155
99 61 130
144 107 110
156 188 109
124 97 129
115 158 124
124 172 133
107 81 150
92 177 114
129 112 112
106 177 122
155 39 107
133 193 131
120 162 104
108 194 113
113 87 125
164 87 120
128 219 137
153 140 113
151 176 135
105 105 131
130 108 125
146 41 112
118 183 158
89 45 128
146 37 94
84 31 129
162 58 122
84 167 140
134 39 97
164 183 136
105 171 157
115 191 128
131 203 109
143 124 109
100 91 136
151 123 132
151 193 130
144 185 104
125 220 124
116 195 107
147 202 112
161 68 109
143 112 133
95 172 132
144 61 110
99 38 136
144 151 104
152 228 131
143 171 136
137 51 102
115 121 108
153 52 101
90 61 139
154 153 115
131 206 129
120 127 132
150 65 120
102 54 144
166 18 111
153 122 115
97 78 148
109 112 134
108 69 144
136 177 157
144 237 130
160 51 117
157 185 125
126 186 147
137 182 145
148 96 132
166 194 121
155 167 124
153 189 143
147 189 154
150 223 125
115 134 111
145 25 104
143 98 109
134 165 102
148 86 128
151 115 131
96 34 143
150 142 128
87 32 151
65 149 180
109 180 112
116 151 109
103 53 136
107 187 129
137 234 140
94 74 141
139 217 139
128 164 134
125 111 139
90 24 130
81 36 145
135 125 136
101 85 129
153 178 157
119 176 106
140 150 136
143 227 118
112 99 144
149 182 141
83 14 155
114 152 117
155 137 121
146 156 134
89 170 123
137 100 122
117 100 116
122 144 125
126 130 103
166 72 123
164 201 129
90 24 140
123 177 156
145 181 151
153 35 98
133 173 102
135 23 87
92 182 123
98 168 162
159 103 127
157 183 143
107 94 121
133 112 131
92 57 130
137 156 103
154 19 99
168 185 150
85 24 151
136 33 105
122 94 137
113 80 133
88 166 153
156 115 118
116 174 121
137 119 131
115 164 118
131 183 152
81 21 160
112 184 153
154 190 153
127 149 102
155 14 109
88 15 162
87 49 144
73 160 173
133 120 109
75 155 167
110 122 120
135 135 105
131 235 127
125 137 130
150 50 116
129 188 103
97 182 113
117 198 123
115 84 141
154 71 108
143 186 142
137 133 134
147 76 113
141 192 133
145 222 137
117 141 106
131 145 135
81 14 132
145 214 126
150 200 128
143 192 104
144 142 136
127 212 123
88 175 142
169 188 135
133 111 138
148 30 93
158 77 129
127 225 134
157 104 115
124 202 112
157 111 128
121 123 102
159 182 111
139 184 159
153 93 110
117 175 129
157 205 125
119 152 131
133 231 145
103 99 134
119 154 103
96 43 129
102 179 158
120 188 106
154 195 138
78 166 162
128 104 141
141 226 142
92 177 129
124 189 131
161 92 126
134 112 118
136 178 135
81 23 136
141 202 109
125 123 135
131 199 128
168 196 128
141 56 107
144 144 104
142 130 108
139 113 126
147 48 98
111 109 115
79 21 144
155 204 115
96 172 116
124 179 146
153 91 133
152 22 105
133 207 115
157 69 125
146 56 116
90 171 161
128 227 122
148 137 109
117 142 120
133 32 95
106 87 124
86 38 129
158 96 114
147 187 135
141 15 92
145 102 132
118 115 106
86 161 163
118 166 109
162 198 138
153 32 105
138 219 116
152 149 129
86 46 137
154 155 121
110 117 129
114 136 119
142 19 103
105 100 126
137 110 111
139 47 107
146 116 110
82 164 150
155 182 130
77 18 166
136 191 103
120 135 103
129 177 134
82 169 155
121 92 128
152 14 103
151 36 113
111 175 157
78 159 161
143 85 114
125 153 133
102 192 119
148 23 95
144 203 120
167 73 116
136 20 93
84 175 130
90 21 148
153 171 129
138 190 139
143 211 119
142 32 108
100 66 151
131 183 143
88 166 146
131 220 119
118 174 160
147 185 160
126 234 132
159 54 106
123 99 123
158 179 118
139 39 93
157 63 123
133 15 95
121 166 131
160 194 150
118 89 141
103 96 141
97 42 148
149 137 132
113 129 125
112 80 145
163 198 116
83 158 171
136 44 102
91 63 147
157 82 110
123 108 112
131 139 131
90 168 136
133 186 157
90 46 150
160 14 112
130 227 140
85 167 164
129 212 134
120 94 145
165 80 119
125 221 130
152 199 111
83 174 138
162 84 114
84 42 141
125 182 153
151 80 127
149 234 133
103 64 133
160 20 109
156 175 108
159 181 149
109 197 118
88 178 119
113 126 112
89 15 152
125 183 133
133 160 136
154 128 129
115 181 112
108 189 108
163 73 128
153 107 111
144 214 134
151 187 106
123 112 107
110 87 148
148 61 103
148 76 120
85 14 139
98 55 150
83 14 148
109 182 125
143 233 120
143 235 136
72 152 174
100 186 125
131 141 102
128 102 127
123 143 101
124 207 128
160 192 112
136 204 127
157 43 111
91 51 129
98 72 132
136 119 137
130 236 135
145 169 105
125 99 136
137 109 122
104 60 145
93 29 152
130 179 103
113 96 119
156 169 118
90 30 128
144 165 136
124 200 124
140 100 127
103 190 114
101 79 129
168 183 143
133 216 138
163 189 121
137 214 113
105 66 148
101 176 125
119 180 152
113 114 110
99 74 151
152 134 115
148 65 108
152 100 133
121 105 141
110 76 134
102 84 148
147 82 111
109 74 145
145 179 104
115 182 128
147 196 134
118 146 130
135 188 134
159 187 130
117 123 132
154 161 110
164 60 115
102 172 119
154 57 103
143 86 123
161 187 159
107 67 138
120 198 110
146 20 107
130 178 156
153 146 113
142 237 124
128 125 103
156 46 103
96 80 142
139 180 152
159 63 107
107 108 123
156 122 120
162 84 126
141 29 90
153 162 126
133 117 113
93 23 135
79 22 154
124 116 137
138 178 102
83 33 134
150 71 119
114 94 145
155 141 124
166 66 123
111 181 158
139 142 103
145 201 126
96 61 150
149 131 132
152 182 136
133 27 98
109 108 138
115 105 113
156 17 116
148 63 116
150 27 102
138 20 99
158 54 121
152 151 107
135 28 90
87 38 150
143 14 99
90 18 141
100 55 131
161 102 122
82 15 165
128 165 103
87 180 130
155 50 118
152 128 116
165 186 154
91 169 129
130 109 118
114 147 120
94 32 132
113 197 113
91 172 118
134 182 160
137 228 146
116 169 121
133 231 121
155 193 109
154 188 148
92 174 136
161 52 111
112 177 151
101 47 136
148 122 111
156 38 102
158 182 137
62 155 177
94 63 131
122 202 118
93 52 150
142 232 141
150 171 134
163 192 117
145 117 135
130 209 119
123 184 158
89 57 144
78 27 143
88 20 162
129 134 105
164 195 144
163 14 107
81 27 132
164 191 149
136 186 141
116 164 124
139 95 123
131 198 105
139 126 107
136 205 111
101 90 141
92 67 139
146 157 105
151 172 106
139 150 103
90 57 135
139 231 118
83 172 143
157 182 158
158 76 110
134 151 103
154 86 110
135 166 136
89 171 148
159 201 116
94 181 117
99 40 141
147 110 135
100 49 145
169 190 140
104 189 124
141 223 118
153 142 118
115 85 130
157 174 120
115 103 142
142 38 109
139 99 113
155 166 113
167 200 125
157 21 103
142 53 98
119 183 106
139 166 103
153 177 130
109 178 162
122 133 130
119 141 102
135 148 136
141 128 136
149 225 134
116 178 124
113 194 124
139 238 128
118 161 130
108 177 116
116 112 138
145 199 107
150 15 110
86 162 169
78 161 165
138 121 108
111 82 128
67 150 175
129 149 134
101 174 156
116 186 131
143 56 111
144 107 131
139 105 110
151 186 152
149 164 106
115 153 123
99 87 138
90 29 144
148 103 110
60 146 179
85 19 133
161 97 124
127 158 134
114 172 160
109 72 140
165 69 113
114 148 112
143 188 157
144 27 109
157 199 140
166 180 150
146 94 109
130 124 135
139 185 135
100 186 113
120 171 130
89 28 149
145 43 95
148 110 110
120 104 114
146 223 120
84 22 155
97 182 124
109 118 123
78 154 171
155 111 115
142 181 143
124 177 133
150 180 153
143 45 111
108 77 152
152 139 107
144 97 130
115 126 108
164 64 111
116 178 157
97 177 117
129 115 108
140 176 136
93 41 150
129 188 143
146 83 124
136 208 130
102 180 111
105 75 130
155 103 131
108 184 109
110 113 118
150 160 133
151 190 134
136 197 130
116 129 129
137 171 102
104 182 127
96 174 127
144 205 114
140 156 136
127 175 103
164 185 132
151 221 129
101 94 132
148 46 114
149 218 125
83 14 160
146 19 92
129 216 121
140 24 100
146 175 136
151 74 110
128 195 129
125 99 142
147 52 99
108 97 144
149 91 131
116 146 107
151 187 139
84 28 148
114 84 148
140 211 128
156 190 158
154 148 117
135 36 101
128 231 125
128 203 115
114 191 108
159 48 113
155 116 129
141 111 109
121 185 150
128 188 133
81 34 140
99 65 131
110 103 141
155 123 128
125 167 134
126 103 121
157 180 153
142 35 92
124 155 102
99 87 134
117 123 104
134 108 115
148 182 136
89 167 141
149 181 159
106 174 154
162 62 126
94 25 141
85 166 158
121 120 135
148 102 135
89 54 147
121 150 102
144 152 135
162 73 110
135 24 96
89 23 135
106 64 142
75 162 169
158 181 123
146 140 105
75 162 162
163 56 114
129 169 135
152 183 106
102 173 160
95 34 148
151 118 112
86 172 126
139 21 89
139 35 107
128 180 149
119 196 126
77 18 158
127 230 136
127 102 131
154 197 134
146 191 133
134 31 101
127 209 131
150 156 132
100 52 149
146 128 110
138 29 105
150 144 132
133 180 147
115 154 113
117 176 111
87 42 131
103 79 151
93 167 161
169 191 131
94 74 145
155 163 122
124 160 103
154 31 100
112 186 128
94 173 162
125 143 128
84 169 136
139 227 116
154 151 125
110 190 126
87 171 152
126 217 133
117 179 161
113 118 133
132 112 125
135 105 121
161 201 133
167 195 140
114 137 114
141 90 123
153 69 123
139 222 142
153 166 128
156 74 127
112 121 115
103 89 146
162 89 116
109 91 122
149 204 116
151 32 96
137 144 137
93 182 127
115 178 118
144 186 151
167 69 119
118 140 124
86 15 167
82 155 174
124 199 107
142 137 136
150 61 119
138 98 118
140 237 132
148 120 134
156 133 123
140 185 103
151 49 99
63 151 176
79 23 148
106 181 156
165 62 120
100 42 136
116 132 106
79 15 146
141 118 133
163 92 122
153 185 144
148 99 110
137 14 94
121 112 139
82 19 168
143 179 154
83 165 145
149 126 112
149 85 109
117 88 128
151 14 98
141 215 117
145 34 110
89 22 152
127 185 155
109 182 150
159 83 129
113 131 114
124 186 105
116 84 136
117 185 151
146 124 134
154 157 113
80 14 152
142 197 105
88 181 125
141 94 112
105 105 126
122 179 160
155 158 119
121 171 103
157 43 104
150 19 96
126 225 124
83 159 161
115 144 124
