146 33 127
129 255 128
76 140 128
183 153 127
81 67 128
140 101 127
125 187 128
77 225 128
89 18 127
174 70 127
120 143 128
81 183 128
167 193 128
98 105 127
181 111 127
120 64 128
142 221 127
154 133 128
110 228 128
152 165 127
116 30 128
174 41 127
105 167 127
147 73 128
101 201 127
93 44 128
116 88 127
163 92 127
77 92 128
99 132 127
120 116 127
77 117 127
129 165 127
145 197 128
122 209 127
165 20 127
83 161 128
156 53 127
176 132 127
172 172 128
97 81 128
160 113 128
134 17 128
140 148 127
128 46 127
135 130 128
127 236 127
100 62 127
84 207 128
164 151 128
159 208 127
99 150 127
108 184 128
134 84 127
111 47 127
140 178 128
157 180 128
136 60 128
143 237 127
150 15 128
144 116 127
178 95 128
83 32 128
124 101 127
171 56 128
110 74 127
116 246 128
160 35 128
113 130 128
91 229 128
130 31 128
149 89 128
115 156 128
93 118 127
162 77 128
118 174 127
91 173 127
115 197 128
108 214 127
83 53 127
84 105 128
127 222 128
95 188 127
137 208 128
142 46 128
83 129 127
103 93 128
111 106 127
165 124 127
89 142 128
83 80 127
131 71 128
132 112 128
173 83 127
154 101 127
161 65 127
107 141 127
90 92 127
105 119 127
169 104 128
153 146 127
128 152 127
84 195 128
152 229 128
122 20 128
133 197 127
165 139 128
140 160 128
172 160 128
182 122 128
106 36 128
121 77 128
77 152 127
79 171 128
136 247 127
175 144 127
132 141 127
95 161 128
100 222 128
154 191 127
86 218 128
161 169 127
148 211 128
149 62 128
172 183 127
144 136 128
124 132 128
111 60 127
152 42 127
93 71 127
171 116 127
128 177 128
154 26 128
119 40 127
101 51 127
143 23 127
145 187 128
89 152 128
90 60 127
146 126 128
117 235 127
120 52 127
136 230 128
164 44 127
101 177 127
155 123 127
130 94 128
128 122 127
84 42 128
150 155 127
124 199 128
160 160 128
118 220 128
150 174 127
127 246 127
115 97 128
105 157 128
114 165 128
154 201 127
108 85 127
114 206 127
135 186 128
149 109 127
93 197 127
137 39 128
105 193 127
75 126 127
140 91 127
142 80 127
128 56 128
153 81 127
138 169 128
167 29 128
116 183 128
125 87 128
136 121 127
76 107 127
92 34 127
163 201 127
98 142 128
101 71 128
110 175 128
112 148 127
134 216 127
178 166 127
85 115 128
145 54 128
158 18 127
163 185 128
138 68 127
135 51 127
156 71 128
112 115 127
120 125 128
146 97 128
89 181 127
93 52 128
177 103 128
105 101 128
121 228 128
124 159 127
91 132 128
172 151 128
161 101 128
144 229 128
142 15 128
174 48 128
171 92 128
103 231 127
95 98 127
124 109 127
173 125 128
134 239 128
101 113 127
105 128 128
123 34 127
77 100 128
83 24 127
183 136 128
140 111 128
118 136 128
131 103 128
99 123 128
169 63 127
136 154 127
136 25 127
122 167 127
116 213 128
122 252 127
107 66 128
129 205 127
121 151 128
122 94 127
84 97 127
115 81 127
91 109 128
157 152 127
165 84 128
97 168 127
130 63 128
150 222 128
128 79 128
113 122 128
162 58 127
167 37 128
129 38 128
153 34 127
78 191 128
164 178 127
144 205 127
89 85 127
85 122 128
76 133 128
152 116 128
165 132 128
155 93 127
116 70 128
96 88 127
169 77 128
113 38 128
129 22 128
87 188 127
146 143 127
110 220 127
102 210 128
88 166 127
83 146 128
167 164 127
166 69 128
83 137 128
120 192 127
85 176 127
105 43 127
84 224 127
76 160 127
82 60 127
180 159 127
150 182 127
125 216 127
124 69 128
145 167 128
110 91 127
182 144 128
129 229 128
91 125 127
139 31 128
113 189 127
87 74 128
105 79 128
168 145 128
156 140 127
87 201 127
166 111 128
135 77 128
82 87 127
110 234 128
106 134 127
107 205 128
159 85 127
145 40 127
171 138 127
161 25 128
132 172 128
118 109 128
156 60 128
107 54 127
140 193 128
178 117 128
101 184 127
126 116 128
161 119 127
137 137 127
183 130 127
122 242 127
125 138 128
138 201 127
134 224 127
142 62 127
160 194 128
160 146 128
157 107 127
122 180 128
118 58 128
80 219 127
121 26 128
77 177 128
99 195 128
158 47 128
166 157 128
156 171 127
109 199 128
150 48 127
126 146 127
89 101 127
167 97 128
146 103 127
104 146 127
93 147 127
128 193 127
87 68 127
150 22 127
81 73 128
133 148 128
115 24 127
142 212 127
88 48 127
126 171 127
154 66 127
83 154 127
140 74 127
114 140 127
135 163 127
130 210 127
160 127 128
150 138 128
131 134 128
152 207 128
173 108 128
141 130 127
134 45 128
102 87 127
101 162 127
146 149 127
122 46 128
118 103 127
95 181 127
144 155 127
140 142 127
97 56 128
136 97 127
158 165 128
120 204 127
107 112 128
134 180 128
147 83 127
97 67 127
110 30 128
170 44 128
88 28 128
134 254 127
148 193 128
115 52 127
109 162 128
94 137 128
81 111 127
129 128 128
120 83 127
110 154 128
170 130 127
163 106 127
156 186 128
172 99 128
158 40 128
166 173 127
142 122 127
144 67 128
177 149 127
143 172 128
97 156 128
77 146 128
115 240 127
91 78 127
148 217 127
148 161 127
97 75 128
177 138 128
174 64 128
161 51 128
175 89 127
147 234 127
86 212 128
116 230 128
145 179 128
160 134 127
155 158 128
150 122 127
89 160 128
147 132 128
96 202 127
90 224 127
83 18 127
105 224 128
171 177 127
148 28 128
136 116 128
150 55 127
124 58 127
154 111 127
111 136 128
79 122 128
130 242 127
132 234 128
136 106 128
132 191 127
88 55 127
119 130 128
110 98 128
119 162 127
171 167 128
141 96 128
97 174 127
88 38 128
79 166 127
140 54 128
167 119 127
101 98 127
115 64 128
128 183 127
142 85 128
169 187 128
96 48 127
160 175 128
139 217 128
115 224 128
134 34 127
140 226 127
102 138 127
115 177 127
117 148 128
101 189 128
130 250 128
139 20 127
77 185 127
105 173 127
126 51 127
106 179 127
103 105 127
123 120 128
175 113 128
95 114 127
131 160 127
122 234 128
151 76 127
133 125 127
111 68 127
153 128 127
105 60 128
132 119 127
97 93 127
141 36 128
160 96 127
126 74 128
159 203 128
178 128 128
177 156 128
138 242 127
88 22 128
152 213 128
140 233 127
170 51 127
114 42 127
160 30 127
154 21 128
95 62 128
85 109 128
116 76 127
117 169 127
103 152 127
87 171 127
118 187 128
121 246 128
132 89 127
83 91 128
118 47 128
152 196 127
107 48 127
167 89 128
110 194 128
79 83 127
109 125 127
93 165 128
126 26 127
118 199 127
126 97 127
134 66 128
140 126 127
151 69 128
94 103 128
142 106 128
92 192 127
148 44 127
158 198 127
149 37 127
150 203 128
95 129 127
112 181 127
151 95 127
173 75 127
86 229 127
138 183 127
83 46 128
113 170 128
136 73 128
142 28 127
133 56 127
110 80 128
125 64 128
151 169 128
136 175 128
177 122 127
120 216 127
168 135 127
128 200 128
146 92 128
146 224 127
167 182 128
154 177 128
101 171 127
136 145 128
94 152 127
100 117 127
157 118 127
99 228 127
161 69 127
121 73 127
114 201 128
111 210 128
144 111 127
120 156 127
160 189 128
124 40 128
122 222 127
93 66 127
89 146 128
93 142 127
88 118 128
89 137 128
93 39 127
156 76 128
79 137 127
108 189 128
79 129 127
80 158 128
174 59 128
99 206 127
82 215 127
163 144 127
126 92 127
141 42 128
116 36 127
124 205 127
103 197 128
150 189 127
124 154 128
129 85 128
132 99 127
118 208 128
117 93 127
171 67 128
105 73 128
115 126 127
97 110 127
169 73 127
86 62 127
134 244 128
115 118 127
129 218 127
110 118 127
107 150 128
102 66 127
76 112 128
75 121 127
176 162 128
112 215 127
171 87 127
134 205 127
136 88 128
87 89 127
160 183 127
169 154 127
163 115 127
169 122 128
128 107 127
111 144 128
142 208 128
148 114 127
158 79 127
161 154 127
113 85 128
138 189 128
131 156 128
149 101 128
145 59 128
132 41 128
142 201 128
101 76 128
163 197 128
121 106 127
93 178 127
91 156 128
83 169 127
112 159 128
163 32 128
83 118 128
147 19 127
167 57 127
144 216 128
165 73 127
172 146 127
107 94 127
153 151 128
109 39 127
131 52 128
154 89 128
159 91 128
173 95 128
138 83 127
135 159 128
165 62 127
125 127 127
142 190 127
103 124 127
111 34 127
139 50 128
158 68 127
154 38 128
111 111 128
144 163 128
112 56 128
114 101 127
83 191 128
80 95 127
80 141 127
91 97 128
120 90 127
124 175 127
135 92 128
140 117 128
98 199 128
165 168 127
109 131 128
175 169 127
165 25 128
148 228 128
174 54 127
182 118 127
106 232 127
106 220 128
87 44 128
126 251 128
160 21 127
119 22 127
83 199 128
160 139 128
120 68 127
115 193 127
89 114 127
123 195 127
101 155 127
111 64 128
126 142 128
103 142 128
109 102 127
141 58 128
87 133 128
153 107 127
138 64 127
127 34 128
142 183 128
135 102 127
95 124 127
131 27 127
103 131 128
170 112 127
138 222 128
80 105 127
133 22 127
162 165 128
118 243 127
140 152 128
124 83 128
92 56 127
130 146 127
136 234 128
87 81 128
114 220 128
135 30 128
115 162 127
122 147 127
85 101 128
139 173 127
146 79 127
85 142 128
98 136 128
138 46 128
107 209 128
139 197 128
158 103 127
99 146 127
149 178 127
93 84 127
89 177 127
167 115 127
105 162 127
163 38 128
101 56 127
146 48 128
124 54 127
136 141 128
119 120 127
120 139 127
129 187 127
134 201 127
126 30 128
118 178 128
80 133 127
148 207 127
85 181 128
165 80 127
177 107 127
92 88 128
83 165 128
118 224 128
95 133 127
125 228 128
149 66 127
84 38 128
177 99 128
83 203 128
115 152 128
169 108 128
131 75 128
155 85 127
173 104 128
159 123 127
153 30 127
88 192 128
88 34 128
80 187 128
106 228 127
80 77 128
76 155 127
124 183 128
83 125 127
120 32 128
122 172 128
164 160 127
105 115 127
108 169 128
100 102 128
148 199 127
120 238 127
116 144 128
139 156 128
98 127 128
97 120 128
127 135 127
127 161 128
104 83 128
173 79 127
151 159 128
121 185 127
128 101 128
118 113 128
137 214 128
101 109 127
105 187 128
85 158 128
150 134 128
156 32 128
131 168 127
144 89 127
93 169 128
93 75 128
150 126 127
156 130 128
109 44 127
87 125 128
151 142 127
167 149 128
125 165 127
81 150 128
110 52 127
137 133 128
154 46 128
106 32 128
156 211 127
95 194 128
167 41 128
146 175 127
85 58 127
98 179 128
174 119 128
149 146 128
120 36 128
88 107 127
120 212 128
126 232 127
84 28 128
142 70 127
108 108 127
157 144 127
139 205 128
82 179 127
110 203 128
160 44 128
152 59 128
132 80 128
132 48 127
132 60 128
115 133 128
156 148 127
100 165 128
84 185 128
154 167 127
153 225 128
103 206 128
81 226 127
125 255 128
93 48 128
171 40 127
145 14 128
160 60 128
84 220 127
87 197 128
76 103 127
126 61 127
165 103 127
100 82 127
181 148 128
135 111 127
105 69 127
136 150 127
130 138 127
161 131 128
130 238 128
140 24 128
128 113 127
128 42 127
173 134 128
154 120 128
123 191 128
123 115 127
156 195 128
160 179 127
87 93 128
138 165 128
126 240 128
118 195 128
97 85 128
91 187 128
78 181 127
124 79 127
98 191 127
173 163 127
113 71 128
146 120 128
113 93 128
154 155 127
167 176 128
147 25 127
87 52 128
89 122 127
132 184 127
163 191 128
157 63 128
162 83 128
148 52 128
155 115 127
161 150 127
179 135 128
107 145 127
134 69 128
146 64 128
85 151 127
116 217 128
140 135 128
129 214 127
124 150 127
126 197 127
132 227 127
128 208 127
126 21 128
156 206 128
163 128 128
160 73 127
101 120 127
143 100 127
95 107 127
153 185 128
179 142 128
163 87 127
153 17 127
181 156 128
75 129 127
179 131 127
113 232 128
183 126 128
182 140 128
113 236 127
105 212 127
179 114 128
147 221 128
133 247 127
87 97 128
115 173 128
144 140 127
157 161 128
128 132 127
124 212 128
134 220 128
124 105 128
163 135 128
158 168 127
104 97 128
105 201 128
158 26 127
147 183 128
169 142 127
94 93 128
126 168 128
118 166 128
78 88 128
135 168 128
115 105 128
109 224 128
150 80 128
178 152 128
105 63 127
124 124 128
114 185 128
167 32 127
149 32 128
174 128 127
105 87 128
109 122 127
88 71 128
170 96 128
154 137 127
145 107 128
98 185 128
148 58 127
157 44 127
150 85 127
160 109 128
110 165 128
136 193 128
97 165 128
98 71 128
107 105 127
90 128 127
147 152 127
82 64 128
132 176 128
115 110 127
77 169 127
130 35 128
101 135 127
148 166 128
121 97 127
133 230 127
115 209 127
173 156 128
152 62 128
163 181 128
109 88 127
163 95 127
165 65 127
150 92 127
140 229 127
143 194 128
80 161 128
134 210 127
114 60 127
139 114 128
160 105 127
142 19 127
144 75 127
111 178 128
148 117 127
154 104 127
144 36 127
155 56 127
121 110 128
170 84 128
161 54 127
97 52 127
81 114 128
118 26 127
107 153 128
105 39 127
147 136 127
83 210 127
165 77 128
