153 30 102
54 206 168
153 156 111
78 16 165
101 92 133
128 232 137
88 173 119
163 90 120
156 185 161
94 44 128
101 198 159
117 126 104
129 196 108
143 123 136
166 194 124
119 153 131
158 57 123
83 13 133
105 64 152
137 181 136
127 102 121
123 166 104
149 217 125
128 202 152
111 186 127
135 14 89
144 128 110
83 188 141
94 32 152
139 52 105
117 125 131
145 151 135
125 209 128
151 183 107
77 198 165
122 94 144
159 14 119
146 99 134
146 75 114
165 178 141
148 106 111
131 145 103
98 70 133
147 197 147
114 143 114
108 109 122
144 197 127
156 172 122
89 51 147
134 33 99
157 122 123
132 224 119
144 13 106
158 48 106
157 75 130
112 187 108
115 79 136
118 190 163
135 186 158
138 216 141
131 138 131
80 29 141
90 14 152
121 172 132
127 111 138
99 81 147
144 234 128
163 71 113
105 172 117
153 139 121
131 116 109
140 169 104
113 91 121
111 105 139
140 91 118
96 26 136
104 53 138
139 207 114
126 192 129
161 194 140
134 163 136
158 106 125
146 40 113
94 180 131
87 198 152
116 109 109
138 112 126
128 181 104
115 159 118
151 62 106
147 143 106
151 184 136
149 166 134
155 201 116
113 204 152
87 208 170
145 25 91
147 43 98
116 197 120
160 17 105
109 91 146
155 88 132
143 195 107
113 129 119
118 140 101
99 39 141
154 169 108
130 131 106
154 154 124
123 93 131
151 92 111
101 186 116
146 54 116
148 224 137
146 138 133
162 183 116
92 65 144
141 155 105
85 32 130
130 125 135
85 42 139
120 153 104
67 205 163
147 184 151
93 57 131
142 25 109
105 81 127
111 78 150
108 66 139
149 112 133
120 142 126
165 186 151
146 82 126
136 205 134
132 150 135
79 18 147
101 52 150
117 177 110
125 223 128
161 183 129
156 200 129
156 45 118
136 104 113
162 59 110
136 194 149
137 20 99
150 119 113
89 17 163
151 66 123
165 68 124
137 98 126
133 226 146
156 79 111
111 115 133
115 175 122
140 182 104
98 168 124
91 199 164
130 200 118
83 178 129
127 215 137
113 119 113
150 17 97
131 157 103
106 99 125
152 19 112
132 212 120
157 100 117
137 41 106
152 127 131
133 231 126
160 176 155
116 100 115
126 192 156
85 38 149
145 189 161
111 120 124
143 226 119
87 25 150
90 16 141
98 81 137
126 181 134
140 231 138
164 78 123
156 192 111
146 212 134
128 101 137
91 193 145
141 171 137
142 189 133
136 115 137
142 209 124
93 182 122
116 200 161
83 205 160
155 38 109
138 138 104
87 178 139
117 163 128
104 179 127
148 52 101
152 131 115
119 194 109
155 179 145
155 190 146
60 198 167
96 42 151
123 116 104
90 23 129
168 191 133
97 175 113
133 24 91
131 106 129
152 175 132
88 169 129
153 146 114
117 86 144
89 49 134
81 23 133
117 86 129
138 133 135
142 96 110
147 33 95
145 84 111
116 169 115
135 195 130
155 162 118
152 146 129
160 96 127
108 179 111
99 72 150
147 64 114
143 91 128
116 135 109
141 119 109
161 52 116
119 102 142
81 13 155
123 132 131
138 40 95
140 144 137
114 150 121
154 111 116
132 111 119
106 73 132
93 187 138
107 192 119
95 205 157
120 118 136
124 145 133
96 35 132
90 57 140
103 62 133
101 88 142
101 45 135
152 192 133
125 109 110
158 176 113
105 99 136
121 96 122
95 73 141
130 171 135
151 157 132
107 107 131
156 68 109
132 173 103
140 217 118
118 184 131
168 186 142
148 31 112
147 174 106
143 106 131
155 117 129
105 59 144
145 201 116
131 202 127
139 194 158
136 191 104
152 22 104
116 133 126
154 190 154
94 58 149
148 161 107
150 179 158
116 196 154
142 160 137
125 139 105
165 62 117
96 30 144
143 59 109
126 163 135
156 132 124
154 103 132
150 225 128
150 75 126
162 82 116
136 200 110
143 13 94
165 17 111
162 192 116
98 51 129
104 90 126
138 33 107
106 205 156
88 185 131
117 191 126
75 205 161
140 48 98
81 31 149
152 137 109
139 31 91
130 122 105
100 46 144
142 223 142
139 111 109
152 13 103
116 151 113
125 216 124
140 147 105
133 187 133
118 162 111
160 200 122
166 178 149
108 70 149
144 192 152
156 13 111
111 75 142
163 198 132
123 175 104
124 197 122
159 179 121
70 199 166
115 96 144
109 100 119
128 224 139
94 169 116
88 40 130
87 188 148
145 188 105
116 156 125
144 82 119
135 105 122
117 146 107
161 87 127
80 20 158
83 201 169
102 186 124
154 163 125
85 196 161
112 108 115
123 186 107
149 47 116
115 147 129
149 152 107
150 25 98
158 89 114
90 23 142
118 85 136
132 193 160
135 26 104
127 99 130
83 34 137
116 177 130
159 64 126
121 132 105
137 97 117
123 146 103
135 13 97
80 14 139
79 200 158
124 198 113
107 198 155
93 62 137
105 84 148
160 196 147
123 104 115
127 155 134
139 231 122
133 211 137
155 169 115
140 46 111
136 128 107
154 43 102
114 141 121
112 194 159
151 37 99
121 201 155
152 81 130
145 135 107
166 183 135
151 74 109
116 168 122
104 76 152
113 194 114
128 118 136
152 53 119
150 137 127
137 161 103
122 196 161
139 201 128
154 55 104
143 183 157
89 20 156
86 179 123
154 180 152
134 184 104
149 218 133
87 20 135
164 183 158
154 117 118
101 84 132
136 234 132
149 120 133
141 198 150
129 164 104
89 184 142
149 231 133
110 115 118
116 117 106
151 60 121
138 175 103
155 180 129
116 112 137
157 184 111
143 114 136
147 144 135
80 22 141
122 92 138
96 174 127
148 91 132
141 202 121
112 81 130
154 152 117
132 25 98
134 139 137
166 187 127
160 81 129
146 113 111
98 64 151
143 180 137
106 185 111
103 94 142
150 195 110
153 125 118
115 129 110
154 163 111
158 180 139
152 37 114
133 188 152
151 184 142
80 23 151
95 49 151
100 78 130
144 20 106
153 100 112
132 220 141
148 223 123
87 17 169
130 196 154
84 13 164
95 198 158
119 170 108
87 48 141
159 19 114
153 147 121
156 197 135
148 71 119
85 194 145
140 13 102
88 192 139
83 183 135
90 174 133
127 229 129
133 206 116
133 110 139
97 36 147
110 179 125
114 137 115
147 128 134
154 191 139
139 187 153
124 123 103
82 35 144
124 160 104
153 201 124
137 116 131
146 167 106
160 189 152
91 168 124
141 19 91
144 217 138
137 154 136
141 208 131
54 199 169
105 174 123
154 86 111
96 64 131
84 172 124
142 86 123
134 230 140
113 126 124
98 181 126
140 211 137
157 106 119
88 13 158
89 12 135
161 97 121
163 191 146
153 33 109
158 44 113
149 125 113
124 196 152
128 206 133
161 185 122
112 84 148
112 177 116
137 212 116
141 25 103
85 13 144
107 65 145
110 73 137
121 109 139
132 138 103
166 75 117
61 205 167
93 28 131
93 26 151
151 197 128
149 178 137
142 52 112
154 197 148
135 150 104
129 131 132
134 111 113
118 91 125
129 107 116
125 202 129
157 111 122
107 95 121
102 52 143
122 123 134
136 45 102
128 190 105
100 57 131
129 205 121
153 97 133
117 183 109
135 39 100
128 222 123
154 175 108
101 169 119
142 163 105
153 49 102
88 31 151
125 99 142
86 45 147
126 153 103
83 19 165
149 105 135
163 74 127
144 208 118
89 202 159
143 91 112
141 105 110
134 175 136
163 84 122
125 218 132
92 178 126
159 197 116
92 176 117
136 126 135
110 99 142
154 171 128
139 93 124
111 84 125
142 36 110
148 79 110
97 78 142
148 25 105
102 179 111
129 142 135
132 158 136
121 180 106
150 13 111
149 137 114
163 60 123
122 159 132
166 192 141
94 71 146
146 211 126
116 163 122
122 177 133
112 124 116
104 68 133
100 58 151
81 26 146
152 146 108
149 131 108
159 55 107
141 112 131
133 110 132
147 192 130
92 33 129
129 200 112
114 120 132
160 177 146
147 13 100
155 36 104
148 201 121
129 105 140
156 111 128
117 170 128
147 229 126
141 100 130
109 114 128
147 192 156
140 133 105
137 223 116
132 111 126
140 166 137
139 24 89
83 29 133
134 217 118
89 204 167
146 172 136
146 58 104
150 189 107
152 188 160
143 214 121
158 183 133
161 65 110
136 20 93
146 20 95
148 86 130
141 138 137
148 189 148
154 185 148
118 105 111
142 53 101
155 18 101
158 101 129
77 15 160
125 187 131
117 156 110
152 152 129
146 181 105
101 202 156
131 227 123
115 140 108
157 179 158
151 199 114
154 143 125
106 189 115
103 97 131
114 81 143
137 222 145
136 199 151
141 200 111
126 225 134
142 233 134
81 13 149
116 196 165
120 193 157
167 69 119
88 193 151
97 75 136
151 113 113
157 94 114
160 102 122
134 114 122
125 97 125
148 99 111
125 211 136
137 121 137
106 61 139
157 20 110
145 109 136
130 188 158
123 137 128
161 78 113
155 16 116
146 77 123
91 44 150
130 196 128
152 132 128
119 196 114
144 229 139
135 196 107
85 189 136
155 68 126
135 119 109
115 142 127
111 200 158
87 44 135
154 122 130
94 68 138
126 175 134
81 202 164
109 88 123
106 104 126
122 110 106
151 66 109
139 104 126
163 56 118
157 175 118
99 46 149
101 171 115
141 86 115
96 182 117
122 166 133
138 227 143
112 194 121
158 189 157
73 199 162
84 24 130
90 47 129
123 202 150
122 194 126
129 229 142
109 176 120
162 13 111
136 143 103
90 56 145
166 194 136
119 130 129
143 139 104
139 100 113
97 76 149
127 118 105
168 183 148
121 100 118
144 39 96
133 29 94
140 189 161
147 63 109
99 83 142
120 148 132
116 202 156
148 69 114
145 95 131
141 185 135
107 183 129
140 128 136
120 89 141
139 149 136
135 21 88
98 34 136
111 111 136
130 106 122
88 182 126
104 70 152
103 189 120
148 29 94
71 204 165
91 54 134
91 28 144
118 202 151
121 189 129
125 213 131
99 178 129
84 40 144
110 77 132
148 183 160
138 35 93
102 49 139
126 128 104
81 17 135
93 62 148
120 89 132
134 106 117
129 198 150
97 186 121
118 142 130
85 176 134
116 152 128
115 192 109
156 49 120
123 192 106
111 103 115
146 157 135
126 141 131
163 196 120
90 188 145
149 188 133
118 188 108
142 31 109
66 202 167
157 93 130
93 23 134
154 157 116
147 59 117
139 192 131
156 117 123
95 24 141
148 156 106
134 169 136
153 135 118
152 164 130
88 197 147
135 34 103
100 40 136
109 69 143
141 17 104
126 113 107
116 122 107
109 189 123
144 219 120
152 141 131
111 183 110
167 196 128
116 92 146
144 132 135
118 136 105
146 198 112
108 104 122
88 28 129
150 21 108
154 158 125
133 133 133
167 185 131
84 22 153
114 102 142
90 14 147
131 183 134
158 185 126
135 204 112
133 23 102
165 66 114
132 203 132
124 104 141
128 196 160
90 178 136
114 181 125
157 59 106
117 138 124
120 121 103
140 14 91
139 234 128
163 188 119
133 134 106
107 103 139
152 107 113
158 44 108
146 117 111
92 182 138
126 168 135
136 195 154
151 30 98
82 196 156
155 83 132
136 137 134
149 133 133
143 187 150
143 44 97
123 114 137
139 187 104
158 179 149
154 149 125
159 188 113
152 107 132
143 177 105
100 86 138
78 17 154
117 107 140
103 57 135
152 221 130
115 179 113
112 199 153
106 80 150
120 158 105
130 231 132
156 74 110
142 56 105
93 184 134
156 126 124
100 85 146
130 150 103
162 69 128
106 175 113
115 154 117
145 46 113
156 63 108
144 58 113
85 13 149
99 47 131
109 73 152
91 23 138
97 40 131
115 174 117
140 176 136
106 77 129
119 198 158
141 125 109
157 14 103
131 114 137
114 124 128
152 165 108
124 128 133
114 147 117
155 167 119
135 169 103
139 206 127
89 178 120
151 170 133
162 188 155
126 150 134
168 182 141
155 180 109
162 54 111
154 180 134
157 79 131
150 149 132
90 21 147
155 41 114
95 167 121
141 153 136
103 56 147
148 194 150
130 193 151
156 194 142
164 179 153
116 147 111
149 181 154
145 27 111
119 164 107
105 88 146
85 36 133
125 205 125
122 138 102
97 32 141
83 198 165
141 196 129
86 197 156
96 68 149
118 195 124
130 104 133
116 164 115
155 131 119
99 42 146
102 50 134
152 21 100
115 190 159
152 141 108
147 193 106
110 205 156
165 80 118
153 92 134
85 183 140
105 102 132
149 64 119
86 173 130
92 171 128
145 185 135
112 198 162
103 94 137
153 191 150
149 138 106
159 53 121
85 20 159
144 80 114
129 198 125
168 188 147
117 172 112
159 82 113
152 142 113
147 162 135
150 41 115
162 16 116
110 191 112
120 98 143
146 49 99
138 25 101
119 148 103
165 64 123
81 20 130
140 185 159
144 149 105
133 233 135
144 122 111
156 61 124
91 60 142
152 81 110
147 75 119
141 203 114
127 174 104
115 181 130
151 227 133
75 202 166
116 116 135
144 102 110
128 141 102
58 202 166
113 112 111
83 37 141
82 205 171
94 51 129
146 16 109
124 170 104
136 98 122
133 145 136
121 127 104
127 220 136
93 203 160
117 188 128
161 93 124
101 172 125
143 32 93
102 72 132
132 191 131
128 211 122
142 115 110
145 221 140
117 130 107
120 90 146
138 165 103
109 87 148
136 204 129
138 228 119
155 171 111
88 52 143
94 38 151
149 86 110
86 16 134
142 192 105
