-54 74 -10
97 -73 30
-98 -73 30
98 77 0
14 -28 -60
18 16 30
-6 -73 28
-93 4 -49
96 4 -48
-68 4 30
95 4 30
19 77 -11
-89 -71 -42
88 -68 -42
-26 20 -36
-44 -39 -12
-99 59 30
50 -22 -11
-34 -72 -59
61 36 -14
31 -73 -32
-18 58 30
54 71 30
-99 -27 0
45 -55 30
-21 -20 30
23 18 -46
-87 36 -12
-35 -24 -59
97 -38 -4
4 -10 -11
-54 -60 30
-12 -71 -20
67 -73 -5
-57 2 -12
55 -11 30
89 46 30
-99 76 -11
-59 47 30
10 36 -11
-70 -73 -6
97 16 -8
-30 20 30
59 77 -8
19 -26 30
53 33 30
16 75 30
-17 62 -10
81 -38 30
24 -73 5
57 3 -38
-44 38 -10
-99 10 12
-56 4 -48
-80 -31 30
21 -41 -11
-35 -73 5
-72 77 18
-17 -24 -32
-99 -59 -8
31 -56 -60
30 -16 -35
81 -11 -11
97 -70 -9
-43 77 29
90 48 -10
84 77 28
-87 3 -17
24 46 30
-86 31 30
-27 1 -11
31 3 -12
68 -73 27
-4 3 -48
-50 -21 30
-75 -42 -12
70 -45 -11
-23 -50 30
-36 -60 -33
36 54 -10
-7 -44 -11
15 -55 30
-5 77 12
-75 19 -36
-99 -48 17
-97 -10 30
79 18 -33
-6 4 30
-6 34 30
97 -21 19
43 -62 -11
-75 59 -10
-18 33 -15
34 29 -18
-33 77 5
38 77 11
73 18 30
2 18 -28
-73 -73 21
-99 56 4
60 3 -13
31 -48 -34
-10 -21 -60
97 33 9
-3 -73 3
-33 -73 30
8 -26 -32
48 -73 13
-49 19 -29
-97 23 -30
-36 -49 -61
97 -51 16
31 -4 30
-62 -22 -12
-54 25 30
-3 -35 30
-99 77 15
31 -73 30
-47 -62 -12
77 -14 30
-27 -23 -11
-99 34 11
42 -30 30
-37 -3 30
49 10 30
80 68 -10
-89 -73 6
-36 -36 -32
7 58 -10
-83 -56 30
-64 29 -18
18 3 -31
67 77 14
87 -73 9
95 25 -45
95 3 -25
42 20 -36
97 -7 3
67 49 30
-33 43 30
10 -71 -21
-33 4 -48
-25 -55 -11
-35 -16 -39
27 -21 -11
94 26 30
4 58 30
97 60 17
-15 3 -28
-89 9 30
44 53 30
82 -59 30
-2 77 -11
-99 -7 1
95 28 -25
42 -40 -11
38 4 -49
-93 -73 -21
-82 -17 -12
75 3 -47
30 -16 -57
63 56 -10
-79 58 30
2 -14 30
97 13 13
-99 -29 20
-91 23 -49
-79 77 -1
-57 -73 11
-35 56 -10
34 27 30
61 -39 30
-21 77 22
38 77 -11
-59 -38 30
5 -16 -48
-57 54 -10
-36 -34 30
59 19 -26
-99 21 -8
-67 3 -30
-37 3 -27
35 75 30
18 77 12
-88 75 30
-4 76 30
7 -29 -11
85 -56 -11
14 -73 24
-50 77 12
-44 -17 -12
70 -26 -11
-71 -14 30
44 3 -25
23 -63 -11
64 18 -46
97 -20 -10
-64 -57 -12
30 -37 -61
-5 -56 30
-74 6 -49
28 -73 -59
87 -71 -24
5 -57 -11
29 -42 30
14 4 -48
-42 58 30
-93 -43 -10
11 34 30
79 36 -12
-27 -73 -10
74 3 -25
-22 -73 17
-9 -23 -11
-96 5 -32
-63 66 30
-42 18 -46
-6 47 -10
-27 76 -11
-99 42 27
67 1 30
71 66 30
97 -39 29
51 -72 30
-15 16 -48
18 20 -26
-1 3 -20
-20 -16 -46
-34 28 -19
97 32 -7
98 77 17
45 -5 -11
-22 3 30
-69 30 30
-69 43 -10
79 33 30
-91 59 -10
-80 -62 -12
10 2 30
95 65 -10
46 38 -10
11 -73 -6
-99 -64 17
15 1 -11
62 -59 30
-61 18 -45
82 77 9
29 -32 -32
97 51 4
-81 24 -22
49 65 -10
20 48 -10
3 18 -44
83 -35 -11
-55 -5 30
-99 23 25
-15 20 -25
-38 -53 30
64 -73 12
-12 -6 -11
-97 -40 30
85 3 -13
-72 3 -14
54 -51 -11
97 -53 1
50 -73 -2
-3 31 -17
-4 19 30
97 -36 14
97 70 30
-23 46 -10
82 -73 -6
33 12 30
94 -11 30
28 -28 -48
-97 -62 -31
30 60 30
-64 77 4
50 14 -49
-46 12 30
-99 41 -4
-76 17 30
-43 -73 18
30 -58 30
-60 -73 29
68 -60 -11
-98 -58 30
-3 -17 -33
97 -58 30
-69 -60 30
81 16 -47
-41 3 -12
-16 77 2
97 -25 4
-22 33 30
-73 -45 30
87 -25 30
-99 6 -6
-20 -36 -11
83 -73 28
-99 -3 18
53 77 7
-81 3 -33
-20 -64 30
-53 3 -33
36 -73 -5
16 -12 30
19 -16 -46
49 28 -19
-99 -73 -5
67 -9 -11
-58 -40 -12
41 -16 30
-17 -34 30
-82 -3 30
-56 -73 -7
-99 -44 3
-87 -73 21
97 -1 16
85 62 30
-87 -30 -12
-41 30 30
97 -65 18
-58 77 24
-23 -16 -60
-20 3 -43
28 65 -10
-96 -18 -10
-14 -8 30
-31 67 30
73 77 -1
33 -73 16
76 49 -10
97 43 19
75 25 -21
57 -26 30
10 -42 30
50 51 -10
-69 76 -11
-86 46 30
57 -34 -11
-90 -22 30
95 -62 -31
-48 28 -19
-41 72 -10
7 77 0
0 -70 -12
-34 -28 -45
34 3 -36
82 1 30
-34 -73 -31
-10 -57 -11
-68 -9 -12
6 77 21
94 -7 -10
-97 12 -20
-99 -18 13
-10 47 30
34 -51 -11
23 35 -14
-71 -73 8
66 35 30
-72 45 30
16 -16 -32
47 -42 30
30 77 1
46 77 21
71 -49 30
-46 -43 30
29 19 -34
-40 -73 -9
-34 -19 30
84 3 -34
-87 77 8
-46 42 30
17 57 30
3 -21 -61
11 -73 7
-57 36 -11
-74 73 30
-99 57 17
-18 -73 0
24 -8 -11
-47 -73 30
-86 -73 -9
-36 19 -28
-87 72 -10
96 16 -20
-87 19 -37
-99 -63 4
-65 19 -28
-31 -11 -11
-9 19 -36
97 -65 5
-99 22 6
-18 16 30
-63 65 -10
25 77 22
71 -25 30
97 22 3
-29 -24 -32
92 77 -11
30 -61 -34
38 -29 -11
-47 61 -10
59 18 30
-63 -24 30
2 -73 15
-99 68 1
7 -65 30
-89 -7 -10
-4 65 -10
97 7 1
-50 67 30
-38 -53 -11
15 -16 -60
-45 77 1
-33 77 20
55 45 30
8 26 -21
59 60 30
38 42 30
6 3 -33
22 29 30
-32 -42 -11
-49 -27 -12
58 -68 -10
-34 -48 -31
29 -17 30
7 -25 30
58 3 -26
10 46 30
-75 -29 -12
30 3 -24
-90 -62 -22
-80 18 -47
-35 -37 -58
97 16 25
34 38 -10
95 -48 -10
37 16 -48
-45 6 -49
-98 2 30
-82 46 -10
96 10 -38
63 4 -49
-97 31 -16
-54 -10 -12
-99 -34 9
-8 -21 30
-8 65 30
23 3 -41
70 77 27
97 55 30
-29 54 30
-54 -51 -12
75 -73 16
22 5 30
38 20 -25
-88 -53 -11
-99 76 27
-32 -16 -51
23 -73 -7
-34 -60 -58
87 13 30
54 19 -39
-77 -68 30
21 -65 30
43 67 30
90 20 -34
-19 -28 -60
96 6 -14
86 -23 -11
12 15 -49
-27 3 -31
71 3 -36
42 -65 30
45 3 -39
46 0 30
97 61 1
-12 -47 30
16 -53 -11
-15 75 -11
47 77 -4
13 19 -39
89 -50 30
-4 -33 -11
61 -19 -11
-36 -29 -11
66 -16 30
-18 -16 -11
-34 43 -10
-47 48 -10
59 77 22
95 -73 -32
-97 15 -44
-6 -27 -32
-80 -73 0
96 -62 -18
-6 -16 -50
-99 46 15
-66 15 30
-5 3 -35
56 -7 -11
-27 17 -47
-10 -73 -9
97 36 30
29 -26 -60
-23 -16 -35
-1 -70 -23
-58 36 30
69 67 -10
8 69 -10
8 47 -10
-99 12 22
37 -18 -11
7 15 30
73 3 -14
-88 20 30
30 -17 -46
-11 -73 17
-49 -73 2
-22 44 30
-34 -64 -11
-93 77 -1
-76 36 -13
-24 25 -22
87 -66 -12
-18 -66 -11
74 -73 3
29 9 -49
-99 30 -1
84 57 -10
97 -27 28
-8 37 -10
86 77 0
-99 67 21
-68 56 30
-25 -10 30
-89 65 30
57 -49 30
44 22 30
-17 77 13
-48 3 -23
18 60 -10
83 22 30
68 43 -10
86 1 -44
53 4 -48
25 -32 -11
-10 -16 -40
68 19 -34
-95 49 -10
-98 32 30
63 26 -20
-85 3 -43
80 49 30
-44 -63 30
-89 -73 -32
-34 7 30
-84 77 18
97 30 19
-27 -31 30
-85 -12 30
34 -7 -11
24 -73 22
-88 -47 30
-20 3 -20
-32 -45 30
-77 36 30
97 42 -1
42 -73 4
-62 -73 2
-56 58 30
-64 -50 30
-99 -33 -9
-17 72 30
10 3 -20
87 32 -16
-1 -5 30
38 -47 30
-63 -73 18
40 -73 24
74 7 30
89 11 -49
-6 -13 -11
-16 26 30
-61 -12 30
2 -48 30
10 66 30
97 69 7
7 -47 -11
-73 -51 -12
-48 -31 30
-10 3 -18
4 26 30
-60 3 -22
51 3 -19
-35 19 -39
23 27 -20
-95 25 -39
9 -18 -11
-80 -3 -12
-96 -63 -41
-38 3 -40
-16 -73 30
-99 -19 26
48 19 -26
93 -73 21
-59 -65 -12
-88 19 -26
97 -31 -10
-4 77 2
-98 -29 30
-30 3 -21
85 3 -24
-51 18 -44
-56 5 30
97 -11 15
60 8 30
-77 77 9
44 -52 -11
32 -42 -11
82 -45 -11
28 77 13
-66 3 -45
-99 46 5
96 -73 0
-99 68 11
20 77 1
72 -59 30
-99 -53 3
-32 -73 17
40 65 -10
87 22 -24
-87 12 -49
-97 21 -18
57 -73 22
-81 -21 30
-60 77 13
21 3 -20
-99 2 7
3 39 30
-29 77 29
30 35 30
9 -16 -39
97 -17 0
27 71 30
-58 19 -35
-27 36 -12
69 77 -10
-98 -73 20
-32 -63 30
96 -72 -19
-57 22 -24
96 26 -16
-31 68 -10
-3 0 -11
24 -23 -32
97 55 -9
-10 -65 30
29 21 -25
-99 -49 27
13 -8 -11
-5 16 -48
32 -64 -11
-82 -73 12
6 74 30
97 -46 8
75 -65 -11
59 -44 -11
75 -19 -11
-16 52 -10
-80 3 -22
21 -5 30
74 -5 30
5 9 -49
-16 -16 -54
32 -25 30
-17 -45 -11
-61 -32 -12
-79 68 -10
-70 -36 30
33 52 30
50 -62 30
-79 6 30
-41 -11 30
-99 -4 -8
-71 -65 -12
-49 51 30
3 -73 25
43 3 -15
-47 77 20
85 77 18
45 -72 -10
97 -57 -8
-69 15 -49
-27 77 12
-10 77 19
21 -48 30
28 75 -11
-96 4 -15
94 77 26
28 -47 -59
-85 -73 30
-55 77 -1
82 77 -11
70 33 -15
76 -68 30
-98 -73 5
-70 -73 30
87 -63 -21
6 2 -12
92 77 11
30 -25 -39
46 76 30
48 -31 -11
-99 25 15
-99 -11 20
2 49 30
38 77 -1
68 -35 -11
-73 -20 -12
-27 58 -10
15 3 -39
97 -49 25
60 -70 30
-40 49 30
-99 66 -8
4 77 9
87 38 30
85 -9 30
-87 56 30
-24 -73 26
87 -67 -32
-75 3 -40
28 -64 -59
-34 77 -6
-17 2 -12
97 -7 24
-73 28 -19
95 -62 -41
86 40 -10
-96 49 30
-93 29 -24
-25 77 1
-10 -73 8
60 27 30
-55 -73 19
-22 -73 7
37 4 30
8 -38 -11
-84 -40 -12
25 -50 -11
97 51 15
97 42 11
-99 -39 18
53 54 30
17 77 21
79 -30 30
-61 -64 30
59 64 -10
59 48 -10
-99 14 -1
51 -34 30
-62 -48 -12
43 34 30
74 77 19
50 -19 30
-99 -25 8
18 -73 16
28 -33 30
37 77 20
-15 7 -49
70 -40 30
-98 77 6
19 66 30
16 -29 -11
54 -60 -11
-14 -56 30
33 -73 7
-99 56 -5
-46 3 30
27 42 -10
-44 19 -38
-33 34 30
-76 26 30
-4 24 -23
-89 -62 -34
17 -16 -11
-97 -65 -13
-73 21 -25
-82 31 -17
-97 -66 -24
-24 7 -49
16 30 -18
-28 -73 -1
73 77 8
-42 23 -23
74 -55 -11
-80 67 30
29 20 30
-92 38 30
14 -33 30
-16 39 30
49 3 -32
96 16 -45
75 -5 -11
97 2 7
1 42 -10
9 -7 30
58 -73 6
-69 -36 -12
-90 -35 30
94 -20 30
97 -43 19
45 57 -10
-51 -49 30
40 -6 30
-17 19 -39
40 44 -10
-62 74 30
-77 -72 -10
95 36 -14
-4 -16 -59
-94 3 -24
-99 -65 27
90 20 -49
70 9 -49
88 -14 -10
53 34 -15
-95 3 -40
-97 17 -35
-53 77 30
-68 35 -14
21 -21 -61
-48 -72 -10
-10 13 30
57 1 30
97 0 -2
3 5 30
-37 15 30
61 -55 -11
21 -38 30
75 41 30
-57 17 30
-66 40 30
-30 3 -38
-42 -22 30
-72 52 -10
88 -35 30
-64 -4 30
-5 57 30
-74 -6 30
-28 -16 -43
-27 10 30
-43 -73 8
-36 -20 -11
49 -44 -11
-50 32 30
-99 39 18
-72 -27 30
-99 -56 20
74 58 30
85 19 -40
-81 19 -30
-41 69 30
8 -71 -13
-49 3 -14
-1 -28 -59
-92 -3 30
-57 3 -40
5 -18 -32
-25 19 -28
22 -16 -53
-33 -16 -60
-2 -62 -11
-36 34 -14
87 65 -10
97 -73 15
-29 -28 -60
75 -73 -9
2 -21 -11
-93 77 22
41 32 -16
89 71 30
-98 10 30
9 77 -9
-61 77 -8
9 19 -28
20 20 -37
-17 26 -20
-80 77 26
20 -73 30
1 -42 -11
-31 -16 -33
97 6 18
97 72 -8
97 -63 -2
-99 -42 -5
-99 -20 -2
59 -73 -2
40 -37 30
-29 -31 -11
97 -57 22
29 52 -10
75 26 30
92 3 -36
-21 -43 30
-82 -38 30
67 3 -27
31 -49 30
96 19 -28
7 -57 30
42 15 30
97 20 11
-7 3 -26
48 -14 -11
12 -16 -52
90 -73 -8
72 18 -44
57 41 -10
-99 31 22
-99 34 -9
44 18 -44
64 -30 30
-54 44 -10
-64 23 30
-5 -44 30
-50 -44 -12
64 70 30
-21 69 -10
49 62 30
-93 27 30
-10 58 -10
4 19 -36
-10 -20 -32
-35 -24 -51
76 -31 -11
-47 20 30
-69 77 -2
-7 -12 30
51 0 -11
-63 -72 -10
1 -16 -41
55 77 16
-99 -11 8
-43 -5 -12
-3 -73 -6
90 -36 -10
34 19 -40
-8 -28 -60
94 -73 -39
44 -73 30
-18 18 -32
-95 -50 -10
-15 41 -10
56 -73 14
96 43 -10
-7 19 -27
-18 -53 -11
87 -43 30
97 32 2
66 -73 4
93 -4 30
97 -39 4
16 41 30
-23 -10 -11
55 70 -10
97 -34 24
-99 52 22
-44 3 -35
67 20 -26
-56 77 6
60 77 0
1 -61 30
-1 -26 30
-10 -38 30
-99 -36 1
-94 -73 -13
-99 1 0
81 -51 30
62 -27 -11
-81 54 -10
-23 68 30
97 61 25
-43 55 -10
85 -73 20
-54 -13 30
-56 66 -10
12 77 5
97 -55 8
-3 57 -10
-30 -4 30
-87 -73 -1
80 14 30
47 77 13
-27 -63 -11
47 -73 22
25 54 30
-31 -55 30
33 -34 -11
20 -19 30
-68 58 -10
46 43 30
-99 -12 -5
58 15 -49
-99 -52 11
46 -10 30
37 61 30
66 -7 30
-88 -68 -17
-89 43 -10
88 -73 -16
22 -16 -37
96 25 -35
-57 29 -18
-99 -71 13
97 51 22
-90 -56 30
30 4 30
-46 -5 30
23 3 -12
5 -35 30
