-60 -4 -2
83 -13 -93
1 42 115
59 76 1
-19 -63 96
-11 -65 -70
30 -12 32
13 17 -53
-63 5 80
-64 -9 -92
83 4 -21
18 53 51
25 -12 94
73 -63 -58
-14 35 0
-26 -12 119
-26 -16 41
-8 -13 -93
39 63 -46
-11 -16 -18
-39 21 -44
51 -16 -54
-22 31 70
-49 -39 -57
35 -5 -13
34 -16 -92
24 54 2
6 -29 -58
-64 3 39
-13 -16 80
-32 22 32
-38 22 103
-64 -7 -43
6 46 -31
84 1 -58
65 -12 7
-2 -6 16
-26 -12 -56
22 -65 -55
68 79 -34
31 4 64
18 52 87
69 36 -22
3 5 116
-3 39 30
3 -5 49
-32 -16 9
-42 20 -12
58 3 -78
-51 -16 60
-40 -16 -25
17 -60 -85
-50 -15 100
76 -33 -61
-49 4 -68
25 -16 -38
-45 15 59
12 0 -77
44 14 -55
60 -12 -25
41 66 -18
-36 -16 -88
-1 -5 -42
-14 35 -45
-16 -36 98
-15 5 -75
-4 38 89
-51 12 17
35 4 11
11 -16 -4
-21 29 121
9 -5 74
1 -16 102
-57 -16 25
-47 -64 -59
-35 -5 76
-10 -46 -52
1 41 61
-65 6 -23
21 55 27
35 -7 -70
78 -16 -41
58 -14 -93
63 4 -46
-24 29 -25
-25 -6 97
-8 -17 -71
22 -16 55
-32 25 8
-47 -18 -63
-40 18 80
-15 15 -55
-18 33 46
4 43 10
-29 -5 -10
-44 2 112
73 -12 -73
-22 -5 -36
23 -42 -52
78 -15 -10
-13 -16 59
11 -6 -23
27 -16 10
21 52 -46
23 56 -22
15 -6 -55
76 5 1
60 56 -19
-14 -24 -44
-43 -5 -43
7 47 -10
-45 -5 41
44 -5 -37
-65 6 59
-21 -5 25
11 -16 29
-20 32 100
7 -55 -68
-56 -16 81
40 65 7
-60 -15 -22
30 5 41
46 -11 4
-12 -12 1
28 5 86
-64 -7 -68
26 -16 75
0 6 -63
13 -16 -88
-31 -5 56
-18 31 21
-56 9 -46
-53 13 96
52 69 -34
27 7 -61
81 5 -41
18 5 104
81 4 -76
-7 -10 117
57 5 4
-46 -16 -5
-50 15 38
-33 5 -56
-41 -5 23
-7 39 -22
-20 5 121
-34 0 -77
51 -15 -75
17 -17 -71
-64 0 17
-4 -60 -86
11 47 102
-50 15 -28
31 -16 -55
-54 13 -2
60 77 -18
-60 -15 45
-9 -33 -65
-7 -12 33
-51 -16 -80
-32 25 52
1 -64 -54
68 -12 -54
62 -5 -10
76 19 -24
14 48 70
38 -16 -25
3 45 45
-36 -16 90
14 -6 9
69 5 -64
-26 26 -7
17 -5 40
-24 -13 -74
12 -9 111
-2 -5 90
50 -16 -11
-13 -5 47
9 -16 86
32 4 -46
1 43 -46
19 -32 -66
-27 25 86
-48 -6 9
-8 -6 -56
52 3 -63
-38 20 118
-21 -21 93
-3 -5 64
-26 -16 67
79 -10 -26
-25 -16 -24
1 -5 -10
25 -9 -81
22 -58 -69
-32 -16 -41
-53 -5 71
-55 -5 -55
-53 -5 -31
-15 -16 15
0 -16 -29
20 -6 -11
-36 20 -29
20 -5 23
-59 -16 9
72 -48 -61
60 76 -45
-55 -1 91
-51 -5 -15
-32 -16 105
32 5 26
31 60 -34
-21 -9 -88
-2 -6 -78
48 -5 -22
2 -16 -52
-51 14 72
42 5 -76
10 46 29
21 -16 -22
-63 3 -77
-13 36 59
-38 -16 49
9 -16 65
-5 37 74
-64 -10 61
33 -16 -3
59 -12 -39
-31 -16 23
-9 -5 -30
50 68 -6
33 61 -6
5 46 80
1 -16 7
-20 3 -49
10 -5 97
-38 -6 -66
-43 17 7
-39 21 20
-16 -50 94
-52 -16 -42
-9 38 105
81 -13 -61
-21 -5 83
-26 28 -45
17 -5 -36
31 -5 53
-42 -16 33
-43 -12 113
42 -6 -51
-54 -5 52
-41 -5 97
-25 -6 4
3 -12 -66
-34 21 65
73 -8 -86
31 -5 -30
-43 -16 76
24 -26 -46
-1 -16 73
-17 -5 66
30 17 -52
-49 -14 -93
-6 -52 -66
-17 34 -13
-17 -12 108
9 -16 44
16 4 -46
-16 -5 -12
12 -16 -43
22 -6 67
-55 12 49
70 -5 -34
15 -54 -57
27 58 14
38 -16 -42
62 -16 -67
-7 39 15
-17 34 84
-64 5 -37
-43 -5 62
20 -6 83
14 6 -63
-2 16 -53
37 -9 16
-40 -5 -1
46 -16 -87
-53 11 -16
24 -16 42
-64 4 -62
-7 39 -35
29 4 -77
-4 38 -9
-35 -5 -33
-32 -1 115
-31 -5 36
-23 -16 -7
-61 9 8
23 -6 -68
-60 -14 -9
-50 -52 -62
18 -18 -55
-49 13 110
25 -6 1
-20 6 -62
6 -41 -58
-13 -12 94
-5 -16 45
-6 -5 78
-53 0 103
78 -3 -11
-15 -5 -67
-14 33 34
-64 -11 34
-39 -14 -75
43 -16 -64
-10 -18 -55
50 -16 -32
-10 -60 -55
50 3 -47
17 50 16
-38 -5 -18
30 -1 75
-4 -5 105
-46 -5 84
-40 20 42
76 -5 -48
-7 39 47
3 5 -47
82 -16 -81
-29 -5 15
-10 35 119
-42 -16 17
-58 8 29
-12 -12 -39
24 -6 -47
13 50 40
-14 -16 -81
12 -65 -62
8 -16 -16
66 -16 -12
20 51 -32
47 -5 -7
6 -5 35
-64 -13 -81
18 -5 53
-51 -5 30
-8 5 119
13 50 4
-39 -16 -55
-18 -6 36
39 7 -63
57 -16 -2
12 -16 -31
-34 -16 -7
18 -16 17
-53 -4 -77
1 -16 -83
-8 5 -47
-20 -16 29
56 -8 -83
-63 -7 78
47 -1 9
70 -24 -58
20 52 -11
-1 -5 2
-2 -16 85
65 -16 -83
53 67 -18
73 5 -54
-44 5 -49
70 -6 -22
-18 31 -35
-4 -16 -7
11 49 -21
-12 -35 -48
-43 -5 -55
5 -59 -79
-49 -29 -63
-23 30 57
9 -6 21
-22 31 10
-15 -5 12
-36 20 91
59 -5 -55
3 -16 54
41 66 -35
3 42 97
84 -6 -74
-21 -16 -45
50 71 7
26 -5 13
-64 6 -5
30 -12 62
-24 -5 47
-49 -16 45
5 -16 17
30 -16 -13
13 -16 76
8 -5 62
-58 -16 -61
-27 25 41
-55 12 83
-30 26 110
1 43 21
15 -15 103
-21 -5 -25
5 -5 -33
25 1 96
-32 -5 89
36 -5 0
-64 -5 -24
-36 20 -3
3 -5 -56
9 45 54
20 -43 -63
33 -16 -79
33 -5 -60
-27 -6 -66
-64 1 68
0 -23 -64
-43 17 29
69 1 -78
-34 -6 -48
33 59 -17
-53 -5 20
77 -6 1
-64 -3 48
-7 -16 22
66 -6 -66
84 -6 -36
-4 41 3
-51 -16 -29
-16 -7 123
69 -16 -32
3 -12 117
-32 -16 -64
2 -9 -92
67 78 -10
-5 5 -76
9 -5 -3
-31 23 -17
-53 -16 71
-28 27 22
-64 3 -49
1 -16 -41
-25 -16 57
-45 -16 6
-40 -16 61
22 -16 -4
-19 -16 -63
-28 25 76
-49 -16 90
25 -10 -93
-46 -16 -16
57 -5 8
-61 -13 -33
3 42 -21
-64 -11 17
31 -7 41
-61 8 90
-14 -16 40
-38 5 -66
-5 -6 -21
-56 -5 40
15 -36 -56
34 -5 -41
-15 -6 -48
-45 -8 -84
-58 -11 95
-52 5 -57
21 54 64
54 -6 -70
-51 15 -38
5 -1 -70
47 -6 -78
-55 10 61
-4 -5 40
-2 -54 -57
2 -65 -70
44 -5 -64
-60 0 -13
25 -16 -64
13 48 -41
-53 -5 -66
-12 36 94
-19 -16 -32
-30 26 121
7 -5 85
-21 -5 57
-50 -5 -4
71 -16 -22
27 -16 21
-43 -16 -38
-4 -43 -63
-6 -6 54
21 52 75
-8 -6 25
27 -5 -21
-64 -12 -52
-10 5 -67
8 -16 -76
-27 -12 79
22 -16 85
28 -16 -29
-27 -6 68
-60 -3 27
84 -11 -51
72 -14 -93
-31 -6 26
59 74 -29
-18 -6 -79
68 4 7
-32 4 -46
-57 8 -30
-21 -5 113
-56 -13 -72
-16 34 111
-2 -35 -58
-27 25 -33
-55 -7 -88
13 -16 8
-46 3 -78
-5 -6 -67
21 -16 66
-29 27 98
57 75 -9
-26 3 -70
33 59 6
30 60 -44
40 -8 -86
-17 -16 49
-60 -1 8
9 -8 -82
47 -16 -23
60 5 -58
52 -5 -31
-41 -5 107
3 42 71
-28 -8 -81
-8 -5 -5
-23 -12 90
-46 17 87
6 44 1
6 11 -57
-56 -16 36
-47 -12 25
-23 -16 8
41 -16 -53
-52 -16 16
-53 -6 -44
59 -16 -49
-14 35 70
-42 19 -22
-46 15 49
-46 -5 -26
-45 15 100
65 -6 -47
84 -6 -18
-35 -5 7
-55 -16 1
63 -6 0
-52 -16 -51
68 79 -43
27 -3 34
-54 -5 61
19 -12 32
83 -6 -86
-21 29 0
42 64 -4
12 -12 52
8 -5 -45
-31 -6 106
-26 -16 -92
-10 -16 -31
-41 -5 33
-44 -5 73
9 -23 -64
54 -12 -62
43 -12 -16
19 -4 104
12 49 93
-24 -6 -47
-40 -5 49
-37 -12 40
-8 -12 10
3 44 35
-6 -16 110
37 -5 -23
-12 -5 89
-22 31 29
-10 -8 -86
84 0 -29
27 3 53
29 -7 83
84 1 -68
-17 -5 -3
50 -12 -45
69 -16 -45
12 5 111
-41 17 -36
-30 -12 -16
37 -12 -34
-55 -5 81
14 -6 -66
-45 15 -3
46 68 -46
-58 10 40
34 -2 20
20 -6 -28
77 -5 -58
-21 -5 -58
53 -6 -13
13 -60 -75
-53 11 8
-13 -12 72
50 -6 -56
-61 9 71
-30 -12 49
-19 -12 -18
-24 -12 17
18 -51 -66
-40 -16 102
1 -16 26
65 -9 -89
-24 -16 -82
-17 34 -23
-18 -15 118
5 -6 106
21 -1 -77
41 5 -46
0 -12 -16
-2 -3 115
72 27 -23
0 40 105
39 62 -26
63 1 -70
-12 -5 100
21 52 36
80 -15 -19
18 3 -70
7 47 64
-17 -12 -55
53 -6 0
7 45 109
-11 34 8
13 -6 29
-3 -65 -63
41 -13 -74
75 -4 -70
-42 20 70
-28 27 64
24 -5 46
49 70 -25
-29 -12 -34
-57 5 -71
0 -16 36
9 45 17
0 -5 27
11 -5 -11
18 -26 -60
-48 -23 -56
-8 36 23
6 -50 -58
5 -6 10
32 -16 -70
83 5 -51
-62 -3 85
-36 -9 118
27 -16 -86
-59 7 21
-36 -5 67
-5 37 -43
21 15 -55
58 -16 -15
75 -56 -62
-61 -13 54
-64 -3 -32
-34 -16 70
2 42 -37
25 -5 -56
75 -19 -63
-24 -3 122
-21 -29 96
-8 -25 -60
-43 5 -58
-31 -16 -77
40 -16 -7
-25 -16 110
71 -16 -5
8 -12 -58
-64 -6 -9
81 5 -9
-45 -12 -48
-45 -5 -35
52 5 -71
17 -9 -92
-19 30 91
-40 -5 -77
-37 -12 80
62 75 -37
67 81 -25
-7 -16 -45
66 -8 -80
-4 -59 -77
-46 -7 -70
-37 5 117
37 -15 10
25 -5 -38
2 -12 62
-2 -12 94
-46 -12 68
-36 -12 1
21 -12 6
-64 7 51
2 -16 -2
32 -12 -21
-33 25 -41
34 -3 -77
-23 30 79
-32 -6 -57
-32 -12 62
72 -6 -6
-31 -9 -92
31 -6 68
34 -6 -51
62 -6 -31
-43 -5 -11
-59 -16 65
31 60 -25
13 50 -4
64 -15 -75
84 -6 -44
14 -45 -57
1 -6 73
6 -3 116
75 -16 -55
-49 -12 108
13 -12 93
34 -5 8
-59 -16 -92
-29 -5 -23
-5 38 98
76 -41 -58
-42 17 109
-21 -5 74
32 5 -67
28 -3 26
-50 15 26
-61 -11 87
51 3 -55
-23 12 -57
30 -5 -6
-49 -12 35
0 -16 -75
-20 -43 97
57 -5 -43
-6 40 57
-6 40 66
-50 -12 53
-10 9 -60
12 -12 36
-23 30 -16
51 -10 -93
-33 -12 -26
-50 15 -10
80 -15 -32
-42 -9 -92
3 -5 -24
59 -5 -22
-7 -12 -62
-54 -9 102
-14 -12 22
42 -5 -30
2 -12 45
-10 -1 -77
-41 -6 13
20 -65 -63
28 -12 51
-22 -5 105
-46 4 105
15 52 59
-25 -16 102
-15 -12 -9
-36 -16 -34
21 52 10
-1 40 81
-21 31 39
-63 -12 -16
-1 43 -28
6 5 -76
24 -12 -73
-14 -13 -74
-29 -16 86
7 -12 79
-31 -5 -1
-53 -6 -23
27 -6 90
11 -5 46
-8 -12 102
-43 -16 84
-27 -12 29
17 -6 61
-38 -12 -44
-5 -6 -49
25 1 -70
50 11 -58
67 -5 -57
3 42 89
-12 34 -30
-60 -1 58
26 55 -7
-7 -2 122
-11 34 78
22 -12 -51
69 -4 6
20 -12 -34
5 -12 91
-55 -12 -16
-44 -16 -86
-13 -5 112
74 -6 -40
81 -13 -70
-6 40 38
-18 -16 67
50 5 5
17 -5 74
-13 36 41
-64 -7 -58
7 -12 3
40 -16 1
-3 -20 -58
-55 12 103
-5 37 113
15 -6 -45
-59 -7 -81
2 -12 110
-13 -5 57
-23 28 106
41 -1 -70
-40 -6 89
39 -16 -83
13 50 77
5 -19 -60
18 51 -24
-24 27 48
17 -16 1
14 48 23
6 -16 -24
-56 9 -7
-11 -55 -61
57 -16 -82
-31 -16 96
-60 1 -43
-31 -10 -70
34 10 -58
-31 -6 -39
17 -65 -70
15 51 32
-46 -12 -56
-47 -14 -70
7 3 -64
-56 5 96
-46 -6 55
77 3 -47
-48 -6 98
-22 -5 13
79 8 -25
1 -5 99
25 -4 58
72 -6 -13
-7 -16 -79
-55 12 -23
-11 -18 -63
-30 24 15
73 -5 -77
-15 -16 87
-29 -16 -48
-6 -16 61
33 -16 -48
-43 0 -70
-20 -16 0
5 -16 -9
19 -16 -45
-39 -16 25
15 -16 -81
-53 -16 -87
-5 -12 -37
50 -16 -67
-59 -1 75
-48 14 -21
-11 -56 -70
-56 -5 -9
-55 -5 4
24 -6 74
-37 19 13
21 -56 -54
-16 31 53
71 -12 2
47 67 1
-35 23 72
22 -56 -62
84 -7 -66
37 -12 -57
31 -12 3
78 -16 -88
20 -16 -90
18 -4 97
58 -16 -31
7 -12 71
15 -12 70
18 -12 45
80 -11 -3
-34 24 80
-32 -5 46
-38 -12 96
-19 -16 -90
30 5 71
-16 -22 98
57 5 -50
-8 -12 -24
3 -12 -35
-21 -16 81
-34 -16 57
28 5 32
19 -23 -66
-45 -5 -62
-33 -12 -53
-33 -12 17
-14 -16 -49
74 -5 -28
-33 5 -71
-24 -5 -18
-2 -5 -30
-60 -6 -49
23 -35 -50
36 61 -38
26 55 -41
3 42 -6
21 -10 101
-27 5 -61
3 42 28
-37 19 51
-40 20 60
20 51 44
43 5 7
45 68 -12
-48 16 80
-56 -5 13
-16 -6 -39
-64 6 32
-48 -32 -57
-15 -5 -19
59 -6 -62
34 -9 -81
-64 7 -16
33 -9 -90
80 -1 -4
-39 -16 -18
-27 5 119
-10 -16 51
-10 -6 35
53 73 -2
70 5 -47
75 -26 -63
-27 5 -51
17 -16 25
-39 -16 10
40 -5 -6
60 -16 -56
69 -16 -64
-64 -4 33
-2 -47 -57
44 -5 -13
24 5 -47
45 -12 -39
-4 -5 9
-56 3 -51
1 41 51
10 -1 107
3 -5 -64
-13 0 118
-21 28 113
-10 37 85
-10 -5 72
9 -65 -69
5 -3 -77
-19 32 -6
-27 -6 -30
46 -12 -5
17 -12 86
14 48 -12
-29 -6 82
-1 -9 -84
-32 -5 99
-60 -1 -61
47 -5 -46
-49 13 -45
-38 -5 -26
-48 -6 -50
-37 19 35
-18 -56 98
72 -16 -83
13 48 86
13 -6 -30
-42 -12 -32
-8 -5 -12
-18 -16 102
-40 -12 -9
49 1 -78
8 -56 -54
-4 -12 0
-53 -12 7
15 -12 -23
4 -60 -86
20 -12 -61
77 -5 -21
-5 -12 68
30 -12 -61
75 -12 -64
53 -16 -41
-22 -5 -9
43 -8 11
12 -16 58
