75 154 217
228 109 50
57 110 52
198 227 131
168 108 154
116 177 99
145 63 71
74 108 140
148 196 195
120 62 200
205 155 107
142 127 219
154 129 70
96 165 158
211 60 84
69 61 86
63 149 99
102 108 90
151 195 140
57 108 192
116 118 173
186 108 105
96 110 225
143 124 117
116 177 223
169 207 99
198 137 67
57 143 159
118 113 50
165 141 185
62 101 98
88 138 67
223 108 91
180 139 134
113 108 136
164 161 88
128 182 167
180 110 50
111 141 104
126 97 205
85 162 123
135 100 78
200 190 104
101 166 193
157 108 190
122 178 133
108 141 222
81 123 170
121 140 73
57 132 127
226 139 84
201 93 74
56 142 190
181 136 94
57 134 73
140 194 111
85 108 63
83 118 112
194 224 100
139 118 147
87 108 196
158 108 96
208 127 114
69 126 213
148 108 51
141 142 95
187 108 133
79 154 179
65 86 75
172 212 131
58 108 164
151 198 167
171 135 159
124 182 194
127 108 104
76 121 85
175 108 77
95 163 99
131 98 180
121 116 225
99 118 153
157 108 131
75 154 144
201 117 85
205 119 53
153 82 84
107 117 114
57 126 99
57 109 121
144 115 170
97 164 219
86 141 104
128 160 88
161 127 203
57 108 76
126 72 82
131 122 85
103 125 201
229 121 70
107 121 69
88 124 133
135 187 215
165 124 111
117 81 189
205 97 96
134 115 194
57 122 147
205 142 88
152 108 213
106 169 121
166 121 176
90 131 218
57 126 177
175 132 70
99 135 85
132 108 125
216 81 83
157 204 117
109 171 174
117 125 148
106 108 188
137 120 63
159 142 85
186 217 117
114 173 154
63 149 120
127 108 159
154 108 77
82 158 199
98 125 180
134 185 147
223 140 64
217 105 69
79 141 85
128 139 224
77 109 218
70 120 64
95 108 169
78 96 88
219 127 99
202 109 120
174 124 143
71 108 179
197 142 120
164 119 57
78 108 159
99 108 50
171 108 119
144 123 97
188 121 63
193 125 129
174 117 94
141 141 74
118 115 206
136 191 130
94 125 99
120 125 99
158 140 103
134 69 57
199 172 110
95 108 123
101 169 138
155 123 154
127 181 112
120 108 70
152 200 99
147 155 85
152 141 208
194 207 106
81 157 162
184 125 110
63 140 143
66 142 206
63 147 175
145 108 111
198 137 103
136 186 181
112 124 131
156 66 84
114 151 85
71 111 202
130 81 201
92 108 141
75 79 88
137 108 221
211 127 70
89 108 80
92 164 175
214 108 105
108 170 209
139 108 93
119 111 89
199 108 64
152 69 57
201 227 114
92 108 104
64 128 162
79 116 50
57 138 110
63 122 114
64 126 191
75 156 107
112 126 85
165 123 129
102 108 210
214 141 105
186 142 78
158 124 85
83 122 153
141 70 88
108 108 161
74 124 100
150 108 152
203 77 74
146 124 134
57 138 89
124 136 88
128 117 137
192 124 95
73 99 65
115 96 194
131 122 181
73 108 119
136 84 80
63 117 133
131 188 99
86 115 183
189 108 84
57 122 84
77 107 99
158 73 71
121 111 185
93 120 59
104 126 221
128 138 103
170 108 140
174 208 116
122 181 209
62 108 149
161 139 171
75 151 130
70 148 190
71 71 76
106 140 73
164 108 169
128 68 190
124 126 70
131 108 58
163 204 141
119 180 180
181 217 100
165 127 189
76 138 218
88 161 140
124 117 115
145 192 154
124 125 163
137 108 206
142 108 137
111 108 104
155 116 119
170 108 63
213 108 56
66 110 86
102 108 65
147 196 180
70 138 67
186 218 132
222 121 54
215 141 75
225 123 86
61 95 85
172 138 145
173 142 82
135 189 200
145 133 85
148 115 199
101 116 133
128 126 219
141 108 183
217 95 86
112 175 195
71 137 103
143 108 64
209 128 88
57 146 131
172 141 103
171 127 85
57 111 107
134 148 85
57 110 178
94 122 166
89 108 210
150 120 58
116 110 149
215 91 73
69 150 161
57 117 65
139 191 167
95 167 114
93 125 117
195 133 85
151 195 125
60 117 202
228 108 77
155 200 154
192 114 50
158 115 143
86 123 70
129 87 188
113 108 217
91 124 85
200 108 107
185 108 64
131 108 146
88 162 188
64 73 87
132 120 100
206 111 95
94 165 204
117 110 123
76 123 183
122 181 147
111 177 111
83 115 127
165 122 69
136 73 70
175 115 129
143 118 84
115 100 181
202 84 85
164 202 128
163 114 199
118 131 225
111 120 190
99 136 99
81 121 220
108 108 77
138 115 159
112 136 91
157 108 64
155 115 178
106 122 101
82 108 172
149 97 81
185 111 121
184 124 85
65 141 79
163 119 163
150 123 208
61 129 204
132 108 173
75 113 190
157 141 196
163 108 52
168 136 93
137 138 216
163 111 110
59 122 53
173 123 156
77 90 75
105 171 224
129 119 53
107 108 175
144 108 123
201 105 85
117 82 201
96 142 222
106 170 99
57 135 169
63 118 169
61 104 65
113 108 198
200 120 67
208 120 103
87 136 93
90 110 157
95 168 127
96 115 191
128 63 74
117 181 121
176 115 108
78 102 75
85 159 222
116 178 165
84 118 96
86 157 151
108 175 131
221 140 95
132 101 195
192 142 94
69 136 90
213 68 74
168 108 89
176 120 59
159 130 178
117 120 62
186 119 137
187 132 70
196 130 118
115 98 210
115 118 159
57 111 94
103 119 53
161 139 72
69 110 107
84 157 99
128 186 123
153 108 165
57 118 158
93 121 224
73 153 205
229 111 64
128 111 214
126 108 80
179 113 146
131 137 67
206 97 64
151 116 104
181 108 94
209 132 99
229 131 76
110 118 141
107 169 163
199 142 78
137 117 130
105 108 143
126 181 219
69 108 168
150 108 88
111 108 57
76 157 120
132 63 86
137 116 112
95 108 183
84 159 210
64 131 149
64 137 180
165 112 184
162 202 106
204 69 83
106 118 168
87 141 78
57 132 138
106 108 123
74 108 56
88 159 112
126 117 150
80 125 121
57 108 136
118 108 169
149 123 144
64 97 73
69 108 130
150 136 94
146 144 84
144 192 206
191 141 131
130 186 137
142 108 80
117 117 106
151 195 114
181 132 142
206 138 115
66 127 85
80 110 86
218 120 64
224 129 66
141 192 143
58 140 64
157 63 73
63 117 101
192 108 73
183 129 131
82 108 109
165 115 100
114 177 141
101 169 182
168 130 169
62 84 86
88 125 144
191 112 95
115 132 70
101 169 149
101 108 198
178 216 110
63 123 125
138 113 50
120 142 98
92 115 202
68 110 213
99 127 70
57 140 121
147 122 69
118 162 88
128 68 200
106 117 226
217 102 97
196 118 117
142 190 121
148 115 185
192 224 111
81 120 60
129 116 167
74 153 170
68 117 51
209 114 112
62 147 198
107 118 180
64 128 68
79 133 70
124 179 157
90 110 94
107 115 202
63 113 185
200 108 53
134 188 158
131 116 223
168 115 147
134 135 85
94 116 110
67 151 110
146 134 211
158 119 192
83 116 162
113 173 185
141 63 80
188 141 103
133 108 68
79 131 85
67 146 136
68 147 151
164 108 79
147 138 67
160 152 84
141 75 79
188 118 104
214 70 85
154 162 88
154 117 134
63 133 120
208 139 68
75 69 85
96 116 176
103 118 123
111 117 94
166 117 118
84 108 135
212 81 73
97 108 74
96 141 73
85 110 148
201 95 87
116 108 112
191 108 114
227 141 74
126 115 199
123 108 135
91 160 165
181 120 69
123 103 178
68 110 157
118 141 221
145 73 70
89 108 50
98 119 90
71 89 89
100 165 169
149 108 175
132 108 115
64 135 190
85 142 219
103 141 91
195 197 109
73 62 77
126 117 92
144 191 103
117 73 199
169 129 150
146 114 217
130 91 79
125 149 84
119 117 142
157 131 195
76 141 96
90 116 120
143 137 103
121 61 190
64 139 128
148 108 99
137 108 153
57 123 73
102 110 107
118 117 132
179 213 125
97 118 142
92 125 157
206 61 75
146 124 107
151 117 94
140 191 191
149 115 161
75 116 94
195 225 121
166 209 121
152 108 142
204 145 111
215 116 50
159 109 206
202 180 105
194 123 85
101 171 107
136 129 70
150 71 88
137 157 87
181 139 69
77 116 177
124 181 99
113 121 221
164 141 161
228 117 79
208 142 96
63 131 110
166 108 131
141 108 198
76 98 98
85 108 121
188 216 106
93 162 148
143 70 59
58 137 198
56 142 102
101 134 225
132 141 78
158 74 80
91 116 131
62 108 200
156 133 209
64 123 93
172 117 51
213 131 108
136 110 101
145 192 132
116 91 202
83 159 132
157 201 135
116 175 212
57 137 151
167 117 86
132 136 95
192 115 130
74 133 210
127 181 185
201 105 75
220 113 98
204 230 124
196 120 58
171 113 161
88 111 222
218 103 83
123 116 178
128 77 189
124 108 222
64 117 151
210 89 87
97 110 148
56 142 178
78 153 191
83 111 204
57 112 84
57 119 184
143 117 123
204 168 103
120 177 200
181 142 86
151 141 74
72 149 103
89 117 52
135 186 112
92 108 114
160 117 93
186 119 54
170 108 98
122 108 62
57 127 156
70 148 212
94 108 61
122 103 212
147 116 115
144 108 163
158 115 169
122 119 186
103 108 220
154 91 79
104 168 201
102 122 192
164 137 193
115 142 84
89 116 140
155 120 66
171 212 106
76 79 78
96 116 99
68 124 204
110 115 211
75 151 154
148 63 85
178 108 103
169 139 72
155 120 201
100 110 161
65 110 140
163 132 85
181 108 112
143 87 84
148 116 150
127 111 50
133 185 173
166 135 178
111 108 93
122 97 186
66 151 128
57 122 107
125 125 174
92 161 131
57 126 119
215 99 63
109 125 119
105 108 133
71 149 181
132 110 133
63 132 95
77 124 110
112 118 151
161 126 171
178 113 137
105 124 110
66 108 51
218 141 86
121 127 84
131 108 91
163 123 102
132 115 205
90 133 84
178 133 85
168 116 134
164 108 69
121 178 107
158 108 122
63 116 120
57 133 82
107 108 115
147 141 216
74 110 151
87 115 86
57 116 141
217 135 69
160 141 205
96 111 216
63 142 167
117 108 161
180 116 100
202 120 111
134 115 178
112 119 53
148 108 190
191 108 56
154 202 109
227 122 62
201 162 110
131 91 202
129 183 205
95 141 90
65 117 209
196 127 70
164 129 159
75 120 210
85 115 191
181 141 142
158 133 186
182 116 91
159 115 157
123 116 161
168 139 153
191 135 123
94 108 132
57 146 114
155 117 211
91 116 149
94 162 195
64 68 80
107 172 143
133 108 186
132 116 121
81 157 172
64 131 132
147 108 204
78 108 196
133 185 193
64 113 194
72 107 64
159 118 126
211 120 60
80 108 186
82 108 72
128 117 107
109 121 61
223 130 91
202 85 76
116 89 188
136 116 139
151 69 67
78 108 210
147 115 132
157 113 50
180 108 127
203 132 70
76 115 103
90 123 125
72 150 117
64 138 159
206 108 59
160 108 151
123 108 116
57 129 89
102 118 161
73 125 91
190 139 71
164 109 193
108 112 50
81 132 214
180 115 116
86 108 179
117 110 98
166 146 84
57 121 130
175 112 153
117 175 127
71 129 70
89 116 102
95 163 121
100 118 220
115 106 209
119 124 156
57 123 196
65 134 200
110 116 133
57 126 165
116 175 173
168 117 109
76 86 83
61 143 152
165 125 121
201 131 112
150 128 215
65 110 98
123 182 173
114 173 120
123 116 126
165 208 110
159 140 179
75 156 99
71 149 199
143 116 100
57 141 82
201 105 96
139 188 137
105 117 88
115 110 226
111 116 124
117 178 190
133 115 153
116 118 182
136 142 102
92 141 99
141 192 175
135 129 222
196 108 125
160 108 179
135 112 167
153 111 112
63 79 77
62 108 58
178 125 136
97 108 96
229 135 69
195 108 101
97 108 84
97 164 184
89 159 158
210 141 82
154 197 147
88 164 104
187 134 135
118 68 193
63 108 173
148 108 70
149 117 139
107 136 98
104 168 128
218 108 62
159 122 179
108 111 168
79 121 68
209 117 91
124 120 64
105 141 80
123 134 220
164 123 196
152 108 198
132 102 207
158 116 107
64 141 103
57 134 186
76 110 131
61 105 82
57 118 174
182 108 72
105 118 148
150 122 84
80 115 120
168 206 134
162 142 93
112 108 68
158 108 85
91 129 70
124 141 80
138 124 85
100 108 117
190 115 86
65 120 58
57 134 158
87 141 86
208 146 103
90 159 215
181 142 100
114 107 179
131 94 193
154 108 56
190 120 123
135 117 217
63 122 179
104 115 195
90 137 223
101 169 209
150 199 131
57 140 140
64 119 141
108 170 111
218 135 100
177 128 149
121 183 127
134 117 94
96 127 220
134 190 119
123 111 153
229 117 56
216 119 104
197 114 90
77 152 137
135 106 83
117 125 140
144 111 155
174 118 85
138 108 56
64 116 161
144 115 108
82 158 142
138 191 151
124 87 202
173 108 51
112 173 105
85 125 100
73 119 57
63 141 70
74 140 73
203 136 94
96 163 137
72 95 74
221 119 95
86 108 163
163 133 200
227 109 84
99 116 169
116 134 84
159 202 147
129 79 82
152 142 88
161 206 100
143 124 126
124 108 126
150 136 102
57 123 140
124 123 225
141 108 72
80 136 91
174 108 84
60 108 157
107 108 153
173 108 126
153 134 85
57 118 93
143 119 213
178 211 101
58 108 128
101 118 110
184 121 130
94 123 108
155 133 202
96 118 52
89 122 218
113 121 100
69 148 143
94 115 162
96 118 123
156 203 125
208 95 72
139 111 215
63 123 156
102 124 95
116 115 198
57 117 116
118 117 95
82 123 129
