-1 13 -50
-21 -91 80
2 55 92
80 -91 -42
-59 -91 -41
64 91 -14
-67 -7 31
40 -22 38
88 -3 -69
-66 -23 -88
-4 53 16
-24 -16 100
7 -60 -34
-67 16 -31
77 13 -4
31 -27 -88
-14 -23 11
-45 29 70
21 64 -38
53 -28 -34
-38 -28 -38
25 3 82
26 5 -5
-18 -28 -85
-44 29 11
-5 -23 57
22 67 52
44 20 -46
-56 -23 71
-19 44 -24
35 71 10
-39 4 -65
-66 -23 -7
-25 -50 80
-28 5 -19
-11 45 55
83 -52 -48
53 49 -22
9 5 35
0 -23 -28
67 -23 5
-28 5 35
89 -12 -28
46 13 27
68 -27 -88
-60 -54 -49
-26 36 99
-16 5 73
24 -28 -54
-67 -17 -52
54 -4 -68
8 -23 94
24 -23 10
-65 6 60
-37 -23 46
-49 2 88
24 4 -68
-63 7 -2
-5 5 2
1 12 99
48 79 -36
72 8 -45
32 12 54
-51 26 40
20 -81 -52
10 61 -10
-10 -28 -56
30 -23 66
-41 28 -38
-43 -23 16
-42 -28 -69
51 5 -22
-67 12 -62
72 -28 -59
-25 40 30
-29 -23 -12
10 -23 34
24 5 -34
32 -23 -17
-29 -24 74
-14 -5 -68
6 -17 -82
0 5 -24
8 5 62
-38 5 59
-50 26 -14
-35 5 9
17 29 -41
-66 16 22
48 -28 -68
67 29 -24
36 72 -16
17 61 26
-67 -9 -28
54 5 5
-25 10 96
-19 40 1
-25 8 -43
77 -33 -33
88 12 -26
-1 51 -37
-16 42 78
89 -27 -76
18 -40 -34
6 55 68
-61 -31 -34
67 92 -38
-63 -23 48
-15 -23 36
-45 -23 91
-47 28 93
-33 35 51
-8 -31 78
2 -82 -32
-66 -23 16
3 56 43
5 -23 -6
-55 -10 -70
51 -11 19
-51 8 -44
89 -14 -50
83 -23 -10
21 5 16
-9 5 24
51 83 3
-15 27 -42
-8 5 46
-49 5 -22
-16 -71 76
-50 5 34
77 -70 -39
56 -23 -14
-60 18 77
43 -23 1
-37 -20 -87
37 -8 53
9 -23 71
-4 -7 100
21 -76 -32
-20 -28 -29
-62 -28 -68
24 -16 -70
-48 -23 -19
88 13 -55
5 1 -67
-67 16 42
8 -28 -67
75 -6 0
72 -12 -72
-32 33 -12
5 5 82
24 -23 47
28 5 35
-51 -28 -52
-55 -72 -48
71 5 -20
-51 -23 34
-6 51 -5
5 -28 -45
18 62 7
23 -19 84
32 -28 -36
48 -20 -84
30 9 -52
-31 -13 -71
71 5 -67
-28 -28 -57
-12 47 99
56 8 -53
-55 23 57
-60 -3 76
43 -4 33
-33 32 83
-67 -7 9
39 -23 19
12 -5 94
49 83 -18
-11 48 37
85 -14 -87
-44 -23 -2
-67 -6 -11
44 -28 -49
86 -1 -14
-65 -11 60
2 -23 17
-33 5 82
-67 -2 -44
-28 -23 24
-27 39 -37
-23 8 -62
-9 -23 97
89 3 -41
-11 -23 -7
21 67 -22
0 51 -21
-42 -23 63
19 -23 -26
-37 30 26
41 -12 -72
45 62 -27
31 70 26
-23 -23 59
-29 -23 5
-46 5 -4
32 -3 68
-64 17 -14
38 5 7
48 6 -38
-56 19 9
43 6 -62
-50 -28 -84
71 -23 -23
31 13 72
32 73 -31
84 -36 -50
-7 -28 -72
15 8 -49
-37 -4 97
-14 5 -12
13 62 80
-51 22 23
-51 5 49
-11 5 -35
1 28 -41
15 13 91
5 -80 -48
-23 38 63
27 -23 29
-55 5 19
-39 5 -33
31 5 -21
61 -28 -48
64 -28 -73
-29 38 13
64 5 -7
26 69 -4
-23 5 17
-46 5 73
-55 -44 -39
-24 -28 -72
16 5 48
4 -46 -34
12 5 -2
-54 22 -38
-8 5 89
89 -26 -40
19 64 66
18 -28 -78
-20 -28 -45
-40 12 96
41 5 -7
-67 -22 34
-38 8 -51
-52 8 -58
9 -23 55
5 6 -38
-1 -12 -71
-67 -2 45
32 27 -42
-22 5 51
-4 49 78
-22 -36 74
-19 -23 84
64 5 -33
9 60 -31
3 53 28
-14 45 -38
89 -27 -59
-24 5 0
-16 46 21
54 -23 12
-18 -17 -77
-38 5 24
-54 -23 7
-67 -22 -22
-16 0 102
4 57 5
63 -5 7
-67 -17 -74
-67 5 -21
43 -23 -27
7 5 14
-46 -17 -77
37 -22 51
19 -23 -8
-67 12 -46
40 12 39
66 13 4
-4 -28 -87
-23 41 44
56 87 -29
16 64 40
-9 8 -60
16 -23 21
-38 30 -25
18 5 -21
-52 -10 85
-55 19 -25
13 -10 -70
-7 5 63
74 19 -19
-42 27 57
-40 28 -2
81 -27 -88
-67 10 11
-67 -8 -64
-61 -35 -48
-29 5 69
89 -1 -53
55 -17 -74
34 -28 -75
-14 43 -11
-49 -28 -31
-9 -23 23
-11 -23 68
50 2 21
20 5 68
-15 16 -48
1 -23 82
44 77 -7
-34 32 39
70 -23 -8
-67 -20 -40
13 59 55
77 -45 -39
9 -23 6
-38 -23 -26
-56 5 -32
37 -28 -59
-56 -61 -39
83 -77 -48
-8 -28 -35
-60 20 33
-9 46 7
-43 -23 78
-40 5 44
76 -28 -76
0 5 -9
-38 -23 33
-24 -80 74
-16 5 36
44 -23 -11
-23 -23 45
-9 50 67
18 -52 -34
-15 -58 76
-32 33 70
-5 -23 44
21 -20 -87
-32 -23 92
7 -33 -34
84 -23 -24
38 5 20
51 13 14
-20 43 91
87 10 -67
-2 53 57
9 19 -46
11 58 16
60 -28 -61
-20 5 85
-48 -23 50
77 -57 -39
-67 3 25
18 -28 -44
-50 23 79
-27 -2 -67
-15 12 102
42 76 -25
-56 22 -3
23 20 -46
24 -28 -68
60 39 -25
-42 -7 -69
-61 3 -68
37 8 -41
54 -23 -2
-25 5 -30
84 13 -14
19 -23 63
-55 5 -11
89 -13 -62
13 -81 -39
84 -65 -48
40 5 -29
-63 18 66
30 -14 74
39 1 43
77 8 -57
-64 -23 62
-27 36 -26
-16 -47 74
68 -28 -37
2 5 51
-47 5 11
-39 -28 -52
30 -23 -5
73 -17 -82
-62 5 36
-60 -79 -39
-66 16 54
-46 13 85
-34 5 -5
-48 27 -29
-1 -23 33
24 69 14
12 -27 -88
-5 -17 -82
67 92 -25
12 8 -60
-2 -23 -17
-56 -17 -81
-15 5 9
-61 -28 -79
-20 -23 -19
46 8 -49
-3 5 73
58 85 -6
13 -28 -56
89 -1 -30
-55 5 67
61 -20 -84
24 5 58
-11 48 88
17 -66 -33
-36 34 94
-7 47 -28
46 -20 27
29 -6 -69
22 13 83
-67 -14 23
-5 -23 3
-29 -28 -85
33 -17 -82
-59 -23 25
-25 -63 80
80 5 -29
-5 48 46
-63 7 49
61 4 -63
81 -17 -75
-32 -32 81
-44 -11 93
34 -13 63
-33 36 2
-59 21 46
-25 40 -13
10 57 -21
13 5 23
22 -8 85
-4 5 15
87 -11 -18
-6 4 100
-67 -14 43
53 5 -8
26 66 36
44 77 8
61 -23 -25
8 -23 44
7 -73 -35
-27 39 76
-26 -2 100
-27 -17 -81
88 13 -37
-42 27 45
80 -13 -6
-67 -17 1
-1 -23 67
-51 22 67
71 -28 -49
-14 -11 102
28 5 45
-5 5 36
-23 -23 -3
-54 -23 -10
-60 -13 76
2 5 23
32 -28 -47
-67 -2 -55
-10 5 -24
-5 48 25
36 3 -68
-66 -13 -85
58 -13 11
14 -23 84
35 72 -1
66 -4 -68
10 5 -13
6 6 92
0 -17 99
-57 -23 -28
-1 -28 -60
-52 -23 62
-67 0 -32
-52 -28 -72
-24 -23 15
20 -23 38
-68 15 2
42 -28 -85
-67 -2 -2
72 6 1
4 57 81
81 4 -7
3 -28 -80
40 -11 40
88 -10 -77
-20 40 53
55 -28 -82
62 5 -18
34 5 63
20 63 -12
11 58 35
-48 1 -67
-6 22 -44
78 -5 -68
-55 -31 -42
-57 -84 -48
-57 5 6
29 -5 77
-33 5 92
-48 23 3
-29 -28 -32
-46 28 31
-20 43 13
-9 -23 87
-19 -26 74
26 5 7
-61 -30 -56
-33 -23 58
-41 5 -17
81 -28 -68
-57 -22 81
-55 10 83
16 -17 -76
15 0 -66
-55 -46 -49
60 8 -42
77 -21 -1
18 2 89
-21 -23 95
81 6 -19
-63 -3 65
-16 -81 79
-6 -28 -45
-67 7 -11
41 5 -19
-40 5 34
-15 5 -2
-67 -27 -46
-59 8 -52
52 -28 -55
-31 -28 -46
45 -2 -67
13 59 -1
89 -21 -69
89 -10 -37
-37 34 16
57 85 -38
30 8 -61
-40 -28 -83
27 70 -13
36 17 -48
-55 -62 -48
28 5 25
-7 51 -14
89 -24 -49
-28 8 -52
45 -28 -40
29 -23 57
33 -23 -26
-25 5 -9
25 -23 20
-39 -23 -13
-33 36 61
-28 5 59
-45 29 21
2 53 -10
19 -23 72
-19 -23 23
-33 -23 15
60 86 -21
10 5 -30
-25 -72 80
-46 5 20
-67 1 15
18 -23 2
80 8 -41
24 -28 -32
-32 -28 -68
-7 2 -67
-35 35 -32
21 8 -60
77 -33 -44
77 -82 -40
-15 46 47
18 62 -29
1 8 -62
-17 -41 81
-41 31 78
59 11 10
40 74 -36
-20 43 102
-60 6 76
32 -23 42
37 4 54
-67 -24 -60
16 6 -38
-32 -23 83
67 -13 5
-25 37 -5
24 69 -31
18 5 77
80 -31 -57
-61 -69 -41
34 74 18
25 -17 -79
7 5 44
-12 -23 -28
4 5 3
-54 -23 18
-19 5 -20
-58 -23 39
-59 21 19
-39 -23 7
-62 17 -38
26 66 5
-35 -17 98
8 -17 -72
-67 -5 53
-63 12 29
-67 -10 -41
-49 23 50
22 -23 -17
30 72 -22
-57 -23 -19
10 61 47
65 8 -50
-19 -28 -59
-8 -17 -73
0 54 -29
-55 -53 -42
56 2 14
-28 38 87
-15 5 95
77 -46 -48
-67 -12 -18
10 -13 96
32 -17 -73
-41 31 -10
18 -14 89
83 -39 -39
89 -22 -84
89 11 -46
44 5 1
-63 13 -22
-18 9 -52
30 4 73
-59 -23 -1
-11 45 -3
-30 34 22
64 -17 -72
23 68 24
45 4 28
-66 -8 -73
-18 41 36
49 -23 19
13 59 71
80 3 -68
-21 -20 -88
-67 -25 -31
-51 22 88
-18 41 69
-26 -23 -26
15 -29 -33
-23 -31 81
-42 -16 -70
-67 -18 54
27 -28 -80
-20 -11 -71
16 64 15
51 -23 -28
-46 5 57
-67 -6 21
10 -23 -24
-67 -16 11
18 -23 53
24 5 -13
-35 8 -43
-38 5 71
-18 5 26
28 -23 74
-16 5 61
-5 8 -41
89 3 -61
12 5 70
-56 19 -13
-67 8 -35
-2 53 71
78 -85 -48
77 -58 -48
20 63 -2
-2 50 8
-32 36 31
51 8 -62
-51 25 12
77 -27 -28
-57 13 70
-4 53 37
-46 8 -52
-50 -28 -60
28 8 -42
31 5 -30
2 -23 51
-42 -23 25
15 5 10
-33 -23 -5
55 -28 -72
-11 -28 -65
-38 5 -25
-29 5 26
89 -20 -32
43 -23 12
-57 -17 -73
-57 5 -23
-3 50 97
47 82 -28
-9 10 -51
-57 5 27
10 57 24
-31 8 -62
-3 -23 -6
51 5 -30
-15 -23 44
35 -3 59
-58 -27 -88
31 13 63
-36 30 8
47 -4 25
-4 -24 75
-41 31 87
34 13 45
-15 4 -65
-12 48 -21
-22 -23 67
-45 29 -21
6 56 -38
6 58 60
66 3 5
1 -22 -88
-41 6 89
-14 -20 -84
83 -63 -40
-24 -57 74
-67 14 -6
44 77 -15
22 11 -51
39 11 31
-25 5 78
32 5 14
-29 -23 40
-47 -28 -42
-44 -23 38
32 -23 14
-18 -23 52
4 -23 26
-67 -10 -4
2 -28 -72
-67 -3 -23
-41 5 2
34 5 -12
44 5 13
-57 -23 55
-28 -23 51
26 -28 -42
-55 5 41
5 8 -46
49 56 -24
-67 6 42
-19 40 -31
-31 -23 66
-25 40 20
-40 32 63
4 54 13
77 13 -23
-45 -20 -84
-12 48 76
84 -28 -31
20 -28 -87
-20 22 -45
63 34 -19
-7 12 96
83 -77 -39
-62 -10 68
78 -23 -17
-64 18 11
-43 -1 93
41 -20 -88
12 -81 -53
3 53 50
42 26 -42
49 83 -6
-2 -23 94
89 -4 -46
-32 -28 -78
-50 5 3
-13 5 82
-1 -28 -38
-20 -23 -10
16 8 85
3 5 -17
68 -28 -28
2 -28 -52
-8 46 17
40 69 -28
-53 24 30
19 -79 -43
1 5 65
-18 -21 102
-18 44 28
40 78 1
-2 -5 -68
-17 8 -41
39 10 -51
34 74 -8
-32 13 94
31 70 -38
8 26 -42
44 -14 31
-49 27 62
3 -78 -39
-15 43 62
81 -5 -7
-63 8 21
-55 -38 -46
-2 6 94
-60 13 61
-49 -15 -70
-51 -20 86
16 5 60
-27 36 38
-61 -50 -40
13 62 -37
72 5 -12
-67 5 -51
50 4 -68
-54 -3 83
88 -1 -23
-66 -23 5
19 62 59
77 -68 -48
-36 -28 74
-22 15 -49
-20 43 -7
-60 17 -7
-15 -29 81
68 -23 -16
-21 -23 30
34 -23 31
-5 -28 -79
36 -23 3
18 -23 30
63 -23 -6
10 -28 -76
-3 5 81
66 -28 -80
-24 -44 74
0 -23 10
38 -12 47
64 88 -31
-67 -20 -14
-31 -23 -20
-31 4 -68
14 -80 -32
-48 5 81
28 7 67
-3 53 87
20 5 25
-40 32 35
-29 -35 74
61 -9 -70
16 -21 91
20 -28 -61
-22 -28 -79
0 5 42
32 -23 23
51 -28 -44
-61 -42 -44
-67 -18 -28
-67 3 6
50 -23 4
-16 -23 62
-61 -78 -47
14 -20 -85
-67 -14 -59
-67 2 -61
-22 5 101
5 -23 63
8 56 87
1 19 -46
-29 5 -36
47 5 -12
-25 -38 81
-63 8 -29
24 28 -42
-61 19 1
-31 33 -20
73 5 -32
75 -22 -88
16 -74 -37
-57 19 -32
7 55 -5
-59 17 40
-64 13 -55
37 5 -1
-56 -30 -28
-26 40 3
-23 42 83
22 -3 -67
10 -28 -40
89 -19 -41
42 -28 -74
-22 5 7
17 -23 46
38 -23 -6
73 -28 -67
-25 -28 -65
49 -28 -86
-15 5 53
-22 -23 38
-50 -23 26
-23 5 64
-38 -28 -62
-7 -23 -22
-47 5 -11
-27 39 50
-20 -6 101
44 -23 -20
89 -5 -61
47 -8 -70
-61 8 -44
-34 -6 -69
4 -53 -34
39 76 13
-55 -74 -41
86 -19 -17
84 -30 -43
-55 -35 -52
17 5 34
-28 -21 -88
17 -23 10
61 -28 -37
-43 -23 71
13 -28 -49
64 5 -26
-18 5 -30
13 59 64
-67 -14 31
-16 5 43
-20 -28 -52
-51 22 -8
14 63 -23
-67 0 36
-20 41 -38
-37 30 -18
36 -19 58
-67 2 52
-60 -68 -48
83 -46 -45
-57 21 83
69 24 -19
-46 8 -39
15 -58 -35
-26 5 90
-18 -64 81
-28 -9 99
2 -3 98
10 61 7
-26 40 69
48 -17 -78
-62 3 70
-48 27 -3
75 -28 -84
22 68 42
-15 -38 75
-51 -21 -88
19 62 34
-30 34 45
-63 -18 66
-58 5 55
-57 4 -62
58 5 -3
-2 8 -55
-56 -2 -67
0 51 -1
-57 22 71
-13 -11 -71
-38 30 51
-24 -17 -74
28 -20 -86
18 62 49
3 5 -31
57 43 -21
7 59 74
53 -4 17
77 -35 -52
-33 36 -6
38 5 28
-14 -28 -42
48 -23 -5
4 -23 88
6 -28 -28
53 8 -45
45 -28 -61
-11 -26 -88
18 5 -5
12 -23 -9
-67 -23 -77
-31 5 -12
16 16 -48
61 8 4
-30 5 3
-17 -91 75
-61 5 -17
25 5 -24
