86 137 11
218 127 214
50 142 179
186 138 92
95 116 103
130 116 206
174 143 160
143 116 44
50 140 64
195 80 182
106 143 157
92 79 182
220 116 134
50 142 122
143 116 126
103 78 68
81 123 214
101 143 61
169 142 207
224 143 171
137 143 89
72 116 150
129 142 15
143 116 167
74 116 44
182 116 123
55 116 92
113 143 120
104 143 193
183 116 183
218 143 109
109 116 29
121 116 72
76 143 86
159 116 95
87 113 181
142 143 146
57 143 30
160 143 115
199 143 137
138 143 188
82 143 132
104 116 137
198 143 192
209 116 163
149 143 60
54 117 198
86 116 73
204 116 101
75 143 162
68 116 120
106 143 91
128 116 100
187 119 212
113 116 165
171 116 151
124 143 44
156 116 192
64 143 205
220 116 189
50 142 151
50 142 95
54 116 170
104 116 201
88 143 37
147 116 70
224 140 145
59 116 65
161 140 82
200 143 162
103 116 53
71 116 19
74 143 59
224 143 196
187 143 116
125 143 68
129 116 145
196 116 143
150 127 214
131 116 22
128 143 166
81 143 185
125 139 206
109 131 10
169 143 183
136 143 115
166 143 138
93 143 109
143 139 33
103 100 74
68 143 108
127 116 183
54 123 136
203 100 189
182 116 95
151 143 169
121 116 122
94 116 12
100 98 188
85 143 206
121 143 140
93 116 160
56 126 44
164 116 173
150 116 147
107 143 30
203 116 122
163 116 117
109 116 88
85 116 132
124 116 50
166 116 210
75 116 99
74 116 196
189 116 161
101 143 138
54 130 80
54 128 109
60 125 214
112 143 176
143 142 207
202 136 100
220 123 151
218 125 118
63 143 137
93 143 169
109 128 214
106 116 183
206 116 206
188 143 177
169 143 99
93 116 37
217 143 127
147 116 107
68 143 16
209 142 206
137 116 85
149 143 130
187 135 202
117 116 13
90 143 76
72 116 167
54 123 153
184 143 146
163 116 135
156 143 193
56 143 47
209 143 178
191 98 178
220 127 175
149 143 101
125 143 103
88 143 151
72 143 42
204 115 179
96 130 202
65 143 73
72 116 83
112 116 104
59 143 166
88 96 178
95 116 120
155 125 81
173 116 196
145 125 58
64 129 27
54 134 196
203 143 115
87 116 54
109 143 75
64 116 183
170 129 92
99 143 5
196 116 194
122 143 188
93 116 86
66 143 179
72 129 203
181 116 139
199 128 214
210 143 148
159 131 202
148 143 76
91 143 93
89 116 198
134 128 214
175 128 213
179 143 130
121 143 83
128 116 163
70 143 123
142 116 182
95 143 22
119 116 196
95 107 63
136 143 52
106 143 47
122 116 35
88 143 52
113 116 150
107 143 106
54 128 182
160 143 152
191 116 112
110 106 63
73 143 147
134 116 60
73 116 60
174 116 107
62 116 36
220 117 204
54 116 123
138 125 32
111 143 206
127 143 29
97 92 64
68 116 136
89 116 146
193 125 96
180 143 193
54 128 59
83 116 112
142 116 198
158 116 159
175 116 165
81 124 13
65 143 95
221 137 159
210 116 145
135 143 132
95 120 212
63 116 107
134 116 115
94 143 123
95 143 183
56 116 78
209 129 203
50 142 108
124 116 85
100 105 177
220 129 137
127 129 19
85 116 23
87 103 190
114 143 14
68 116 209
50 142 206
165 143 170
143 132 46
220 135 186
190 104 191
81 143 116
118 143 57
80 143 100
101 114 76
51 143 78
203 93 178
121 122 213
116 130 202
187 143 163
194 91 189
129 143 151
107 116 123
79 143 28
126 143 123
73 143 196
138 116 154
63 116 50
50 139 137
173 143 113
140 143 159
212 131 108
138 143 67
145 129 203
157 143 181
54 129 168
189 143 104
196 142 206
121 116 135
134 116 73
99 89 179
220 116 168
102 116 170
54 129 124
89 89 189
156 143 206
62 116 160
142 116 210
98 142 206
79 143 70
168 116 184
97 116 24
211 143 194
191 116 174
111 116 44
200 116 154
145 116 95
211 116 113
137 143 174
142 116 138
54 128 92
59 116 145
163 128 214
220 130 199
117 116 60
206 116 134
196 143 150
212 143 166
54 116 210
94 127 9
130 143 197
137 140 23
159 143 93
62 143 58
105 116 10
97 109 190
105 89 73
155 143 140
102 116 152
183 116 151
171 116 93
133 131 202
149 129 72
184 116 197
85 131 202
161 143 127
195 116 131
118 143 152
137 143 103
62 143 148
168 143 194
74 116 72
149 143 88
148 143 113
194 143 126
159 116 106
75 116 30
73 131 18
111 116 210
220 127 163
54 132 145
151 116 175
60 143 193
174 139 89
150 116 84
212 143 137
172 116 128
132 143 78
110 108 76
220 132 126
85 116 170
147 142 44
198 131 202
133 116 39
104 143 127
198 143 174
132 116 194
104 116 113
82 116 90
181 143 206
197 143 94
174 131 202
108 96 65
118 143 35
87 143 196
66 116 93
88 143 65
122 116 109
152 116 131
221 140 206
99 143 82
179 143 171
58 134 37
199 105 178
54 134 157
177 116 211
116 116 175
54 132 69
126 143 176
99 143 39
80 116 157
79 116 142
113 143 134
105 143 168
118 143 163
62 143 116
54 121 101
134 143 42
122 143 113
90 143 140
105 143 20
158 116 204
78 116 185
224 142 135
71 127 214
67 143 27
202 85 188
207 116 196
152 116 116
195 116 205
213 116 126
82 116 122
80 143 18
160 116 148
117 116 185
152 143 159
86 143 161
147 143 181
159 143 104
58 128 204
224 143 181
117 143 92
83 143 174
189 143 135
73 116 111
204 143 128
75 138 206
143 116 55
117 116 95
210 143 101
180 130 95
214 116 154
222 142 118
121 116 23
54 116 186
50 142 191
119 125 14
214 116 179
82 116 207
50 142 161
190 128 209
214 118 212
54 122 70
144 143 197
106 135 202
89 128 212
134 116 132
96 116 131
124 116 153
99 143 99
114 143 193
180 143 183
128 143 58
200 116 170
72 143 171
73 143 136
148 116 158
54 119 113
137 116 104
108 141 6
207 125 102
98 87 189
171 143 151
58 143 128
162 124 88
54 135 103
142 143 123
79 143 49
58 143 88
176 116 176
111 143 64
68 143 51
146 135 64
54 117 54
64 116 198
99 128 214
194 116 97
110 115 67
62 143 39
153 135 79
125 116 173
159 116 182
109 143 147
190 143 186
133 143 142
192 116 122
175 143 140
65 116 74
220 125 189
104 116 161
109 116 192
113 116 115
59 116 131
91 116 64
209 127 214
192 89 179
190 109 181
217 135 116
55 132 51
171 116 139
103 143 178
200 143 183
102 116 38
151 143 150
97 143 51
116 143 23
183 116 106
212 143 116
86 116 101
220 119 143
81 143 143
105 116 20
166 116 163
174 143 122
220 131 146
103 143 114
135 116 171
97 93 75
180 143 105
81 116 65
136 116 30
120 135 14
134 139 207
52 138 171
155 119 212
101 143 70
200 116 112
83 116 37
172 116 119
126 143 92
95 113 176
96 106 77
152 140 68
199 108 189
58 143 184
220 135 170
114 116 80
68 143 157
71 116 177
70 143 81
54 135 117
75 116 128
196 143 109
98 116 93
167 116 101
145 138 53
218 143 189
120 116 207
90 88 178
58 143 67
64 120 26
135 132 28
220 123 129
96 143 31
95 143 192
190 143 196
111 116 131
162 134 87
145 116 190
143 116 115
116 143 47
80 116 80
78 116 52
98 143 14
94 143 132
89 116 45
112 116 140
130 116 124
152 143 122
104 121 212
165 116 192
159 116 85
200 120 212
63 116 173
58 125 36
119 143 201
76 139 11
214 136 202
142 127 40
98 85 70
57 143 101
91 138 203
53 142 39
81 116 15
50 139 53
101 100 64
102 113 62
57 138 203
220 119 160
87 105 179
214 123 110
110 143 38
182 143 154
198 116 162
166 116 201
210 116 188
114 116 52
160 143 161
64 116 85
70 116 158
124 128 207
135 116 93
54 125 193
54 131 134
184 116 131
144 143 138
87 143 26
80 143 39
192 116 152
156 116 167
88 143 84
181 128 206
97 136 9
95 112 70
176 122 94
219 143 151
141 116 65
203 143 154
82 116 193
107 116 97
156 116 139
126 143 134
126 116 65
116 143 108
78 143 126
141 143 59
93 143 44
54 123 84
76 143 178
210 116 173
83 143 91
59 143 175
50 140 86
219 117 120
56 117 42
57 143 155
100 97 178
99 143 162
128 116 78
111 143 98
74 143 95
98 116 196
95 116 140
113 116 201
135 120 212
171 143 131
120 143 75
94 116 168
140 143 75
189 116 138
119 116 43
135 116 52
76 143 109
141 116 146
135 143 34
94 116 112
136 116 162
62 116 115
210 143 186
107 143 55
217 143 177
114 116 36
120 116 143
143 116 80
190 143 155
56 143 143
183 116 167
70 116 189
101 143 151
60 116 99
161 143 188
94 143 157
176 116 157
89 143 16
195 143 117
151 138 203
143 143 168
113 116 21
54 117 178
202 85 179
224 139 126
124 121 17
113 143 83
186 143 126
142 127 214
180 143 97
73 143 188
54 123 144
183 116 114
193 134 96
122 142 10
151 121 76
150 116 204
220 121 181
62 136 29
184 116 205
153 128 207
108 88 66
89 111 192
54 136 184
190 113 190
163 143 201
140 136 202
87 120 11
132 125 24
185 124 96
200 143 200
79 128 207
156 143 77
147 123 67
56 116 154
140 119 36
64 138 21
188 143 204
213 116 201
167 143 91
80 132 13
54 143 198
109 96 75
156 116 124
191 143 170
205 143 169
98 143 90
105 116 145
96 116 49
120 116 101
176 116 202
129 143 109
149 143 190
117 143 127
54 134 86
134 143 96
134 143 181
126 143 158
127 116 57
66 116 57
62 143 81
71 143 34
166 116 111
119 143 179
152 116 98
87 129 11
140 132 35
107 128 206
99 105 184
102 125 9
54 122 205
92 139 6
184 127 214
94 101 178
200 123 99
168 128 206
218 143 143
93 98 188
121 143 19
96 116 58
173 143 176
66 116 42
68 126 21
126 116 200
128 116 30
91 116 20
78 143 153
210 117 105
217 143 199
109 143 183
118 143 171
143 143 93
143 143 83
142 143 108
151 116 185
65 116 127
67 143 131
54 124 174
137 116 190
79 116 106
220 129 155
166 143 120
204 143 143
204 143 106
119 116 159
117 143 68
176 116 145
176 116 134
103 116 103
173 143 200
174 143 189
68 143 142
129 143 49
56 136 43
68 116 101
158 143 173
118 143 100
203 92 188
134 116 181
167 143 106
191 143 142
79 116 165
72 116 37
190 116 104
203 116 140
57 116 138
71 143 115
178 143 148
87 116 153
81 143 62
81 116 148
164 143 178
89 116 124
144 143 153
130 116 88
59 143 108
210 143 157
70 143 89
87 116 82
176 116 185
111 116 157
116 143 145
164 143 145
63 116 152
111 124 10
55 143 114
171 123 214
94 116 76
128 137 20
96 116 206
126 117 211
220 116 197
116 139 8
214 116 138
55 125 52
199 143 100
65 130 202
74 124 17
66 122 212
52 143 72
75 116 210
116 128 210
147 121 212
108 101 69
54 116 106
144 120 50
224 143 161
86 116 139
91 143 176
129 143 186
124 143 196
135 143 165
135 143 122
220 128 182
130 116 154
181 143 112
86 116 30
81 116 45
72 143 69
66 143 189
107 143 140
116 143 186
80 143 194
184 116 175
164 116 142
117 116 86
86 143 45
71 116 51
105 143 200
73 116 202
88 143 115
143 116 175
54 127 116
101 143 107
54 135 93
180 143 165
202 116 147
220 136 193
160 143 134
183 143 139
195 85 188
224 140 190
202 98 183
220 116 126
214 128 207
221 137 137
98 98 70
78 116 22
129 116 109
149 116 138
54 123 129
133 143 158
54 128 103
102 116 31
110 116 60
129 116 138
58 143 95
121 116 78
87 143 100
89 116 206
124 116 95
152 116 91
88 120 212
62 116 209
68 143 101
204 110 184
220 116 151
157 143 86
142 143 39
122 134 202
203 139 206
195 110 177
73 138 17
113 122 212
220 116 176
102 111 182
145 143 69
199 130 98
54 137 77
150 136 74
81 116 178
83 143 9
141 143 28
102 116 88
119 116 168
99 143 171
136 116 202
62 143 51
75 143 76
155 143 112
75 116 89
183 116 158
192 116 167
169 116 158
189 116 146
66 143 197
96 116 148
68 116 31
220 122 194
129 143 86
126 116 115
126 116 41
140 143 46
52 143 131
101 116 123
211 143 130
54 135 128
210 116 120
220 123 169
122 116 190
110 116 170
112 143 160
99 116 15
91 143 58
121 143 62
88 143 182
103 143 186
86 143 127
144 127 50
56 116 163
99 136 202
54 121 60
176 138 204
179 122 213
213 138 105
136 128 207
215 116 163
113 116 73
191 105 177
50 139 144
205 143 97
97 143 200
54 125 211
54 122 167
55 116 72
74 122 212
218 143 159
54 129 161
136 116 142
180 116 192
152 143 176
75 116 173
153 116 154
122 143 147
202 116 201
93 116 29
138 116 121
138 116 111
209 143 111
134 143 62
130 116 47
89 116 116
54 123 186
78 116 115
209 143 123
75 143 22
101 143 27
57 143 76
196 95 179
70 138 203
204 114 190
102 116 188
224 140 153
163 121 212
107 143 12
169 122 92
197 100 189
192 124 214
103 108 75
105 82 73
103 116 208
89 95 184
96 121 9
145 132 58
68 128 208
164 138 206
172 116 207
78 132 202
118 139 206
157 125 214
186 131 96
54 136 57
209 120 212
150 143 206
204 109 177
191 97 190
222 138 166
193 118 212
59 116 58
55 139 35
206 135 202
54 117 148
148 143 51
165 116 90
143 116 89
144 116 132
68 133 21
105 143 66
