154 151 71
69 156 238
167 94 183
69 157 132
69 156 27
157 157 238
90 99 80
87 100 184
159 157 145
166 95 27
167 94 112
131 136 191
117 99 136
166 103 238
81 152 79
117 125 42
80 154 184
120 136 103
136 99 77
167 143 27
112 156 227
102 136 152
167 157 193
84 120 118
166 115 147
166 137 110
127 99 176
166 116 59
131 157 27
85 106 44
95 129 208
166 123 208
85 104 149
135 136 158
110 136 72
99 152 40
137 99 44
115 99 101
166 131 175
167 94 80
152 123 86
139 136 127
121 111 203
144 136 44
138 145 218
147 99 132
83 135 56
102 136 181
111 99 56
84 125 88
82 147 107
79 156 212
166 131 234
167 96 211
70 156 159
149 99 161
146 107 194
151 115 111
68 156 55
106 136 125
84 122 167
105 99 164
167 157 95
155 154 169
134 136 67
167 154 49
91 99 107
82 136 137
166 136 135
166 119 32
156 155 121
166 145 216
139 99 100
118 134 215
153 138 194
144 136 103
91 156 237
131 157 238
84 123 189
114 99 79
167 95 52
109 99 190
127 99 154
120 136 142
166 110 169
85 114 64
166 109 127
166 108 96
151 156 32
87 100 128
141 126 206
166 138 155
129 99 120
95 124 42
166 139 84
99 136 96
167 94 152
117 136 166
150 100 62
151 120 135
69 156 95
153 131 63
151 114 46
132 136 87
151 122 159
82 140 158
147 136 174
125 143 40
96 148 218
106 99 120
166 112 191
96 112 199
166 133 46
106 136 52
82 145 40
82 139 199
151 118 180
111 136 198
152 157 221
112 157 28
95 99 63
129 99 61
150 103 87
166 123 76
150 136 143
104 109 43
86 99 165
82 137 179
69 157 115
87 156 27
149 100 179
91 136 116
133 116 43
84 117 137
166 111 220
100 99 142
68 156 198
166 126 95
151 115 71
81 153 144
166 141 61
83 132 73
85 109 93
150 109 147
128 99 194
149 99 115
102 99 92
154 149 102
167 95 136
166 121 114
152 132 119
81 148 125
124 136 121
167 148 179
120 104 44
155 154 205
139 151 40
109 121 208
147 136 77
121 136 57
82 141 91
150 140 209
166 129 193
167 157 34
81 154 64
167 153 159
167 154 132
113 136 87
166 146 231
83 129 103
166 105 39
96 136 65
167 157 65
166 143 201
119 136 181
154 146 52
93 136 167
155 152 86
84 119 152
97 136 80
167 152 110
135 136 143
81 150 169
166 106 70
126 99 88
140 99 146
154 144 131
69 157 223
107 136 110
152 121 195
126 152 224
131 136 209
84 121 52
102 99 177
154 146 153
153 138 91
97 136 195
155 153 187
166 123 161
167 94 95
132 130 41
85 112 177
74 157 41
166 123 129
167 97 225
166 117 235
133 136 173
97 138 41
136 99 166
84 116 78
167 94 169
151 114 96
85 111 107
167 153 78
166 132 219
166 109 206
126 122 209
106 136 139
69 157 69
166 111 83
112 99 152
111 145 40
151 136 161
139 156 225
103 137 215
83 131 41
137 114 202
87 157 225
124 136 77
151 110 168
81 153 197
151 111 124
98 99 49
121 156 38
166 119 46
166 107 113
96 100 194
167 156 223
152 125 102
167 99 198
166 128 145
142 136 57
150 101 48
68 156 146
167 157 210
95 99 155
166 129 58
114 99 175
131 99 132
114 136 153
150 101 74
85 110 192
166 145 100
166 145 40
118 157 238
104 99 107
112 144 221
151 114 58
104 157 237
167 146 123
167 147 143
128 99 107
83 132 125
134 136 110
87 140 211
118 99 66
102 99 76
166 143 167
95 136 130
154 145 114
88 122 201
139 99 186
152 126 44
81 153 95
144 156 238
89 136 149
153 147 40
106 106 200
152 132 131
167 105 159
142 136 188
152 131 183
69 156 171
167 130 27
68 156 186
166 137 72
85 107 119
166 133 123
152 124 147
107 131 42
85 110 161
82 146 54
84 125 63
157 156 58
117 99 113
150 102 102
99 99 130
86 104 57
81 152 155
99 156 226
166 117 179
121 99 166
127 136 132
167 95 64
90 99 95
86 101 70
152 126 171
167 94 41
131 136 99
167 103 145
70 156 80
166 109 28
82 144 188
154 142 183
88 154 39
167 95 123
75 156 106
152 126 73
156 154 135
126 142 219
80 155 117
142 136 201
166 105 181
150 109 136
105 136 162
153 135 52
82 144 71
157 156 46
152 123 124
166 123 225
81 157 234
167 146 190
92 136 51
141 156 27
165 157 171
140 124 42
117 102 199
166 106 51
137 99 113
97 157 29
125 99 74
69 156 209
124 136 199
134 136 50
117 136 129
140 99 124
119 136 47
106 119 43
127 99 50
143 136 87
86 107 137
83 132 167
82 140 118
154 143 79
83 126 177
154 143 171
91 136 89
89 136 187
125 136 157
110 136 188
140 99 89
96 136 140
110 99 46
166 157 122
167 148 88
154 146 143
166 133 208
96 99 120
84 119 97
93 113 43
157 156 157
119 99 189
166 122 86
122 136 92
166 117 101
111 136 62
136 136 78
151 114 81
153 132 203
153 141 63
85 114 127
164 157 183
103 136 205
83 129 115
167 136 35
119 115 43
79 156 53
140 99 59
96 99 168
166 139 183
166 94 234
167 101 88
150 108 184
161 157 103
142 108 44
107 99 67
111 136 175
82 142 146
142 136 116
137 102 196
149 99 144
152 149 213
147 136 152
98 136 107
110 136 96
124 99 145
110 155 38
166 111 138
143 136 136
80 154 134
153 139 102
167 154 237
140 99 175
86 103 174
86 131 204
84 127 159
166 137 94
154 144 202
167 105 60
88 136 99
163 157 86
81 146 206
167 109 230
152 123 56
130 107 201
86 107 84
83 130 195
85 116 43
76 157 125
108 130 212
100 120 205
119 99 127
114 136 118
111 99 89
124 136 66
152 124 113
134 139 41
160 157 216
167 138 227
158 156 196
87 149 215
141 136 210
166 138 144
166 144 49
129 99 98
146 136 67
141 99 155
91 99 143
166 124 66
166 133 164
103 99 151
92 136 176
141 99 69
151 109 159
166 125 106
84 125 132
166 145 132
167 155 150
83 129 145
102 136 172
117 125 211
87 136 65
77 156 30
167 147 67
167 101 102
154 147 162
151 156 231
83 135 81
155 154 110
166 114 157
131 106 44
153 136 41
127 136 147
166 122 187
79 156 163
95 136 158
118 136 193
166 118 198
111 99 143
117 136 205
153 132 83
133 136 120
141 136 167
110 99 130
100 136 116
159 157 77
113 113 204
151 122 65
130 156 36
154 141 122
85 116 87
90 99 45
150 107 67
150 101 124
161 156 27
122 136 173
88 136 108
132 99 142
98 99 100
166 123 172
128 136 165
139 136 95
166 126 39
82 138 48
146 99 190
157 156 177
126 123 42
88 139 41
78 156 174
167 103 218
78 156 72
146 154 39
82 146 138
125 157 232
154 146 93
149 124 202
156 154 95
93 136 203
167 104 191
148 99 94
82 145 63
87 99 117
98 99 186
85 112 55
86 103 101
81 154 45
92 99 177
104 150 222
166 121 216
81 146 180
105 136 83
132 136 58
167 103 80
121 99 58
166 116 69
114 99 160
167 147 152
166 125 137
75 156 191
152 129 154
166 144 77
81 150 87
166 116 121
150 102 152
166 115 91
166 128 154
137 136 181
167 150 56
126 130 213
166 144 115
82 140 130
122 157 29
82 144 99
118 150 224
158 157 37
152 129 193
167 102 171
145 150 218
166 114 39
167 151 202
151 110 105
77 157 225
153 131 95
113 109 44
84 122 72
146 144 40
167 94 161
75 157 140
75 156 152
166 130 183
131 99 184
92 99 135
126 136 109
100 99 57
112 136 145
102 136 59
148 99 171
102 136 71
76 157 86
147 115 198
166 139 235
151 116 153
160 157 69
83 133 92
167 94 191
154 149 62
134 136 201
166 133 199
167 95 144
109 99 182
86 99 157
85 112 169
119 148 40
166 156 140
141 99 51
160 157 128
162 156 231
166 141 209
151 116 142
152 135 111
131 148 40
89 136 196
94 141 214
82 142 166
85 114 146
90 99 54
154 148 176
164 157 42
166 148 32
167 148 224
136 130 211
97 104 44
134 151 222
91 132 41
133 138 216
85 108 73
133 99 84
151 118 167
127 136 47
166 130 116
167 102 132
93 99 73
107 99 83
166 109 198
167 102 120
105 114 203
166 125 51
128 99 162
166 133 65
110 136 132
107 99 172
166 133 101
104 156 33
153 139 150
84 120 181
69 157 47
137 157 233
84 122 107
83 130 186
152 123 186
86 107 184
144 117 43
80 155 37
167 99 34
122 132 41
147 136 129
150 107 176
166 157 57
145 143 214
151 118 118
154 148 124
163 157 202
82 140 110
136 157 33
85 105 111
89 115 198
83 128 48
147 136 94
153 135 70
93 155 221
151 115 190
111 137 216
153 141 47
152 129 138
166 112 108
150 107 113
167 152 101
119 99 181
96 99 85
166 115 131
120 99 95
114 136 52
115 136 109
104 136 91
147 136 182
96 136 122
166 133 79
102 136 133
115 136 67
166 134 54
106 99 137
118 136 81
124 136 187
166 132 88
166 115 211
105 136 102
100 136 48
77 156 205
86 102 89
90 146 40
69 156 35
103 100 196
82 143 79
87 99 62
90 105 193
103 143 40
132 157 229
75 156 59
84 119 59
129 114 204
166 137 190
137 136 151
119 99 154
136 136 133
137 99 135
142 99 83
103 136 190
82 136 152
166 111 46
152 121 93
84 124 79
102 127 210
117 99 48
68 156 103
74 157 180
81 151 190
135 123 207
102 126 42
124 104 200
167 150 168
119 142 219
150 108 74
84 121 127
126 114 43
110 136 209
157 157 225
167 124 232
121 117 207
150 107 95
85 107 65
152 129 162
100 106 198
167 146 107
154 151 79
150 106 129
105 143 219
134 99 153
96 136 186
131 136 180
166 118 139
166 110 76
122 99 118
85 111 154
113 99 121
100 99 69
134 99 52
88 136 159
166 115 164
151 115 88
167 102 152
84 126 152
82 145 195
150 107 56
160 157 115
167 95 176
83 137 191
121 99 107
90 136 80
85 111 100
107 136 117
124 99 132
95 157 231
154 143 86
167 101 95
140 136 174
133 99 91
129 99 67
166 139 219
86 107 130
153 132 174
167 152 117
166 146 161
112 157 235
73 156 232
151 117 105
145 156 222
142 120 203
81 154 110
166 102 28
154 153 51
100 132 41
148 133 207
84 123 143
94 135 211
84 116 187
110 137 41
146 130 42
138 109 198
86 103 50
69 156 124
70 156 216
167 117 228
112 99 107
120 136 135
120 136 150
161 157 189
141 136 50
129 136 73
166 126 122
103 99 114
97 99 147
166 134 150
84 121 160
120 136 115
166 126 202
103 136 198
166 110 56
98 99 161
151 115 130
105 99 98
83 157 219
81 148 150
103 101 44
93 118 202
89 99 150
167 154 216
84 118 174
167 100 73
147 136 194
167 94 88
84 118 194
85 115 113
119 139 41
81 148 161
75 156 198
87 125 42
150 107 81
150 108 49
155 153 142
155 154 151
106 150 40
139 134 41
76 157 93
167 148 210
166 125 179
163 157 162
135 99 180
152 131 106
166 111 64
96 156 36
166 111 183
142 99 108
142 136 157
137 136 62
134 99 190
135 99 64
166 108 103
88 136 172
119 99 84
167 153 27
139 144 40
151 115 173
150 102 138
153 136 125
83 138 102
150 121 42
166 140 128
86 102 77
122 136 211
166 141 150
97 118 43
167 147 238
152 122 78
82 145 47
150 105 120
82 141 174
87 156 231
155 151 197
166 104 211
153 136 77
154 140 176
166 109 176
73 156 166
167 156 106
152 132 149
86 100 139
97 146 40
152 137 135
75 157 48
75 156 66
166 115 27
153 137 169
85 105 168
152 125 131
161 157 50
154 151 116
167 101 110
160 157 209
151 116 52
84 116 70
165 157 73
152 137 58
112 99 73
118 99 143
90 136 138
136 136 105
93 99 114
83 129 97
93 99 125
112 136 78
104 99 51
111 136 168
166 126 213
134 99 172
153 153 39
166 121 150
166 139 121
126 99 139
166 129 73
125 99 187
107 99 158
167 101 204
153 139 116
166 141 177
144 136 145
166 119 54
127 99 125
126 136 83
113 136 103
127 99 81
135 99 107
92 99 188
96 136 57
104 136 146
121 156 227
167 150 44
166 116 172
136 110 43
147 99 54
83 132 174
91 126 205
151 115 161
84 125 121
112 122 42
69 156 152
166 136 27
167 104 226
143 99 161
166 99 231
77 156 80
167 151 127
81 150 115
82 139 67
167 104 138
167 156 176
150 104 167
83 131 131
154 144 106
155 155 162
82 143 152
154 144 193
83 132 109
163 157 155
125 101 44
73 156 73
129 147 221
166 109 237
89 99 171
80 154 101
83 134 120
167 154 188
76 156 238
154 141 161
83 140 207
166 108 149
166 124 28
166 129 226
69 157 86
125 156 238
151 111 64
153 142 137
143 156 34
154 142 69
166 107 87
153 133 47
84 126 54
154 147 47
111 101 198
113 136 139
96 99 93
166 108 132
115 136 95
167 96 129
166 134 213
110 136 181
97 136 88
124 99 65
128 99 114
104 136 77
96 136 74
132 136 152
150 103 108
118 99 89
127 99 168
82 138 184
166 134 169
166 123 59
125 136 205
166 121 94
166 139 161
125 136 98
128 136 142
99 136 166
131 99 73
167 151 95
167 103 125
167 99 44
167 95 103
146 99 88
69 156 63
166 132 129
120 99 174
100 136 127
109 136 152
166 128 44
112 99 95
167 150 196
166 117 77
136 136 190
144 99 101
113 136 159
167 96 219
142 99 74
112 99 62
