195 132 141
42 208 91
46 57 167
129 58 91
146 203 86
92 146 156
167 57 191
47 103 90
215 57 100
219 207 122
124 133 90
98 207 134
134 113 194
92 89 132
215 74 158
176 104 90
191 163 90
61 112 194
46 153 120
144 167 132
168 59 132
89 174 90
74 57 91
145 108 132
171 207 136
46 101 142
47 154 168
52 207 136
171 102 169
215 101 115
91 103 90
97 102 172
157 142 166
46 58 123
188 207 86
215 165 125
127 67 132
174 58 90
215 156 166
152 164 90
215 133 93
76 175 132
215 112 167
109 207 96
66 141 91
110 123 132
69 74 190
140 96 91
181 93 132
134 207 127
71 130 132
74 203 109
180 163 132
49 173 90
124 132 163
96 56 119
110 166 132
215 188 93
68 79 154
202 57 130
137 102 163
168 135 91
202 84 90
123 177 91
49 122 167
46 72 91
171 69 161
164 132 137
46 120 117
103 75 90
197 190 132
74 111 157
95 144 91
46 86 117
46 188 116
189 142 167
164 207 108
209 98 142
165 114 193
119 97 132
167 85 191
73 62 132
67 153 148
127 158 152
168 187 90
46 135 142
151 57 106
47 89 167
154 82 132
215 139 120
190 207 113
70 83 90
137 132 140
89 113 194
116 109 90
215 161 99
72 135 167
213 108 90
69 104 132
215 77 124
156 76 91
68 115 91
201 159 146
171 111 146
66 206 86
97 109 146
183 56 114
161 186 132
121 188 132
75 202 133
51 76 138
167 158 151
148 121 90
112 105 191
192 139 91
46 128 93
215 132 154
49 173 133
178 80 91
215 117 130
116 155 90
74 102 178
121 56 113
46 152 96
86 196 91
130 207 105
209 207 102
122 111 149
166 88 153
95 186 132
63 58 153
185 72 132
92 132 140
146 57 132
192 113 132
193 117 90
63 56 110
193 187 90
215 186 119
146 150 148
92 159 139
148 114 177
172 132 157
104 71 132
122 85 91
67 183 91
142 143 90
113 203 117
119 111 172
52 207 113
105 57 99
69 161 91
167 207 87
195 65 91
71 82 132
97 123 91
102 132 167
142 183 91
46 154 147
104 187 91
154 111 157
110 146 148
171 154 91
213 57 167
212 57 147
93 203 112
66 68 170
152 203 136
215 78 104
141 187 132
85 115 132
215 147 140
183 148 148
126 203 86
206 207 136
63 57 185
118 207 136
134 86 132
215 118 106
209 95 162
51 73 157
46 104 109
62 160 132
63 98 149
59 132 155
148 102 190
219 207 86
54 114 132
137 144 163
48 57 144
82 132 91
180 127 132
166 83 171
46 59 104
85 72 90
51 106 161
130 118 132
46 171 108
201 56 112
77 132 150
178 187 132
91 114 161
65 94 191
166 101 132
161 96 90
86 56 105
153 132 151
205 134 167
132 160 90
46 191 91
63 187 132
147 207 116
205 174 90
60 114 177
137 73 90
57 57 91
166 57 115
132 113 91
164 167 132
121 132 144
201 83 132
138 102 147
107 170 90
127 163 132
170 70 181
107 102 158
199 173 132
88 73 132
114 56 128
103 103 132
173 203 120
166 116 90
46 137 116
63 83 177
150 124 132
46 101 125
145 58 90
46 86 99
205 146 156
129 102 182
138 56 118
65 99 90
187 203 134
215 57 120
107 95 91
213 70 90
199 101 90
170 78 132
207 151 90
85 158 91
162 102 182
215 176 105
215 147 105
58 142 167
210 81 145
176 203 100
168 67 146
46 189 131
101 158 151
88 132 161
89 57 132
194 132 157
83 103 147
86 114 179
210 132 138
97 205 86
212 180 134
56 89 132
164 117 132
162 114 169
46 71 114
115 66 91
203 200 90
215 67 135
183 57 129
178 176 91
197 98 132
156 150 90
42 206 124
51 86 149
57 64 132
65 114 145
93 88 90
119 79 132
206 207 117
140 73 132
172 145 163
81 158 151
79 56 119
152 102 168
215 93 102
96 102 187
147 203 101
56 129 132
60 203 102
83 115 91
161 145 152
65 102 166
175 113 183
105 114 166
86 207 100
46 114 99
112 145 162
111 132 155
113 123 91
161 57 95
84 102 165
46 197 104
46 148 134
214 159 152
215 197 132
106 114 182
117 193 90
134 56 104
66 70 90
156 179 91
74 114 170
215 195 107
214 90 131
191 203 99
80 161 132
131 114 163
142 132 166
144 114 144
83 101 132
127 99 90
65 207 119
91 59 91
159 203 123
157 195 91
46 136 164
127 147 90
113 142 91
76 111 189
150 108 91
73 145 158
115 159 145
56 146 154
179 118 91
138 159 142
56 83 91
53 141 91
215 104 130
155 159 138
164 102 154
177 108 132
135 126 91
172 99 191
142 102 178
59 126 90
122 145 153
127 203 118
204 126 91
172 114 161
157 67 132
215 152 121
107 132 142
179 143 91
189 88 91
101 111 90
114 111 132
213 84 167
110 102 178
97 132 153
191 56 103
111 196 132
169 72 90
132 191 91
62 114 161
80 203 120
90 174 132
79 147 91
46 76 125
195 159 134
215 84 92
215 131 109
97 120 132
130 176 132
46 140 102
152 114 190
197 207 126
109 113 143
180 133 167
122 114 192
66 56 122
46 160 132
58 195 90
200 124 132
81 207 86
153 56 119
104 87 132
73 194 90
154 137 90
108 184 132
208 161 136
210 123 162
103 154 91
144 83 90
125 102 164
101 57 131
107 57 112
46 158 107
215 65 110
57 156 90
78 104 91
84 190 132
154 96 132
131 196 132
173 56 105
81 185 90
134 132 157
132 114 182
46 171 121
122 129 132
181 132 148
186 159 143
215 126 121
215 144 163
155 159 151
87 114 144
68 70 146
184 175 132
66 118 132
172 92 91
167 172 91
137 207 95
55 112 91
65 132 144
103 134 90
111 114 156
209 70 148
133 57 130
57 197 132
120 203 99
202 56 96
82 91 90
204 110 132
210 96 90
47 69 167
197 69 132
83 145 149
139 111 155
51 56 156
114 102 148
87 207 136
63 70 158
176 195 91
98 207 102
151 177 132
140 171 90
215 121 91
164 132 167
66 79 166
134 103 132
83 132 132
215 106 104
166 196 132
46 125 127
46 69 147
187 152 90
62 74 132
215 162 111
46 186 103
103 159 138
71 127 90
183 131 91
195 149 148
95 102 158
63 207 136
121 56 101
147 102 154
93 187 91
109 207 128
97 142 167
55 207 90
171 79 148
147 114 165
215 89 119
48 132 154
70 207 98
82 142 165
183 207 124
46 98 155
129 102 154
126 74 91
46 124 106
53 56 114
74 56 106
205 132 148
63 171 90
46 148 111
94 164 91
164 88 132
83 102 191
105 198 90
166 74 191
46 143 151
63 104 180
209 62 158
66 87 147
211 86 155
201 145 166
124 142 167
78 168 90
181 70 91
46 89 127
115 68 132
215 175 117
174 68 132
164 85 90
172 174 132
46 165 98
143 93 132
215 144 151
50 207 101
89 102 179
93 108 132
179 162 90
79 90 132
73 159 140
58 159 142
53 207 125
193 132 167
187 106 90
190 85 132
125 108 132
126 121 90
215 100 154
202 160 91
156 105 147
155 207 95
137 203 116
173 145 150
219 205 106
172 159 138
214 169 91
137 146 152
101 62 90
47 66 132
48 88 138
194 176 91
100 175 132
68 93 132
213 56 132
146 207 126
132 84 91
46 138 126
67 68 181
190 77 91
106 207 110
214 77 135
207 140 91
153 132 161
149 145 157
171 96 147
172 83 180
188 57 92
214 68 167
140 207 136
136 111 173
164 114 183
174 118 132
46 114 125
205 113 91
113 102 167
179 203 112
72 192 132
162 126 91
58 105 132
124 56 124
133 137 90
117 178 132
46 81 160
59 173 132
171 57 147
115 136 167
177 159 149
124 207 126
102 145 157
100 132 134
93 114 172
194 57 123
54 158 152
117 207 86
101 111 156
165 114 153
58 132 166
90 152 148
49 91 90
101 110 190
54 182 133
94 198 132
119 165 91
170 132 147
193 197 90
113 180 91
178 207 91
99 207 119
121 207 111
139 158 152
75 110 147
129 205 136
151 193 132
137 159 132
138 102 188
172 103 180
161 207 136
47 56 94
46 196 120
215 142 131
215 69 119
166 82 160
69 102 157
201 207 107
141 119 132
161 108 91
46 91 108
155 114 144
111 114 193
68 64 190
63 82 190
215 201 93
42 205 135
191 145 158
46 113 167
215 186 109
56 72 91
57 181 91
203 189 90
166 145 91
197 149 91
166 207 98
154 67 90
215 202 115
48 154 158
55 56 102
207 191 132
208 97 132
64 56 97
42 207 113
213 102 167
212 60 91
67 151 90
215 146 95
76 67 90
125 102 191
46 72 104
112 86 90
132 130 132
152 132 141
122 132 154
184 132 158
93 153 90
190 128 132
93 76 90
130 114 154
215 132 163
95 78 132
215 87 110
132 133 167
121 197 132
141 177 132
46 96 99
73 72 132
205 132 158
142 114 185
182 96 91
145 194 90
95 166 132
129 94 132
138 152 91
97 56 105
189 184 132
46 80 109
207 71 132
172 105 158
179 197 132
70 111 179
54 132 146
167 198 90
172 56 121
215 126 100
174 111 171
215 112 113
159 108 132
130 170 90
60 203 112
84 114 168
198 207 86
215 111 123
161 106 191
104 102 148
215 154 134
214 90 146
79 79 91
118 102 157
46 180 125
143 132 153
173 132 138
94 114 183
76 119 132
132 102 173
133 179 90
69 102 187
156 203 111
115 159 135
76 132 140
51 57 135
52 64 161
215 195 122
89 111 153
46 176 99
171 65 189
152 102 182
54 165 133
123 111 182
73 207 125
52 76 165
72 145 148
215 159 143
125 159 143
145 132 133
130 132 147
159 56 130
195 207 136
218 204 136
118 56 92
82 65 132
188 101 132
204 57 120
48 200 90
161 161 91
155 88 91
184 190 91
52 98 166
209 62 140
166 74 167
155 102 158
156 116 90
78 109 132
46 109 117
63 56 131
94 203 95
54 165 91
145 142 167
52 97 134
215 155 91
100 150 148
199 200 132
86 207 112
48 132 133
52 77 149
154 207 86
134 208 87
215 175 126
210 207 124
171 69 172
172 109 191
210 125 132
78 102 155
119 169 132
183 116 132
121 111 163
63 90 90
98 97 91
69 76 179
68 167 132
71 132 157
174 99 132
113 132 135
122 88 132
161 102 166
86 203 127
215 138 144
149 74 132
192 129 90
93 113 91
109 161 91
132 77 132
102 86 90
165 207 119
106 207 86
181 145 161
208 153 148
47 158 90
108 204 136
95 64 132
67 114 188
214 178 91
93 128 132
122 186 90
166 69 132
75 102 166
86 132 149
215 187 128
138 203 107
215 78 116
141 113 91
48 117 91
110 111 173
147 153 91
149 95 90
91 133 90
83 182 132
178 79 132
139 105 91
46 105 100
105 112 132
182 56 102
167 75 156
209 152 160
69 88 185
190 157 151
210 204 86
137 56 94
172 207 108
46 182 91
46 145 120
128 111 173
113 132 91
72 183 132
103 192 132
105 146 91
96 194 91
103 178 91
168 110 132
46 144 160
46 100 117
215 69 102
82 56 97
75 154 90
82 114 158
63 203 128
145 57 123
136 65 132
46 64 155
209 172 133
66 145 164
62 146 148
215 101 96
49 197 134
131 151 148
93 203 120
147 114 153
66 111 171
174 114 153
107 140 167
110 203 104
76 203 94
170 207 126
126 207 95
196 203 117
172 138 167
191 59 132
145 112 194
122 152 148
210 194 90
51 91 157
54 72 132
87 102 155
155 132 133
158 56 111
131 107 146
46 93 148
215 96 124
72 56 115
129 57 118
53 150 90
117 93 90
112 57 104
112 102 132
46 115 110
144 198 132
204 203 123
96 98 132
46 176 115
144 57 101
149 160 132
46 108 130
209 85 136
156 207 104
132 184 132
112 90 132
109 59 90
64 106 147
67 176 132
46 63 117
180 207 136
215 123 114
146 70 90
107 78 132
169 189 132
88 147 91
189 192 132
162 56 122
46 129 113
196 110 90
102 203 128
215 154 108
87 82 90
46 161 123
188 203 119
62 207 95
108 106 90
83 62 91
202 181 132
186 173 91
169 91 185
116 111 187
53 64 91
154 57 90
75 179 90
52 101 149
207 57 106
82 78 132
193 167 132
215 112 98
200 207 94
144 56 112
79 57 129
209 74 166
54 151 148
169 128 132
93 136 167
52 149 163
169 114 176
145 107 146
182 207 106
185 203 92
215 65 145
150 172 91
144 162 91
176 184 90
46 146 142
125 107 90
58 56 124
146 84 132
99 132 144
57 97 90
162 132 145
84 124 90
215 139 111
105 126 90
84 159 141
139 114 163
144 102 170
175 133 90
80 132 159
156 115 132
117 74 91
163 159 136
63 74 152
215 67 156
64 145 156
130 145 160
171 87 146
42 206 99
119 159 152
51 81 132
160 145 159
87 56 124
213 56 155
209 111 162
171 89 132
72 75 91
105 102 168
170 125 90
169 57 96
46 136 94
190 132 150
59 105 90
107 159 146
87 56 113
84 132 141
160 57 103
203 92 90
75 136 91
63 133 90
120 145 161
117 119 132
136 102 155
191 57 113
67 111 153
115 172 90
131 92 91
65 111 132
120 115 90
205 117 132
169 99 90
63 79 91
162 68 91
200 136 91
100 114 176
192 75 132
165 175 132
75 112 91
75 152 148
144 132 144
46 65 140
120 114 156
69 62 147
175 57 114
173 203 86
95 102 151
108 175 132
127 154 90
63 82 132
215 118 121
57 207 119
73 207 118
149 67 132
184 182 90
49 83 91
162 102 174
132 203 93
73 203 87
70 111 164
97 111 166
171 78 187
117 114 144
163 152 148
172 103 151
63 74 185
67 60 91
