79 101 96
222 101 210
176 213 112
223 101 59
45 101 210
109 174 176
163 101 136
127 101 209
109 175 97
146 101 59
193 149 98
86 101 158
223 101 123
71 152 136
143 153 137
42 101 59
124 126 99
177 101 186
184 101 92
43 101 135
71 148 90
130 101 164
220 101 166
143 195 132
103 101 61
86 137 179
148 161 95
85 101 199
107 136 144
107 101 124
180 137 133
109 175 136
42 101 172
150 101 102
43 101 99
148 197 96
177 179 104
121 136 176
166 136 82
93 136 113
179 101 59
190 101 154
220 101 92
102 137 80
126 101 82
72 101 63
77 101 126
157 101 210
154 136 110
190 101 120
90 163 155
135 101 132
193 101 210
122 143 121
159 101 165
110 101 186
91 164 118
181 125 103
128 186 111
105 118 163
123 153 93
67 101 180
141 137 80
82 136 153
203 101 186
145 101 187
61 101 154
132 137 153
162 101 80
108 101 100
199 101 73
122 182 155
113 101 147
87 162 179
73 148 113
164 206 132
191 153 121
211 101 145
54 101 79
96 151 96
171 148 103
168 101 114
158 136 133
129 101 109
78 125 101
190 137 80
58 101 114
105 101 207
105 151 181
94 101 81
125 101 61
67 101 210
128 153 166
90 143 134
103 138 164
74 154 163
201 101 103
91 101 179
223 101 187
148 101 148
127 184 133
168 197 105
137 143 103
132 170 99
111 143 105
121 136 80
92 101 138
140 136 123
167 153 134
110 175 117
140 117 96
92 101 109
45 101 191
151 200 116
87 161 136
177 101 167
107 173 154
82 136 82
174 101 204
73 136 128
145 101 81
186 163 107
151 101 119
181 101 136
189 136 116
128 101 182
169 138 117
83 160 104
104 101 165
152 143 92
106 142 127
63 101 136
216 101 75
201 101 167
129 143 138
161 101 193
62 101 97
162 101 59
171 211 96
77 101 79
204 101 129
170 101 151
180 101 76
168 101 96
42 101 118
217 101 107
111 101 76
117 142 155
132 101 148
61 101 195
74 101 110
75 137 167
133 153 151
136 101 94
178 136 92
95 167 97
46 101 150
84 143 103
98 136 95
190 101 178
182 101 107
88 101 67
95 143 151
101 136 182
133 189 98
209 101 202
144 101 202
57 101 60
122 101 124
71 101 165
76 101 147
206 101 87
124 111 100
208 101 61
117 101 172
164 136 98
78 156 124
141 136 139
96 166 168
71 136 144
78 156 149
131 140 91
97 168 143
139 192 117
146 101 171
122 101 195
88 142 165
163 101 179
112 136 93
83 143 121
125 138 107
83 112 103
71 137 102
181 153 131
93 101 123
163 207 114
223 101 137
138 129 101
119 151 178
179 150 91
117 136 132
191 101 193
197 101 142
191 136 97
223 101 153
157 147 103
98 168 129
136 156 97
185 112 100
117 180 107
58 101 170
98 101 152
80 148 174
164 149 91
115 164 98
160 203 97
42 101 73
108 150 91
137 101 69
129 137 166
148 101 134
206 101 116
102 171 107
99 101 193
80 101 186
53 101 126
113 178 164
110 136 115
121 182 121
155 101 90
84 151 92
154 136 80
85 160 166
154 101 71
138 101 118
211 101 175
174 136 106
177 101 124
75 136 114
157 143 120
120 101 93
121 136 144
171 211 124
187 143 106
97 168 182
73 151 102
91 150 181
110 101 111
203 101 155
73 101 197
169 141 130
161 101 124
65 101 84
93 101 98
191 101 64
192 101 83
53 101 182
124 101 139
159 101 153
108 101 88
80 101 174
48 101 162
115 179 146
111 142 173
82 136 95
71 141 154
188 142 127
123 182 97
72 142 80
134 143 116
144 101 159
154 200 132
155 153 134
91 101 209
148 142 131
91 136 143
138 108 103
161 101 105
140 193 105
92 136 125
46 101 87
122 101 156
105 101 139
131 188 123
95 136 172
101 143 138
53 101 141
134 101 197
172 101 85
170 101 71
114 101 59
93 165 107
179 138 80
144 143 112
101 143 108
55 101 205
189 101 165
153 200 106
105 101 176
64 101 125
82 136 135
116 101 207
223 101 198
181 101 147
144 136 94
191 153 107
92 101 167
211 101 98
85 101 87
154 136 100
130 136 127
81 101 136
68 101 73
54 101 105
121 101 72
123 148 103
71 146 126
78 101 210
118 101 105
81 143 145
194 101 110
135 101 174
153 101 180
180 136 122
90 142 92
114 136 163
102 126 168
133 120 102
83 134 106
104 172 166
191 101 100
194 101 132
124 184 144
101 101 73
80 159 113
163 138 108
215 101 130
137 143 130
183 101 210
147 146 100
100 170 119
137 101 210
168 101 162
154 153 95
188 133 106
137 145 143
160 203 123
111 101 157
152 101 195
222 101 176
192 146 88
143 170 95
97 143 120
177 143 113
107 136 155
135 190 135
213 101 185
121 141 91
125 145 172
116 101 132
183 101 199
83 101 118
147 143 121
169 210 105
198 101 200
213 101 159
86 162 126
83 101 105
88 101 147
105 143 97
145 153 92
93 101 59
117 178 129
74 136 88
203 101 210
100 136 131
182 143 97
111 139 82
125 162 98
99 169 159
112 137 181
107 173 127
182 170 103
91 139 82
53 101 94
171 101 105
147 101 110
81 101 60
89 101 189
59 101 70
172 101 133
71 149 145
178 101 156
140 101 143
172 101 194
90 136 158
153 136 125
94 139 102
118 143 139
133 111 96
131 144 160
78 157 96
43 101 108
127 136 117
101 110 166
164 101 205
137 148 93
48 101 66
158 101 113
81 143 112
102 143 175
99 101 91
43 101 200
69 101 103
129 136 100
145 101 92
67 101 116
177 101 99
86 161 147
173 186 107
79 143 161
144 136 104
78 158 133
135 101 83
67 101 146
122 170 98
161 205 106
185 140 87
193 144 115
190 101 73
137 101 59
130 136 80
122 101 115
177 101 115
42 101 181
154 101 80
177 101 177
217 101 116
157 136 89
105 172 145
109 101 199
216 101 84
199 101 60
75 101 157
70 101 93
169 101 171
101 101 131
128 101 98
120 101 186
79 143 130
95 101 201
114 136 123
102 101 115
198 101 91
116 145 97
147 101 210
112 143 145
145 195 123
116 143 112
118 180 138
104 136 104
222 101 68
43 101 126
125 136 157
98 144 183
111 143 133
135 136 145
80 159 157
79 158 173
123 142 163
162 138 124
199 101 121
73 150 155
124 142 150
130 101 74
206 101 138
186 101 186
86 101 129
157 101 131
153 101 141
171 101 62
83 136 126
161 101 68
138 192 126
186 101 129
86 101 78
136 164 95
157 144 135
103 140 88
67 101 189
123 141 130
80 101 164
132 101 124
117 101 82
73 143 140
90 143 110
154 101 62
77 145 98
135 136 111
171 145 92
216 101 193
102 142 157
107 133 169
173 148 133
111 101 67
86 161 96
101 136 121
74 143 107
110 174 106
130 103 89
130 146 99
81 158 141
63 101 162
138 101 166
140 192 96
208 101 77
119 101 164
136 101 184
189 101 145
210 101 69
149 136 87
79 101 71
103 170 136
139 101 108
115 136 150
142 101 100
94 147 103
178 101 67
186 119 104
87 143 155
192 136 89
159 143 97
111 143 120
133 101 156
51 101 198
105 101 148
193 138 105
159 101 97
127 101 131
182 144 132
114 136 140
170 136 89
146 101 70
210 101 167
169 101 125
169 101 185
94 101 159
144 136 116
181 136 114
162 101 146
62 101 106
158 101 173
99 136 150
171 101 143
152 101 160
152 200 124
99 170 151
71 141 94
133 189 106
102 101 81
121 101 147
180 101 85
132 101 140
140 101 151
186 153 94
112 147 181
131 143 148
101 143 146
164 141 91
65 101 59
162 143 114
81 139 172
183 132 98
184 143 120
108 136 132
172 153 93
146 197 108
130 143 124
99 101 103
196 101 159
158 101 200
58 101 88
55 101 149
97 101 173
140 101 126
117 136 99
99 101 181
212 101 122
115 101 180
49 101 114
159 136 117
71 141 118
98 135 159
117 180 171
141 144 136
98 136 139
119 179 114
118 142 169
223 101 145
95 166 136
97 142 168
179 147 103
88 143 142
105 148 103
83 120 101
93 136 181
115 101 118
204 101 178
87 136 89
131 101 190
206 101 195
75 136 150
83 136 161
50 101 175
118 136 109
98 143 127
150 136 135
154 143 113
170 209 116
117 178 99
116 142 127
72 145 160
130 143 106
223 101 99
98 152 182
131 152 92
187 150 128
91 142 173
74 154 108
90 164 163
107 143 112
90 163 172
154 143 127
126 118 103
116 155 95
114 178 122
87 162 112
64 101 203
75 148 167
101 171 97
190 101 203
71 137 136
163 142 103
139 117 103
102 170 176
44 101 143
83 136 144
83 136 113
135 101 102
96 136 88
65 101 173
124 101 170
141 101 195
73 150 120
102 136 110
130 101 117
142 164 99
42 101 158
160 140 83
131 136 139
84 143 136
112 176 157
126 101 201
202 101 81
82 101 151
166 207 125
215 101 151
136 152 141
195 101 171
204 101 95
62 101 77
122 101 178
98 101 142
94 101 71
184 101 174
166 101 89
87 101 94
73 101 176
137 136 86
134 189 112
86 143 129
126 185 105
78 141 91
145 196 116
138 123 97
76 142 123
125 184 126
105 171 114
89 139 149
172 140 83
130 129 102
185 101 159
182 105 101
161 142 131
76 101 104
73 101 185
78 101 202
210 101 108
52 101 190
82 101 111
93 101 131
187 101 112
214 101 137
141 101 179
152 101 126
110 136 100
90 136 136
115 101 139
79 101 193
102 101 200
157 101 188
109 136 108
76 101 86
170 101 178
173 101 78
76 136 160
109 101 133
196 101 149
73 155 129
60 101 188
155 101 106
85 153 178
168 143 111
152 143 104
124 104 103
174 136 99
110 142 155
216 101 202
197 101 178
188 101 136
123 141 113
68 101 157
100 101 124
105 136 95
87 146 98
87 135 101
119 144 178
223 101 77
127 136 149
103 152 96
223 101 111
98 142 92
193 146 108
169 101 210
149 169 99
141 160 92
119 181 162
105 128 162
99 168 112
184 143 112
90 142 123
95 143 142
77 143 151
166 207 99
173 136 133
124 133 103
79 107 102
127 185 118
92 164 143
126 145 92
130 187 139
118 148 92
174 143 119
76 134 103
89 143 180
141 108 97
130 111 103
95 136 165
51 101 156
178 142 125
150 148 134
131 153 160
129 144 166
200 101 113
97 101 65
116 101 198
89 101 115
70 101 128
56 101 132
124 136 124
131 101 66
143 136 129
73 101 141
180 101 193
115 101 99
96 101 187
194 101 187
174 136 125
104 101 155
123 153 174
113 136 170
91 164 131
113 176 111
192 150 113
118 138 116
43 101 80
133 138 133
190 147 120
127 140 85
108 142 92
165 146 135
187 143 92
78 149 91
135 135 100
139 143 120
95 166 124
107 143 140
141 143 98
99 101 210
175 213 101
178 140 103
95 166 175
223 101 160
186 136 128
180 173 109
161 150 133
135 136 94
142 193 112
142 140 89
188 158 103
103 136 173
193 142 83
144 195 102
88 143 117
185 148 102
118 140 86
191 144 101
91 153 92
84 101 209
79 140 103
159 143 108
215 101 65
49 101 131
60 101 145
159 101 75
150 101 86
128 101 175
54 101 119
94 142 157
126 101 151
121 136 137
149 136 120
217 101 172
118 136 158
172 101 119
165 101 155
151 101 167
104 101 189
84 101 179
186 101 68
141 101 74
194 101 125
202 101 146
100 132 164
105 143 120
148 137 80
161 153 96
48 101 103
181 131 104
200 101 134
48 101 77
93 101 89
124 101 88
90 101 153
174 101 91
71 144 132
186 124 99
197 101 67
52 101 85
214 101 90
95 136 119
111 101 174
113 101 126
150 136 106
164 101 167
159 136 96
163 101 187
75 101 170
183 101 117
158 202 110
83 127 105
76 136 122
138 170 99
134 101 205
126 138 171
108 143 179
85 160 120
87 138 107
105 143 133
168 143 124
182 117 100
75 154 116
117 145 103
73 155 143
155 201 96
189 139 110
166 136 104
94 166 151
127 143 117
123 182 109
125 136 92
71 142 145
117 179 153
77 140 84
80 157 107
148 197 128
154 146 99
101 116 167
143 146 92
77 136 141
111 176 142
108 138 122
166 146 97
88 162 102
85 136 168
151 101 205
150 150 91
79 142 167
112 175 150
93 145 97
111 153 180
68 101 108
150 136 95
82 101 142
124 142 142
144 101 119
197 101 97
165 101 199
98 101 108
190 101 94
48 101 120
108 101 118
110 101 82
157 101 147
47 101 168
57 101 176
221 101 131
166 139 135
139 101 137
133 136 118
78 101 180
185 101 62
202 101 161
185 101 98
183 101 168
57 101 161
145 101 165
71 146 99
147 101 178
147 101 142
63 101 65
176 101 210
80 138 118
83 142 177
180 142 92
176 143 134
138 138 107
130 187 129
141 124 102
71 139 111
149 154 96
105 173 160
79 121 104
131 101 59
43 101 164
174 143 106
193 151 91
86 101 167
112 101 105
103 101 67
87 101 100
67 101 197
186 101 83
198 101 206
110 101 192
101 143 114
206 101 122
98 101 165
125 101 67
112 150 96
106 173 102
79 157 164
110 147 100
100 169 103
124 142 157
128 159 94
192 140 120
126 131 96
140 151 96
121 138 153
101 170 170
75 156 156
106 173 120
73 154 150
80 148 102
132 145 153
76 156 102
193 141 97
166 203 107
125 106 96
85 161 172
158 101 138
152 101 113
105 101 95
144 101 105
208 101 152
96 143 176
143 101 131
138 101 88
195 101 78
61 101 120
68 101 79
70 101 121
165 101 119
71 101 152
158 101 85
161 101 92
217 101 142
164 101 129
135 101 113
70 101 87
85 101 72
149 101 65
165 101 109
