-58 9 -89
79 -59 54
30 103 26
-78 -59 51
67 -59 -92
-78 61 54
0 0 14
78 39 -28
-63 -59 -36
70 25 55
27 12 -90
-75 50 -24
52 -50 -17
-3 -53 -77
5 -59 55
-78 -5 13
-2 52 55
-33 102 26
-9 -54 -8
29 48 1
-39 -14 55
78 72 19
-68 -58 -92
78 -7 9
66 -10 -56
-27 49 4
-14 10 -53
43 -19 55
-51 -49 12
45 68 55
-76 15 55
27 -42 19
38 -50 -59
-67 -19 -56
-74 73 12
13 11 55
-37 -59 54
68 11 -91
-39 73 55
1 76 21
41 9 14
1 30 -22
78 -51 15
-39 6 14
78 32 12
-36 32 55
-25 -54 -44
-78 36 22
-34 -30 -73
-19 10 -91
-20 -31 21
-42 30 -24
25 11 -53
78 -25 42
-75 -23 55
64 -24 -89
4 -23 55
44 30 -26
14 -49 -35
78 59 53
46 -60 42
-50 12 -56
-65 -25 -89
41 72 22
0 -60 22
-43 72 22
39 34 55
18 -30 -74
-78 -59 0
-40 -48 -17
-78 -37 24
68 -58 -54
55 -28 21
-57 -48 -64
5 -2 -72
-60 36 -1
8 29 9
-16 4 55
16 75 55
-53 -21 19
19 -14 31
20 -53 -6
78 4 38
43 -2 -70
75 60 -9
-5 102 25
53 36 -1
-28 -60 22
0 54 4
29 -42 55
-36 -58 -77
46 7 55
-18 25 14
-11 76 49
-62 39 55
-16 -44 55
59 -41 55
64 77 40
45 -30 -73
-64 16 14
-32 -2 -67
52 -53 18
21 -55 -77
-69 -36 -1
-64 77 35
-52 7 55
-68 -60 28
55 12 -55
67 -35 -63
61 54 16
68 -37 -1
-59 53 15
21 -60 36
78 43 33
-50 -35 55
-2 -49 -53
20 61 19
-9 -30 -74
-12 27 55
-5 -15 31
-21 77 13
16 36 55
-67 0 -69
-27 54 55
-21 39 -22
-78 50 -1
-78 0 36
21 29 -10
59 47 55
38 -48 -37
5 -35 19
-40 28 11
-30 -46 3
78 -28 17
-22 -9 17
-65 30 -28
54 -57 -74
62 16 14
23 -9 55
68 -60 33
68 -60 -3
27 56 55
41 -45 2
-46 -60 35
60 -46 -37
55 -7 14
-18 -18 55
5 12 -91
-45 -47 -40
-14 -60 40
23 77 33
-65 -45 -20
-78 57 33
67 -3 -76
-37 0 -88
-25 -46 -64
66 -2 55
77 29 -10
38 -17 19
-12 -49 -28
-77 30 -11
18 -54 -54
-45 47 -9
29 27 12
-60 75 55
-50 56 55
46 12 -85
-54 -30 -71
-28 29 -6
-59 -60 54
-78 32 42
21 6 14
-14 -2 -76
78 23 36
62 -21 55
78 -44 40
-9 29 -3
11 92 22
-59 -12 55
-78 -19 31
64 -42 -83
-65 -42 -81
-12 61 19
5 12 -53
11 45 -9
-25 77 36
-37 -37 21
18 12 -72
-50 -2 -74
78 52 8
-15 -48 16
-69 12 -55
59 77 21
62 29 -24
-11 47 -9
6 -53 6
37 41 -13
6 -54 -19
-32 -32 55
78 9 20
33 -59 18
-77 -5 55
-67 -7 -88
31 -52 -20
61 -60 54
-78 -35 42
-34 9 55
45 55 4
70 11 -65
-52 -42 -5
64 -59 -26
-30 12 -78
-78 -25 10
32 18 55
18 -2 -85
78 64 35
-55 -2 14
-66 -60 -74
-32 57 18
9 -46 -67
-16 7 14
46 27 13
41 -46 -77
76 76 52
78 -10 26
27 -60 54
-5 12 -72
27 77 13
-36 -18 19
2 -42 55
55 -48 -59
-67 -60 -56
-66 -60 -12
-78 16 24
-68 -39 55
67 -21 -72
-70 -48 11
20 -2 -63
-32 9 -54
-33 86 21
-25 -53 -12
-67 -16 -72
-73 29 8
2 77 38
-78 75 45
20 40 -23
-59 23 55
25 -26 55
62 68 55
16 -60 19
77 -37 55
-48 -46 -77
-39 -53 -54
-3 -2 -57
-14 88 23
54 23 55
34 -2 -86
-28 -49 -29
-67 -35 -57
78 43 53
-78 45 54
56 -48 3
-61 -45 -44
36 56 17
-57 12 -72
-3 18 14
-78 57 13
54 -2 -85
48 77 42
36 -1 -56
-78 -51 36
77 11 55
-57 -2 -57
-46 77 36
-44 29 -4
38 29 -3
43 -51 55
32 77 51
-18 -59 -75
55 9 -72
-61 76 19
18 -28 24
-55 -36 20
7 -12 21
78 -12 51
-5 -9 55
41 50 55
66 -45 -17
41 12 -65
2 22 55
-70 11 -81
4 57 18
43 -41 18
78 45 -10
33 88 21
52 -2 -58
2 -60 40
-74 65 -1
64 44 6
-55 29 -17
-41 52 5
-78 16 40
-79 -58 17
7 29 -6
-25 77 53
67 -50 -70
-19 9 -67
77 18 9
23 -9 17
19 -46 7
60 -41 16
-68 -20 20
-44 -60 19
46 -52 -47
-56 28 11
-14 -59 54
-33 -44 -76
-11 -46 -65
-16 64 55
41 -34 55
4 -2 -86
-11 77 31
-14 45 55
9 -7 55
64 29 6
78 54 22
0 66 55
-78 9 12
-64 54 55
13 54 55
-43 12 -70
-1 -49 -38
-34 41 -17
59 -60 -42
2 36 55
50 29 -13
32 9 -76
15 76 21
-32 -46 55
-21 -2 -57
48 48 -8
-73 29 55
-78 75 31
38 -60 -76
16 52 5
66 -16 21
-43 12 -85
27 -45 -65
-14 -60 24
-28 -5 55
-60 -26 55
32 2 55
36 -60 33
62 13 55
78 -42 26
13 16 14
54 -10 55
78 23 22
66 -60 19
-67 -30 -76
-50 16 14
-60 -60 40
27 -49 -46
-51 -46 -26
66 -10 -89
-32 -60 42
-68 46 7
32 -35 -74
-16 -54 -54
-5 -28 24
-46 57 19
57 -35 -74
-53 -59 -77
-3 9 55
-19 101 26
-16 -53 4
-78 34 -26
75 51 -22
77 67 2
4 -35 -74
-74 43 -12
9 -59 -75
-44 -2 -62
78 -39 9
0 -47 17
-24 44 -9
-12 50 5
-23 -2 -86
62 29 -8
-48 -51 55
68 0 14
-68 4 55
65 -25 -56
38 -5 14
8 -48 -6
-22 -37 -73
35 -30 17
54 -60 29
-69 -48 -6
-50 36 55
17 102 26
48 59 19
-39 -52 -4
-76 57 -13
-7 12 -86
-35 -52 13
-28 18 14
-41 20 55
-39 48 55
-18 29 -13
-78 -12 42
13 -35 55
29 41 55
52 57 55
30 -52 6
-11 0 -88
73 77 29
-4 -46 1
70 -48 55
48 -51 -29
67 -59 -79
27 -53 -33
-12 -54 -42
-14 -47 -77
-78 45 35
-16 -30 55
-25 18 55
0 -54 -65
-23 36 55
41 -7 55
-37 61 55
78 -26 29
-78 -7 26
29 31 -22
64 2 -56
-49 40 -23
-2 91 22
-57 -60 20
19 -49 -20
41 -47 -12
69 10 -77
78 31 47
-41 -45 -67
78 -59 42
-5 40 -19
78 -59 26
23 42 -9
-32 12 -91
-72 -35 13
79 -57 3
7 9 -78
-67 -44 -69
-28 29 -20
-21 -14 28
-11 -11 21
-50 -52 -50
-30 70 20
-46 -11 21
-66 63 19
50 40 -23
67 -46 -57
5 -22 27
-25 -41 19
39 77 33
78 -25 54
59 34 55
16 -60 47
30 -2 -69
-46 -3 55
-36 77 42
78 54 40
-78 27 31
-78 39 4
-78 -46 47
30 15 14
-60 -2 -79
37 12 -53
69 -49 8
-60 -11 21
-55 45 8
7 40 -22
-64 -60 -24
-60 -48 1
-57 -49 -13
13 -3 14
48 -44 -67
-23 29 4
52 46 8
30 66 20
62 65 20
-66 29 -10
78 75 40
-68 0 14
-56 -59 -60
75 -21 9
57 -60 -58
12 -49 -46
-43 -45 4
68 -33 20
-14 -54 -18
13 9 -62
-9 -39 21
-10 73 18
-67 -7 -57
52 -26 55
78 39 3
78 41 19
20 -50 55
9 -60 29
14 77 40
-62 -39 10
27 12 -65
-78 64 22
29 -46 -77
-37 29 -13
-63 -45 -31
-65 -47 -56
38 -60 49
-70 -59 8
8 76 12
-68 66 55
78 30 -22
-21 77 26
-5 12 -60
-50 70 55
52 -18 21
34 64 55
-16 9 -78
18 29 1
39 -51 12
14 -19 55
-68 12 -69
-78 47 19
-43 -25 55
-78 -50 24
57 9 -85
-21 56 14
34 -52 -5
4 77 53
-45 -29 20
-28 -49 -53
14 -46 -77
-48 -2 -86
17 -38 20
16 -54 -67
11 -2 -57
58 -44 -7
44 2 -88
-1 -49 -26
-32 0 -78
-14 -22 27
-60 -56 -48
78 -12 36
5 101 26
-44 -60 45
43 20 55
-78 20 13
-78 6 22
-14 16 55
27 31 55
55 -2 -74
11 64 55
-78 -34 53
43 -60 22
64 -59 -66
74 61 15
69 -48 -3
78 -2 55
-34 47 -6
57 -60 44
-52 77 26
-23 -53 55
64 -32 -81
-3 -53 55
75 29 1
59 -45 -47
16 25 55
78 20 47
-30 12 -67
54 -51 55
-28 -18 55
-78 6 49
-31 -29 19
68 11 -54
57 -46 -25
-38 -51 -29
-31 -54 -69
-63 -29 19
29 -54 -56
53 -44 -77
-38 -8 15
-50 41 -3
-65 -26 -63
-27 0 14
-55 63 19
-78 -59 28
-60 9 -60
32 -54 -67
13 31 -22
52 18 14
78 34 28
64 56 55
68 39 55
-2 -32 55
78 13 33
-3 -2 -78
57 4 55
18 0 55
-64 15 55
48 -42 55
-37 -60 29
78 -35 35
-78 -16 20
50 39 55
67 -12 -67
68 -12 55
7 77 29
-37 77 31
68 75 16
-78 59 44
27 0 -79
46 -9 20
50 77 26
61 -2 -65
74 48 -1
-54 -50 -35
21 66 55
28 -22 18
-57 76 42
-48 -52 -60
65 2 -89
7 -54 -58
-2 48 -5
40 -48 -23
-67 -16 -83
-67 4 -89
-64 -55 -83
73 -60 12
59 77 51
36 -53 -49
-7 -54 13
29 76 24
-19 -54 -33
-69 77 26
36 29 -15
66 -34 55
-21 -2 -69
78 -3 19
48 2 14
78 2 28
-7 -60 47
-55 47 55
-25 -60 35
-39 -39 55
-78 -30 31
-33 0 -57
-39 9 -62
22 -53 13
-3 -2 -67
14 9 -85
-68 -55 -65
45 9 -74
49 -50 -6
-76 72 55
2 41 -12
-69 -57 55
-23 -21 21
-78 68 38
69 51 12
-8 56 12
67 -55 -12
-52 29 -27
-43 -34 -71
-9 29 -19
27 55 8
-46 -43 18
45 -53 -65
-60 -37 -72
-67 -37 -89
0 -46 -72
75 -14 17
-53 33 -8
0 29 4
7 48 1
46 -27 20
0 -49 -12
63 -41 7
-32 -53 -19
-18 -54 -67
52 -38 19
-2 -9 17
-69 -10 55
38 47 -6
49 -44 8
-69 29 -1
64 -51 -86
54 29 6
78 -51 49
-69 -60 -3
-12 29 6
-48 29 4
29 29 1
-57 -60 31
-71 -60 36
25 -60 28
-16 77 40
-32 76 13
78 38 -17
-25 -53 -77
-50 -42 -67
-69 -59 18
50 -51 -39
36 7 -86
39 39 -23
-78 -14 10
-72 33 -19
64 -12 -78
50 9 -63
-23 -53 10
13 56 14
-45 -53 -70
70 33 -15
-48 -51 -10
-1 6 -83
37 -45 -69
39 20 14
7 -14 31
-78 -28 19
23 12 -81
-36 29 3
8 -55 17
-48 9 -78
21 77 47
49 76 55
74 71 10
59 12 -63
23 -45 -1
67 -47 17
71 27 13
56 -50 -68
-23 -49 -20
1 6 -63
46 10 -53
57 -53 -51
-32 55 9
-17 48 -3
27 -32 21
-69 53 14
78 -3 45
-53 0 -65
20 48 -3
-31 -46 -6
30 -12 21
67 76 55
20 0 -72
30 40 -21
16 -47 17
61 25 14
-51 -50 3
-78 41 45
-71 -50 2
36 -2 -78
-36 -49 -47
-71 -48 55
67 -34 -72
34 -18 55
78 63 24
-78 27 20
48 -60 51
-25 66 55
-46 -3 14
-55 -2 55
-7 0 55
-52 7 14
-5 9 14
7 2 55
11 -51 55
-27 27 55
-41 0 -76
78 32 38
-78 48 10
-48 -12 55
14 45 55
-52 -23 55
-77 76 20
-25 -53 1
71 9 14
68 35 -3
-39 63 19
8 70 20
22 70 20
69 -35 9
51 39 -10
-5 83 21
-60 12 -81
-78 66 8
-12 -2 -58
-78 -41 10
-67 2 -56
27 -53 -12
70 -59 55
50 55 11
-10 -47 9
18 -45 -67
46 -53 -56
36 55 8
-12 -5 14
5 22 14
45 29 3
-12 36 55
-27 4 55
-7 -54 4
78 -50 31
-78 32 -1
78 -19 24
29 -60 42
-31 28 11
32 -34 55
-43 9 55
39 -42 55
-37 18 14
-37 -5 55
-50 27 55
-19 -60 47
-23 -39 55
21 -37 55
20 16 55
-9 -60 31
-7 61 55
-9 70 55
5 47 55
30 6 14
4 13 14
11 -60 40
-2 29 -8
25 7 55
13 0 -78
-23 -25 55
-16 -5 55
-30 41 55
-78 -25 38
-30 94 24
-78 11 33
-23 0 -78
64 77 29
54 29 -24
-53 -60 45
78 2 12
-5 41 55
75 34 55
18 -54 -28
-23 9 -83
-25 63 19
1 6 -72
-55 -53 -71
-3 77 13
-2 67 20
14 -54 1
45 -55 -74
-11 -49 -49
-7 -49 -19
-41 12 -53
-78 -55 8
-62 -44 -8
-63 -48 17
-69 -11 21
37 48 3
-59 0 -88
70 33 -28
-78 -16 51
78 -42 17
67 -35 -89
-50 55 12
78 68 51
-7 -54 -60
-35 -44 16
6 -54 -42
26 56 17
-71 70 20
-34 -49 -60
63 -53 -33
-11 -47 -4
54 66 19
-32 -11 21
71 -25 21
-70 38 -1
-58 -49 -22
-67 -12 -63
-19 55 5
-23 -45 -74
36 -52 -29
-69 77 45
-46 76 51
23 5 -88
-67 -51 -76
45 -2 -81
64 4 -70
-2 77 29
14 12 -53
14 -21 28
71 77 45
-66 27 12
-41 40 -22
13 -54 -13
64 -19 -63
74 57 3
-67 -7 -79
-62 33 -21
-3 27 12
-49 41 -12
-25 12 -58
-18 31 -22
-67 -34 -67
-50 7 -86
-5 -54 -33
-78 -59 41
5 83 21
-62 -53 -30
-9 -60 -76
54 -59 -66
25 -2 -57
61 -53 18
5 -2 -63
-41 -51 -77
-67 -45 -89
-60 -51 55
29 -51 55
-77 36 55
9 -29 23
-64 -53 -17
5 -50 -77
8 -50 -29
41 77 54
58 -44 -15
-28 -60 54
67 -8 15
29 -59 -77
13 -36 -71
-78 -25 47
-27 -49 -37
-67 -43 4
25 75 55
-19 -55 18
39 29 9
74 38 -8
74 52 -12
-44 -21 18
17 86 22
-12 39 -23
-74 41 -27
10 -47 10
0 -46 -64
-9 95 24
46 -50 4
52 12 -91
-65 -38 18
61 33 -17
-44 -60 -76
31 -48 15
-55 -42 6
78 -30 9
-22 -47 -6
-11 9 -65
-64 7 -76
64 -28 -67
-57 -47 -52
13 -49 -59
67 -23 -81
33 -47 -12
75 52 55
78 26 55
-2 -54 -45
-17 81 19
23 -54 -40
-69 12 -91
43 0 -60
21 29 -19
16 -46 -5
-14 18 14
-14 -15 31
33 74 17
-64 -7 14
-26 79 19
63 -55 -19
-55 16 55
-42 56 12
39 11 55
78 -32 45
-71 50 55
-59 32 55
38 -26 55
78 61 44
-64 -19 55
-78 54 26
48 -3 55
-39 -60 38
-23 9 -74
-48 29 -13
-2 -16 55
19 -50 -47
9 4 14
59 9 14
-78 43 -4
-9 -26 55
-9 -35 55
78 43 10
-28 77 29
-57 59 55
78 -3 35
36 25 55
70 6 55
78 16 17
-68 9 14
54 11 55
78 -16 44
-55 77 33
-32 70 55
-69 36 55
-78 36 35
-78 -9 35
-69 22 55
-19 57 55
-48 -60 53
-78 -3 44
