118 188 173
193 67 38
193 68 220
80 161 35
81 67 132
194 125 128
82 107 223
95 67 38
174 159 42
194 159 219
78 148 115
146 74 96
141 187 103
146 114 185
79 175 222
139 109 35
128 67 222
78 141 173
177 76 155
137 166 223
78 106 78
128 188 48
166 163 160
162 125 84
124 67 166
79 187 81
146 111 135
78 70 186
194 125 182
78 186 146
194 115 37
94 114 35
101 67 90
143 67 52
121 125 223
78 111 142
193 112 223
166 155 114
131 149 35
103 188 113
78 147 76
78 187 185
142 188 142
160 165 77
161 133 223
89 68 222
146 69 135
194 136 69
165 165 198
146 98 222
78 108 186
112 188 210
146 75 193
167 125 159
176 78 120
88 141 223
113 187 78
78 99 110
163 125 51
94 187 48
78 75 65
146 90 162
146 93 70
114 67 133
143 187 193
146 106 103
110 67 194
189 136 99
119 85 35
78 83 157
108 188 143
78 152 145
166 137 189
78 159 196
107 91 223
167 125 115
117 67 66
78 126 56
142 187 74
78 91 42
148 173 35
108 166 35
78 126 97
194 135 156
78 175 120
78 69 105
78 133 199
103 139 35
145 177 166
78 170 61
194 135 207
175 78 94
168 139 138
112 160 223
194 142 42
78 86 207
121 67 108
100 67 156
162 161 223
158 167 137
188 91 35
78 165 167
166 144 66
78 164 96
156 142 35
95 187 164
125 188 123
146 114 160
117 118 35
146 119 210
146 116 65
78 126 123
89 187 206
166 148 91
146 186 217
78 137 36
137 143 223
146 88 43
146 69 170
146 89 118
78 114 165
191 90 216
146 68 75
78 91 132
78 87 91
100 120 223
102 187 187
150 173 59
146 96 200
154 170 102
172 125 206
146 123 117
78 187 103
100 93 35
146 76 214
97 67 117
128 67 86
97 67 177
98 67 59
177 127 35
144 178 124
183 125 83
119 187 100
116 67 46
125 102 223
78 106 56
178 137 173
141 67 115
146 89 139
78 133 149
79 67 84
181 125 145
156 168 180
98 180 223
127 188 154
78 180 37
181 134 223
96 187 67
129 67 146
78 146 55
78 125 78
139 128 35
133 69 35
127 183 223
111 187 37
166 146 206
123 188 194
189 125 54
78 88 178
146 124 96
182 137 119
131 67 202
96 187 94
106 67 212
166 144 156
91 187 133
146 109 83
78 125 217
161 78 145
85 67 204
161 78 107
90 159 223
146 91 180
149 174 204
78 72 46
125 174 35
111 141 223
146 91 91
166 162 60
155 125 146
155 125 173
78 109 205
112 187 57
81 67 168
78 170 139
78 145 97
78 167 79
146 187 48
146 102 54
175 125 65
159 78 125
132 67 181
148 175 86
176 137 52
170 139 106
130 84 223
78 120 39
79 187 57
129 187 85
84 67 149
78 183 164
78 176 200
166 150 178
146 73 153
191 158 37
78 154 212
186 137 192
78 81 118
84 89 223
146 118 48
120 135 35
176 125 99
173 149 223
124 103 35
97 67 138
159 125 129
156 125 36
78 110 124
194 126 112
78 91 65
136 115 223
146 106 119
153 170 152
177 125 183
133 188 206
78 110 97
146 83 58
157 125 194
138 187 177
78 98 153
131 67 129
178 145 35
166 164 93
95 67 75
153 157 35
175 125 128
146 103 148
95 152 35
95 174 35
78 127 181
171 137 80
184 125 162
78 172 181
166 153 132
78 142 129
133 67 64
124 188 139
113 67 148
78 145 189
112 110 223
146 124 81
115 67 179
89 82 35
185 137 134
111 187 159
166 139 121
136 184 35
161 165 46
151 172 222
81 105 35
150 151 223
125 153 223
158 125 67
166 147 51
137 163 35
143 129 223
94 67 192
126 188 63
114 152 35
109 188 126
194 135 172
146 105 174
78 159 124
180 137 154
78 150 159
155 169 117
78 85 193
104 124 35
186 125 212
114 67 81
160 125 103
194 125 197
107 74 35
78 78 142
181 157 213
101 76 223
189 146 223
93 67 104
95 187 147
139 182 60
179 137 205
194 125 91
191 129 35
146 82 81
78 97 168
78 136 108
134 89 35
134 67 102
78 116 112
109 67 102
146 76 36
143 187 88
78 183 133
89 187 177
88 187 119
146 176 186
78 73 216
142 180 153
147 175 140
104 187 174
114 71 223
188 104 41
147 175 72
79 187 218
146 85 104
130 187 110
78 138 86
78 120 193
159 125 207
110 103 35
118 67 207
78 127 162
78 82 79
166 159 145
172 125 219
124 167 223
99 149 223
154 125 159
78 138 65
78 155 65
78 178 90
146 124 136
178 137 91
112 183 223
78 171 47
176 76 107
160 76 94
194 128 143
164 165 125
78 168 109
78 166 151
100 188 82
161 165 210
178 137 68
180 125 114
78 126 138
188 80 41
194 135 82
78 167 209
78 153 176
193 126 223
118 67 120
88 126 35
187 79 220
166 138 172
146 106 211
102 187 203
146 98 129
78 144 205
177 125 48
111 187 90
117 188 113
123 67 192
78 83 106
143 147 35
79 67 119
78 148 43
144 86 223
166 154 77
78 179 72
145 67 182
166 133 35
146 91 211
78 98 214
189 125 72
165 125 182
169 125 146
137 187 165
78 117 68
126 67 54
181 125 198
146 115 198
99 187 36
165 154 35
139 187 129
184 151 45
146 116 147
140 187 117
150 125 57
172 76 131
166 155 102
146 185 205
187 102 218
111 67 160
91 187 106
194 136 57
145 177 112
78 97 97
129 122 35
119 67 95
154 169 194
102 134 223
193 136 123
138 178 223
78 116 85
138 67 211
169 125 195
78 152 88
78 79 171
166 162 175
146 84 200
106 67 72
78 98 141
133 67 158
86 67 93
87 67 65
145 97 35
78 79 36
78 139 216
175 125 170
81 187 198
98 67 204
146 117 106
167 136 92
146 78 68
189 125 102
126 161 35
78 97 192
78 98 122
111 187 196
87 187 37
78 93 53
93 67 166
121 74 35
106 67 51
148 78 122
143 68 222
103 170 223
78 182 175
81 150 223
171 139 213
152 139 223
79 162 222
78 94 78
157 168 165
110 126 223
139 67 84
194 125 168
107 177 35
78 76 202
87 121 223
167 156 213
135 94 223
78 135 47
78 72 157
84 188 155
146 96 109
146 84 171
148 125 182
78 115 50
78 107 174
78 121 152
152 171 128
166 150 166
145 177 99
78 159 55
172 125 79
78 138 119
91 187 192
112 187 183
157 76 155
119 82 223
194 136 183
110 67 113
126 188 181
78 176 102
108 86 35
146 77 143
166 164 108
90 173 223
78 78 130
162 144 223
166 147 193
186 137 145
156 168 66
169 136 202
184 143 213
126 187 75
135 67 171
78 117 177
78 179 210
146 102 164
138 67 193
180 137 108
131 131 223
168 136 149
146 110 223
166 164 185
184 137 80
186 122 41
194 148 214
146 75 109
179 136 183
153 125 216
105 188 99
78 174 158
106 187 47
103 187 215
78 101 87
78 153 106
144 119 35
84 187 90
149 174 46
88 187 76
146 85 152
146 80 183
185 125 134
122 136 223
87 92 35
146 98 81
106 188 69
90 80 223
78 140 157
146 104 68
78 185 118
78 104 46
146 104 92
146 80 133
148 125 201
146 70 205
166 139 57
165 165 36
87 67 48
78 186 47
171 79 145
78 109 154
94 163 35
124 112 223
78 97 204
78 68 55
139 67 145
105 114 35
78 153 135
146 90 190
123 188 211
134 67 75
146 115 171
127 188 166
78 82 47
146 68 124
146 115 91
105 67 171
78 115 217
89 187 216
93 139 35
129 112 35
133 187 194
89 187 59
146 117 125
184 140 45
134 188 217
170 136 162
107 67 125
176 125 154
86 67 112
141 157 223
96 103 35
166 125 93
133 187 146
78 137 140
124 188 38
146 112 56
134 67 48
146 101 184
85 170 35
85 67 177
90 67 84
132 67 119
130 139 35
124 67 77
156 125 119
166 148 147
98 110 223
175 137 193
173 137 129
194 127 63
152 125 109
142 67 40
146 187 170
190 125 151
146 186 38
157 168 90
78 178 54
145 177 196
149 174 174
157 168 54
168 76 100
194 139 218
78 175 148
85 149 35
78 156 186
84 67 38
78 138 182
166 155 203
133 99 35
78 123 202
82 67 75
166 158 51
78 78 88
104 67 145
116 187 68
185 112 36
167 76 155
169 125 43
101 187 59
147 137 35
88 67 122
78 158 114
102 67 186
145 177 213
118 188 149
146 123 166
194 151 44
186 136 162
175 158 221
134 104 223
166 159 85
166 164 69
173 148 45
146 120 222
189 147 35
102 67 108
116 95 35
174 125 88
166 125 136
121 67 156
98 188 121
78 124 107
166 146 112
105 154 35
185 125 172
78 128 67
102 188 157
78 167 189
121 67 139
146 114 75
127 187 94
163 125 217
83 67 195
114 101 223
78 162 45
194 96 40
146 124 153
168 137 47
146 75 163
181 157 36
78 83 218
186 73 35
135 187 54
133 80 35
78 132 208
190 136 109
78 142 148
78 169 129
78 136 96
166 145 76
119 144 35
107 67 203
146 92 55
166 145 35
150 161 223
146 75 46
78 106 65
78 78 97
78 97 178
146 106 202
105 67 81
78 163 176
173 137 114
116 67 55
164 125 173
153 78 103
166 155 187
156 167 36
78 174 171
121 188 55
187 125 188
115 188 46
185 154 223
185 125 122
78 103 133
166 125 63
78 164 69
98 78 35
116 162 35
97 131 35
134 187 67
94 129 223
194 131 44
185 137 56
170 136 223
177 137 138
125 92 223
194 135 196
100 67 219
142 77 223
166 146 126
88 67 213
146 184 180
194 87 40
142 179 134
152 125 89
171 140 181
166 155 155
78 84 60
115 127 35
150 125 73
78 81 183
84 188 138
87 67 158
78 161 158
146 103 43
183 125 221
99 162 223
119 187 87
146 93 100
78 134 75
78 91 113
78 91 160
146 96 171
106 67 62
78 179 110
115 174 35
111 67 89
78 118 135
78 150 126
88 67 141
134 171 35
78 129 89
87 182 223
146 79 89
146 186 157
80 187 69
80 187 208
193 96 223
146 72 62
78 117 208
133 187 136
78 134 168
135 187 79
146 164 35
163 165 151
78 73 177
78 106 116
194 127 213
153 170 80
141 83 35
125 67 40
125 144 223
168 76 122
146 184 66
131 75 223
139 183 94
143 178 50
156 168 204
191 117 216
78 68 95
145 183 81
149 125 126
155 169 215
78 110 195
166 164 137
78 156 204
78 118 121
78 117 58
146 97 141
78 176 82
78 155 168
160 125 76
78 154 96
148 125 192
130 67 111
82 114 35
83 188 169
79 96 222
176 137 60
193 107 35
79 132 222
194 78 36
153 78 148
138 188 45
169 143 97
193 85 223
138 187 154
166 147 138
84 187 110
78 74 149
127 67 209
78 117 102
78 87 124
78 87 150
78 84 69
126 67 68
114 67 171
168 125 107
78 87 170
117 67 199
146 90 82
90 150 223
139 140 35
125 67 174
112 136 35
78 162 138
146 97 117
188 136 91
179 125 73
80 67 142
88 67 57
115 67 37
78 155 77
146 88 126
78 144 107
78 179 140
146 113 115
104 188 136
146 105 111
133 187 102
146 110 47
177 125 138
139 182 211
166 151 62
154 170 144
154 76 130
149 174 159
162 152 223
164 76 132
178 137 35
194 125 120
78 135 56
131 67 138
104 188 166
103 188 90
189 139 35
99 67 125
78 146 63
146 83 50
78 107 214
194 127 205
172 141 87
168 136 68
143 179 40
78 182 154
171 142 167
129 161 223
194 125 158
162 165 100
145 67 102
134 123 223
114 118 223
149 125 40
181 145 223
88 179 35
172 125 54
139 67 153
78 76 112
78 104 147
121 67 216
78 110 107
96 139 223
112 187 107
90 187 85
90 67 183
146 96 156
78 150 196
157 125 46
78 76 74
146 109 154
160 125 152
78 78 210
146 89 63
78 76 193
78 103 162
95 67 95
113 80 35
126 67 100
161 125 165
78 162 85
146 83 113
139 67 59
127 94 35
137 154 35
78 127 173
138 187 200
133 187 124
78 84 136
146 107 189
181 125 106
85 187 98
143 138 223
174 137 99
85 75 35
146 72 83
194 132 104
146 74 176
166 156 124
118 182 35
164 125 36
186 137 179
194 123 41
154 129 223
130 175 223
146 185 56
166 163 117
183 125 62
78 114 76
78 129 116
146 185 125
112 187 119
129 181 35
143 67 162
140 67 67
114 111 35
111 67 140
78 129 130
117 188 126
169 125 72
78 167 199
98 145 35
78 98 62
113 67 215
159 149 35
101 67 197
146 85 72
146 68 91
78 170 216
146 68 214
80 187 125
164 165 168
194 128 189
188 154 213
78 110 40
142 180 143
141 181 188
123 75 223
194 133 94
194 136 145
152 79 95
133 149 223
86 166 223
140 185 223
194 78 217
194 136 116
85 187 49
111 85 223
187 158 44
139 183 111
186 137 68
106 67 39
192 136 50
141 180 75
185 125 90
80 67 63
78 90 99
84 114 223
78 162 104
78 127 37
146 91 146
130 67 194
120 185 223
78 177 64
116 188 166
146 108 126
171 139 35
94 187 199
78 168 54
146 82 190
78 108 85
78 146 214
96 67 52
100 85 35
162 125 144
78 88 200
106 187 222
194 128 76
178 136 163
188 138 223
142 179 88
186 136 201
98 187 178
130 138 223
96 187 220
100 188 74
111 67 185
78 176 187
78 171 73
78 165 118
146 105 139
166 150 120
193 106 216
147 125 174
78 116 93
194 133 137
188 125 141
96 187 212
79 145 35
163 125 189
78 142 49
107 67 154
78 170 86
78 139 195
171 125 122
146 113 214
78 104 102
78 91 144
