18 75 4
-99 -74 -31
98 -75 -34
-91 30 30
1 -47 30
100 11 30
-33 4 -48
56 5 -48
93 72 -19
-54 75 -18
-73 -43 30
68 -73 30
-101 1 -34
-22 22 30
38 2 30
-36 -75 -6
99 -20 -18
68 61 30
12 18 -18
42 -41 -7
-32 74 30
-33 -24 -7
-95 75 12
-63 26 -18
51 46 -18
99 -37 30
10 -75 -5
92 25 -16
-99 -11 9
101 6 -55
-14 53 -18
-99 -75 14
-59 -1 30
-83 -36 -21
20 40 30
54 -1 -7
-35 -60 30
80 -52 -7
6 -22 -7
-88 55 -21
52 -37 30
29 -73 30
-54 43 30
-21 -16 30
-65 -8 -7
-69 4 -48
3 1 -48
50 -75 0
99 -74 14
65 23 30
-72 -70 -7
-27 18 -18
53 75 2
92 50 8
-93 18 -6
74 -12 30
-65 -75 29
-13 -52 -7
-64 75 24
37 73 30
-99 -44 5
0 74 30
11 -17 30
20 52 -18
93 -44 -37
-8 -75 23
80 1 -29
-54 -46 -7
-25 75 0
-46 -31 30
101 1 3
6 13 30
30 1 -37
93 74 22
-8 46 30
-42 45 -18
-98 -31 30
-93 44 4
35 74 -20
66 -29 -7
28 -7 -7
-85 57 30
-97 -24 -42
40 22 -18
3 73 -20
95 -18 -45
-8 1 -8
47 42 30
-92 3 30
99 -36 4
-45 1 -26
68 70 -20
25 -39 30
-78 75 -8
65 21 -18
14 -50 -7
91 36 30
83 48 -22
75 -75 3
-93 5 -57
-99 -17 -15
-97 -55 30
-98 -49 -35
80 -52 30
80 -8 -7
79 75 1
99 -13 31
-67 23 30
92 22 9
-80 11 -25
99 -71 -10
-75 -18 30
-31 49 30
-23 -40 30
101 11 -32
-14 1 -30
-46 75 9
47 -59 30
-99 -58 -14
-53 -75 9
-45 20 30
-32 -1 -7
-65 49 -18
-15 -75 1
-90 31 -23
-33 70 -20
32 -64 -7
81 -32 -23
81 -65 -26
35 -19 30
58 -55 -7
35 23 30
-35 0 30
99 -48 -16
-100 11 13
13 -75 16
-3 35 -18
18 63 30
99 -61 31
-84 -10 -30
43 -20 -7
59 1 30
-33 -48 -7
79 8 30
-55 -55 30
-70 -32 -7
53 1 -27
-8 75 9
24 -31 -7
-83 -61 -26
-86 -75 30
72 -32 30
-93 -75 -6
91 56 30
-80 -75 11
-28 -75 16
-48 62 30
-95 75 -19
-14 -19 -7
82 5 -48
66 75 16
7 1 -27
99 -53 12
-7 -29 30
-83 0 -7
-10 2 30
-14 -59 30
70 42 30
-74 -51 -7
-51 9 -44
-46 -75 27
35 75 11
17 -59 30
-44 23 -18
25 34 -18
11 1 -8
-75 42 30
-95 73 30
-63 75 2
19 0 30
-14 75 -16
101 10 -14
-101 0 -9
-63 1 -31
-14 5 -48
99 -18 7
-23 35 -18
-51 -64 -7
-50 -17 -7
1 31 30
-99 -36 -10
-66 57 30
85 -75 30
91 56 -8
49 -75 17
-82 -18 -7
-93 60 -5
58 -20 30
-92 -8 -46
-14 64 30
28 -75 6
98 -7 -32
-5 -37 -7
92 39 -5
38 57 -18
49 61 30
-93 28 8
-8 19 -18
-50 1 -9
83 -16 -30
39 1 -17
-99 -15 27
2 56 -18
-32 10 -31
63 -50 30
-75 5 30
51 68 -18
-99 -28 8
33 52 30
-63 -30 30
-93 57 14
20 75 -14
66 10 -34
-41 -16 30
68 46 -18
87 -24 30
3 75 -4
97 -59 -35
23 1 -21
-90 11 -40
95 -28 -32
15 9 -41
-98 11 -20
81 -50 -27
49 14 30
-93 44 23
-79 74 30
58 74 30
-99 -59 12
-80 42 -18
-22 75 16
20 20 30
-80 -58 30
100 0 19
-76 75 14
6 -71 30
40 9 -47
77 75 27
-24 -63 -7
22 75 21
93 74 6
-99 -43 21
82 -75 -14
-21 -37 -7
-1 -75 6
-50 58 -18
-5 -65 -7
-65 64 -18
80 15 -23
-21 -73 30
-84 -75 -19
-54 14 -25
80 -35 -7
83 23 30
-94 75 -4
-30 54 -18
3 58 30
10 -34 30
-3 -12 30
-93 35 -8
59 -16 -7
-2 10 -35
8 75 15
48 75 19
-24 1 -19
99 -5 -17
64 -73 -7
-99 -32 -25
-42 34 30
-46 -31 -7
-83 -39 -7
31 -57 30
-44 75 -5
-87 -41 30
80 62 -18
-70 1 -17
-21 36 30
41 75 -6
76 -75 17
-60 -16 30
11 32 -18
53 29 -18
73 33 -18
99 -33 -13
92 16 -4
69 1 -20
93 -5 -51
43 -55 -7
37 43 -18
41 -46 30
-54 37 -18
-77 23 -18
48 -10 30
-31 -26 30
52 15 -24
10 -36 -7
-42 -44 30
27 18 -18
-90 -23 -30
-93 16 26
86 -6 30
99 -11 -5
99 -24 19
-60 -75 -3
-85 -47 -30
-9 19 30
53 -32 -7
94 11 -45
-81 1 -36
1 -9 -7
-99 -11 -28
-51 75 27
-92 -36 -38
22 -24 30
69 -42 -7
99 -50 -3
17 -63 -7
-99 -69 29
91 63 14
42 -75 29
84 -38 30
99 -64 -23
42 -7 -7
6 -1 30
-99 -46 -19
92 35 11
-55 30 30
-83 67 -18
35 -75 17
64 75 -8
86 35 -23
-83 -50 -16
98 -75 28
48 1 -39
55 -69 30
-63 11 30
99 -67 2
-38 -62 -7
81 75 -16
61 -75 6
-34 13 30
-82 -29 30
-99 -18 -2
-21 -8 -7
17 -16 -7
-48 5 30
61 57 -18
-62 -58 -7
39 11 -26
90 -75 5
69 9 -47
98 11 11
23 -75 -6
-99 -64 -3
-83 -65 -10
99 -49 26
-82 3 -48
81 -18 -15
-93 43 -21
-94 -61 -34
88 10 -34
82 75 13
-59 -43 30
-27 61 30
7 46 30
-11 -43 30
-62 -22 -7
54 32 30
-101 4 -46
-101 10 0
77 -65 -7
3 -57 -7
-84 -9 -17
26 5 -48
-70 10 -37
-12 75 24
-41 1 -39
25 63 -18
-76 54 -18
0 -60 30
-10 75 -3
63 -75 18
-67 -75 8
-33 -75 27
-41 -75 16
-57 1 -20
-99 -3 22
92 16 21
91 44 19
41 -31 30
58 47 30
-66 75 -10
38 -75 -3
93 72 -6
82 47 30
68 -7 -7
32 39 30
31 -19 -7
-23 -1 30
16 -47 30
-35 34 -18
-93 47 -8
-28 -75 4
99 -38 -26
-99 -1 -21
91 57 -21
3 13 -25
19 10 -28
81 -7 -20
-32 75 9
86 -62 30
-83 -24 -17
-80 25 30
31 -46 -7
99 -42 16
72 -62 30
12 74 30
94 -75 -21
30 -7 30
-1 1 -18
29 75 -6
29 10 30
92 16 -24
99 -63 18
-99 -24 21
100 0 -44
-19 64 -18
-24 9 -41
54 -44 -7
-65 15 -21
21 52 30
-40 14 -25
-100 0 6
-96 -75 -20
-12 11 -25
-74 74 -20
-70 -63 30
-41 75 22
-93 33 18
-70 -5 30
-32 29 30
-29 -50 30
-86 -7 30
-70 36 -18
80 60 30
-87 -71 -30
-92 20 -24
-57 -33 -7
69 -58 -7
-93 15 5
-99 -47 -6
12 29 30
-34 -12 -7
68 75 3
92 28 -2
-83 1 -23
-46 10 -33
90 5 31
53 10 -35
72 1 -38
3 45 -18
60 13 30
-92 -75 5
-10 30 30
-75 75 3
-55 75 -7
-43 75 -19
77 1 -13
-91 -22 30
-60 -75 18
99 -24 -6
-48 -6 30
-12 42 -18
99 -11 16
99 -24 31
17 -75 4
-42 45 30
87 -75 17
-33 -37 -7
29 63 30
52 75 -9
-38 1 -16
-67 34 30
73 31 30
24 -55 -7
-46 -53 -7
-15 -75 15
90 -75 -6
-18 10 30
-19 53 30
-72 -75 21
-54 49 -18
-60 75 14
-31 -10 30
40 1 -31
41 33 -18
42 32 30
62 -10 30
-93 64 5
76 -24 -7
99 -58 -12
-86 75 5
89 -37 -30
100 0 31
91 -68 -30
-93 64 -15
-33 75 -10
-101 9 28
84 25 -24
99 -35 -39
-93 68 21
45 -68 -7
91 64 1
-14 10 -36
92 44 -17
29 10 -31
99 -50 -29
-73 1 -28
-83 -75 -3
17 42 -18
-44 -42 -7
-52 -65 30
-61 1 -10
81 -54 -18
-1 -75 -7
92 26 25
19 -75 25
-39 60 -18
-43 -7 -7
-4 75 -12
37 -65 30
41 -75 8
2 -22 30
69 14 -25
62 34 -18
-85 -75 19
-93 26 -14
98 -18 -32
-57 9 -36
-99 -69 -13
-8 -68 30
-91 0 -33
101 1 -8
-42 -75 3
85 1 -39
81 -44 -13
-100 11 -33
-57 1 -46
-24 75 -18
70 -22 30
-66 -51 30
-82 13 30
-9 62 -18
90 4 -56
74 -42 30
-24 1 -33
62 -30 30
69 -1 30
1 -47 -7
-99 -21 -26
-38 64 30
-55 55 30
-90 -62 30
69 -18 -7
-25 -18 -7
84 -75 -24
-72 0 -7
-75 -73 30
-51 1 -36
61 1 -37
89 -6 -30
14 1 -47
-49 -74 -7
91 49 -2
42 -30 -7
49 1 -16
-23 -53 -7
39 62 30
48 56 -18
48 71 30
-72 -17 -7
10 75 -13
-17 -29 30
62 -40 30
52 -47 30
48 2 30
13 1 -35
-5 1 -38
70 14 30
-88 -51 30
-21 -27 -7
-17 75 5
16 61 -18
56 75 15
16 11 30
-50 -20 30
72 55 -18
39 10 -37
-99 -59 -26
-91 11 -29
34 75 21
22 72 30
-97 -43 30
-46 2 -48
77 42 -18
58 74 -20
101 3 -23
86 72 30
92 -28 -41
-3 8 -47
-86 75 16
100 11 -3
-100 11 -52
-76 65 30
-98 11 -10
-15 1 -14
-63 67 30
-92 -16 -41
35 1 -8
24 -64 30
17 -26 -7
-34 23 -18
-99 -28 -16
-99 -36 14
19 -11 30
61 -61 30
86 -59 -30
99 -42 -8
-99 -37 0
-84 -17 -23
-99 -4 -51
20 1 -12
-53 -8 -7
23 31 30
91 54 17
-66 -41 -7
-4 1 -27
-14 32 -18
-10 -20 30
-78 -29 -7
73 51 30
-72 14 30
1 -75 19
-13 -7 30
-3 -26 -7
-4 75 18
-88 -38 -30
-93 47 13
-63 49 30
-93 20 17
-3 -38 30
-88 49 30
77 9 -33
-99 -61 23
-35 9 -40
82 34 30
94 -9 -43
33 1 -25
-99 -53 1
9 -53 30
-21 71 30
13 1 -20
99 -11 -24
91 46 30
-18 1 -40
68 73 30
-22 -75 -6
91 -49 30
46 2 -48
7 10 -38
14 71 -20
-9 -8 -7
27 72 -20
77 24 -18
-54 20 -18
-83 -57 -8
-70 1 -39
101 9 19
27 75 6
-71 -60 -7
-72 -28 30
99 -27 9
-93 35 2
-54 75 4
-5 56 30
52 -75 8
50 -28 30
49 51 30
89 -15 30
43 75 3
1 75 7
-99 -9 1
-15 -61 -7
-76 55 30
-81 9 -41
101 2 -33
-24 2 -48
92 12 4
-63 -68 -7
-33 1 -28
91 65 -14
-71 10 -28
45 75 -17
81 -28 -15
21 1 -30
-36 75 0
79 -20 30
81 -24 -27
-46 33 -18
-74 65 -18
0 23 -18
73 75 -9
-93 53 5
44 -20 30
59 56 30
-56 21 30
-30 37 30
91 64 23
39 11 30
10 -8 -7
-25 -65 30
31 25 -18
53 22 30
71 1 -29
-13 -70 -7
99 -46 5
7 64 -18
11 51 -18
-3 39 30
99 -7 8
21 26 -18
19 -42 -7
39 1 -40
-61 -64 30
54 -23 -7
-90 0 -41
-99 -39 -34
-84 -30 -29
27 -75 17
92 16 -13
18 75 -5
8 -75 4
79 -1 30
1 0 -7
-83 -9 -7
97 -75 0
-99 -8 -12
81 -67 -16
-43 72 30
-63 9 -43
-65 75 -19
93 11 -54
-23 9 -29
-36 -32 30
85 13 30
-97 -75 23
-88 75 -10
-82 36 30
-81 -67 30
-99 -49 14
42 50 -18
34 -37 30
44 1 -24
24 -51 30
19 -33 30
-30 41 -18
49 -12 -7
-11 -30 -7
-93 24 0
-17 -50 30
-3 -3 30
-99 -71 3
-40 -19 -7
92 29 16
35 -36 -7
6 23 30
-85 -16 30
-41 8 -47
-4 69 -19
66 1 -9
51 -75 26
30 9 -41
-97 -7 30
-101 2 14
45 1 -8
-5 67 30
-99 -14 -45
49 9 -45
-92 -13 -32
22 1 -41
75 -75 27
-96 11 21
-83 2 30
29 55 -18
61 -39 -7
9 -63 30
53 -64 -7
-54 -34 30
13 55 30
-51 13 30
17 -68 30
-66 3 30
82 75 -7
9 75 4
65 6 30
79 -75 -5
-18 -44 -7
-93 54 22
-62 41 -18
58 18 -18
62 35 30
-32 -42 30
62 9 -41
-100 11 -41
-19 15 -21
99 -23 -39
-83 34 -18
-73 16 -18
-80 1 -15
-84 -32 -13
-90 -55 -30
-92 40 30
34 15 -19
56 66 30
-93 15 -15
-54 -74 30
-84 19 -23
8 8 -47
33 2 -48
-93 -31 -32
43 15 -20
-30 14 -25
-73 -75 0
-99 -69 -25
-80 75 22
-84 49 -21
22 9 -36
-93 65 29
99 -23 -26
72 2 -48
-90 -75 -14
-101 0 29
80 1 -20
-49 75 17
51 36 -18
-49 -75 19
33 -27 -7
-69 75 16
92 33 -14
-25 8 30
38 -9 30
-41 -70 30
99 -40 -18
-78 9 -34
84 75 21
99 -57 24
8 -9 30
-9 -52 30
92 -75 -14
20 75 12
28 -15 30
45 -68 30
-7 -16 -7
-36 21 30
-83 -63 -18
24 -67 -7
34 -57 -7
61 1 -23
-50 -47 30
-48 -58 30
-99 -17 18
60 42 -18
72 16 -18
-99 -2 -41
81 32 -18
-91 -1 -50
86 65 -21
92 42 3
-99 -48 -27
-46 52 30
80 -75 9
3 -30 -7
-1 -75 27
-4 52 -18
75 66 30
-29 -70 -7
47 -48 -7
64 -49 -7
-29 75 21
-65 1 -24
-75 32 30
-1 9 30
81 -42 -29
91 57 5
31 -26 30
-21 28 -18
-33 56 30
-72 44 -18
-99 -68 18
90 -20 -30
63 1 -46
-86 75 -18
11 12 -25
30 1 -14
-84 68 30
59 66 -17
92 -51 -35
31 -74 -7
97 11 -25
101 8 -41
93 72 15
99 -61 7
39 43 30
-43 12 30
8 39 30
-20 45 30
20 -6 -7
86 75 2
87 64 30
-54 -54 -7
48 21 -18
-67 -15 30
-99 -22 -9
33 64 -18
99 -55 -24
-52 28 -18
-27 -42 -7
-29 -34 30
-30 -58 -7
76 75 18
-82 -47 30
44 75 11
28 18 30
10 64 30
-10 -75 9
4 -75 12
-13 41 30
-59 -13 -7
99 -28 2
-4 43 -18
-20 43 -18
2 1 -39
-93 65 13
72 -71 -7
-28 -58 30
-41 -26 30
28 2 30
-87 -75 12
-88 -33 30
-99 -29 1
11 -27 30
60 -8 -7
4 -64 -7
77 15 30
-13 24 -18
-8 -58 -7
-15 -37 30
33 35 -18
-71 -24 -7
-32 1 -36
-93 56 -14
-96 74 4
-69 75 7
-53 -11 30
90 -32 30
-83 -41 -16
-93 25 23
21 -75 12
56 -74 -7
-100 2 -55
-89 9 -48
60 50 -18
-66 -51 -7
-30 62 -18
-14 75 16
-38 -54 -7
-62 1 -39
-92 -45 -36
79 9 -43
-55 63 30
99 -28 -18
-57 64 -18
-36 -50 30
89 -44 -30
-73 -8 -7
-45 1 -16
76 -17 -7
-24 75 -10
100 11 -49
99 -6 26
-4 12 -25
60 15 -24
76 69 -18
-94 -69 -34
56 1 -14
99 -30 26
-98 -22 30
99 -41 24
92 14 12
92 -2 -37
91 20 30
-98 -32 -40
4 75 24
99 -68 26
71 10 -39
-44 16 -18
-75 9 -47
83 56 -21
99 -65 -31
-5 1 -46
91 29 -24
-58 74 30
-101 5 -25
-86 39 -23
