148 35 153
148 214 105
83 125 127
172 131 133
135 192 179
131 74 89
128 153 86
120 92 171
90 204 133
113 2 113
90 57 130
168 78 127
108 149 168
173 183 136
127 174 128
148 32 106
153 114 93
109 195 92
106 111 91
146 127 169
91 159 107
109 21 149
135 212 143
163 159 105
147 1 133
89 92 147
111 41 99
151 73 161
110 56 161
148 165 157
88 168 142
96 79 102
104 191 162
164 103 152
144 185 91
95 122 158
157 62 104
162 46 129
98 29 123
170 106 118
116 205 118
85 97 120
150 193 126
118 122 172
92 133 101
100 181 121
130 125 85
156 162 131
157 87 99
117 162 107
163 142 155
127 1 149
124 169 170
87 143 146
167 131 108
140 8 109
115 162 146
75 181 124
151 139 91
136 99 86
127 190 148
133 54 165
127 187 106
103 78 162
144 94 169
134 46 94
156 23 131
134 147 172
126 23 100
97 57 108
110 140 88
127 32 160
97 39 143
163 62 143
139 162 107
166 184 89
154 197 147
115 89 88
106 186 141
101 100 163
108 1 137
100 169 160
157 179 110
84 151 125
123 203 164
129 199 87
113 61 93
107 163 127
170 147 121
140 17 152
89 114 108
145 178 138
122 72 168
91 72 145
164 84 148
138 210 121
88 75 119
103 169 95
92 205 113
86 111 144
165 163 148
165 123 152
155 210 133
134 162 141
108 23 108
170 96 134
119 203 137
130 1 124
146 195 107
132 109 172
119 179 92
145 160 90
130 206 105
151 55 157
131 192 124
143 176 121
89 186 135
153 111 165
114 178 155
103 12 123
95 96 101
109 37 155
134 175 156
166 86 112
169 166 121
157 46 111
170 146 140
116 185 119
97 55 150
86 168 122
144 64 94
105 132 167
171 112 134
162 104 102
99 41 111
165 63 122
106 182 105
93 154 156
159 170 93
126 186 167
149 149 166
122 107 85
123 16 155
151 18 116
110 156 89
158 44 145
130 166 94
137 77 168
106 205 106
156 89 160
87 144 111
110 199 150
86 127 144
138 162 125
144 84 90
86 87 133
157 177 129
157 209 118
97 149 98
84 110 129
122 138 173
137 139 86
138 165 169
125 175 143
103 126 92
142 204 96
106 206 131
148 50 99
160 191 100
142 177 105
112 177 131
105 114 166
148 179 155
96 195 150
117 107 171
94 137 158
142 202 134
108 75 94
152 162 117
94 42 129
124 8 106
104 171 143
100 26 138
135 206 157
128 162 156
169 169 135
167 196 140
132 126 173
170 122 118
123 162 120
164 189 126
95 174 108
144 123 87
121 153 172
157 31 119
150 98 92
137 179 174
158 129 97
151 24 146
96 174 132
136 193 160
113 164 160
119 203 97
116 124 86
141 3 145
163 73 110
86 187 121
123 174 104
114 193 106
139 22 103
124 36 97
92 106 155
103 162 112
135 204 171
153 74 97
139 191 140
130 61 91
112 193 129
88 70 132
101 182 153
114 171 118
156 185 139
150 13 139
148 5 121
156 152 96
149 209 146
149 162 144
105 97 92
90 88 110
117 1 126
152 166 104
118 162 133
86 156 140
135 112 85
165 144 107
124 185 134
138 39 160
118 44 162
101 67 100
86 125 113
157 127 162
124 140 85
108 90 166
96 116 98
132 188 94
127 204 126
119 191 85
103 208 118
129 89 87
84 141 133
100 198 138
158 35 137
100 194 103
159 159 158
103 66 159
113 8 147
136 35 98
98 89 158
142 63 164
130 1 137
97 162 136
121 59 166
132 170 118
165 119 105
116 166 88
124 197 113
159 173 140
91 62 117
160 72 153
129 201 143
170 93 122
152 182 99
168 113 146
120 77 89
103 14 134
132 87 171
143 199 119
154 139 164
168 134 147
143 139 170
79 164 130
119 191 157
166 73 140
118 50 94
138 184 149
116 191 143
136 190 113
121 196 174
141 116 171
86 98 138
125 200 153
115 27 156
84 134 120
96 162 124
142 168 97
103 48 103
145 149 89
112 12 109
167 98 111
170 159 131
94 47 119
93 169 152
104 87 94
154 191 89
93 82 151
171 132 121
108 172 105
90 103 108
91 60 140
170 124 141
148 187 115
142 186 129
121 189 97
85 109 117
166 152 148
104 46 154
111 70 165
150 204 125
129 162 110
158 169 155
140 170 134
133 180 121
137 196 101
157 102 160
94 48 138
103 185 130
101 136 93
138 29 157
133 98 172
144 215 139
84 173 132
161 169 114
128 195 134
160 116 158
117 82 169
160 140 99
139 186 101
101 156 163
118 1 140
147 212 117
132 177 109
149 194 136
166 63 132
159 54 148
94 71 107
99 159 97
114 29 102
96 191 123
103 30 147
146 104 168
105 33 107
139 211 109
110 163 99
124 178 154
120 196 123
79 186 132
116 171 138
101 162 146
96 65 151
136 161 87
168 97 145
162 57 114
107 1 123
129 1 112
138 1 118
131 10 153
169 84 135
99 105 96
171 141 132
105 176 114
132 157 172
146 109 89
130 63 167
144 41 100
86 157 117
161 209 109
116 99 87
151 45 153
142 50 161
171 104 129
156 183 119
108 162 139
91 177 123
152 12 130
122 67 90
147 81 165
160 203 138
110 177 88
130 23 157
125 197 102
152 178 146
90 160 148
89 120 150
156 62 154
119 149 86
109 202 140
169 157 118
106 57 99
88 83 141
104 148 92
110 100 168
99 144 162
128 162 131
137 162 158
147 162 134
154 161 95
93 208 124
110 185 150
135 204 114
112 185 92
112 160 169
137 55 93
87 80 127
87 84 118
144 73 92
95 169 117
162 93 103
142 203 143
138 1 129
169 105 140
123 172 118
111 162 118
125 185 123
134 177 144
96 38 120
102 25 115
112 195 115
162 168 105
162 92 154
149 161 165
115 203 128
130 15 103
125 49 164
163 52 122
90 131 151
167 111 109
122 117 85
150 192 97
127 163 86
164 53 133
94 97 156
166 187 140
160 164 140
141 196 127
114 134 171
84 118 119
83 118 133
110 189 82
137 210 134
83 132 133
149 130 90
162 82 106
123 113 173
171 114 124
91 122 103
114 175 110
157 149 161
117 134 86
147 187 142
112 169 167
149 210 97
105 16 114
105 172 129
111 196 158
150 203 139
134 187 171
166 73 118
169 138 115
149 162 125
114 203 109
151 43 104
108 124 169
130 198 175
156 187 129
135 137 172
116 184 137
158 175 101
160 37 127
98 110 161
139 171 111
151 184 108
145 176 130
97 88 100
114 113 87
120 199 145
155 36 146
119 198 89
125 45 94
113 187 101
140 169 89
143 209 154
111 201 100
160 116 99
130 175 136
119 172 127
119 18 103
122 168 95
107 12 142
87 134 112
108 181 121
121 1 118
89 103 148
127 97 86
160 163 120
85 97 130
98 75 156
91 145 104
127 182 96
142 92 89
108 162 153
167 153 110
150 89 93
121 163 162
127 53 92
141 162 117
93 109 102
157 167 147
102 57 156
159 39 118
152 169 163
119 188 112
119 181 128
146 22 108
150 169 96
130 118 173
150 98 165
96 169 101
127 191 160
145 26 152
160 82 155
85 145 119
141 85 168
135 177 129
145 178 97
155 52 106
91 146 153
102 169 152
168 85 120
88 152 110
148 119 168
167 70 126
130 105 85
131 177 101
146 15 147
162 134 157
125 162 143
156 103 96
125 83 170
140 169 162
97 183 135
149 198 114
172 125 127
136 147 86
130 192 141
169 161 138
96 36 135
96 126 98
124 104 172
142 185 109
103 38 150
103 165 104
136 69 167
130 162 101
109 104 89
160 177 118
167 142 147
103 197 146
100 20 124
119 195 132
131 206 150
90 78 112
130 184 143
153 31 112
100 33 114
139 208 102
145 43 158
139 191 120
161 51 141
145 162 102
122 129 173
140 154 87
131 198 95
155 23 121
85 137 141
136 197 134
153 178 137
147 210 133
110 47 159
99 184 145
129 165 163
85 147 140
141 132 87
164 174 132
98 194 158
85 119 141
149 63 161
142 201 111
153 176 93
132 6 106
150 61 98
88 152 147
98 47 148
138 14 105
116 20 154
94 183 127
96 163 158
154 80 160
121 162 100
103 19 140
135 203 124
124 1 130
137 162 149
142 30 102
86 163 137
149 181 123
118 187 150
100 20 132
131 198 110
137 66 91
153 123 92
99 205 111
97 50 110
161 191 134
129 76 169
89 68 123
143 72 166
102 125 165
95 140 99
97 176 115
93 166 130
98 204 133
99 134 163
114 71 91
162 152 102
106 166 165
163 65 113
116 35 159
171 152 134
133 45 163
165 180 137
119 3 149
131 204 164
92 55 120
134 82 88
85 158 129
110 50 98
121 157 86
84 104 133
164 76 147
112 169 94
144 101 88
87 78 135
168 91 140
132 191 153
151 212 139
162 153 155
117 200 168
147 6 141
107 169 157
143 179 148
134 185 108
142 175 157
153 195 106
154 210 111
171 120 135
90 113 152
122 59 91
143 159 169
156 163 110
170 90 130
164 126 103
126 199 120
155 39 110
165 169 141
105 106 166
171 137 138
129 30 98
124 169 132
90 166 110
127 161 171
127 144 173
84 125 137
109 80 166
104 199 100
112 62 164
85 90 126
157 70 102
160 109 158
108 162 91
122 23 157
124 41 162
140 214 116
95 169 141
117 162 153
161 195 144
162 169 124
127 133 85
89 178 131
103 41 105
138 162 99
121 29 99
110 210 120
132 163 119
98 168 110
144 56 96
97 29 132
129 181 171
105 5 129
151 162 151
146 15 111
153 18 136
116 51 163
154 145 94
150 133 167
107 139 168
114 162 125
155 29 142
99 174 125
109 173 137
120 199 106
109 122 89
109 7 115
115 149 170
169 125 112
162 166 131
91 69 114
156 94 97
160 46 118
170 114 117
142 208 128
96 129 160
125 193 88
171 139 123
80 185 125
148 200 146
136 6 150
119 202 158
88 181 139
156 80 100
137 1 136
166 165 110
114 113 171
154 18 126
128 169 124
109 167 145
123 175 136
109 27 152
90 69 139
90 96 109
117 142 86
111 191 123
145 169 167
101 120 93
121 1 111
144 189 97
84 144 126
115 141 171
149 162 110
134 169 139
142 192 133
121 84 88
127 201 169
138 162 132
169 188 133
105 179 133
144 162 151
108 131 89
109 206 113
146 188 122
169 155 142
146 7 114
159 159 100
99 207 124
114 94 169
123 192 140
119 168 105
138 119 86
151 12 121
114 80 90
101 175 106
147 88 166
143 141 88
161 45 135
133 132 85
102 197 153
118 199 114
113 195 85
154 120 164
138 106 87
118 161 170
130 192 115
140 183 142
134 190 100
125 169 89
138 130 172
121 183 108
149 80 94
87 92 116
151 105 92
141 123 171
155 212 104
101 191 139
114 200 93
93 56 114
138 197 114
151 153 92
118 10 151
159 190 93
96 35 128
163 111 103
148 1 126
145 196 100
171 147 127
122 162 127
99 162 118
151 24 112
92 152 104
141 109 170
143 149 170
155 134 94
110 35 102
124 192 129
112 2 143
149 69 96
164 138 104
99 118 162
123 66 167
116 75 167
87 90 141
129 177 149
109 200 130
103 155 93
151 187 135
112 188 110
128 95 171
169 169 128
118 174 144
106 66 96
102 92 163
150 204 132
160 68 107
168 120 147
141 211 148
121 189 163
153 179 105
111 149 88
128 112 85
95 161 101
159 95 158
93 91 153
85 161 123
111 95 89
158 31 126
107 179 155
115 178 120
125 181 130
102 78 96
86 104 141
125 205 139
142 183 116
125 202 132
124 177 110
84 153 133
88 128 108
162 67 148
125 186 91
117 8 108
159 109 98
92 48 125
117 100 171
120 188 104
140 100 170
152 179 116
86 167 129
168 75 133
134 197 127
134 196 119
130 167 171
126 202 97
151 19 142
135 89 87
103 84 162
130 143 85
147 211 111
137 175 118
104 162 133
170 100 121
87 136 147
158 142 160
130 208 143
139 79 90
108 188 105
118 193 116
140 48 96
118 189 124
167 107 148
134 169 165
89 64 134
98 73 101
127 196 147
94 199 137
93 91 104
114 200 143
162 127 156
101 92 95
133 169 87
150 143 167
96 83 156
113 86 168
156 194 129
157 76 157
113 127 171
137 185 123
117 162 116
105 162 120
163 169 147
155 178 123
136 60 166
138 91 170
142 191 104
92 81 107
114 19 105
124 123 173
87 102 113
152 56 101
149 186 128
153 105 164
138 2 111
100 61 103
124 123 85
157 169 100
137 41 97
164 60 137
109 85 91
140 11 150
132 23 100
151 169 155
96 206 118
147 68 163
111 178 114
84 112 135
120 179 123
98 32 140
90 60 123
146 210 123
129 203 158
168 79 121
115 200 154
138 191 129
93 62 112
121 129 85
138 200 106
123 193 107
132 36 161
159 205 132
155 206 128
87 109 111
132 118 85
89 76 141
110 154 168
155 163 161
94 113 157
156 192 136
159 75 104
110 190 162
149 187 101
166 79 141
97 132 97
108 162 107
117 68 167
159 122 98
145 210 102
130 175 122
95 60 147
87 163 116
128 180 139
94 149 157
106 159 166
103 185 124
163 87 107
116 193 137
121 204 127
136 177 104
169 144 113
134 180 152
118 183 154
103 173 137
152 31 148
158 39 141
104 105 92
83 117 125
130 162 125
103 72 161
94 76 151
137 202 98
166 92 110
114 1 119
146 198 123
114 46 97
124 162 149
131 1 118
131 1 131
155 162 137
172 119 129
126 82 87
137 154 171
89 134 107
168 96 116
102 162 140
128 190 97
165 80 112
99 165 98
140 181 154
116 107 87
132 200 102
118 173 114
100 99 96
159 146 99
92 66 145
147 179 109
116 205 101
155 57 154
160 60 148
86 118 113
