133 113 131
202 209 62
44 191 97
175 173 206
108 26 121
115 149 51
220 120 124
72 159 172
53 103 105
153 197 128
228 199 129
102 162 111
135 127 192
168 139 91
151 61 125
173 155 156
105 77 104
146 184 79
97 109 166
179 100 140
111 67 150
201 163 115
115 151 157
157 203 174
131 115 81
106 159 205
51 190 147
60 145 116
179 212 99
104 203 114
146 157 119
95 127 131
150 93 164
99 133 86
189 201 132
78 168 138
141 28 135
144 129 159
126 49 103
125 178 139
113 168 80
137 80 99
147 153 69
158 97 117
72 177 107
173 172 128
86 101 113
107 97 139
120 127 107
177 187 84
101 55 123
132 83 131
104 104 90
77 127 178
165 184 153
125 141 132
117 123 152
176 145 117
89 143 156
136 53 147
181 162 181
113 143 183
148 131 110
161 119 140
147 164 145
153 182 106
194 110 121
99 182 129
119 98 112
114 38 144
128 194 117
153 105 89
101 154 135
158 204 88
146 161 94
94 79 127
134 27 111
70 123 119
85 146 117
131 80 156
130 138 82
149 140 138
132 110 166
55 169 159
151 127 81
105 163 174
170 184 175
126 62 126
133 146 172
122 160 122
191 216 81
149 74 144
86 168 158
141 110 110
107 148 71
64 131 100
166 198 110
106 139 118
111 116 122
208 192 126
181 123 130
188 195 67
108 152 95
158 167 59
63 196 102
143 46 114
87 188 113
213 210 135
202 128 128
151 174 129
161 176 89
106 137 145
121 67 99
191 178 124
114 77 128
151 76 112
102 169 147
123 111 98
129 128 174
137 92 115
163 155 127
141 94 143
150 119 125
110 42 110
156 196 69
69 94 114
174 190 129
125 102 143
91 127 164
135 157 134
137 63 106
104 96 122
100 80 144
140 125 95
69 184 139
104 114 139
135 178 120
164 104 132
104 54 140
146 46 132
108 115 104
124 26 128
118 163 140
53 179 107
140 146 156
117 83 146
166 179 73
171 169 167
42 180 158
112 189 120
104 137 58
107 61 107
87 156 144
70 176 162
81 116 130
124 159 177
145 147 105
154 80 128
156 165 108
155 140 122
154 165 79
104 39 130
145 101 127
78 143 171
122 138 163
186 157 112
98 140 100
114 128 133
128 31 145
135 133 121
100 93 154
120 53 150
157 196 146
144 145 89
163 192 187
122 125 90
105 165 190
141 180 140
126 116 116
102 122 153
169 167 146
128 147 146
67 110 107
174 174 189
121 144 116
75 137 111
77 153 158
176 196 97
139 129 71
184 99 126
178 151 170
139 117 182
91 86 114
139 70 123
109 169 100
122 101 126
92 140 140
98 69 116
118 28 109
88 131 118
157 139 102
113 149 198
161 113 118
101 167 129
88 117 175
146 117 139
183 158 195
85 173 114
99 66 134
141 98 102
147 187 94
141 145 126
208 106 119
214 167 111
59 132 123
103 107 151
129 64 152
146 60 140
115 158 65
162 191 165
115 151 131
123 133 144
160 185 138
77 193 106
134 150 186
143 31 121
111 146 168
175 159 120
111 26 134
119 115 133
132 189 133
58 178 149
125 136 187
113 184 133
130 126 133
110 151 112
134 168 142
186 203 78
101 105 111
87 176 131
106 139 131
60 168 171
120 91 135
133 96 133
153 195 109
150 186 118
91 113 139
105 99 165
113 64 130
149 154 136
82 180 154
127 123 162
94 156 119
150 86 150
99 156 150
116 111 146
103 146 85
145 156 82
111 149 144
117 80 102
130 134 96
194 192 124
137 40 143
98 192 120
78 149 127
166 189 91
159 130 93
153 105 137
123 184 124
199 153 107
170 110 141
110 102 102
151 110 101
124 112 155
74 135 123
147 131 147
120 68 141
142 84 123
132 61 139
166 181 125
207 117 126
72 162 146
132 153 122
86 139 128
106 123 95
176 108 131
155 193 83
120 61 110
137 120 121
109 105 131
70 174 147
115 140 152
168 118 130
126 42 148
126 172 125
124 131 74
122 149 190
142 128 136
182 108 149
148 65 113
77 85 113
95 131 148
127 37 106
81 170 168
136 104 119
216 200 129
132 129 110
111 126 114
144 97 155
109 124 143
165 199 131
117 77 156
111 153 178
177 201 85
112 174 140
107 158 78
102 127 122
162 170 124
140 69 152
170 183 164
110 88 128
139 122 83
96 145 122
142 79 137
129 119 105
166 209 113
152 69 133
124 89 124
139 190 118
111 91 109
88 138 167
152 167 120
202 202 129
134 135 140
159 95 128
81 127 127
91 154 157
113 112 93
152 130 125
123 78 135
195 205 71
181 181 126
94 170 138
115 53 104
185 114 124
132 116 95
132 70 97
147 175 99
58 94 111
91 172 149
172 205 103
104 158 124
101 151 105
125 153 137
114 100 147
137 80 147
96 182 115
70 149 115
109 160 159
122 135 175
145 70 104
111 161 132
111 147 61
155 164 131
109 61 119
169 189 102
104 78 114
142 122 112
104 42 120
168 171 156
106 71 141
134 26 125
128 72 124
118 27 143
63 182 111
109 89 150
55 189 101
146 144 147
135 119 172
95 135 159
105 122 132
149 172 140
142 136 92
157 129 142
158 175 79
156 159 142
163 194 175
189 164 118
141 139 170
89 150 127
118 176 83
99 130 76
100 140 69
139 52 107
64 121 111
121 121 125
161 175 138
215 187 122
167 145 123
159 183 97
148 93 122
111 69 100
126 80 96
197 118 126
149 105 118
152 147 130
150 125 102
105 53 113
146 161 110
140 62 128
141 79 108
109 155 190
141 110 99
125 150 168
104 161 98
169 183 190
157 115 131
117 113 106
106 108 121
50 144 116
147 54 118
141 147 136
97 145 132
156 106 127
78 185 112
107 79 151
72 166 165
133 140 182
164 146 101
140 89 134
125 26 116
143 112 128
153 187 129
107 44 139
201 179 121
101 75 133
110 170 89
142 127 169
130 26 135
122 170 135
87 185 126
137 40 109
95 69 125
122 107 112
95 119 168
117 135 127
154 176 120
128 61 103
150 185 139
103 175 136
125 112 140
127 99 118
74 115 123
103 158 88
135 153 159
180 166 191
151 169 94
113 125 102
118 61 119
183 193 128
154 69 123
128 61 114
79 178 135
118 166 69
139 175 148
111 56 146
94 145 147
101 106 101
150 152 93
108 34 116
143 50 140
105 195 125
80 147 110
119 104 135
81 161 166
131 83 121
168 121 146
167 94 132
84 128 171
143 137 153
120 122 81
93 157 134
106 116 148
161 178 146
145 96 94
140 93 126
139 63 146
124 110 126
140 121 130
96 134 119
118 131 155
95 100 116
83 92 111
155 197 92
158 183 115
119 153 117
113 99 123
173 160 166
82 151 151
109 155 167
123 61 134
119 63 150
98 133 138
136 140 133
156 164 70
151 157 102
137 133 164
69 130 108
130 145 126
108 35 137
118 119 112
89 121 136
95 115 159
85 152 164
143 38 136
161 109 140
148 78 121
144 131 119
173 156 175
141 166 137
153 77 137
86 166 133
134 61 120
102 49 132
181 193 89
107 61 135
131 73 150
50 178 154
146 137 126
118 143 175
95 164 152
103 149 127
66 140 120
176 99 129
102 145 140
152 172 105
142 113 119
81 162 147
122 145 158
122 119 99
108 71 109
100 93 115
118 36 107
189 186 129
165 187 130
127 146 181
58 201 97
125 72 156
111 198 118
182 151 121
150 139 110
98 162 143
122 147 126
159 180 131
185 106 130
109 100 154
137 117 106
153 121 135
118 124 162
77 173 113
107 129 150
147 86 116
124 79 150
98 145 93
136 105 105
132 127 182
100 57 131
81 139 120
132 105 136
144 176 120
64 154 112
128 51 149
106 31 129
115 133 147
139 101 112
127 134 126
127 164 140
122 160 133
98 119 136
117 61 102
178 164 174
128 127 100
67 101 109
105 130 135
116 92 146
152 194 118
101 153 115
77 98 114
74 130 116
149 103 97
96 79 118
144 129 87
140 138 119
129 142 165
131 186 121
126 130 84
104 97 99
161 177 156
115 61 140
138 78 127
87 129 133
175 170 198
172 152 124
104 167 121
101 60 116
139 33 113
110 96 132
94 135 129
106 184 124
110 160 113
149 176 113
194 159 113
144 39 119
145 145 97
103 118 125
106 105 139
197 220 78
110 89 137
170 176 170
147 47 123
153 84 157
122 142 146
180 198 78
149 57 132
136 32 142
168 161 125
161 188 147
111 123 126
115 140 160
152 133 100
128 124 116
157 201 104
180 199 132
117 26 119
104 135 80
155 155 131
202 189 122
122 129 131
127 118 134
116 143 131
144 33 129
107 101 115
118 71 150
145 57 111
114 48 147
63 188 105
137 106 126
105 62 143
135 72 104
120 92 117
150 189 104
171 160 150
111 118 138
98 122 161
102 128 143
164 128 145
143 159 133
124 177 120
193 171 120
125 61 144
109 163 85
146 108 134
97 138 151
104 94 147
129 141 141
99 63 124
174 171 182
203 111 122
160 198 168
106 159 197
117 45 105
106 111 97
107 149 119
92 162 160
130 109 119
93 126 120
128 133 180
172 101 135
145 80 148
146 104 104
100 74 109
145 151 114
133 91 121
145 87 143
145 72 112
101 143 78
140 26 116
172 187 96
158 162 124
149 161 74
176 118 129
80 120 123
128 125 125
101 133 127
146 70 139
60 105 107
142 26 127
139 91 108
153 171 84
120 75 143
154 114 122
128 104 129
132 54 103
141 141 162
131 173 137
87 192 120
101 73 121
162 137 97
175 203 96
126 99 136
157 150 125
154 166 148
91 94 113
90 138 119
121 37 146
114 167 135
131 154 171
123 130 163
96 128 155
96 80 135
100 110 159
131 61 131
117 153 124
106 168 107
100 115 153
65 171 153
171 197 103
85 143 162
130 140 120
127 163 126
102 48 125
109 189 129
98 155 129
123 126 156
145 152 130
126 116 164
116 73 97
138 173 138
140 61 136
101 121 146
136 139 175
106 152 82
104 72 149
129 147 133
99 71 142
128 122 94
116 131 99
112 142 145
164 179 82
169 174 162
109 150 161
133 45 147
58 185 147
141 61 116
74 173 142
188 209 82
110 154 69
149 164 100
166 188 170
134 60 150
175 106 144
111 70 127
138 151 124
100 151 144
206 133 129
69 167 143
87 180 114
124 86 132
89 123 170
134 135 187
87 107 111
139 152 152
191 210 76
139 134 127
111 26 114
135 118 87
116 147 151
154 100 132
138 101 130
148 190 82
136 172 122
148 90 158
99 140 144
83 191 109
117 114 126
175 151 161
95 156 141
172 165 157
107 79 143
150 127 139
102 149 98
112 102 137
208 205 132
161 208 83
84 157 158
111 76 106
208 167 113
112 99 109
133 130 128
133 150 143
112 75 147
92 130 138
105 155 102
127 26 109
165 173 147
110 50 108
113 152 184
78 168 162
143 123 119
116 83 139
99 164 135
130 183 136
106 183 131
124 56 101
81 178 111
139 129 78
127 70 102
137 184 137
69 184 111
152 182 124
129 91 133
146 164 118
104 102 159
106 143 66
136 131 93
136 75 154
131 116 122
140 69 100
127 130 140
109 111 127
72 142 117
149 109 127
136 98 122
121 117 151
103 66 110
133 45 106
153 180 99
85 122 130
157 197 153
96 72 135
125 73 96
134 105 99
149 138 145
132 79 103
110 110 137
108 147 182
126 149 121
104 136 151
149 69 127
164 114 137
137 161 139
169 109 131
146 139 88
127 57 151
104 139 138
146 80 114
105 140 124
90 150 121
148 78 132
105 190 119
158 192 129
153 99 125
118 94 124
110 79 100
145 134 140
143 184 120
170 183 129
131 38 146
119 106 142
103 156 109
149 53 126
96 149 127
180 158 116
176 166 125
142 75 143
115 108 103
132 115 137
113 116 112
158 176 95
144 141 131
86 126 122
109 50 143
136 87 126
112 30 140
151 65 119
119 128 148
144 107 123
138 163 131
130 77 129
131 121 167
125 106 137
148 64 134
151 191 88
91 136 135
105 155 130
107 80 109
144 65 108
101 70 128
101 160 117
132 69 155
117 113 99
119 139 169
82 136 166
154 80 118
180 187 129
115 183 127
150 162 124
134 178 138
137 125 89
97 138 133
148 123 131
127 94 127
121 120 157
81 163 138
113 83 125
70 172 112
92 145 117
67 168 168
116 121 107
123 117 93
149 146 138
117 108 131
116 96 136
69 126 113
106 100 128
151 70 110
130 32 108
58 175 154
121 114 111
110 113 143
139 69 146
212 120 124
103 132 119
195 183 129
145 157 89
160 110 133
107 103 96
151 179 132
125 117 124
159 192 142
151 160 114
145 76 104
146 91 151
110 124 136
157 171 89
187 200 70
109 123 149
100 80 109
195 124 126
129 151 177
134 122 178
117 116 142
106 32 123
131 132 102
210 197 129
113 32 111
132 76 97
101 163 149
145 66 144
88 144 123
155 74 130
147 125 108
152 111 133
145 136 114
56 185 106
113 80 152
148 125 123
116 66 104
84 87 114
141 163 143
85 149 158
101 139 87
110 90 144
93 183 128
140 134 158
123 102 110
142 106 115
86 175 152
109 148 175
114 124 147
147 155 108
125 131 106
104 151 88
127 109 93
105 128 129
134 26 140
99 139 93
111 108 147
88 149 148
128 105 116
95 188 115
148 177 107
139 46 109
115 69 155
138 46 144
77 90 109
152 190 112
151 80 142
131 132 135
172 177 185
146 42 126
110 134 135
132 100 127
144 73 149
107 112 109
163 99 133
146 129 153
149 179 140
101 161 129
126 156 122
213 192 123
75 182 136
151 159 139
196 167 117
129 126 105
165 202 113
122 40 105
134 112 125
180 151 175
100 80 128
139 84 132
121 134 169
120 26 132
115 165 75
