-1 45 46
5 -111 -10
4 12 -103
-127 -10 -16
85 -10 86
67 4 -21
-84 12 70
-37 -25 -8
-60 43 -28
-12 -26 60
35 46 -59
43 -3 37
-46 -5 -69
59 -6 -83
-16 20 97
13 -13 -39
10 -54 1
-82 1 14
-9 21 -3
45 46 -3
-15 34 -52
-39 10 39
-80 -13 -33
33 29 77
37 -15 83
85 1 43
24 -11 1
46 38 37
-37 4 -32
25 8 -69
9 4 63
67 -14 12
-1 -17 27
33 15 -25
7 40 -81
-31 -12 85
18 35 17
33 -13 -104
-116 0 17
54 7 -52
-11 4 -67
51 15 9
-5 -33 -20
-51 10 70
-80 19 -39
-2 -80 -14
-17 23 65
62 -11 63
-9 19 31
-48 26 -51
52 39 -32
-72 11 42
-98 -10 -10
-109 -15 -40
-61 -3 -5
-31 -8 18
-31 41 -30
-14 -8 -39
19 -14 46
24 31 50
7 27 85
-14 -30 5
-61 0 -47
62 -16 -43
60 -15 95
45 24 -71
20 -33 13
21 2 25
-3 -3 5
9 25 -60
-97 14 49
33 9 -93
-12 -3 73
-11 -52 -9
53 23 -16
91 -4 65
53 17 42
1 41 1
32 -20 27
-32 10 -60
68 2 30
51 -13 -63
29 10 57
7 -3 -76
29 20 6
20 -2 -19
29 22 30
-2 -5 45
41 -11 62
5 53 27
25 27 -82
1 -91 4
-13 14 -44
15 -26 -20
-24 6 55
-29 -14 -77
47 30 -51
-17 -16 -20
-89 14 28
-40 12 18
-17 9 14
-67 13 22
56 20 -35
-3 35 20
-41 -5 -50
61 -1 -2
-30 23 -37
-56 -17 -57
-59 25 -34
7 -33 -4
15 -94 -10
-21 4 33
4 -27 49
8 -3 -55
-55 9 52
15 46 57
-21 4 88
-10 27 48
-2 12 78
49 -1 18
-1 28 -94
39 7 -41
-79 -11 -9
36 3 5
16 41 37
-117 -5 -1
60 14 -68
49 27 22
-8 -98 -12
18 20 72
4 -62 -14
-98 -2 8
44 4 -67
-53 11 -60
53 1 54
-78 -4 -51
22 43 -70
-23 -37 -9
10 -74 -3
68 -12 80
-34 38 -47
-2 -12 61
-111 -11 -23
42 52 -40
68 -4 49
1 -30 13
-68 10 63
47 -10 -94
-54 5 35
61 1 -38
48 31 5
0 -19 -1
6 -44 -17
37 11 19
18 16 -94
14 -12 14
7 11 -68
-8 21 -59
29 -3 -32
-50 12 -39
38 12 42
-30 -5 44
-21 1 -52
-96 -13 -29
-62 2 11
46 10 -82
-40 9 58
51 -12 75
-44 32 -32
55 12 26
-6 -73 -1
24 37 66
4 -23 -32
-17 8 -4
33 24 62
-39 -17 -59
-31 25 -54
-81 12 54
-9 22 15
77 -8 66
42 25 -31
48 37 -14
-22 -17 11
-17 14 43
-27 -1 -69
34 33 -71
-16 28 -37
-4 36 34
0 -44 4
-67 12 -42
-7 40 58
-79 15 12
2 36 -53
-7 -15 -29
12 28 -88
57 -7 37
25 -2 51
54 13 -5
17 -22 -2
-70 32 -32
20 2 -57
66 -13 26
-41 -1 26
-49 -19 -8
14 -13 -14
56 -7 -52
12 -7 55
51 -12 48
-31 10 -43
66 -8 -13
-93 2 20
36 19 -83
5 -99 -17
-5 23 90
-76 -4 2
96 0 53
40 19 72
-18 13 -58
81 4 30
58 13 -23
23 2 5
-89 -6 0
61 -1 12
-10 45 -47
-30 11 26
15 -42 6
58 31 -25
44 -9 -74
58 5 42
-90 -15 -41
-87 -12 -21
-2 -104 -2
53 28 -62
-79 8 -44
-5 8 11
25 9 34
-7 -86 -5
32 21 50
-86 13 43
31 -13 70
2 45 13
21 32 30
-3 0 64
-3 31 7
-42 16 -57
1 -51 -7
-12 12 86
29 -2 -99
42 42 -50
53 19 -48
59 5 -76
-18 18 55
-22 42 -47
83 -4 56
10 -83 -14
-77 13 29
-30 -2 92
8 14 72
-45 11 29
25 25 17
42 -15 37
67 -12 -2
42 36 -63
39 9 30
19 10 63
42 2 -90
-40 -13 -75
52 30 -39
-63 -14 -9
2 -62 -2
-20 -5 81
44 21 -60
7 -34 -23
-65 10 33
-109 -9 -12
-73 11 74
89 -7 75
50 29 -6
59 7 -13
-41 21 -37
10 -24 8
-29 -2 -27
-51 -7 -53
-40 4 -64
8 -17 51
-4 -40 -13
17 -5 -48
57 1 28
9 -85 -3
-104 1 19
8 -100 -3
50 26 36
57 7 4
-105 -5 0
18 35 -78
-3 -2 -72
25 27 39
25 -26 19
-7 -63 -8
13 43 23
51 0 -59
-50 2 -46
-3 32 -4
-23 5 44
26 7 -22
75 0 40
-65 -11 -54
58 -14 84
-20 24 -54
51 16 -74
-45 8 48
-62 10 72
55 8 15
9 -45 -5
-12 15 7
-3 -22 56
51 -12 63
6 -10 -46
7 21 -95
0 43 28
-70 10 53
44 0 27
16 41 48
-58 10 62
-34 9 48
-12 30 60
47 4 44
65 -3 -29
-71 -5 -7
2 50 38
-3 12 -65
79 -9 76
-111 -3 8
26 19 -88
-13 4 -46
-1 -90 -13
-125 -7 -6
14 -12 0
-10 -38 0
60 -9 54
-41 9 69
30 11 10
-99 -12 -20
-68 21 -37
17 28 78
-45 35 -47
-44 41 -29
-13 4 81
50 1 -84
-13 15 20
47 38 -41
-60 7 43
0 -71 -10
-8 26 38
58 10 -40
-6 36 48
38 -7 -97
11 -23 -12
-115 -13 -32
-11 -26 -15
-72 0 11
-56 34 -32
72 -7 57
45 13 -47
-71 1 -47
-36 -5 -71
40 -13 73
1 -81 1
-2 20 -100
-5 -23 -24
74 -12 87
64 -11 -35
47 -15 83
-27 -3 34
-1 -11 35
10 8 -76
47 35 27
51 19 18
-2 -2 54
8 -54 -13
-16 12 31
-6 25 24
7 -75 -19
-27 33 -34
-23 18 -41
-83 4 23
-3 -106 -12
-67 -1 2
60 -12 72
2 20 81
-31 9 61
31 19 21
-19 12 93
-21 6 -63
63 -7 19
-89 -10 -11
-21 8 -46
31 17 39
22 38 56
-75 -10 -26
0 -28 -4
55 -3 46
43 9 7
-40 11 -40
-50 3 -64
-35 29 -34
33 27 -77
-82 14 21
-59 16 -39
-7 4 74
-5 -95 -3
-28 10 39
-16 -45 -8
4 18 -63
-82 -14 -43
-87 13 61
-4 -31 52
78 -2 48
30 43 -65
-121 -3 7
62 8 -30
12 44 -74
5 -17 -38
-5 30 -55
17 2 59
1 6 70
25 21 67
-88 -3 9
49 13 -57
-23 -8 -23
1 -41 -5
28 11 -77
-39 29 -51
-53 10 79
55 39 -23
11 21 77
-72 -12 -37
38 27 -66
36 18 14
59 -6 -44
-49 10 60
43 5 15
13 -74 -11
-47 2 30
-50 24 -35
-51 18 -55
-24 32 -51
27 31 60
-48 -14 -57
47 37 -1
-28 17 -56
-59 7 -44
-2 -49 -15
51 21 3
-119 -8 -13
-99 -15 -39
9 -92 -16
-120 -11 -22
4 -94 -7
39 50 -49
53 17 33
47 47 -34
12 12 -99
-77 11 62
-88 -12 -30
26 36 -74
62 -6 29
8 -31 4
44 17 -78
21 34 41
62 20 -21
57 2 -46
57 10 34
68 -11 69
-48 10 38
-19 4 3
25 -9 -28
5 32 -88
-104 -13 -27
7 -4 61
59 21 -63
-7 -76 -9
53 -7 -88
-24 -12 79
64 -9 5
13 -34 -17
-58 0 2
-6 -46 -1
39 12 -86
11 -102 -13
-9 23 6
18 -6 3
65 -14 88
46 -5 45
-18 -3 -45
-71 14 15
56 15 -16
-32 3 -64
0 -23 19
-2 43 38
42 7 37
-38 11 27
62 -1 -12
52 21 -8
59 1 20
-84 13 35
-18 -24 7
9 3 -67
11 -19 -33
41 36 -55
-76 26 -35
-12 22 -40
36 18 56
50 0 38
-6 -7 66
-26 -4 86
58 6 -4
-12 22 43
-71 -12 -8
16 -6 18
23 29 23
1 24 -58
43 29 -58
33 2 -36
-5 39 -50
-7 14 16
2 -73 -3
44 -15 -98
29 33 72
51 30 -18
11 -92 -1
20 42 62
48 33 43
29 -5 2
15 9 -71
33 16 28
-20 17 62
48 23 -53
19 22 -88
1 -85 -6
43 9 48
-91 13 54
43 -2 -73
7 -39 1
61 0 36
5 -12 57
-97 -6 1
-10 11 -63
33 26 70
8 33 -56
55 -14 -57
-12 -13 -34
6 -78 -9
18 37 25
0 -52 1
24 4 55
-78 12 47
55 28 -32
25 14 62
46 43 -11
-65 38 -30
-82 -6 -2
-13 14 -7
-34 16 -39
-25 6 94
-38 37 -31
-68 -5 -50
29 26 55
-62 9 54
-7 -86 -13
53 7 -79
4 -30 -28
1 4 -69
-8 -15 64
55 21 -23
6 -39 -11
-7 33 42
-12 17 92
18 -3 54
-14 25 55
37 19 64
36 0 -94
-74 13 -41
12 34 -84
-2 36 27
-2 -10 2
-1 37 12
-11 -1 -41
12 20 -64
15 14 69
-6 29 17
-51 40 -29
-30 -8 -73
-27 1 50
-23 25 -37
-2 -97 -19
65 -3 43
-1 -98 2
40 24 -76
-45 -20 -60
-45 7 -42
-11 26 -55
-1 -57 -12
-7 -34 -13
60 16 -30
0 -36 10
48 -4 -65
-105 -2 12
51 -3 31
3 48 20
83 -5 64
0 -110 -4
50 26 43
-33 11 33
-92 -11 -17
-15 20 -57
23 5 -63
86 -2 50
-38 21 -54
34 16 -89
-31 -30 -8
-19 9 37
27 24 45
-39 11 -60
60 -2 5
-77 12 36
13 44 30
0 -74 -19
-81 -1 7
-31 32 -49
60 30 -18
-74 13 23
-4 17 84
-58 -6 -51
46 -13 70
-8 9 81
47 29 -65
-74 -10 -54
-53 8 42
-44 -9 -54
48 7 -61
50 27 -45
-95 0 14
-2 -57 -4
13 45 43
-6 28 31
46 -12 42
37 11 12
10 -26 -28
7 -32 -12
-2 -100 -8
37 -16 33
37 39 -64
-46 10 -60
22 29 11
3 -21 53
20 -16 -1
21 -7 49
-3 -86 -18
4 -51 -18
82 2 37
-10 23 95
54 19 -68
3 -39 -23
59 23 -29
-43 -22 -9
60 8 -20
-43 7 -34
-52 11 32
-26 -12 14
-92 14 42
-113 -7 -6
4 -59 -8
-63 31 -32
1 26 88
-91 14 35
-52 18 -38
-4 42 53
-46 9 55
55 -12 68
-105 -8 -6
-13 15 13
-17 9 6
-105 -10 -17
55 0 -52
46 3 33
15 -28 -4
19 31 -83
30 23 -84
55 13 -48
12 29 83
-102 -13 -33
55 20 -42
37 24 75
67 -13 19
-9 -6 -36
-8 34 55
-14 13 0
68 -9 63
-35 16 -57
8 -60 -1
8 -106 -6
-27 10 50
38 21 -28
61 -6 48
-90 4 26
5 -48 -10
34 -11 63
-114 -11 -17
0 41 19
50 1 25
-23 4 -57
64 -7 12
-86 13 49
11 -48 4
4 15 77
-18 -9 76
-70 11 28
-14 -20 -18
57 0 -80
-8 -21 60
96 -2 59
-35 -12 -56
4 -88 -18
49 27 29
-6 26 11
11 -19 -2
-71 7 -44
17 -38 10
-13 19 37
-3 -78 -3
25 27 30
-25 11 -59
36 12 35
48 37 -8
74 -10 73
-45 15 -38
64 12 -22
47 -4 -90
54 9 9
30 40 -71
-1 -64 -8
44 46 -42
15 -8 -43
53 13 20
-17 39 -49
54 13 4
8 -79 1
31 4 -96
-26 0 42
-74 2 16
-82 -11 -26
-95 -9 -4
56 -11 59
-77 1 -48
-56 -11 -54
12 -99 -7
-94 -12 -24
78 -7 60
45 3 21
5 -67 -6
12 -84 -9
57 -14 78
-10 20 23
54 34 -29
35 -14 76
86 -7 70
-31 10 55
18 -21 -22
40 29 -72
21 17 67
-3 17 -61
-4 2 9
-26 11 33
3 -91 -2
6 -71 -11
50 27 1
-89 1 16
47 -11 -69
-109 -13 -30
8 9 68
11 -41 -15
7 27 -91
-71 11 35
-18 1 83
5 -50 -2
-52 -20 -60
-92 -14 -34
-2 35 1
57 -13 -51
-19 12 48
49 24 8
51 -6 -60
-6 0 69
4 -85 -13
2 -100 -3
18 37 33
-55 -1 -48
41 7 22
-44 9 63
-53 29 -34
0 -6 61
-9 34 -52
11 -39 -5
45 43 2
-110 0 14
1 -16 57
50 29 -12
4 -80 -16
-45 11 23
73 2 32
-43 9 35
37 33 -65
-28 39 -47
64 4 -27
-9 -92 -10
-4 39 42
-7 -101 -4
-6 7 -66
64 -6 -8
47 34 -46
14 -16 48
57 10 -74
12 0 -75
-81 -10 -20
3 -102 -13
-44 22 -54
50 3 49
-22 18 -57
1 -34 -5
-39 9 51
16 -9 51
-6 -93 -16
66 -8 54
33 -8 -101
0 40 7
-38 43 -28
-5 -81 -10
26 24 23
4 -86 1
28 22 36
-41 -2 -68
-1 -91 -7
58 3 9
-66 27 -35
-15 21 51
-7 -26 56
12 -1 59
2 -75 -13
3 -94 -14
6 -95 2
38 -15 -102
-33 -7 90
-52 7 -42
-116 -2 11
-64 4 -45
37 5 -91
45 -14 78
-47 -2 -49
0 -5 -76
33 16 9
-25 22 -55
14 28 -60
-17 21 59
63 -3 -34
74 -11 82
26 31 -77
70 -2 42
8 3 -73
62 -11 -40
41 -2 32
13 20 -94
64 -7 -2
5 17 -99
48 31 37
13 39 -78
24 15 -92
-3 -101 -15
51 35 -36
-86 -13 -35
57 -4 51
-35 -14 -76
-19 13 -43
-111 -5 1
32 -15 81
-36 24 -36
-6 -83 -1
52 15 -53
-1 -38 -17
-53 9 65
42 -16 85
-46 10 73
-85 -8 -6
-107 -3 5
-66 9 39
21 32 36
58 35 -20
-80 13 41
19 -2 -53
63 2 -33
56 6 22
2 -1 64
47 43 -38
-65 9 46
29 -12 65
19 -2 22
-71 -3 -1
-41 -8 -72
-28 16 -41
46 39 31
8 -22 49
-11 39 -49
63 -13 78
-56 14 -58
62 1 -17
14 6 62
-1 -26 53
-63 0 6
49 20 -70
8 0 -59
20 36 46
61 -3 24
-11 16 -60
-119 -7 -6
23 6 30
36 -13 68
66 0 35
4 -89 -9
-4 -51 -3
-68 10 72
30 20 12
56 8 -45
51 22 31
30 30 65
13 -34 -4
-8 -57 -9
-1 -88 -1
18 -6 -17
-11 18 0
-5 29 1
-93 -5 5
-74 -11 -31
55 17 -11
-36 6 -62
-18 22 -39
2 -56 -16
-21 13 56
20 39 51
83 -9 81
9 -28 -3
-5 30 23
-14 7 -50
-72 11 58
-22 36 -49
50 -4 41
32 17 33
-38 10 45
-76 -6 -4
10 -94 -6
-104 -9 -12
40 -3 -93
2 48 33
12 -19 10
-15 -4 78
2 48 25
32 -1 4
3 -106 -2
6 -105 -14
-51 9 49
81 -8 71
-85 -10 -16
-37 -3 23
66 -11 -9
-79 12 68
58 6 27
77 -5 53
25 33 55
-116 -13 -26
87 -4 61
-24 1 37
39 41 -56
52 18 24
-38 -8 -53
60 25 -22
35 23 67
2 12 73
21 31 16
-66 -3 -3
46 4 -85
-58 10 78
54 -14 87
-11 2 76
7 -52 -7
22 9 59
9 -48 -14
9 -11 54
-83 -3 3
-113 -14 -36
17 40 42
-9 27 43
-56 12 -40
33 16 43
-72 -1 6
12 -18 -13
52 23 -3
-15 10 -46
2 -1 -73
-63 10 63
15 45 52
5 -74 2
3 30 -56
-46 0 -66
23 30 45
17 42 -74
-3 -1 59
-33 35 -32
-48 14 -58
7 -99 -11
62 1 30
61 -2 -79
58 14 -34
-73 18 -40
-76 14 17
-58 10 69
