8 2 -12
-16 -124 28
-4 115 12
-84 11 4
50 56 39
44 66 -46
16 -87 -34
-34 57 53
-48 68 -23
-41 -64 1
20 -65 30
1 -3 52
18 10 -74
83 10 10
5 59 -1
-67 10 -51
-20 -124 -26
29 -124 0
0 92 -43
54 19 -30
-35 24 -1
-57 14 45
50 11 57
4 -45 -11
0 45 -49
40 92 -7
-41 91 14
24 25 23
66 57 -11
16 58 62
-62 56 23
-24 13 -44
-42 -104 2
-17 -81 31
11 91 40
18 -105 35
-23 -84 -29
35 -86 2
48 4 4
-16 49 24
25 33 -17
-20 79 -8
-18 47 -22
-2 4 20
29 74 20
12 113 -16
-34 4 25
13 -124 -27
10 5 -43
-15 80 27
-3 29 -2
34 62 -14
48 38 5
-2 -124 0
-7 -58 14
1 38 46
-2 -64 -34
10 90 3
28 -64 -15
-45 40 -31
-22 2 -15
-55 3 2
28 95 -32
-5 -20 -1
34 3 37
1 70 -27
-47 2 -35
10 57 31
-39 95 -17
-58 37 1
-36 59 12
32 7 -21
-17 -61 -12
27 -104 -19
-7 -101 -36
10 -124 23
-27 -123 4
4 24 -26
29 49 19
34 46 -36
-19 25 17
-28 -102 27
15 -66 7
-20 99 6
24 17 0
6 -84 33
2 13 70
9 15 38
0 59 -68
30 -106 15
-35 -84 -9
-29 25 -23
-30 -104 -22
-36 39 29
-28 -62 22
15 53 -21
0 94 -17
33 96 20
20 3 17
7 79 22
-33 -86 13
-17 46 2
5 34 18
51 -2 -27
-3 -103 36
-18 8 5
-9 113 -9
23 -83 19
25 75 -27
34 37 37
-8 65 14
17 39 1
25 78 -5
-23 -64 -31
-25 67 39
-6 -63 33
-32 61 -13
35 -65 4
18 -65 -33
64 15 6
70 10 -35
-9 -42 3
47 37 -25
-36 4 -1
5 99 19
17 -107 -35
4 76 -9
-53 19 -40
13 115 3
36 -106 -3
5 12 4
-3 -84 -32
39 19 43
-17 91 -22
-42 19 35
-25 61 -32
-28 75 9
-12 30 -18
-18 -1 -33
-1 47 -28
-12 63 -4
10 35 -38
7 -63 -18
25 -81 -14
3 45 -11
-60 56 -29
-19 95 34
-9 14 -11
-3 -124 -20
42 48 -8
14 15 -58
-33 -65 -15
-9 -3 -5
13 72 8
-24 -67 3
-12 82 8
16 18 -15
23 54 1
-2 101 2
0 15 53
13 62 46
0 62 -51
32 3 -4
10 -50 4
50 63 -8
-24 47 38
5 6 -27
39 62 29
-27 -118 -11
20 -119 -13
38 25 4
-2 47 8
-42 16 -29
-45 44 16
-39 48 -18
27 60 -31
-31 38 6
-69 15 3
38 24 -22
-1 26 33
6 -67 22
10 56 14
-45 15 8
-2 20 17
-14 12 -26
19 100 -5
17 89 -24
-21 -108 -34
16 0 2
14 67 -16
-2 59 -17
-7 -124 16
-12 93 -7
13 20 13
-33 -111 13
21 -118 14
26 -63 17
21 86 13
31 38 -4
-17 24 2
-33 77 -15
-1 4 36
-19 -95 36
-50 63 18
-12 -73 -26
11 47 41
61 -1 7
13 -124 -1
-32 25 24
-22 61 14
-33 4 -25
5 -35 -1
31 16 32
-20 -67 34
-1 -2 7
13 45 23
-9 99 15
-2 -116 29
-15 -124 -8
-11 50 -10
-23 -76 -17
-18 -111 33
20 -91 32
-17 113 4
-42 -90 2
-1 73 5
-44 35 0
-22 -75 19
0 75 -40
-21 5 19
10 26 0
9 74 35
-25 37 21
15 -74 -22
1 -116 -30
17 -67 -7
-17 -56 3
-5 -56 -19
-27 48 -11
13 -1 -55
-16 62 29
32 -94 -12
7 13 25
-3 -77 27
19 66 -4
2 32 -15
37 74 -7
1 57 -37
26 90 -11
-30 13 7
43 15 -3
-38 -101 -10
22 49 -10
-18 37 -30
-6 -89 35
12 37 -51
-32 -92 -20
-22 20 -13
-32 -78 3
-12 37 -6
6 -99 -36
5 104 -8
-34 -68 12
24 -75 8
0 113 -21
23 59 15
-12 -67 22
-8 74 -11
24 -93 -25
-19 61 -21
-36 -116 -1
-27 -86 25
-10 36 6
-32 37 -21
-25 -114 22
21 3 -13
35 40 -22
4 13 -17
30 -93 15
21 -112 25
9 -124 -13
-34 -98 17
-23 90 13
-11 -47 -8
-2 89 8
12 90 22
-14 -124 5
0 83 -31
1 -10 -3
6 -58 13
4 67 16
16 46 11
-18 -95 -36
15 101 7
4 37 3
26 39 25
19 -114 -25
-7 13 7
12 -55 -10
15 -78 26
-5 83 -4
-23 46 13
44 13 -23
8 -1 29
35 68 -38
-19 70 4
-31 67 49
-4 -36 -9
7 -63 33
-16 -67 11
-11 -116 -30
-1 55 19
9 -111 33
-24 55 -2
24 49 -28
48 67 35
-19 -124 16
31 -113 6
12 79 -19
28 -70 -5
3 -76 -27
10 24 -43
-11 84 -15
10 48 -2
24 12 22
5 89 -7
-24 1 -2
-13 55 9
-12 4 -19
10 57 -12
8 81 11
16 85 -10
13 40 -11
-29 14 21
-29 -73 -7
37 46 27
-23 14 -3
-11 1 11
-13 91 25
10 14 -6
-4 59 6
-41 1 32
13 -124 11
-1 44 21
7 9 15
-19 69 -11
29 -112 -11
-24 -115 -23
-58 14 2
20 -64 -23
-3 -49 10
-11 75 17
-17 102 -6
-6 -31 0
-14 7 -5
19 8 -3
12 99 -15
26 -97 24
36 -100 6
5 109 3
-33 49 10
31 49 -6
-29 87 -14
-1 6 -9
46 19 52
31 60 23
-12 -63 -33
0 36 36
-1 30 9
19 -71 18
2 -124 11
-2 -67 -24
20 31 -6
47 56 -47
-2 64 -7
38 10 4
32 14 -5
-12 46 15
6 3 -2
-47 25 0
25 23 -15
-27 44 -1
6 -88 -34
-57 66 -26
-22 33 3
30 -81 -5
-6 48 -1
-26 -100 -31
65 19 -33
23 60 -11
5 54 -23
17 29 16
37 -96 -3
-24 -65 -21
-20 15 -34
21 -84 -25
-19 56 -10
49 40 -9
-39 61 -20
21 76 13
-26 10 -21
-61 19 -46
-18 43 -13
15 75 -9
13 62 22
9 -65 -29
13 61 6
0 -27 -7
8 67 -8
-38 27 -27
28 4 27
-2 18 -5
-15 75 -18
-32 -124 -5
75 15 8
15 -59 -2
-6 111 3
6 25 21
5 82 0
-11 -65 -19
43 4 -24
-35 17 28
-11 21 11
12 1 11
1 0 -17
-14 -84 -32
6 47 15
-51 20 39
8 89 32
7 98 0
1 54 -8
6 -108 -34
-32 89 10
25 44 1
19 113 -5
1 13 44
-44 11 -1
5 42 -20
-2 21 6
30 -84 10
-12 58 22
-12 89 2
-6 -124 -10
-24 -124 -17
21 -124 6
-25 29 -15
40 60 -7
28 26 2
-33 -110 -14
0 36 -7
-20 52 32
55 14 5
10 13 -47
24 4 3
-26 25 5
4 113 16
-8 71 -1
4 65 7
-23 -67 -12
-14 -124 -17
-3 -67 24
-15 25 -25
6 26 -8
-39 -96 9
-10 84 19
-28 -78 11
3 -124 -27
8 53 22
-1 7 10
-11 -116 29
-25 -119 12
1 -95 36
28 41 -12
20 60 -25
14 57 -4
-30 63 17
-8 -124 -28
-35 0 7
-20 -62 -4
17 -98 -36
-14 -103 36
25 -67 5
-4 92 -1
-10 5 3
10 -101 36
8 30 -31
-26 54 9
10 52 7
-11 23 -13
13 13 8
-9 104 -5
31 -115 -3
22 -106 -28
21 -73 -13
23 10 -18
-35 13 -23
22 -124 -6
0 85 -14
3 -44 6
-29 -82 -17
-1 -3 -9
1 3 45
9 113 -7
-48 14 -35
39 34 3
5 -53 -16
-11 16 0
-11 -51 7
-42 7 -30
-5 -110 -33
6 25 10
11 41 7
-11 26 -5
8 -67 14
17 56 35
1 8 28
17 22 -4
6 72 0
11 -91 35
15 62 55
13 -70 29
18 55 10
-19 -77 -25
0 49 -39
-4 -49 -15
-23 -67 16
-5 -123 26
-33 -66 3
9 49 32
12 46 -17
18 27 -16
14 -79 -29
-2 27 24
-12 -75 26
31 -62 -7
4 94 12
10 -116 -29
-11 56 1
18 -124 19
13 40 45
-16 62 5
25 93 16
9 -45 -2
0 96 -8
-16 -1 0
-10 72 7
-15 4 -27
-32 -116 7
30 85 -6
-26 74 -12
-14 0 -12
-39 -90 -6
-28 4 5
14 93 -4
-11 -54 -14
-6 39 -1
15 -67 -17
-21 -66 25
14 -118 25
28 24 30
-20 40 -2
0 81 7
9 60 38
18 73 -20
24 -113 -18
8 88 15
0 63 -60
-35 74 12
0 39 13
-17 -67 -26
10 10 -38
0 44 -2
-8 43 -12
-34 -99 -17
31 29 -20
-1 48 -20
-17 113 -8
25 90 -27
-39 -83 -1
-26 83 9
-23 -102 36
-5 -94 -36
45 12 6
29 -80 3
-18 75 10
19 -124 -18
-25 -91 -31
27 -89 -19
1 66 -19
34 14 39
2 60 13
-39 41 -26
-17 13 -12
2 15 61
58 63 -9
-34 -64 -7
-22 -88 34
35 14 -23
-1 76 -2
-32 95 -14
-37 32 0
0 99 -22
-25 28 21
3 -123 26
-57 62 21
-8 -82 31
-14 -89 35
9 41 -4
23 48 14
6 4 21
12 107 -3
21 35 20
1 -26 1
-14 -62 31
-40 -108 -4
17 -112 32
18 47 -4
50 12 -3
34 90 25
39 56 -15
19 22 18
-28 19 0
1 0 14
32 -102 -12
2 104 8
6 -124 4
-5 57 -3
-20 49 -9
-19 -117 26
-9 53 16
3 53 4
-16 -55 -8
-13 57 -17
2 -68 32
25 -90 22
18 -96 36
15 63 30
-9 50 7
-20 -116 -29
29 -62 9
8 34 -11
-3 65 1
19 -84 28
-5 -2 2
25 -105 23
-11 112 -2
-8 78 2
-2 -64 16
-1 -35 4
22 -62 23
3 30 2
4 -76 27
-20 -124 1
12 6 1
-36 -90 -13
0 60 -44
7 74 12
25 -118 5
-7 2 -12
-47 4 2
21 -67 11
-4 97 10
17 55 -12
-32 53 -14
11 86 -3
32 41 31
-19 8 12
1 5 3
32 56 -7
10 50 -10
-6 32 -8
-38 -89 8
-50 13 2
25 26 -4
11 -121 -21
-2 40 6
11 99 -8
-18 19 13
-27 -81 18
-26 -109 27
26 80 16
13 5 -6
-78 14 3
30 52 -32
-32 -91 19
4 21 -3
0 105 -13
29 -96 -18
-31 -104 21
-16 88 9
-9 -66 -28
0 75 -32
34 66 25
-36 -103 12
6 38 24
-14 -107 -35
-8 66 -11
8 4 -33
45 25 5
-29 -72 7
-14 37 -24
1 -61 -20
6 3 8
-9 43 9
8 9 -12
2 96 5
-6 10 0
-22 61 36
35 -67 -3
12 -59 8
-9 100 5
13 33 -1
24 71 -6
-14 15 8
16 13 2
37 -3 -4
33 4 3
20 80 -25
18 -78 19
3 14 -7
25 53 -5
33 52 24
-41 -97 -5
22 -67 -1
-18 -62 5
6 72 22
-11 -68 32
6 -124 -4
-34 57 20
13 -62 -13
17 78 8
-8 -36 -3
-14 -57 9
27 11 29
-18 74 29
5 45 8
-15 96 3
5 113 -13
-1 11 37
-24 47 6
-17 49 10
-15 70 -5
6 3 -21
1 69 -10
-14 -121 -23
0 54 -31
2 -69 -30
-18 52 -2
6 16 -23
-22 -124 22
-7 98 -8
-3 14 13
-31 37 24
1 -111 33
1 24 -12
-6 71 13
50 15 -26
59 15 -30
17 15 -69
-22 77 5
-26 55 -13
8 15 32
4 -38 -7
1 -20 -5
-24 85 -9
-6 26 4
-12 57 -6
7 95 -12
-28 -86 -23
-12 44 -2
41 41 -25
-18 -68 -32
32 -99 12
20 48 -22
9 72 -16
16 9 17
11 -92 -35
2 83 -8
43 68 30
16 52 0
-37 -112 5
34 -88 -5
2 88 0
22 -98 30
12 -51 -3
-28 31 -23
-30 6 -2
8 84 26
-36 -69 -3
25 -113 16
1 21 23
-21 63 -27
4 -51 11
0 32 30
26 11 -3
-29 4 -20
-34 -124 2
24 -77 -9
13 46 4
-24 21 -19
0 -104 -35
-44 44 -21
-12 -124 -1
15 -73 23
6 63 -13
-19 91 29
4 -3 0
-11 -67 16
24 4 -4
-50 11 9
7 23 -32
-24 -124 -11
9 33 4
-29 -62 16
10 16 -13
-37 -63 8
5 -117 28
27 3 -16
-27 -77 -12
-27 -67 11
36 -92 5
10 74 17
31 -87 -11
18 44 -14
-28 7 20
-32 -79 -5
-3 -41 6
-1 13 4
6 -124 -20
-5 -79 -28
-12 -124 20
9 -124 16
2 -124 -13
-6 -124 5
-12 49 -16
-38 6 30
5 66 0
3 50 -15
49 4 -27
-42 61 14
1 -62 31
21 -90 -30
-1 -15 0
32 62 -34
10 -74 -26
1 53 10
22 -124 12
-32 -117 -6
-8 13 -5
-7 77 -4
-30 -98 -24
12 -111 -33
-14 31 -2
-19 -67 -18
-13 44 -8
24 35 -4
6 34 -5
1 88 -35
56 3 5
-20 31 15
10 -104 -36
-7 7 -8
-12 108 3
15 1 -11
-19 -75 25
-43 -98 3
-2 34 4
2 8 -16
-24 -81 -23
-29 -110 -21
42 4 3
-18 -101 -36
23 -68 -20
-40 14 30
5 47 22
34 -107 7
21 -107 29
-16 11 0
-4 106 7
-33 63 53
-29 -114 16
-23 90 36
-51 63 -24
-26 -124 15
34 31 3
-23 11 16
-15 -51 -1
-22 -62 30
-31 -95 23
5 24 3
23 4 23
-42 66 -20
17 25 11
20 -68 -27
13 -64 31
29 -71 1
0 24 39
-13 75 23
-27 -107 -27
-18 57 26
6 100 7
-48 15 36
43 15 48
-28 -67 -9
20 -79 -18
0 -85 33
5 -63 -33
7 -67 -24
-5 -117 -28
-1 112 8
0 69 -3
-16 5 -14
-37 12 -29
-7 -67 -34
-35 -82 6
17 83 -21
-9 3 -3
11 96 5
-21 -119 -19
-8 -100 36
20 -116 20
26 -99 -24
-23 -84 29
-28 -69 -15
11 37 -44
-24 -124 9
-3 -13 -5
19 -69 25
6 9 -2
28 -99 19
-12 9 -21
-7 1 7
3 88 9
10 112 0
-16 64 -8
-6 22 -1
11 67 5
-2 -73 -26
29 12 -17
-24 -68 -26
-27 63 42
7 60 -7
-8 33 -2
-6 94 4
-2 48 -6
22 -124 -13
-3 81 2
-2 50 -12
-20 25 -15
9 78 -2
-66 16 -49
-14 89 -18
38 4 -21
10 0 3
14 6 12
-30 -63 -19
30 -68 -10
-6 -29 -5
7 75 27
10 18 8
-11 84 1
-5 -7 -3
12 -82 31
-5 49 13
19 -124 0
-8 -86 -34
-8 -42 -8
-13 99 -5
2 -81 -31
-4 25 -7
-18 3 14
-29 -118 2
18 8 -16
3 94 0
-23 10 5
16 -124 -13
-35 -105 -15
29 62 18
-1 89 -8
-28 80 -13
44 63 34
10 49 18
18 70 10
-11 51 -4
-2 -124 18
-21 8 -16
34 40 -36
-1 -124 -8
40 68 -41
-1 -40 -11
6 -2 -6
13 53 -15
35 -98 -8
-56 15 -43
9 26 -37
-14 -124 13
-6 -71 27
15 -124 26
-6 60 -8
7 104 2
-6 109 -6
15 15 -10
-14 43 10
-12 -79 -28
8 57 5
33 -93 10
25 -119 -4
-9 69 17
-12 44 4
-16 26 12
32 -110 -6
20 91 -10
-40 47 15
-17 29 4
13 -64 -34
7 42 -10
25 53 18
9 54 -5
41 63 -42
30 -107 -14
-11 24 -19
31 90 -33
33 35 -19
1 3 25
