-39 0 -3
39 118 -17
39 -60 -2
-40 80 -33
28 44 24
-22 123 26
26 3 -33
-23 -60 29
-17 -52 -35
16 -14 35
14 60 -32
-23 49 7
-21 12 36
0 97 -15
-16 12 -38
41 7 7
19 -59 34
1 7 0
23 -38 -32
27 81 10
-38 -39 -1
-18 82 26
0 -60 -1
-23 -24 30
10 39 -5
38 -27 7
-26 -19 -28
-17 69 -16
2 -15 -39
3 59 19
26 12 32
1 -38 38
8 -60 -28
34 -18 -19
13 71 -9
-19 -3 14
-24 -60 -11
15 123 -24
2 116 23
-14 27 -1
27 -36 28
4 7 41
-9 -3 -20
24 99 -14
-34 12 -22
-37 12 18
20 -3 15
39 12 -15
-36 -20 12
20 -3 -8
-37 -60 11
31 -58 -23
6 11 -41
-5 50 -18
21 -60 11
-31 -41 -22
2 -40 -39
-3 -60 38
38 -40 -10
-15 103 22
-31 -42 21
-6 -13 38
7 25 10
12 100 -33
-25 70 11
-2 73 -30
-37 -20 -10
-19 90 -18
-5 41 11
1 -3 21
-3 113 -4
-17 -60 9
15 56 4
36 -47 14
-40 94 -19
31 -18 24
2 -60 18
21 -16 -33
39 -10 -2
2 22 -10
-42 49 10
18 -60 -10
-15 -31 -36
37 107 -2
-16 -44 35
0 113 -28
-19 -3 -5
-24 -1 -30
8 -3 -27
8 74 27
14 40 16
-10 -60 -21
-23 -7 30
34 0 23
13 54 -12
-11 67 20
1 81 -14
-28 109 15
-18 54 -7
-5 0 -39
-35 -4 15
15 -30 35
32 -60 22
-34 -7 -18
36 -3 -16
12 -28 -37
-13 -16 -36
-1 64 -10
-28 -58 -26
-5 36 -12
20 -53 -33
-4 -59 -38
18 85 -11
3 -3 -11
-37 -60 -5
18 1 37
-28 79 -23
14 -45 36
-10 -29 37
-35 13 3
-8 1 34
32 -33 -22
-7 91 28
-11 54 13
20 69 7
25 62 -15
38 -25 -8
3 -60 -15
37 -7 11
-35 60 6
7 43 -18
14 0 -39
9 -3 6
21 113 -17
-14 41 -4
-40 12 -10
-9 -3 5
3 -23 38
1 62 -23
28 12 -23
23 -3 -21
-11 -60 21
-5 19 4
-30 5 27
-36 -34 12
-38 -13 1
-33 -27 -20
6 -3 33
36 4 -4
15 49 -39
-35 -53 -15
25 -7 29
-37 -47 11
-14 91 18
32 11 16
-13 -60 -3
-23 -41 -31
18 12 -37
30 -45 -24
12 13 34
39 -41 4
9 -51 -38
23 74 -15
-1 -28 -39
-9 13 40
25 -48 29
36 -52 -14
34 -33 18
-2 47 -6
27 -3 2
10 45 6
19 -60 -23
13 -60 1
-22 13 -28
-11 -3 23
-14 -56 35
-32 -27 21
-31 -55 22
3 -50 38
25 -60 0
17 -60 22
-24 -37 29
-10 -42 -37
-17 38 7
-29 -15 24
-28 -60 2
27 -26 -29
10 52 -24
23 -22 31
-23 -3 -16
-6 30 7
-29 -3 2
5 -60 29
7 16 3
7 27 -1
-38 -26 3
38 -58 9
-7 -3 -6
-20 60 10
-7 88 -12
-13 77 14
-14 2 -33
-40 4 8
3 48 14
-26 75 -13
6 32 -13
12 -11 -37
-25 -30 -29
5 36 9
29 -11 -27
-37 -36 -11
12 -3 24
22 47 16
36 -18 14
-19 3 29
-38 -51 1
-4 15 -6
-6 -60 11
-3 9 -36
-5 108 22
18 95 -22
10 -60 11
30 -60 -12
8 64 27
-32 5 -13
-17 113 24
0 106 -21
-3 29 -3
-26 -48 28
22 3 28
-4 -3 -29
13 -3 -18
27 107 -9
33 1 -25
14 -42 -36
14 32 8
-21 -11 -32
-27 -60 14
-12 -60 -31
-29 -3 -8
42 12 -1
4 2 -36
39 -20 1
7 99 -24
-6 -45 38
-26 -3 21
-14 -7 35
-1 105 -9
-18 -16 34
2 -3 -1
-24 12 26
20 -6 -34
-32 88 -20
32 -43 22
13 -60 -36
9 -58 37
-33 1 -25
38 -15 -11
0 -3 9
-21 63 -8
-7 -60 -12
17 -3 1
-2 -60 -26
-37 -10 -9
39 -49 -1
-12 48 -11
-27 -48 -27
-6 -10 -38
-19 -60 -24
-28 -10 -26
33 1 14
10 62 -8
6 50 -6
31 113 -16
30 -27 24
33 10 26
32 6 -17
-4 -60 27
39 -2 4
-28 61 14
26 13 -32
7 -11 38
33 -8 21
-14 46 9
-20 -3 5
-34 -17 -18
39 -32 0
19 -37 34
-1 13 36
-9 -24 -38
-37 -47 -9
10 -3 -5
-20 78 -19
-30 6 19
-18 -23 -34
17 5 -32
-14 61 -13
-3 -50 -39
-2 0 41
-22 6 -35
-2 65 -31
30 -60 12
25 -60 -30
36 -31 -14
-12 63 11
19 61 -8
-6 -35 -38
20 -30 -34
8 -3 16
7 -60 -6
3 -3 -20
-7 10 1
35 -44 -17
-16 1 38
11 -60 -20
-14 75 23
0 73 -11
-39 1 -12
-38 -29 -5
37 -37 11
25 -60 29
-20 107 17
-13 8 33
7 -32 38
-11 33 -5
-14 -8 -36
9 0 40
-32 -60 -19
11 10 -34
-1 55 -8
27 -3 22
35 -55 16
35 12 -7
-30 8 -29
-10 6 -40
-15 96 -15
-21 -60 21
-35 6 -5
20 9 36
28 -3 -12
-3 37 -4
13 -22 36
5 -60 -38
-37 -9 8
-9 -37 37
9 -19 -38
-22 44 2
14 49 -6
-8 22 -4
1 55 -19
16 62 9
-28 -3 10
-16 -60 -12
1 -60 7
-20 -60 -33
-11 -21 37
36 13 8
34 -10 -20
-17 -3 -27
9 -60 22
-34 10 10
2 -7 -39
32 -51 22
18 66 -15
41 6 -10
-32 -60 -11
-28 56 9
4 18 -4
38 -3 -8
8 36 2
7 -34 -38
39 6 16
0 25 7
-6 -53 38
23 -60 -16
-19 -51 33
-5 -3 15
-15 -3 -15
-33 80 -29
24 -47 -30
-36 -60 3
-35 4 2
14 -5 36
-35 -42 -15
-35 1 21
1 89 -16
31 7 -28
1 40 -13
-32 12 25
-17 35 0
-9 98 25
-9 60 17
-4 -3 -14
32 -60 3
-2 -3 28
24 -60 19
-7 -60 2
-20 -60 2
-34 -11 18
-20 -31 32
29 -37 -27
-41 11 -2
8 57 -29
-29 6 -20
10 5 34
-27 -30 28
35 12 -23
0 6 -42
29 -19 -27
-17 53 9
29 5 21
42 4 0
34 -3 -2
-38 -35 5
-29 82 -16
38 -60 -11
8 55 16
-1 -7 38
-10 -55 -37
-38 -3 4
-5 2 1
28 -3 10
21 92 -13
-5 59 -21
4 43 -5
29 4 30
-5 43 -15
34 -23 19
-33 13 -15
25 -4 -29
-11 23 5
0 13 4
-4 -25 38
18 -23 -35
-33 -34 19
-17 -44 -34
-13 -60 28
17 -60 -30
10 47 -11
15 -3 -25
-26 0 32
9 12 40
24 -30 30
10 32 13
-10 12 -34
38 -50 8
23 50 23
21 -3 7
-16 -3 29
-36 0 -19
36 8 2
12 51 8
18 -3 29
0 29 -10
-38 -22 -3
36 -23 -15
24 75 7
-10 5 40
15 -35 -36
38 -16 7
-3 -32 38
12 -60 31
38 -53 -7
0 4 35
-13 70 13
-10 37 6
-12 -3 13
-23 -60 -18
2 -16 38
14 -3 11
-38 55 10
-18 -3 22
-3 -60 -19
-38 5 16
35 -58 -17
-10 16 -1
-23 85 -21
-36 -27 11
-29 -22 25
40 0 12
-20 -34 -33
-33 -18 19
25 -14 29
9 66 21
-28 -60 -5
-14 83 16
32 -24 -23
-24 -14 29
-16 -37 35
5 42 11
17 39 10
7 32 -6
28 -52 -27
-23 69 -11
11 -37 37
9 -2 -34
22 106 -14
-35 -54 14
-3 7 41
-34 -35 -17
-33 -60 18
-12 0 -39
-16 48 -5
-27 -2 -22
-7 49 13
-32 -49 -21
-36 -26 -13
2 11 -5
30 -2 -20
20 1 -37
15 -52 35
5 49 -22
17 117 -21
-22 6 -28
20 -44 33
39 -55 3
16 77 -10
6 -44 38
23 8 -27
-29 -8 25
-34 3 10
12 -60 -13
-37 -53 8
24 -60 -7
-14 -60 15
19 -46 -34
-16 -26 35
-37 -41 8
-17 9 -31
-24 6 33
27 12 24
-15 -38 -35
-22 -43 31
37 2 -20
-1 -21 -39
34 -51 -20
-7 12 -41
-19 -4 -34
-37 -19 6
5 -26 -38
5 29 5
-11 -49 37
-21 65 13
20 -3 22
-14 31 5
2 47 -16
24 0 33
36 -12 16
27 4 -24
35 -39 17
37 -31 13
4 21 3
7 -44 -38
-28 13 -22
10 23 5
-29 -26 -25
-31 -35 -23
-22 12 -34
-24 3 25
5 10 35
-5 -60 -5
4 -60 -23
16 -60 7
13 -60 17
-7 -5 38
3 -3 -31
-34 -46 17
-33 -3 -3
-3 7 -4
7 1 -41
20 9 29
12 55 -36
35 4 8
-11 -49 -37
39 -36 -5
0 68 -26
37 -8 -12
-9 42 -8
-10 -3 -31
11 -3 -12
-11 -3 -1
6 -60 1
-16 5 -38
-5 -60 19
-19 10 30
-15 42 3
-29 -60 25
-9 -60 36
-23 -52 -30
-10 104 19
14 6 -39
28 -54 27
4 9 -35
-30 -48 23
-27 51 3
-36 6 -20
34 5 -11
-8 -3 30
-1 32 10
13 48 1
36 12 20
-41 7 3
25 -32 -29
-13 55 -12
-29 -37 24
19 -8 34
32 -40 -22
16 3 32
41 13 5
-38 -7 -3
38 -35 6
24 -11 -31
-17 49 4
1 53 17
-32 -2 -15
18 12 -31
4 18 8
-3 -60 -32
8 -17 38
-14 -60 3
-19 -60 -4
26 -3 -4
38 -10 6
-38 -16 -4
-21 -18 -32
-7 -16 -38
38 -46 -9
16 -1 -32
0 12 -42
1 0 -40
25 -42 29
24 68 -15
-25 -54 28
11 4 -34
-19 -10 33
-12 -14 36
3 -60 37
-15 64 16
-29 -1 26
35 -4 16
32 106 -6
-27 -60 8
-29 13 20
-39 12 12
30 -60 -6
-9 5 -35
-4 -19 38
19 -60 1
19 64 4
1 -3 15
15 -53 -36
28 -3 16
36 6 21
-4 24 -8
6 -3 27
-19 -58 33
39 1 -14
-8 28 -7
16 55 -7
-38 -45 2
15 -16 -36
39 12 15
-17 7 37
13 6 39
-26 12 31
21 7 -36
23 1 -28
38 -43 10
29 -10 25
-31 1 16
37 -25 13
0 -2 35
-40 5 -8
33 12 -15
29 -60 -18
23 -22 -31
-38 9 -15
35 -36 -17
18 45 20
-2 -3 -23
8 60 18
-18 -3 -20
15 -60 -5
-20 -3 -11
-15 -60 -18
-34 10 -10
5 69 24
21 102 -18
16 61 -14
25 7 33
28 -22 27
-37 -55 -10
8 38 -15
-4 -44 -38
-4 93 -14
-9 -30 -38
41 1 -5
2 12 41
-27 -42 -27
-10 42 9
-21 1 35
3 -48 -39
-36 -14 -13
11 43 0
31 -37 23
5 98 -18
-2 1 -4
-4 66 -25
36 3 1
-1 17 -9
41 12 -7
1 39 12
-11 -3 -10
-23 -60 -28
-15 12 37
3 -55 -39
-20 44 7
-22 73 -16
38 -31 -8
5 25 -6
-30 -20 -24
-36 7 21
-37 -4 -9
8 56 -7
-35 -39 14
30 1 -30
12 -1 33
27 109 -16
-7 11 35
-37 -41 -9
20 -18 33
-16 70 19
25 -60 -24
27 -1 28
36 -60 14
5 10 2
-16 108 20
-34 -23 16
-27 4 -31
-12 22 0
19 43 13
-32 -11 -21
-35 -30 16
15 11 39
8 -25 38
7 -13 -38
11 12 -40
0 2 3
38 7 -18
-3 18 -1
-22 -47 -31
-8 0 40
-41 1 2
-19 118 25
-15 96 19
34 -28 -20
-38 0 10
39 -42 -5
3 64 22
29 -31 -26
15 -3 17
11 -3 1
-4 -3 3
-33 6 -25
-1 -60 13
-7 -3 10
0 -60 31
-14 -3 8
3 -60 -30
23 -60 5
-21 -3 27
-28 -3 16
-16 -60 23
17 -60 -18
14 -60 -25
32 -3 4
-2 -3 -9
39 -27 2
-38 -34 -3
-8 -5 -38
38 -60 4
7 38 -10
22 -60 25
20 -31 33
12 44 -5
32 -14 -23
-1 -43 38
-39 13 7
3 38 -4
-41 5 -2
3 1 41
39 -18 -4
17 -11 -35
8 -5 38
1 32 -15
15 -6 -36
-11 51 9
-35 -21 -15
-1 -2 -36
-12 -2 33
-23 -23 -31
-26 73 15
36 13 -1
-5 35 9
-20 1 -37
-1 -54 38
-19 1 -30
-33 -3 9
-19 -21 33
30 39 26
-38 -57 -1
-19 65 -13
-15 -59 -35
1 102 -13
-24 -14 -30
8 40 6
-34 2 -10
28 -42 -28
38 -10 -8
-38 -8 3
34 -47 20
5 -3 -6
7 -60 6
-9 -3 -26
-26 -60 19
-24 -3 1
1 44 13
-22 -60 10
10 29 9
8 -39 -38
8 -53 38
24 8 26
8 -3 -21
-30 55 4
1 -35 -39
-26 12 -32
-31 10 16
7 -7 -38
18 -3 -17
-13 37 3
3 -29 38
-37 -30 -10
-31 -56 -22
29 -48 26
-24 -6 -30
38 -21 6
39 -15 2
13 -47 -37
34 0 -12
-12 -41 36
21 -58 -33
30 -4 -24
36 -13 -15
-10 27 2
39 -48 4
9 69 27
6 53 -25
-13 59 15
19 -3 34
-36 -13 11
2 39 -18
-19 -60 15
15 -3 -9
-7 -3 20
-7 -60 31
-32 -60 6
-32 -3 20
28 -60 6
-31 -60 11
-33 -60 -1
-9 -60 16
6 -3 10
-23 -3 11
-28 -42 25
25 -3 -16
-38 -30 0
-3 4 -36
6 -39 38
3 -3 5
31 -32 23
-33 -22 -20
-8 -60 -34
33 6 14
-18 -60 28
18 -60 17
-19 -5 33
-35 -58 -15
-25 -35 -29
18 13 33
-25 -3 -11
-11 -60 -15
7 -60 -33
0 -60 24
17 -3 -4
-24 66 9
-17 -3 1
6 -3 -15
-11 -60 11
-13 -60 33
39 -37 1
41 2 7
6 22 -2
-27 67 14
29 13 -28
9 99 -29
22 -56 32
-36 91 -20
14 -57 36
-22 7 27
-29 -60 -15
34 -3 10
1 -60 -35
9 49 -20
-25 -20 29
37 2 18
3 14 0
31 13 21
-1 -12 38
17 -24 35
38 -20 -11
3 102 -21
-1 109 -7
-8 15 4
-33 -51 20
6 3 35
-38 -49 -4
-35 12 -5
34 -60 18
-35 -30 -15
13 35 12
-37 1 16
4 -21 -38
-37 -31 8
28 -30 27
-5 5 35
2 8 5
-10 -36 -37
-5 25 6
39 -24 -3
-26 78 -19
-34 -47 -17
-14 -32 35
-19 40 3
-37 -38 -6
-3 12 40
34 -14 20
-20 56 6
14 58 9
-30 -5 -23
38 -35 -11
-25 9 -25
-38 4 -15
23 -35 31
-18 60 -11
-3 7 3
12 -9 37
12 55 -27
23 -1 -32
-9 36 -9
-17 -15 -34
-6 -40 -38
8 32 1
-4 54 -19
-15 51 -9
-10 27 -3
-32 -8 21
-30 -46 -23
-25 1 -25
-12 11 -40
4 4 -41
22 -3 -26
15 52 2
20 65 -10
-35 0 0
-3 42 -6
23 -28 -31
-5 31 -11
-8 -1 -35
4 26 -10
-29 -51 -25
34 10 12
1 35 -12
30 7 -21
-38 -49 5
22 69 -11
30 11 29
1 13 -36
-29 -27 25
30 -5 24
-37 -59 -11
-22 -48 31
12 66 -8
-5 -2 35
15 -41 35
-36 10 -19
-39 7 12
-35 1 -5
-38 -21 1
-15 -50 35
25 -17 -29
-4 -37 38
-35 60 10
-12 58 10
-1 19 6
-10 108 21
-7 -52 -38
23 -43 -32
30 1 20
14 8 33
-37 -15 -9
-31 -31 23
-13 37 -3
-7 53 15
32 3 26
-30 2 -28
-22 -3 -26
-15 -25 -36
25 103 -16
33 -29 20
27 -56 -29
-1 113 23
3 45 -21
-15 -3 -8
-9 -60 25
