183 106 59
70 159 233
184 86 197
72 81 125
103 198 31
139 153 135
86 101 31
163 167 233
103 80 231
70 152 90
70 150 162
176 82 126
165 167 31
117 81 169
117 80 82
184 144 177
122 142 196
131 142 76
184 151 99
141 81 31
70 152 31
147 109 233
117 144 31
79 122 205
72 97 75
116 169 233
97 142 126
117 84 125
182 131 220
74 87 167
154 123 31
182 106 160
112 128 233
180 142 137
141 195 43
184 109 98
184 150 60
179 80 31
95 153 60
173 81 233
109 153 160
154 160 196
72 99 233
151 142 166
116 96 51
71 124 52
88 152 191
149 153 103
143 141 224
179 81 80
108 153 98
135 80 231
153 153 58
87 80 96
179 117 192
184 128 35
184 111 130
77 80 51
70 129 233
113 172 43
71 153 122
95 88 144
122 116 31
97 152 220
97 127 40
137 168 31
166 142 79
121 102 224
160 99 40
126 142 115
184 105 233
178 152 203
106 81 31
70 145 210
167 127 54
70 149 61
95 157 31
93 80 71
93 113 224
159 142 123
124 153 55
139 167 224
170 153 157
136 127 48
118 142 140
184 152 35
182 152 233
92 142 81
72 97 107
180 121 77
131 164 202
143 144 31
131 153 172
109 88 103
88 142 150
187 82 102
92 98 54
164 125 233
74 98 144
179 87 172
184 87 147
163 142 186
180 106 31
95 80 121
111 161 192
77 131 31
159 142 208
83 142 107
80 80 224
141 104 31
117 84 147
179 108 212
125 148 233
70 87 31
129 126 219
157 142 145
92 135 233
70 143 184
112 153 73
143 142 194
180 153 120
96 142 174
95 87 167
165 145 31
119 193 43
184 87 52
149 153 82
135 142 153
163 99 224
177 101 80
92 166 233
103 80 53
70 142 141
151 177 42
134 142 96
177 100 114
164 122 211
184 89 218
167 142 103
83 98 126
116 129 47
70 113 31
178 121 111
113 153 124
159 80 36
81 142 46
155 80 226
113 142 216
164 145 233
123 97 31
103 142 197
107 153 45
73 80 85
184 150 79
103 100 233
85 153 135
116 142 174
77 80 144
151 159 40
83 97 92
102 111 31
81 165 40
88 80 36
101 88 85
170 81 95
183 118 174
131 185 31
150 157 214
91 132 215
170 153 49
175 134 202
122 80 40
74 98 58
167 153 134
137 142 58
109 142 59
111 95 160
139 125 233
154 142 44
87 153 164
169 116 40
184 142 160
137 97 224
183 118 146
87 98 156
124 153 88
107 144 233
128 152 214
109 88 69
177 97 135
143 142 119
90 153 93
81 153 75
119 88 233
128 131 31
90 94 224
121 163 31
138 156 187
104 142 109
73 80 67
181 137 49
169 153 66
124 117 233
104 153 144
77 141 224
72 81 107
170 152 220
149 142 69
87 120 52
106 181 31
182 120 50
184 96 184
79 122 221
156 153 177
148 153 233
169 153 92
183 122 233
98 94 40
146 153 153
168 130 31
124 153 153
139 142 178
93 153 112
87 152 207
94 139 31
128 174 43
72 153 105
72 100 40
175 92 40
112 126 217
151 197 31
85 142 63
88 151 233
86 117 31
109 129 31
132 157 40
127 153 104
168 142 167
177 90 65
113 157 224
170 81 111
107 80 136
125 142 45
114 142 86
137 153 68
165 142 58
104 80 154
151 111 40
131 142 130
162 153 112
177 138 233
148 142 92
80 142 198
152 124 224
184 142 193
138 142 210
78 153 149
122 156 184
99 142 160
151 94 233
178 121 93
83 91 66
173 152 183
99 160 201
183 153 146
184 92 92
101 153 83
114 106 40
184 148 216
117 80 59
81 142 174
162 111 233
165 157 205
105 114 233
86 88 81
139 93 40
136 112 224
95 88 105
85 80 156
70 143 76
152 153 127
127 133 233
83 142 125
112 152 206
169 138 219
174 89 158
82 111 233
178 142 89
101 153 184
70 110 224
81 142 90
184 107 44
100 170 38
99 142 49
135 153 121
132 112 40
117 142 157
105 190 43
109 80 114
182 121 209
146 183 31
88 80 135
73 153 45
152 93 31
105 170 224
172 142 116
104 142 74
83 91 113
73 97 158
184 142 109
126 163 224
144 142 142
173 119 224
70 152 197
81 160 224
160 109 31
175 164 229
184 97 206
181 120 64
126 153 140
139 142 44
175 94 233
109 92 224
83 91 46
109 86 43
101 142 211
141 125 31
118 142 71
183 153 167
111 142 186
127 142 184
121 142 103
154 137 233
98 142 140
96 142 94
177 140 31
74 153 175
178 122 124
70 140 38
113 153 111
186 81 115
149 169 233
72 133 211
175 162 40
98 125 224
121 156 198
109 80 93
184 109 72
158 153 164
109 140 40
116 197 31
137 152 202
174 142 152
125 153 72
166 90 31
104 160 233
81 132 56
109 157 31
85 124 233
88 80 58
76 142 154
135 198 31
167 137 46
163 153 146
178 142 68
109 98 31
71 152 222
157 159 224
72 91 96
184 142 124
85 130 43
163 142 91
160 142 157
173 153 104
135 155 233
177 98 101
118 142 125
83 153 56
137 153 85
97 153 132
153 137 31
184 153 132
77 118 40
92 153 48
162 153 76
154 142 105
71 82 233
104 88 123
81 90 233
175 103 224
184 86 232
91 80 233
70 142 110
83 142 186
119 153 43
104 80 76
118 183 31
143 142 81
104 153 171
184 109 201
72 82 155
97 88 63
138 160 212
162 88 233
179 107 181
139 183 43
163 158 40
145 153 165
160 128 40
168 142 139
184 113 117
139 167 43
83 153 120
184 86 135
129 144 31
71 142 127
184 91 75
138 152 222
104 97 53
153 169 31
179 107 142
163 156 189
92 111 40
119 133 223
125 123 42
106 135 224
108 142 132
133 142 169
107 120 40
156 153 93
123 153 117
94 153 73
101 97 155
131 142 220
184 117 222
131 142 142
122 142 58
149 142 130
73 98 120
184 97 167
128 104 233
184 92 109
177 130 58
109 108 224
115 80 225
116 88 136
108 142 150
72 90 133
142 142 105
84 153 104
152 153 70
107 153 58
117 153 172
169 153 170
85 142 163
151 191 42
132 89 31
127 87 224
184 94 32
90 167 31
184 148 46
86 140 208
186 81 90
82 151 31
153 152 31
179 97 151
180 118 31
146 83 233
70 138 50
73 153 137
94 141 223
155 142 82
90 88 127
173 104 40
166 142 197
154 142 197
141 153 56
85 142 139
86 80 168
155 108 224
153 142 58
184 142 205
175 125 43
85 80 111
179 86 186
97 90 233
152 153 143
104 147 31
125 142 210
136 153 147
70 142 233
172 157 31
184 117 158
70 129 40
179 97 194
93 153 146
106 88 146
77 152 188
98 153 157
97 142 60
146 142 155
92 142 195
177 101 68
132 168 233
157 142 176
117 86 31
173 122 202
137 140 233
179 96 55
127 101 40
133 81 40
70 161 38
184 93 120
114 153 135
184 108 86
72 92 85
118 92 40
85 153 176
94 90 31
83 97 137
151 86 40
114 183 43
138 153 104
127 142 88
170 154 233
98 80 96
151 142 215
144 153 114
81 153 86
144 159 31
160 118 224
143 120 40
143 131 40
114 101 233
184 152 186
160 133 224
149 152 191
84 91 101
109 142 165
184 97 226
146 161 204
129 198 42
172 89 224
106 83 169
117 120 224
124 164 43
169 142 127
108 142 119
82 91 31
86 101 233
70 143 172
141 153 45
117 88 94
105 152 195
184 153 109
176 142 184
101 122 31
109 88 58
97 162 224
97 84 41
74 80 95
85 90 165
89 121 216
80 134 233
174 90 144
183 85 40
86 152 220
170 152 195
184 96 44
72 89 48
116 80 70
72 88 59
75 92 224
177 108 105
117 88 114
184 153 157
179 153 88
128 152 191
184 87 161
71 117 233
106 80 63
129 106 31
167 133 209
177 101 91
102 131 233
112 153 88
181 141 224
112 172 31
113 153 150
98 153 103
83 142 75
108 142 95
82 103 40
152 142 185
135 116 31
83 153 42
104 80 105
169 80 40
183 106 191
112 154 182
180 86 210
82 106 224
146 91 224
85 132 224
98 103 224
155 170 224
184 158 225
179 80 224
80 133 204
95 80 83
83 80 68
72 130 223
177 84 103
131 162 191
72 88 117
103 153 122
127 154 31
87 80 146
84 141 31
163 142 68
94 142 184
128 142 65
139 142 71
78 152 213
88 142 53
145 103 224
129 185 43
184 115 105
114 142 203
112 119 31
123 142 166
177 102 124
95 142 116
146 114 224
166 135 233
88 121 40
72 121 212
107 164 42
180 106 170
115 80 103
181 120 134
114 162 202
94 162 40
83 98 75
179 142 169
93 88 95
172 142 210
95 86 224
111 88 81
174 120 56
156 153 154
146 153 92
133 142 193
115 111 233
127 94 233
124 158 233
87 80 46
170 110 31
163 153 102
87 127 31
126 111 224
103 88 133
148 152 223
173 153 147
170 153 121
78 80 134
184 143 150
170 128 219
177 141 41
152 103 31
117 84 157
117 80 49
165 80 226
71 153 78
151 97 40
76 101 31
172 153 76
77 163 31
79 121 58
155 152 206
153 120 233
98 149 233
80 147 233
118 133 31
116 137 233
93 153 123
131 153 130
122 153 163
101 142 85
95 80 159
122 112 40
94 109 233
177 88 86
177 113 82
123 133 40
76 121 31
70 142 89
136 134 224
84 93 56
84 91 150
109 152 216
180 97 215
177 86 116
158 152 216
77 86 40
70 149 151
82 80 88
114 142 49
105 178 43
165 118 31
77 142 117
119 153 64
136 137 31
94 88 75
80 153 159
116 107 31
87 153 65
174 96 31
88 153 81
143 161 233
72 110 40
94 141 41
158 155 233
131 142 105
104 80 127
92 142 104
101 152 211
106 142 174
142 108 40
148 112 31
174 125 233
137 108 233
134 177 31
141 142 133
174 142 54
165 89 40
162 110 40
156 170 40
172 104 233
80 157 233
141 122 224
143 82 224
184 116 184
75 142 102
182 118 41
132 142 203
128 80 31
157 101 233
70 142 201
118 153 80
131 153 160
103 163 31
107 99 40
72 89 149
92 101 40
166 167 224
72 94 66
75 153 68
184 161 37
103 110 40
132 137 40
74 142 65
143 80 40
94 94 162
165 120 48
177 91 126
136 89 233
177 111 66
147 161 224
184 132 228
111 190 31
98 80 145
138 160 197
154 153 46
121 142 80
146 152 200
77 153 95
176 142 101
119 152 212
158 153 136
139 153 76
136 153 95
163 154 31
163 100 31
139 99 233
152 142 116
180 140 214
175 120 215
184 106 223
143 90 31
77 81 31
184 137 38
105 117 224
152 137 224
184 97 143
159 152 196
178 153 42
131 155 182
182 142 76
122 161 191
184 110 152
163 153 125
125 171 31
166 153 56
81 109 31
98 98 31
99 131 31
112 92 233
160 142 132
168 118 233
118 168 224
131 92 40
138 153 176
135 142 114
119 124 31
125 142 153
160 153 68
98 80 135
152 121 40
146 141 233
106 129 40
163 153 85
102 88 96
93 142 72
169 142 176
80 142 55
91 109 31
117 153 99
85 88 135
175 142 161
99 140 233
184 96 68
95 152 202
127 152 223
72 161 224
160 89 224
72 87 73
128 131 48
128 152 205
121 142 94
133 117 233
115 158 233
126 80 231
184 150 70
177 109 114
152 131 40
159 142 217
176 142 196
125 198 34
184 142 95
107 169 233
107 88 114
172 81 86
117 152 191
179 112 50
70 142 218
141 171 232
76 80 116
113 80 38
184 92 176
159 131 31
154 83 31
99 121 233
177 112 135
162 142 110
81 80 102
85 142 99
101 80 114
144 173 31
177 153 140
176 153 61
92 80 105
173 152 210
99 155 40
157 161 31
139 189 31
109 140 31
148 168 43
184 130 211
91 90 154
104 86 224
88 90 40
102 89 154
94 92 47
120 126 217
74 152 205
72 142 163
122 141 223
177 127 31
87 165 224
184 152 196
70 150 113
184 117 89
134 159 224
179 114 205
90 123 224
104 88 75
172 83 31
177 113 96
92 152 183
155 96 224
80 80 60
147 129 233
119 90 224
174 148 31
96 153 167
184 114 166
133 153 49
119 142 187
144 131 224
129 119 224
104 153 70
170 142 64
143 174 43
96 80 63
84 152 200
87 80 124
117 142 111
155 148 233
88 142 171
165 98 233
102 80 89
90 93 233
76 142 82
184 117 199
106 198 40
80 98 152
183 97 129
184 96 157
76 139 207
80 119 49
162 142 50
184 124 224
152 178 31
154 156 186
70 145 53
81 98 109
167 166 39
70 127 31
84 89 121
144 152 183
184 147 116
117 97 155
70 91 40
86 141 224
177 113 126
173 165 31
144 152 215
70 90 231
133 127 40
184 110 36
176 127 224
73 98 91
73 80 163
178 152 174
131 134 217
124 171 232
70 121 38
76 123 233
91 153 154
173 153 113
174 142 109
84 113 224
70 145 192
177 86 94
147 142 176
115 153 55
105 153 130
107 124 224
163 125 224
96 133 224
75 139 31
175 153 132
144 153 145
105 153 114
153 184 35
121 153 126
178 83 139
90 88 61
96 158 233
99 153 50
138 153 155
184 90 101
143 142 164
80 80 233
97 153 177
179 92 201
162 137 40
182 162 233
82 98 63
184 114 213
72 92 125
118 152 221
117 88 72
117 88 52
175 158 224
105 91 31
157 143 31
78 142 132
132 142 50
78 153 113
138 142 125
136 98 31
90 142 132
85 153 144
96 80 49
168 108 224
87 142 114
169 142 86
75 101 224
107 107 233
81 153 170
101 142 188
70 144 44
184 91 61
83 88 224
162 161 199
72 84 140
91 88 115
72 94 31
72 97 136
104 142 220
113 154 198
70 135 228
