95 92 142
200 233 130
55 233 130
136 163 43
157 158 215
166 48 104
125 176 134
76 155 196
145 115 98
140 47 167
100 45 96
82 168 84
138 237 125
183 162 84
182 181 143
145 113 154
72 183 144
124 153 178
94 44 147
98 212 117
172 74 144
136 179 87
132 74 79
89 142 152
132 30 125
102 115 106
166 154 173
175 148 45
166 150 122
157 200 117
115 163 216
97 158 49
114 146 82
123 85 168
87 79 105
166 86 108
97 247 130
91 151 116
153 144 78
124 210 144
129 99 125
96 173 171
163 41 141
191 201 117
137 41 88
65 202 117
144 154 149
130 155 109
161 115 126
146 172 188
113 113 155
157 202 147
101 192 142
82 54 122
125 200 116
110 89 90
97 71 162
150 77 167
107 171 102
104 32 122
110 173 72
123 175 161
154 167 103
158 69 88
158 164 59
87 136 179
123 32 150
108 157 139
151 180 134
112 49 167
76 177 119
169 159 148
134 160 70
158 226 138
72 162 172
101 150 196
97 116 132
168 141 98
98 218 141
107 64 82
83 70 142
176 65 121
181 179 118
63 207 141
148 91 93
193 210 140
119 32 103
120 172 194
161 56 159
158 93 146
102 187 119
122 115 94
148 33 107
149 172 165
174 146 69
92 148 92
119 232 137
158 149 194
95 95 119
84 163 134
160 172 82
137 158 204
101 152 169
158 247 130
95 151 70
147 159 125
118 158 55
129 99 147
142 145 170
135 147 90
148 99 115
145 34 149
125 152 157
122 221 120
81 147 214
127 65 174
168 89 128
175 158 106
110 160 119
113 99 111
108 93 156
117 46 85
158 220 119
131 99 101
112 150 102
161 37 122
87 60 101
161 145 158
83 81 125
150 148 102
106 175 134
97 167 188
130 194 136
84 162 103
153 51 89
102 167 154
168 164 189
173 166 131
112 99 140
171 69 103
107 32 139
134 222 134
131 173 104
80 158 152
97 229 126
173 56 139
128 159 140
140 151 187
143 92 160
115 248 129
145 99 136
120 154 196
157 139 177
98 160 210
124 178 178
137 57 80
132 89 86
93 41 111
195 217 123
168 135 81
60 217 123
188 193 132
99 91 102
89 42 131
130 163 124
69 189 128
97 55 160
81 148 170
130 163 90
96 76 91
111 71 171
149 31 131
156 114 142
98 203 130
84 141 197
142 62 172
130 186 122
172 49 125
110 160 90
157 209 132
156 157 87
129 114 158
156 113 110
156 157 45
105 177 86
108 39 156
172 164 163
125 41 163
122 61 78
83 55 139
105 152 154
81 68 113
176 149 84
146 161 174
118 78 80
102 145 182
90 81 150
148 168 151
131 209 126
160 83 95
154 150 63
113 158 74
164 74 157
118 30 119
136 174 73
148 79 85
90 150 137
136 169 58
111 99 125
102 113 145
132 31 108
153 44 158
166 152 136
98 141 81
155 194 136
136 81 170
158 233 125
90 163 64
120 164 169
163 161 202
103 108 118
157 101 126
153 187 120
98 57 90
69 189 114
106 35 104
173 167 177
89 136 166
133 30 139
135 225 120
126 170 149
100 101 133
173 79 117
128 95 160
89 157 82
124 52 171
146 99 149
147 163 138
107 82 165
81 147 183
155 94 104
118 234 124
181 157 71
80 67 126
146 67 81
164 59 95
132 149 77
144 101 102
77 174 134
136 163 216
119 165 183
189 197 145
119 97 96
187 189 113
120 163 43
99 199 115
154 87 158
150 40 96
94 144 105
150 157 112
60 218 136
169 148 108
141 249 130
112 110 100
122 216 132
175 75 130
89 62 153
114 169 60
154 64 167
122 30 132
133 111 99
85 82 138
145 158 161
98 163 177
126 37 92
152 144 90
180 177 131
117 101 152
98 216 129
196 221 135
161 95 115
137 37 159
136 156 58
172 143 56
178 153 59
173 55 114
98 205 142
149 176 177
170 63 150
178 156 94
146 31 119
118 164 204
67 195 143
158 163 73
159 39 107
168 85 142
136 99 114
74 159 183
132 212 115
89 90 130
142 168 199
125 147 168
192 205 129
158 214 143
100 162 164
64 203 130
163 47 150
163 148 146
103 63 167
90 49 103
98 87 155
108 164 129
81 168 123
139 34 100
109 96 100
149 170 127
149 54 167
89 154 127
162 153 184
109 160 107
102 186 130
106 75 84
125 197 126
98 151 60
143 161 187
108 52 85
167 155 161
78 157 163
131 99 136
109 42 92
133 153 98
125 163 158
130 201 144
158 172 93
99 156 185
102 99 110
113 59 171
104 141 172
136 169 83
129 165 113
98 162 200
93 66 93
141 99 124
156 98 137
84 55 110
98 37 139
86 165 74
128 52 80
87 158 93
117 154 65
153 108 134
176 62 131
167 43 131
158 219 130
154 108 119
162 146 168
91 89 109
89 52 149
98 229 137
153 34 140
101 85 93
123 107 100
169 46 116
121 221 141
137 98 155
136 156 84
130 172 94
112 30 129
84 149 160
120 91 88
133 216 142
123 75 172
157 210 116
125 204 134
108 168 83
159 46 97
162 83 153
160 36 132
136 108 151
138 237 135
176 171 123
156 197 126
153 155 96
130 174 125
158 238 134
155 154 72
119 92 162
171 156 116
97 115 122
86 47 117
84 156 143
105 146 162
123 99 113
113 146 92
105 176 124
126 107 152
95 37 124
138 81 82
102 46 159
137 71 173
80 148 202
87 86 117
125 166 131
133 89 165
86 159 113
153 61 85
169 138 71
104 98 145
88 46 140
112 107 147
125 187 140
140 157 195
168 158 128
120 99 135
120 226 128
154 34 114
113 33 148
143 148 161
164 74 95
97 140 91
148 106 110
113 31 111
109 107 108
187 191 123
176 171 138
124 209 120
142 31 139
136 95 93
130 163 103
174 68 112
82 77 117
135 33 151
116 69 79
141 49 84
85 138 188
90 74 98
144 84 166
173 148 95
94 84 99
115 55 81
133 55 172
120 173 171
97 237 131
143 152 177
171 77 107
85 69 105
187 189 146
151 164 117
117 36 156
102 33 132
105 160 148
107 168 111
119 157 188
146 109 146
74 180 129
84 49 131
154 188 129
123 30 111
141 88 88
115 149 74
101 35 113
86 150 150
128 44 85
158 154 203
169 48 141
146 40 158
125 157 166
91 71 156
166 135 91
125 187 129
153 187 141
154 39 151
158 145 185
101 39 150
104 99 119
132 64 78
69 189 137
133 217 125
139 166 208
93 149 81
100 195 126
162 157 194
58 225 126
163 93 134
171 142 89
129 83 81
120 146 176
107 169 92
175 67 139
119 31 141
98 223 120
90 152 105
155 154 53
158 79 161
125 156 148
138 162 52
173 144 77
128 30 118
114 79 169
103 184 140
161 65 161
184 185 128
97 42 103
132 162 79
81 59 131
117 239 130
158 212 124
167 55 152
105 106 142
115 102 103
113 165 68
94 63 160
94 158 59
141 30 128
120 174 186
76 155 174
128 35 157
144 153 168
131 33 100
170 86 120
138 30 114
109 163 99
198 225 127
136 229 138
63 209 121
151 180 125
67 194 120
130 154 90
111 36 98
156 164 95
116 166 53
162 95 124
95 48 155
131 210 136
130 47 169
137 115 157
172 80 135
128 95 92
155 79 89
103 54 165
161 147 177
82 165 92
120 46 167
136 169 67
100 79 161
111 156 83
81 147 193
102 110 135
166 154 153
135 152 69
145 42 90
98 114 113
128 167 140
146 71 170
128 158 118
131 176 81
152 105 141
124 164 177
147 168 179
155 89 96
119 164 191
152 156 104
168 160 179
94 51 96
81 67 135
177 152 77
77 153 188
146 162 154
136 229 130
85 162 126
151 114 149
167 42 123
95 171 182
130 181 137
157 201 138
125 195 142
157 159 65
120 149 185
130 201 121
194 214 132
104 73 167
84 141 174
125 193 118
149 99 127
145 59 82
185 187 136
140 108 102
173 52 132
111 88 163
110 98 150
171 162 155
170 161 170
168 56 101
140 99 144
191 202 137
193 210 121
91 157 74
157 115 134
111 154 95
172 61 108
135 36 94
95 96 129
98 144 74
158 115 119
99 70 87
116 85 85
175 56 122
99 198 136
148 167 159
108 83 86
111 153 111
66 197 135
154 33 125
102 50 90
125 169 166
155 194 144
100 155 203
158 57 90
94 79 156
130 99 109
149 92 156
176 150 53
142 53 170
147 165 168
164 40 115
101 151 177
154 99 110
120 156 172
62 211 135
118 69 173
120 160 209
149 173 135
82 77 134
89 146 144
105 91 95
158 163 83
142 73 80
119 36 95
179 155 85
107 153 146
154 150 84
162 86 101
173 152 101
167 79 101
99 199 146
110 44 162
125 180 126
100 104 124
159 166 66
87 143 162
99 159 192
107 99 132
58 225 134
115 162 61
92 87 146
89 133 172
107 115 151
154 51 162
130 77 172
158 140 168
157 205 123
161 92 108
181 159 78
103 156 160
121 59 173
158 218 137
90 42 121
124 100 155
124 99 102
98 171 164
98 166 170
86 76 146
76 177 141
107 175 80
73 182 136
150 72 84
130 205 113
158 227 130
105 164 142
173 80 124
133 41 164
98 202 123
151 115 103
154 38 103
131 146 84
166 153 143
120 99 127
122 216 125
129 99 118
146 162 147
148 96 99
175 147 61
156 157 79
90 90 137
133 160 96
131 209 144
175 72 122
92 55 155
117 53 170
125 163 150
147 164 131
156 70 164
119 108 151
97 94 109
83 74 110
126 31 144
126 90 165
141 146 179
93 57 95
89 90 123
120 226 135
136 157 76
139 114 95
152 165 110
184 184 120
84 59 144
99 92 150
105 58 84
168 73 151
127 70 78
168 63 99
142 165 193
148 88 162
188 192 140
98 110 126
159 158 208
116 114 96
100 158 171
137 102 99
88 157 119
88 156 99
170 55 146
146 99 108
125 177 167
136 166 76
120 159 178
154 148 70
143 38 95
123 115 155
109 31 117
124 210 130
142 76 170
190 200 125
81 74 127
113 62 80
178 152 67
127 110 96
72 183 121
159 48 156
119 40 89
124 99 142
120 170 178
137 30 133
147 110 103
147 51 85
138 68 79
156 57 163
130 171 133
130 171 87
105 40 97
80 168 136
166 146 114
136 163 61
66 196 127
103 160 154
98 162 184
93 41 140
81 63 118
78 174 125
81 146 176
124 172 156
111 164 78
82 145 208
110 159 125
104 180 129
101 150 190
122 85 83
129 104 98
109 159 133
78 152 180
130 162 132
153 150 91
134 167 94
165 163 196
118 40 161
97 222 130
147 33 144
130 191 126
134 223 140
106 113 102
151 146 96
155 193 119
166 90 117
81 72 120
104 88 159
89 153 87
170 147 101
165 68 95
130 196 116
157 207 141
144 151 155
89 66 98
120 157 202
158 167 89
98 147 67
99 114 140
119 160 49
139 242 129
120 162 197
93 148 99
148 155 117
130 200 134
122 99 148
137 99 134
152 96 147
68 190 147
131 115 93
140 41 162
149 172 172
146 44 162
131 99 155
95 155 64
131 109 155
147 99 142
161 64 91
135 51 82
155 102 118
80 155 158
172 165 125
87 68 151
176 69 127
143 157 181
114 94 94
166 152 167
120 30 125
163 148 162
170 84 113
85 83 131
87 157 132
167 67 154
162 54 94
97 63 89
134 95 159
157 160 51
148 36 101
124 47 83
172 66 145
106 33 111
60 219 130
94 39 117
119 169 200
111 156 101
166 141 104
87 48 111
130 182 131
111 152 89
140 162 199
81 168 130
97 166 195
99 65 164
141 105 148
125 172 128
160 170 76
87 158 106
125 170 174
156 111 125
125 205 141
125 31 105
101 189 136
181 180 125
168 88 135
120 228 121
160 42 149
136 231 124
164 44 108
198 227 133
110 71 82
109 55 168
178 160 99
91 91 117
122 149 163
157 89 153
100 193 120
97 235 125
148 85 88
150 112 143
104 96 105
102 109 111
92 158 68
98 215 136
112 77 82
98 210 128
105 101 138
109 102 146
88 75 151
122 99 119
130 188 135
130 203 127
126 30 124
125 188 123
62 212 129
133 218 119
167 82 148
84 52 116
175 62 114
125 205 124
125 183 135
95 144 86
98 204 136
130 170 110
164 90 141
146 160 167
172 144 83
125 198 135
180 178 137
94 38 131
99 157 179
132 31 145
125 163 144
117 75 172
85 140 182
113 30 123
87 51 143
132 68 174
112 65 171
130 177 89
177 152 90
112 47 86
158 223 124
117 96 156
98 204 113
130 195 123
126 161 128
124 210 136
134 30 118
169 51 109
125 193 131
117 99 115
128 30 132
64 203 136
109 102 105
135 99 148
102 80 89
104 182 123
98 211 142
114 159 68
96 170 176
65 201 123
136 99 105
104 99 127
129 86 168
126 59 173
153 105 113
113 152 79
97 155 54
171 141 66
108 165 105
129 32 150
125 207 114
152 142 84
169 137 86
154 161 100
159 75 90
67 195 114
170 160 133
65 201 141
114 33 105
147 174 183
132 213 130
150 98 105
83 61 110
130 204 138
120 152 191
135 159 89
99 97 114
130 169 128
102 145 176
86 87 126
141 62 79
106 174 95
101 36 144
106 171 128
125 160 172
84 162 89
140 164 47
128 165 119
131 152 104
172 52 119
122 168 187
105 45 92
131 152 82
130 180 123
87 161 77
174 74 114
189 196 115
149 38 154
172 83 129
160 96 130
173 165 168
113 99 146
125 98 96
80 59 125
132 169 100
106 104 113
163 87 148
156 156 60
88 84 143
169 46 136
103 145 168
136 156 64
141 93 92
120 178 172
153 86 92
166 152 127
166 160 185
177 173 129
153 35 108
92 149 110
164 153 178
130 175 99
159 39 144
100 156 196
97 223 137
103 166 148
