115 168 176
124 101 3
238 75 120
98 32 130
5 134 100
128 210 61
136 74 237
38 102 206
210 175 127
215 116 208
137 111 96
209 100 36
55 82 53
165 68 159
83 166 106
155 148 235
69 98 140
178 159 62
73 151 38
156 44 96
175 208 174
252 132 154
143 183 117
167 131 165
112 104 187
73 151 221
42 165 150
207 120 95
128 157 29
21 77 120
102 67 87
157 113 45
81 209 175
83 118 83
176 209 79
196 166 195
81 210 80
205 104 147
115 132 140
165 104 209
121 53 171
32 134 60
122 157 77
252 133 100
76 134 171
177 85 105
120 117 232
50 135 113
70 203 128
111 115 47
28 99 157
230 136 62
80 101 218
146 32 142
170 171 150
112 196 144
184 138 127
200 76 209
36 146 187
193 138 29
50 164 81
129 172 216
158 149 98
137 138 192
38 102 83
101 134 4
153 134 7
119 32 96
83 167 144
67 172 189
188 93 68
89 66 154
128 202 187
75 95 181
188 205 127
222 134 127
158 111 134
106 195 105
188 103 181
15 139 150
96 111 117
135 80 76
68 115 47
196 134 233
152 83 24
79 77 113
223 96 69
83 166 70
115 156 114
147 90 179
49 129 149
223 147 186
174 58 127
222 97 180
103 135 197
177 123 79
177 170 117
63 125 201
241 104 141
181 133 196
128 167 145
11 114 128
104 148 234
56 75 210
146 139 63
149 162 174
105 83 231
106 84 25
146 145 128
78 140 127
48 104 115
235 104 108
98 111 157
142 175 60
229 155 101
132 111 160
200 128 166
128 88 46
227 153 150
54 166 116
134 195 87
28 155 102
200 128 60
63 139 65
98 140 64
151 196 151
47 114 178
147 104 234
133 126 29
186 175 89
205 156 75
102 97 73
197 103 118
160 94 81
131 108 67
91 48 107
185 84 38
39 84 183
107 78 174
189 144 96
98 138 97
74 92 73
128 145 164
157 179 92
127 112 124
137 115 209
180 82 140
98 148 158
38 101 43
119 32 149
164 111 107
175 157 179
211 75 55
93 187 163
183 152 218
60 133 21
166 32 122
192 104 216
70 138 95
133 142 219
185 150 153
104 173 88
72 107 105
120 141 48
128 134 107
180 111 156
152 164 38
57 168 56
107 165 41
102 113 210
20 96 102
183 111 44
134 182 165
128 171 97
161 70 90
93 193 127
139 32 111
31 130 130
86 163 174
84 54 133
34 156 127
52 122 89
165 194 130
153 152 152
125 57 82
47 113 62
220 108 128
142 175 196
114 176 127
128 130 77
126 94 223
89 104 54
68 145 149
113 111 89
83 89 158
186 104 92
66 119 128
146 61 170
87 87 93
63 145 187
201 127 141
35 97 134
165 106 175
95 41 152
114 139 23
60 103 162
72 96 33
106 171 150
203 151 132
231 84 149
117 174 61
84 121 191
144 163 80
107 165 214
60 174 140
125 157 196
142 105 17
203 124 191
128 120 181
167 47 146
138 126 138
97 159 127
160 142 188
197 166 173
141 35 164
178 132 58
102 133 250
67 93 202
128 74 178
224 104 158
97 104 33
212 88 127
117 32 119
107 111 136
138 122 51
199 131 112
128 196 108
181 155 37
163 196 104
158 123 202
243 118 124
30 115 111
156 116 155
172 176 171
22 132 196
77 157 201
148 175 147
135 162 120
118 101 246
132 156 58
90 193 90
66 111 71
78 175 124
176 149 81
74 174 88
156 169 128
151 130 105
120 197 169
203 103 78
128 105 34
114 175 196
100 154 80
212 164 109
234 133 196
126 81 23
122 151 134
157 152 22
44 148 70
169 58 107
220 120 145
203 92 191
212 111 60
182 113 128
201 144 187
196 135 79
168 104 65
196 170 60
104 151 180
117 132 214
23 139 113
236 136 142
144 159 213
61 135 221
68 152 110
48 142 134
167 87 166
145 57 85
57 105 215
126 178 78
194 137 211
84 142 189
92 124 53
79 148 79
62 135 45
208 107 170
44 88 70
68 115 181
128 174 40
210 166 145
133 116 246
70 96 53
220 121 110
178 111 196
109 175 108
184 84 217
109 127 108
82 164 48
34 116 146
156 134 250
184 166 135
57 99 187
146 104 196
79 109 163
168 154 128
220 106 95
92 104 194
175 164 196
192 151 114
58 104 87
128 186 143
128 92 204
189 112 68
181 123 179
126 118 13
152 111 84
59 122 165
128 152 97
102 60 166
96 111 96
174 159 103
223 151 72
47 119 128
159 100 29
101 129 155
252 101 123
189 144 171
99 95 177
112 80 78
191 142 49
136 125 225
163 139 71
113 104 18
209 99 219
142 104 51
30 151 147
143 114 113
42 175 127
196 174 116
48 116 42
166 134 90
236 140 110
17 104 142
128 130 153
98 32 111
168 166 82
220 149 117
140 40 89
185 177 184
136 152 182
126 133 125
97 99 226
99 159 97
196 86 52
194 119 206
229 86 131
180 79 122
182 111 110
201 113 46
8 100 118
48 104 144
166 158 162
147 196 128
101 126 128
68 157 68
141 144 30
67 143 205
52 159 133
77 157 159
83 119 128
47 114 196
78 117 207
134 171 180
33 94 115
119 151 216
58 159 177
128 96 187
119 134 231
80 76 143
128 165 164
113 39 164
139 140 48
128 32 133
117 111 149
188 97 201
110 148 146
77 157 129
44 110 99
101 164 165
133 196 156
111 129 57
202 103 97
113 97 34
64 103 121
117 104 212
93 182 114
151 170 105
120 140 191
114 117 29
85 132 73
142 111 145
103 40 96
122 111 104
53 85 197
153 116 217
149 135 149
162 188 162
58 130 182
46 112 160
146 197 104
205 121 125
107 111 171
145 130 211
156 40 157
96 184 144
142 96 33
187 96 133
185 149 199
120 187 92
80 117 63
206 120 73
155 76 171
90 125 166
48 89 127
104 155 29
146 147 110
110 196 127
82 111 147
47 135 194
58 98 66
146 116 31
74 107 195
111 181 162
175 99 36
98 142 128
220 100 206
188 159 78
174 67 145
36 99 177
127 182 117
75 85 130
111 104 61
142 91 225
171 180 135
27 86 147
160 99 226
216 103 112
169 111 86
160 184 117
129 124 197
156 152 78
169 124 128
63 137 136
56 127 74
180 95 150
83 61 118
149 104 69
183 176 73
187 144 65
74 152 176
227 90 108
77 103 87
80 178 176
55 149 121
73 86 215
185 98 53
123 139 64
85 103 72
89 143 174
142 182 99
167 175 104
171 118 58
41 158 111
77 132 59
154 129 54
214 136 61
109 151 68
69 127 84
192 140 142
220 100 47
106 198 161
128 148 148
167 200 88
206 120 154
210 79 196
222 97 140
92 178 99
128 156 227
53 102 37
161 32 138
159 151 175
217 149 137
74 152 54
115 44 88
198 174 141
5 101 133
93 77 165
158 32 106
121 76 236
120 130 37
209 155 180
193 112 192
54 129 57
129 167 68
200 156 56
77 93 107
232 116 137
194 120 84
94 175 128
139 157 43
161 103 193
91 67 97
196 115 174
138 101 246
216 105 192
176 138 176
138 150 71
128 178 200
59 156 197
69 145 164
118 155 42
198 165 128
57 132 100
79 150 96
158 173 167
43 123 107
62 136 121
153 81 81
175 99 219
82 164 189
181 103 78
128 115 80
128 188 178
113 111 118
128 113 138
100 111 77
26 114 127
215 137 193
110 123 203
141 152 140
126 104 48
200 135 127
202 93 66
73 176 71
183 95 114
87 44 121
196 131 97
168 130 187
167 111 122
128 142 85
125 167 131
147 120 128
139 111 179
150 137 198
133 148 204
160 139 128
239 146 154
128 111 221
88 171 86
129 108 195
94 197 151
128 134 174
154 182 134
194 103 156
128 124 96
191 154 181
89 173 163
212 134 116
123 121 51
113 141 127
128 198 74
152 32 122
106 149 105
216 84 184
137 125 119
35 147 117
182 152 127
213 135 138
66 156 139
105 32 145
137 93 72
102 146 18
219 101 81
90 129 89
145 103 218
162 164 96
127 33 166
72 102 153
109 108 230
139 175 128
128 122 65
27 140 139
129 149 111
47 115 210
113 182 145
207 101 127
172 116 208
85 105 40
82 117 175
62 136 157
184 135 87
71 127 70
231 117 117
74 162 79
161 118 95
170 93 90
190 135 160
146 184 159
115 187 114
161 182 147
110 119 220
59 104 104
210 115 136
97 115 44
196 135 196
177 145 163
116 96 71
172 73 102
141 195 140
145 149 225
176 102 166
65 140 32
169 118 168
115 32 134
93 111 137
152 106 183
96 55 96
179 146 187
172 111 137
114 139 112
47 104 130
189 90 188
25 84 104
93 197 105
188 125 53
60 114 58
124 111 171
173 178 83
118 142 205
64 138 78
31 106 101
71 85 41
79 193 128
147 126 42
66 165 124
148 150 185
78 136 84
70 104 171
206 119 111
201 143 66
120 194 155
55 125 136
116 92 182
114 167 80
134 133 59
45 156 180
117 122 127
137 140 119
63 178 127
28 88 126
192 125 127
180 157 114
142 174 88
91 120 205
191 179 127
204 146 120
171 108 48
90 103 211
122 115 208
177 159 149
128 177 55
201 104 184
113 65 172
128 135 141
122 152 182
147 136 240
34 96 71
108 185 96
90 146 89
126 70 78
40 152 138
40 104 191
140 195 116
84 102 173
86 178 137
157 56 92
169 42 130
172 167 129
188 146 82
183 152 50
64 113 209
131 32 100
131 168 84
107 103 48
137 100 6
112 111 73
90 133 196
177 190 128
221 168 128
154 165 153
109 103 200
136 196 168
75 111 136
118 162 205
88 146 68
58 151 72
128 127 209
36 128 118
58 156 56
97 140 187
198 112 58
145 173 168
162 142 161
132 182 90
212 158 128
101 86 80
103 185 127
213 87 70
175 103 183
51 103 172
118 149 58
225 93 121
68 158 188
210 113 83
124 142 36
200 134 152
132 103 212
168 128 65
141 167 141
77 111 121
107 163 106
191 156 66
112 59 84
86 131 183
121 179 170
164 55 155
147 161 127
178 159 166
39 104 58
45 111 74
77 103 62
127 171 190
105 114 104
87 151 164
188 107 140
140 180 139
109 135 241
92 96 80
150 32 96
128 176 156
136 46 169
122 182 104
173 135 78
59 143 110
130 123 236
83 111 97
139 152 194
214 109 72
102 99 23
229 110 147
104 157 152
139 138 229
79 159 115
190 104 168
180 104 63
188 154 142
178 103 206
138 32 123
113 159 142
138 82 179
159 96 180
135 110 43
134 32 155
146 140 20
91 163 157
22 106 110
210 114 196
130 94 31
105 103 217
176 68 119
154 182 107
167 175 123
65 146 127
129 149 44
58 104 136
146 71 81
101 108 182
182 153 90
70 137 192
67 126 54
185 127 71
154 111 115
57 139 146
180 157 205
156 111 170
168 165 173
45 103 217
213 111 158
192 139 118
46 141 122
230 99 98
204 112 210
75 169 134
163 155 87
153 166 89
184 152 104
156 59 164
138 82 23
59 115 196
63 138 175
88 173 184
150 158 106
94 76 89
128 168 227
172 77 155
48 137 63
232 126 130
80 161 93
112 148 192
81 65 129
70 147 87
50 145 187
137 183 151
142 166 50
122 145 121
38 103 151
207 118 166
100 191 117
134 162 189
124 133 25
105 196 93
128 116 113
59 169 197
177 161 75
128 159 174
103 96 236
111 149 225
66 106 40
141 115 229
225 110 105
158 104 58
67 104 93
82 103 187
198 87 200
56 126 121
124 183 129
119 172 118
98 187 104
203 165 117
138 112 128
173 147 69
141 111 80
233 97 155
35 107 128
114 92 225
146 104 40
109 125 147
75 169 181
62 165 82
172 138 127
184 166 172
94 137 161
162 190 94
104 125 47
120 162 186
182 121 204
117 127 117
168 122 196
135 117 22
100 127 100
128 157 213
122 190 82
72 126 184
108 136 14
92 55 154
78 120 51
204 124 203
200 77 47
89 155 75
51 121 186
104 49 163
140 166 202
128 118 152
59 134 193
100 179 156
137 152 127
149 155 32
128 157 156
87 151 183
212 114 45
18 111 119
216 106 143
143 165 113
123 82 75
138 132 40
170 171 93
158 109 74
97 164 82
46 78 58
193 101 63
86 170 118
65 172 64
54 104 76
117 121 139
139 139 208
176 67 133
123 165 58
115 164 128
72 95 125
48 92 184
130 82 232
47 115 114
82 178 80
157 152 128
96 111 168
145 131 128
22 152 156
123 111 183
125 132 222
80 128 199
136 141 136
135 195 99
22 125 127
69 88 187
60 114 80
90 197 165
36 143 133
61 84 205
88 42 132
215 106 178
107 153 127
129 154 86
146 111 157
168 149 185
156 109 34
87 52 143
156 194 119
196 142 108
146 114 46
139 161 70
24 115 138
119 158 65
38 104 111
128 168 28
105 112 34
197 210 127
44 133 139
62 174 117
169 103 76
156 103 204
115 147 32
128 130 186
191 104 82
128 165 107
124 65 175
45 112 51
168 145 88
168 124 88
66 141 54
210 113 120
132 46 85
58 117 48
26 106 148
149 124 149
188 114 183
107 32 119
158 111 145
77 146 68
60 103 151
194 137 222
200 128 177
163 43 105
85 76 154
58 130 85
173 56 138
123 188 164
95 152 171
140 123 203
110 141 57
118 74 177
87 197 119
82 164 207
78 158 141
197 108 128
105 174 167
250 101 134
88 197 136
47 157 119
103 37 158
86 110 203
187 147 30
166 177 160
119 131 197
64 88 50
117 178 86
226 145 141
185 96 222
51 87 62
85 182 127
173 167 159
53 114 168
91 33 138
129 144 177
69 104 185
112 69 81
124 122 24
211 113 103
197 165 82
172 53 118
176 162 88
154 117 102
104 193 152
30 137 122
176 120 189
217 118 128
