-29 -11 -47
79 31 95
-79 31 94
106 34 -54
17 -88 59
-68 94 -8
49 -84 -43
18 54 21
-65 -83 8
-105 31 -62
41 93 -59
-26 -15 36
53 -19 4
-15 84 88
-48 80 -83
90 86 1
-24 -85 -62
13 32 -90
32 -5 64
-40 35 -2
-94 66 44
-4 -88 1
47 -3 -54
62 -82 15
-36 -67 56
69 61 46
-7 63 -50
33 60 102
-42 85 39
10 15 -19
14 -45 -63
-72 -6 9
-60 -49 -30
-103 56 -17
25 92 54
66 55 -32
69 57 -81
-60 55 -44
47 -47 47
3 -43 63
-45 52 72
-58 -43 27
-21 28 36
-29 41 -80
51 -41 -33
40 17 24
-40 92 -43
-21 -10 -6
7 -1 -66
-8 -4 71
-66 -6 -31
-37 -88 -24
106 54 -20
11 -10 17
11 -88 -37
30 55 -16
55 94 31
30 57 -68
-25 -47 -62
56 88 -15
-73 50 -77
-34 -88 27
39 57 66
44 23 -11
67 -50 -1
27 -88 18
10 14 45
-58 22 25
-75 89 27
28 -14 -25
67 -2 -26
-5 31 6
-54 -2 47
46 -83 46
41 -16 34
-78 47 65
34 -88 -13
-35 58 -24
-53 -26 -10
19 84 84
87 83 33
-19 56 20
-32 60 101
-69 -53 0
-2 -88 31
1 43 -28
0 -14 -38
-14 -86 62
-73 66 -18
-22 94 60
-57 60 46
-47 -70 -47
66 -2 27
83 45 69
-87 45 -40
28 -70 -59
63 -84 -14
27 -61 64
56 68 -57
-3 39 -67
-33 68 -61
53 43 89
41 71 41
-38 -40 47
1 -71 -66
0 17 -45
6 -14 46
81 47 -57
-91 80 -2
29 11 -38
-46 -9 18
-63 22 -8
17 75 -52
63 -50 25
-53 -71 36
-31 67 56
83 67 -16
30 -31 -46
21 16 5
-39 -35 -43
94 60 50
-30 0 57
63 -63 -29
-62 -82 -19
-20 -3 -69
25 -31 48
52 76 -82
7 -13 -11
-53 78 -25
-38 -88 2
-41 -9 -25
-39 41 25
-17 45 -11
-4 6 4
6 32 28
45 82 -36
-13 -88 -23
-57 41 92
-15 -62 67
69 -1 -1
-14 -29 52
14 39 -6
49 -61 -50
30 -11 3
-13 -29 -53
-50 -1 -48
-11 28 -92
24 -9 -52
-54 40 -20
-58 63 -66
-56 -2 -7
92 45 -37
49 -18 -21
49 -1 50
-12 -10 18
-39 90 -66
-28 66 80
51 -32 22
-41 -87 49
59 48 65
-66 -65 20
-11 12 48
-4 -88 -53
104 70 -6
28 29 -24
50 9 6
13 -88 -14
-33 59 36
12 0 63
-18 -13 -29
-84 40 -62
30 44 -84
9 -26 -53
48 61 -25
-75 70 38
45 -2 -33
17 -87 -61
-36 -88 -45
26 32 17
-62 -1 28
5 -67 66
-19 51 -61
34 -48 -57
55 -67 36
-43 -25 32
28 75 66
-45 72 -45
-54 -88 24
24 -8 42
46 -88 4
11 55 -53
-20 -88 41
-8 -4 -53
-43 -52 -53
-52 -53 44
-53 -26 11
-50 21 7
-61 63 -85
-24 -44 60
15 46 -71
32 65 82
64 69 -18
31 -88 -39
-67 -63 -17
28 -88 42
46 -6 19
-56 95 31
73 93 -5
-7 -47 -66
66 -69 -3
-27 -66 -63
60 76 39
57 -35 -5
47 -88 28
-61 43 73
69 38 81
-24 27 2
-53 -86 -37
54 -2 -13
48 -77 -26
51 60 52
-19 -88 13
-50 -33 -26
-1 16 21
-38 -14 2
-36 -5 -63
-58 77 38
-74 58 52
65 54 -51
28 59 38
-69 12 9
-75 56 -33
-23 -88 -7
11 -88 10
40 -67 53
30 31 -4
-13 -9 55
-40 56 -73
28 -14 21
-20 75 -50
-38 -2 41
-69 50 -58
-17 -88 -41
36 -16 -40
-54 61 -29
24 -4 -68
11 40 13
11 -88 43
21 74 98
-91 54 56
-58 -66 -35
2 30 -16
-70 -6 -15
41 -32 37
-8 -14 36
19 27 37
-28 83 49
-33 45 10
-90 68 -13
6 19 -1
15 8 -44
-61 -40 4
-41 48 -12
-56 -76 -4
-43 52 92
28 -44 57
-20 81 73
55 65 -40
25 -75 52
19 92 70
-89 77 33
-30 -14 20
-76 80 -11
3 -29 54
59 -5 -41
-22 73 98
1 26 -32
43 87 38
17 -15 -39
-1 -10 6
64 -65 19
-79 38 79
84 53 -26
-89 57 -25
73 89 32
93 39 -63
64 -48 -17
47 79 -66
40 52 90
61 -42 12
-50 33 34
14 -62 -67
37 16 1
78 47 -73
-59 -40 -15
78 54 57
-6 -88 48
-55 53 61
37 -83 -53
35 -14 -11
-6 48 -53
-56 -2 9
-29 -83 58
2 -85 65
-46 75 -66
78 78 -7
-97 37 -50
-44 68 44
-28 -28 46
81 70 39
33 71 -62
44 -44 -47
-14 43 14
34 64 54
9 -6 -49
1 33 -80
-6 -10 -19
-14 39 -77
-42 57 55
-13 -64 -67
-48 -88 -13
-40 -19 -36
60 0 13
41 -29 -35
51 -1 32
-15 -75 -56
-8 18 33
-53 -77 14
8 -76 -54
14 -88 25
51 75 -23
13 -12 2
59 63 -73
16 -51 64
-56 91 -18
-50 -44 -40
-28 -26 -46
-39 29 12
53 -33 -19
-98 47 -30
33 82 48
31 -88 4
-8 -73 61
-55 -8 -21
-40 -3 -38
-67 -69 2
65 -83 1
26 -88 -25
-29 -13 -19
43 94 -44
11 -75 56
-16 -88 27
49 78 -50
77 51 -40
-47 -2 30
-33 -76 44
35 -2 -44
-2 22 -101
2 -36 -58
-22 -10 8
-22 -3 68
-55 -16 1
6 -13 32
50 48 76
6 -10 -26
55 -53 -39
-62 -56 30
6 68 -47
-10 32 -7
-63 76 -16
35 0 49
21 16 -28
-75 49 -45
-11 32 28
-1 -85 -66
-34 61 68
52 -75 25
-6 -88 17
-80 89 -1
-47 -39 37
-52 -75 -26
-6 -88 -34
-1 -88 -16
-42 -77 -37
-2 -16 -55
-5 -2 -72
-44 -2 56
-19 -76 52
36 -3 -62
-48 -88 37
-43 -54 53
-31 -74 -52
6 6 -6
0 6 51
32 -86 55
42 -77 34
55 -88 -25
36 -75 -42
95 41 -49
47 -88 -10
-50 26 -5
21 63 -57
-66 -51 13
0 47 -41
-44 83 -53
16 -10 53
54 -76 3
21 -10 -14
-28 51 -71
55 -54 39
8 20 33
-17 -15 -42
-39 -64 -56
63 -70 -18
-19 63 -55
89 72 -6
30 -20 43
27 -56 -64
2 -8 58
-52 -58 -46
55 -7 -25
-20 -8 -55
-52 -32 22
35 21 -31
55 -66 -39
9 14 -34
-29 73 68
-51 -88 3
20 -88 -48
-8 -51 66
-50 -65 47
-50 -21 -21
52 -23 -8
-13 19 1
-46 29 23
71 54 -64
-53 -1 -31
-68 -1 -3
50 -20 19
96 64 -14
7 29 8
20 -14 31
-46 83 -34
-35 -1 -50
-25 -13 49
-27 -62 64
65 38 93
-8 -11 -5
67 -56 11
52 -41 32
-39 -15 38
37 -62 -57
41 -88 -26
42 -15 11
-24 -88 -27
-54 61 -52
6 45 -59
32 20 15
-30 -40 -53
16 -36 55
36 54 -79
-101 69 -8
-34 58 87
-67 35 90
57 -2 0
94 70 42
20 -34 -54
40 -3 37
71 46 64
103 41 -40
14 26 -22
21 -21 -49
54 -32 8
67 82 -11
64 53 55
19 -88 1
-65 -83 -7
26 -76 -48
2 -60 -70
40 -12 -25
60 67 -84
-66 -50 -14
7 -88 -25
-47 -15 -8
25 -1 55
-67 48 61
46 86 -76
-50 62 -40
43 -15 -2
-17 93 72
-54 70 -79
44 -88 16
24 73 79
20 48 -10
60 -49 -29
16 -23 50
-50 -75 25
-21 35 -87
59 64 -28
90 52 57
55 65 43
-35 46 -2
-30 -88 14
66 -1 -13
-46 71 -31
-34 74 43
27 -88 30
-51 49 82
-46 -82 -47
34 -76 43
55 -6 41
-63 56 -74
48 15 -3
-84 44 -51
27 65 93
48 -58 50
35 -40 49
71 77 35
67 -58 -12
-71 79 32
-23 54 -15
41 57 78
-54 -88 -25
6 -88 54
0 12 39
95 53 -22
-32 -52 59
82 62 49
54 -78 -11
-61 30 -16
-46 -14 29
-83 63 46
-17 -39 -57
20 40 -79
-2 -2 -5
101 48 -31
-56 -6 -40
-65 61 -30
42 11 14
19 55 -64
9 9 5
-16 -12 28
75 63 -23
-20 18 44
-39 95 -55
-95 37 -62
27 -9 -40
-21 75 84
-28 -15 -34
-63 -6 19
70 -6 13
22 -10 11
-59 17 13
34 25 29
27 26 6
38 -50 54
-52 85 33
10 -88 -52
-77 48 -66
24 -88 -10
-50 71 -57
-13 -41 59
46 -71 -46
28 -85 -59
63 61 -62
60 -85 26
65 -69 9
-26 82 61
-28 67 91
-11 -85 -64
-4 14 -3
-43 -79 42
-44 85 -74
48 -70 45
-32 -12 -8
8 30 -3
6 -4 71
49 51 63
21 -70 62
-28 58 -62
45 -10 -15
-7 -21 52
-47 36 -10
20 -4 69
49 -6 -44
55 -88 -3
-26 -88 3
-101 42 -39
-64 -43 -6
6 40 -73
-21 -70 62
24 49 -75
-13 44 -68
-4 -78 -58
-35 -88 40
79 36 84
-6 -1 57
-12 -13 7
25 81 57
-3 -61 69
-18 -54 -66
52 70 -67
-65 67 40
-10 -6 -63
-27 0 -59
-1 -10 18
-56 -31 1
57 -6 24
-13 -88 -7
40 -14 24
-62 85 31
54 -9 12
3 -8 -59
-22 -3 50
-31 -88 -35
-62 -72 -13
-47 -88 13
4 -45 -65
34 65 72
-50 -7 2
40 60 47
-32 -57 -62
-50 -18 20
59 43 77
-61 70 -24
3 28 -94
-16 -88 -55
-62 -71 -24
41 -88 38
83 44 -45
-59 19 2
19 -1 -56
-44 61 -29
-69 40 81
51 81 36
55 -83 -34
15 -63 66
29 -40 -53
-5 20 6
63 -42 0
-64 -1 -23
-9 -13 -34
-62 -72 10
-33 48 20
-9 32 -83
63 93 -8
56 -72 -28
-47 77 39
-2 25 26
-25 -37 52
13 -16 -52
-59 -39 14
-28 -73 54
-43 -88 -32
-36 -26 40
43 -20 -30
57 -41 -24
37 63 -71
-43 -28 -33
40 -6 56
-80 70 -12
-54 -78 -14
67 69 40
-21 -88 55
43 -78 -35
-38 59 78
30 -15 31
-57 -88 13
-43 -6 -55
39 57 -20
-56 -1 38
46 48 97
-36 62 49
-15 0 62
5 -9 -2
48 71 -38
-27 -6 42
-19 -21 -51
-22 -31 -52
-81 83 33
-50 -72 -38
-60 56 -58
33 -10 44
29 -1 -52
99 77 -1
48 -9 28
-83 50 -33
20 -69 -63
-47 -8 -15
-60 -81 21
8 -82 -64
39 -35 -42
-33 -7 50
43 56 56
4 -15 -47
40 -88 -43
-36 47 -78
-11 72 -48
8 -88 34
25 -82 60
-43 -88 24
20 -88 -34
52 -86 36
-68 -65 -7
-66 85 -13
-56 -83 34
-11 -13 -53
-54 -11 10
43 86 -50
-10 -13 46
54 -88 14
-45 57 64
51 68 -49
77 41 76
21 84 75
-32 -6 65
-61 56 55
74 69 -14
-21 -10 21
-33 30 4
38 30 -10
-25 58 28
-21 -7 -46
-18 -50 64
55 -10 -4
62 -65 29
-20 -10 -16
4 -88 -4
6 -88 21
17 -10 -23
-24 -88 22
3 -74 60
-8 -15 -44
19 -88 48
81 90 -2
-73 42 71
24 84 66
54 -75 13
-95 61 -18
-4 24 -3
60 57 -39
8 21 -27
-47 -6 43
-55 -47 35
-40 -15 -14
-24 -88 -18
-27 -88 -45
-46 -9 -34
-66 -55 22
-2 -88 -25
-38 -88 -13
14 64 -51
-60 43 84
-52 24 16
35 60 93
14 -5 -71
-57 -88 -13
50 -52 -46
-38 -83 -53
31 66 63
64 88 31
50 74 42
-60 -72 23
-15 88 80
20 -14 -30
20 -78 -55
-41 83 -44
22 76 89
37 -7 -34
61 -2 35
46 -40 39
-58 -36 -6
-68 54 -66
3 55 -48
-28 -88 34
35 23 -4
22 -42 -59
85 51 -35
35 -58 59
-24 -73 -58
-36 -9 -34
-55 -63 40
58 79 -17
36 -72 -51
47 -8 7
-48 -78 34
32 73 48
39 54 101
34 -31 42
-32 -15 43
69 42 72
106 60 -14
73 49 -48
27 -6 -60
23 58 30
-60 -8 -1
47 48 85
-27 72 -55
-85 77 -9
-67 55 -39
-67 51 -48
88 60 -20
17 -10 24
-58 -57 -37
-84 62 -17
-33 -77 -44
13 -15 38
61 -6 -32
-52 71 -70
28 -16 -46
18 18 44
57 -39 19
-37 -11 30
-80 59 -26
-86 70 41
7 -37 57
7 13 -43
-33 -19 -42
19 -88 34
-54 -33 -18
-45 -15 11
35 -88 27
19 11 -37
-7 46 -62
1 -1 5
-43 -42 -47
62 -42 -8
-1 13 12
-31 -5 -41
-48 -38 -35
-46 59 47
12 38 -81
64 -49 16
-34 -13 11
68 52 -40
60 59 49
-83 54 52
-54 -9 21
-4 -24 -54
-66 55 -82
-41 35 19
49 78 -74
23 -15 49
-34 39 4
33 -71 54
-31 -82 -57
-61 -6 -15
7 -53 -68
42 0 -47
48 75 -58
-10 -76 53
-86 48 63
-21 -24 50
-76 50 57
56 61 -51
91 75 36
11 -72 -62
44 89 -67
2 38 -21
-23 -6 58
23 6 -45
75 55 -27
-30 -10 4
26 73 -57
-41 26 4
-62 -88 1
-52 -15 -14
21 95 62
78 83 34
-47 45 -17
-10 56 -51
-5 -38 58
-6 -37 -58
48 -9 -30
61 -88 7
18 -8 -46
-1 -9 48
49 -34 -28
13 48 18
-53 55 53
3 -88 -39
3 -88 45
-29 -6 -67
-53 50 73
-53 65 41
69 54 -73
-82 43 -71
37 -6 -54
-46 -60 -52
16 -42 60
64 -6 -19
69 -62 0
-44 38 33
-64 93 28
16 81 93
53 71 -76
-80 46 -58
1 -88 13
33 -88 -30
-13 -88 52
-43 -88 -6
50 7 15
41 -88 -3
88 43 -53
19 -51 -65
101 35 -61
-57 60 -36
15 -11 -9
-69 -60 5
-38 -72 50
34 -14 13
52 -78 -19
1 -10 27
87 81 -5
-43 85 -61
14 -2 54
43 -50 -52
8 -22 52
-57 -81 -29
-13 -71 -63
-3 -1 65
-50 -37 29
10 -56 67
87 65 43
-65 -61 -25
48 0 42
-57 62 -75
-37 60 61
16 92 78
-6 -88 61
15 -88 17
35 -88 15
-31 -88 -9
-53 31 -12
15 -88 -24
21 38 -87
68 75 -16
59 0 -23
-33 -43 53
53 84 -22
-41 0 49
-34 60 -68
48 -88 -32
-21 46 -68
60 -74 -7
54 -29 -1
28 -38 51
-57 -1 19
-38 -88 14
-24 -77 -50
34 14 10
63 -87 -6
-62 -6 36
31 -8 36
61 -56 30
-16 -16 51
45 -36 -36
-7 -67 66
-3 -80 62
-100 52 -23
-91 37 -54
-82 42 72
14 29 32
47 -34 30
-31 -34 -47
-66 74 38
42 11 5
61 -83 -22
26 68 101
-73 88 -5
83 48 61
29 19 4
0 19 -8
-14 -44 -62
10 -1 -58
54 52 57
-65 -1 13
48 -5 -20
-20 88 65
60 -71 24
-93 42 -46
44 84 -61
-48 92 35
26 -8 52
-42 54 83
-14 22 36
81 44 -64
-41 -15 20
39 81 43
-18 78 93
7 29 -25
-10 -10 -27
55 -1 -35
-13 -9 -47
27 64 -63
1 -6 -69
-48 -4 -23
58 84 36
9 -10 -18
39 -15 -18
-36 -28 -41
-46 -15 2
6 0 -2
-31 -6 -55
-1 -11 -9
-1 31 -88
-47 -14 -27
9 -7 48
62 42 84
-34 37 12
-7 -54 -68
-2 -15 54
-57 -75 4
-36 54 95
-2 24 -41
-44 -88 -41
18 -79 56
-33 -46 -57
-26 -14 -27
-67 58 47
49 68 -29
43 -83 -49
-2 0 -65
22 -88 -18
