141 124 162
137 0 119
72 218 132
122 125 45
140 76 102
83 169 190
102 157 112
161 170 82
131 184 157
107 107 128
103 222 172
143 124 91
166 158 135
143 42 141
172 98 138
116 173 70
112 206 114
83 177 146
108 142 149
136 81 141
167 26 112
155 140 59
162 168 171
157 119 196
142 115 126
140 155 110
116 137 184
120 31 114
59 159 164
81 194 109
116 140 78
174 137 173
65 193 177
111 187 182
111 180 132
113 118 100
147 94 168
125 210 143
137 142 138
120 58 126
127 110 189
169 150 106
93 203 151
157 54 120
174 133 144
141 117 65
53 189 153
144 151 162
117 138 120
141 140 188
134 102 98
145 149 85
141 31 99
113 83 129
121 161 161
95 172 169
147 21 128
136 104 148
95 159 136
121 155 96
121 114 78
119 158 137
139 53 106
158 110 154
136 22 148
158 122 107
90 181 125
124 127 149
150 138 120
153 95 127
152 12 105
134 140 63
101 128 130
111 191 150
154 136 151
80 160 159
157 80 141
130 136 104
166 117 134
125 190 120
81 187 164
132 162 76
166 35 130
139 61 139
145 38 119
103 173 150
134 94 116
153 139 100
129 117 112
124 114 135
154 122 177
167 93 156
142 123 143
126 134 167
154 116 51
100 196 125
166 146 88
111 139 96
137 18 112
156 30 146
127 115 171
103 157 160
147 134 75
124 162 120
126 37 138
132 138 86
74 189 126
157 38 104
78 202 143
104 146 127
145 109 110
151 94 148
119 138 137
69 187 147
104 208 164
109 185 165
130 127 73
104 177 117
126 47 115
160 151 149
137 111 85
137 152 126
91 193 139
160 133 165
139 146 49
150 107 138
135 137 153
139 95 134
128 120 95
105 142 67
106 163 125
142 124 108
131 26 125
141 109 168
126 178 133
159 155 165
152 23 114
143 133 174
97 173 137
119 106 113
125 128 59
128 148 162
107 159 145
156 108 121
140 145 99
130 143 116
146 132 133
132 116 154
143 89 99
85 163 146
153 159 77
115 158 110
145 120 77
159 13 128
154 123 156
69 195 116
114 203 142
74 178 156
126 150 78
155 137 85
94 215 157
117 180 156
101 195 158
91 176 157
140 33 132
143 87 124
84 172 176
102 186 139
140 114 99
137 39 108
149 22 96
123 99 92
113 96 128
121 128 109
116 151 127
91 189 116
80 180 134
145 12 120
125 41 126
118 170 127
145 110 155
130 131 138
112 180 144
136 104 124
138 50 133
73 165 149
127 131 179
149 146 145
122 136 94
118 70 126
132 125 85
117 136 154
146 86 138
157 30 124
139 93 146
125 162 147
152 118 133
160 98 139
101 185 152
130 149 91
135 110 179
164 104 162
127 151 132
133 14 123
128 26 107
82 189 145
132 105 137
95 163 119
141 64 103
143 136 92
144 95 157
126 109 104
141 27 118
134 125 171
95 160 152
137 20 136
163 129 152
106 147 139
120 160 74
110 167 135
120 148 112
147 134 110
125 118 122
132 127 158
152 143 162
80 211 137
155 44 121
118 204 152
144 131 152
134 39 121
151 121 167
63 185 156
135 104 110
143 104 93
85 172 165
98 181 165
152 27 137
145 22 106
163 144 99
133 130 95
105 118 128
110 200 123
135 128 63
108 190 131
124 136 72
123 131 85
130 112 145
70 161 162
143 122 176
151 120 61
98 166 144
87 170 138
95 149 133
153 140 69
136 150 81
153 35 114
118 186 126
143 142 68
74 192 169
156 105 130
82 186 120
90 182 141
95 188 131
150 97 138
152 109 162
139 129 79
139 72 137
136 140 180
149 117 104
135 128 148
155 118 122
151 129 144
149 129 85
99 138 130
105 157 135
98 166 130
147 48 118
130 124 105
148 104 148
100 154 122
120 137 174
145 121 153
98 176 127
111 156 120
145 113 145
158 155 140
142 134 142
94 193 148
144 140 83
105 186 175
123 116 88
147 160 163
151 122 186
86 203 138
153 114 113
143 120 134
97 161 104
113 142 128
138 112 118
152 13 115
130 110 95
107 196 140
132 148 153
115 140 68
117 160 126
147 134 65
133 114 164
162 133 144
160 94 150
124 185 151
138 116 73
97 170 158
86 169 153
149 151 77
129 28 116
116 162 102
135 132 165
124 51 127
140 105 132
163 143 56
157 142 92
137 30 110
138 124 100
143 115 90
125 144 84
84 183 156
136 136 71
114 136 88
142 42 132
153 134 93
138 9 115
146 87 148
119 133 145
134 113 106
99 179 145
105 171 142
141 146 132
161 93 122
132 117 81
88 177 134
143 105 102
142 97 126
151 122 70
131 139 161
148 158 85
139 17 128
149 28 121
126 113 181
144 133 100
153 129 164
107 162 153
165 135 172
135 142 92
104 171 123
157 144 153
99 153 141
134 120 145
162 110 136
128 155 156
107 180 154
145 20 117
134 136 145
141 146 58
145 140 149
102 215 167
111 155 163
127 33 124
157 103 149
149 134 158
143 100 143
120 115 103
112 141 138
131 34 131
146 14 110
76 182 148
147 29 130
112 198 153
139 25 126
160 25 117
138 126 71
88 171 184
108 154 127
91 170 146
109 144 121
123 151 88
147 29 113
119 167 134
141 97 98
151 14 125
128 126 114
148 104 131
135 99 142
87 159 155
143 144 158
104 178 137
143 151 104
158 131 158
137 120 89
122 130 156
143 137 181
137 113 148
106 185 146
101 165 137
137 110 157
139 88 140
152 112 149
145 18 136
154 165 82
92 158 143
129 132 80
153 115 140
134 21 119
119 135 112
99 178 157
138 32 124
140 120 169
140 7 125
140 132 86
112 154 134
82 185 128
138 36 116
127 108 111
84 197 142
146 35 134
148 103 155
95 183 121
149 120 126
80 175 153
117 183 148
91 172 175
148 118 159
148 117 55
123 127 52
139 116 142
80 163 152
146 136 126
145 86 131
154 23 122
79 166 144
78 188 158
93 170 132
145 128 169
141 159 116
136 150 106
138 91 128
120 167 73
147 126 139
112 165 128
149 90 155
69 164 155
69 183 153
129 127 144
87 182 163
132 140 110
147 144 78
140 115 80
134 141 99
130 116 90
152 37 121
161 162 167
140 83 99
140 117 106
144 139 137
101 157 129
135 120 161
116 165 158
133 97 110
132 43 115
124 128 66
62 189 150
144 110 138
81 182 142
137 133 100
81 198 103
137 122 81
114 140 149
137 142 83
104 192 146
130 132 111
128 130 89
124 169 127
141 20 142
97 171 150
129 142 90
105 168 131
122 134 182
105 182 161
75 208 140
141 137 157
113 149 119
127 154 96
153 127 150
98 180 135
141 115 159
147 111 102
92 172 162
144 119 71
135 112 170
152 84 143
109 199 147
136 105 117
168 131 148
115 157 93
127 100 97
150 91 142
88 178 151
112 179 151
151 108 126
148 124 161
160 146 104
154 94 134
160 34 129
111 102 129
138 111 111
86 176 141
125 133 147
110 142 72
137 107 91
128 122 150
121 173 133
154 142 148
146 130 95
156 150 143
92 209 154
134 8 121
106 190 153
148 95 131
146 120 84
141 130 136
140 17 120
137 107 103
102 202 161
124 162 127
141 101 108
151 111 156
107 203 118
124 133 140
166 136 165
135 119 96
109 155 141
121 137 82
134 156 78
81 190 116
110 175 136
73 214 137
100 161 149
158 117 116
102 188 132
90 164 142
112 143 144
137 137 174
111 188 173
109 163 140
129 117 105
119 152 132
114 89 128
116 75 129
108 145 132
93 187 139
84 179 127
102 148 134
141 118 148
139 127 153
83 182 150
147 99 151
130 125 79
157 118 137
143 121 97
118 162 142
124 155 162
71 192 175
138 142 194
146 110 161
137 127 91
138 56 134
120 205 146
157 106 137
160 110 159
103 172 136
122 119 82
136 135 91
143 142 95
87 192 112
145 15 130
136 100 104
158 130 148
105 149 122
135 113 92
104 177 131
106 195 127
138 47 107
134 108 142
153 101 135
145 95 144
137 111 124
130 103 93
144 100 135
135 125 141
157 143 65
141 28 107
144 131 71
93 165 137
71 193 121
133 125 165
136 149 131
128 109 139
142 111 105
104 200 122
149 113 109
127 133 173
148 93 162
125 115 99
92 169 154
88 188 141
107 176 145
147 135 81
145 107 142
153 29 128
133 23 109
135 101 133
143 106 150
155 97 143
145 92 137
98 158 117
145 32 120
147 123 148
150 122 173
110 148 126
144 117 139
131 129 169
162 143 87
147 122 182
148 21 122
117 199 148
142 104 127
138 108 97
141 135 75
152 35 108
121 160 99
134 120 106
133 143 157
156 122 183
97 159 125
141 25 131
142 145 88
111 184 127
99 160 143
147 127 155
140 129 97
131 125 93
82 175 138
135 132 155
122 28 106
110 159 157
131 113 175
144 128 81
148 125 89
117 138 94
142 70 101
141 128 146
103 185 169
157 121 190
124 124 108
88 172 170
76 185 131
129 132 162
134 131 75
113 160 132
131 117 117
93 165 147
94 178 142
136 143 58
130 161 119
105 156 122
150 139 77
131 128 175
131 107 105
138 111 162
142 26 112
147 19 112
142 93 151
99 152 130
90 159 149
141 5 119
148 133 90
88 186 119
121 64 128
166 99 140
123 146 90
86 171 133
151 137 62
129 122 155
99 171 132
129 140 81
155 96 152
131 110 185
85 172 147
115 165 139
152 83 137
139 60 105
147 102 139
144 119 164
138 110 175
144 130 108
120 189 122
97 160 110
140 67 136
142 135 148
101 144 132
115 138 141
136 32 136
106 185 134
144 110 92
166 147 102
156 29 140
104 124 128
64 161 162
157 37 110
117 176 127
129 112 108
131 132 100
110 170 127
153 25 132
121 134 151
100 171 145
76 162 155
137 125 76
100 190 154
107 112 131
137 142 186
85 171 158
77 190 163
151 140 153
130 128 66
113 156 126
127 127 154
103 154 116
135 94 143
130 128 59
111 158 115
152 100 146
135 146 102
130 112 100
127 128 84
130 20 123
130 123 100
119 139 73
80 189 125
139 116 94
142 114 115
154 15 130
159 141 97
146 25 117
139 77 139
154 148 148
91 176 129
140 130 167
104 191 140
146 155 160
89 198 138
83 165 141
139 139 95
116 112 79
153 107 150
103 158 140
144 14 125
156 131 169
101 175 141
150 155 80
96 153 136
133 23 114
108 167 121
162 153 142
150 135 97
170 137 169
152 27 117
126 113 92
147 120 66
142 30 128
149 133 150
127 135 95
125 116 117
141 93 141
144 129 76
156 49 119
107 152 134
123 155 77
158 166 79
143 128 87
139 102 97
94 188 147
150 137 71
124 135 78
98 192 128
157 137 93
120 118 98
127 145 80
158 94 128
136 29 128
124 151 93
114 160 140
147 24 133
140 120 85
139 108 127
103 161 132
121 182 156
140 99 121
133 113 158
148 22 101
153 13 110
133 107 99
146 14 115
143 23 121
108 178 140
134 117 149
138 109 151
146 121 169
79 189 168
150 122 75
101 184 145
146 111 150
157 107 126
127 117 82
122 108 107
137 155 121
157 93 145
117 158 105
107 175 154
143 89 143
128 134 74
139 14 115
161 26 112
141 89 132
132 132 86
142 140 89
94 177 136
85 183 123
140 109 146
140 119 101
124 136 136
128 129 149
141 98 138
107 195 151
150 26 126
161 133 171
127 38 123
162 145 91
136 125 161
126 46 125
127 135 88
109 160 128
143 139 73
143 39 136
102 133 129
136 125 104
95 180 125
135 143 152
153 119 106
133 115 111
140 106 110
137 20 125
132 128 110
143 20 127
142 115 85
127 26 112
137 145 54
94 169 137
119 155 89
154 128 159
142 144 64
138 99 112
153 137 89
125 122 103
130 150 157
120 161 121
156 109 116
82 206 138
162 134 161
115 168 132
125 140 88
85 181 132
138 115 155
139 139 68
141 124 151
152 129 89
142 131 91
125 29 118
102 211 168
159 144 148
113 142 121
150 121 156
75 160 161
135 146 135
136 103 139
132 25 119
101 176 153
147 120 131
133 132 160
134 137 96
141 37 130
127 147 87
163 95 155
90 171 158
91 173 151
157 159 167
131 35 137
139 127 140
125 159 156
145 117 59
143 110 98
89 181 130
146 25 111
156 143 103
105 166 138
144 145 84
76 180 152
139 118 165
139 119 138
137 133 151
101 149 139
142 126 103
76 191 123
138 122 94
138 138 141
117 158 97
82 202 141
88 172 179
134 127 70
104 159 155
147 42 118
100 181 140
74 186 145
104 153 126
100 158 136
128 116 167
134 131 90
157 127 153
113 202 150
109 194 144
135 114 97
84 184 144
147 127 151
128 116 78
104 162 138
149 129 135
117 149 116
110 151 131
149 134 129
134 117 85
136 98 137
97 175 154
148 143 149
152 161 82
119 135 90
149 100 133
134 109 148
138 21 117
119 138 148
151 29 141
121 169 130
134 137 67
142 115 120
103 153 136
145 119 144
110 145 140
97 184 133
130 115 160
138 122 148
138 101 146
142 95 130
156 131 144
148 122 177
157 97 135
109 185 150
137 134 170
140 12 122
141 120 92
135 125 153
143 104 138
104 181 146
116 79 126
110 199 141
79 178 149
119 137 179
148 87 143
144 100 96
141 112 88
140 47 136
118 182 152
147 17 121
101 181 160
95 174 130
89 179 160
144 116 153
66 186 153
149 117 138
140 125 82
145 100 147
120 151 93
134 138 106
108 189 147
114 196 148
87 176 147
96 156 144
129 30 122
123 161 142
143 118 82
131 123 146
121 159 127
155 153 165
153 33 118
125 184 155
139 100 101
150 113 144
147 154 83
136 4 116
132 121 151
117 156 129
97 171 163
155 140 155
96 160 148
144 100 129
85 175 131
104 192 130
