131 166 130
135 0 115
103 78 162
120 97 79
177 115 141
75 137 110
138 58 119
112 187 179
159 154 175
129 114 125
179 156 116
158 126 87
84 173 147
89 108 137
100 130 80
139 177 161
155 133 120
106 101 107
120 80 135
160 146 146
131 120 97
136 30 116
112 180 151
104 134 107
113 109 146
103 156 143
127 88 111
93 132 130
135 142 133
152 147 99
179 134 122
98 81 139
139 127 75
181 133 154
107 167 170
129 65 148
93 106 158
123 134 117
87 121 104
151 163 121
144 157 156
141 185 130
103 111 88
123 81 92
116 98 126
108 117 127
138 97 125
128 166 149
166 130 135
138 77 122
169 149 130
148 126 101
122 178 167
145 120 125
121 101 99
124 182 131
143 159 172
112 121 111
114 76 150
166 147 114
96 124 117
133 180 145
99 171 147
104 123 97
132 152 123
133 154 141
136 44 120
135 15 116
102 110 137
99 113 110
141 126 89
111 132 121
144 153 128
84 133 119
135 129 128
115 167 147
156 155 162
126 82 123
151 142 111
154 128 131
174 136 143
115 169 160
118 113 119
126 122 115
106 107 118
126 102 121
160 141 132
144 126 114
102 108 149
116 110 107
167 135 123
140 109 125
123 137 128
112 95 115
165 118 140
109 84 136
127 170 160
110 102 136
117 103 88
138 174 134
128 75 141
122 125 125
122 90 99
111 186 160
123 182 177
94 139 106
153 155 148
113 178 173
103 79 151
176 146 118
126 110 100
99 130 91
176 126 146
121 93 88
164 149 166
95 154 149
130 92 120
143 178 171
128 174 137
150 151 121
136 161 150
135 68 120
151 129 92
153 156 132
138 87 124
82 129 110
132 175 127
139 159 123
112 112 137
109 115 95
93 176 152
100 128 125
139 120 103
160 139 114
106 124 117
120 92 119
128 117 134
100 96 102
134 151 132
137 117 128
145 153 179
136 120 83
147 158 164
106 165 146
121 104 145
101 122 85
91 167 148
118 76 143
131 179 166
172 153 112
91 126 110
129 128 121
109 74 157
130 118 105
122 102 108
150 127 123
125 72 149
166 142 137
109 81 144
94 107 147
102 132 100
117 80 86
167 154 177
146 161 128
111 105 129
169 126 141
159 152 152
144 127 81
117 185 172
155 148 108
137 166 136
107 123 105
95 113 135
99 111 118
112 95 107
108 172 150
128 161 143
112 117 118
173 140 122
127 109 120
139 160 131
174 133 150
113 174 167
140 125 97
83 137 113
98 161 146
131 75 119
121 127 118
122 165 145
136 51 120
150 157 171
151 154 155
111 101 119
134 22 117
137 37 117
166 141 118
133 119 122
91 174 145
134 8 115
92 130 117
102 106 111
145 156 121
123 99 85
123 91 106
105 117 89
119 110 141
160 156 168
114 79 138
132 85 120
123 95 95
137 128 82
137 135 130
130 120 128
96 110 142
163 123 136
142 124 107
168 133 142
120 172 163
133 174 159
123 84 129
127 121 123
97 123 111
122 132 123
136 123 132
132 159 128
109 80 155
135 169 125
172 120 143
103 125 91
108 110 142
99 137 102
136 103 125
115 174 149
122 88 92
134 147 127
104 112 113
127 84 117
137 180 129
103 130 86
108 101 113
96 109 153
129 166 136
116 100 132
91 131 136
106 113 133
171 150 117
104 84 140
119 107 101
164 137 135
159 145 112
179 136 148
162 135 118
145 126 94
110 168 164
117 130 122
128 116 119
142 114 123
108 118 100
137 179 167
133 171 133
93 132 124
145 124 119
165 153 171
119 95 102
164 146 132
129 177 132
106 96 104
136 177 140
122 138 113
138 155 127
174 134 125
120 100 91
93 122 104
79 135 117
87 130 113
133 159 145
129 70 145
103 111 144
151 145 105
128 174 164
99 131 130
124 85 98
120 85 88
159 129 132
113 183 155
118 184 178
178 129 150
144 122 100
147 154 159
118 180 171
135 147 135
127 169 154
115 95 120
115 79 146
105 129 105
155 154 171
138 165 130
119 102 83
101 104 153
123 76 139
98 131 86
109 167 150
123 180 172
155 139 114
124 88 119
112 183 176
128 97 123
156 151 145
98 175 151
122 109 121
133 80 122
152 129 97
136 92 122
131 162 133
108 160 145
136 113 132
138 72 122
137 122 127
136 121 97
173 131 146
141 161 153
128 115 101
150 125 127
136 112 127
131 154 128
143 160 167
109 79 149
120 93 83
122 97 106
105 171 147
103 126 102
104 79 156
87 125 107
135 163 126
99 155 146
121 122 116
171 144 118
95 127 121
177 151 117
79 133 110
140 169 133
111 103 124
101 124 117
147 155 175
156 154 155
128 79 119
120 169 159
137 124 79
148 152 125
149 156 129
138 82 121
120 106 108
108 182 153
154 127 88
106 120 94
123 75 144
130 167 125
152 157 159
137 63 122
96 167 148
122 121 123
97 105 156
131 177 140
136 150 122
134 151 137
168 150 111
133 115 129
113 111 142
107 109 137
135 175 131
134 120 105
163 144 117
130 125 117
105 127 95
142 157 126
112 98 123
124 128 121
118 77 138
112 73 154
93 111 139
98 137 107
88 174 149
151 156 166
112 117 123
137 124 85
160 152 164
106 105 114
98 109 146
97 117 110
100 113 134
129 148 123
175 154 115
110 98 110
160 136 132
110 171 169
93 126 114
137 48 118
127 164 130
117 107 145
100 114 114
134 156 124
86 105 138
147 160 121
169 139 121
131 88 123
144 126 86
101 126 82
141 162 128
104 161 145
171 116 141
139 178 133
107 177 150
134 177 162
155 128 92
116 178 150
126 132 121
149 156 150
123 95 99
163 133 133
132 171 128
141 177 167
154 145 111
106 113 90
152 131 122
125 124 119
130 124 122
158 136 117
84 133 112
105 112 141
128 170 134
131 119 101
166 123 139
165 132 139
134 174 136
113 171 163
114 186 175
110 82 140
109 104 133
114 102 128
120 131 116
130 163 146
105 121 101
95 173 146
140 128 79
101 164 146
135 33 118
125 179 133
137 158 126
106 76 159
138 123 90
136 108 126
122 101 104
163 141 135
108 116 131
147 158 168
135 152 126
88 170 147
125 106 121
122 105 104
143 158 162
109 120 117
95 131 133
148 123 124
127 68 148
93 106 154
134 117 125
114 181 173
129 117 123
125 172 163
135 162 134
123 100 81
135 73 120
96 132 127
114 115 120
109 105 117
100 110 141
135 147 131
100 108 153
121 100 76
131 174 131
160 149 149
103 133 104
130 157 142
166 127 137
116 174 165
124 119 117
111 97 118
103 110 117
79 137 113
165 137 120
105 86 137
156 153 150
139 156 131
122 133 127
127 73 146
128 180 129
136 26 118
144 156 175
122 125 114
120 101 87
112 79 142
120 81 89
102 98 104
138 67 122
136 40 119
148 127 97
135 120 101
114 94 111
135 168 131
164 154 176
178 137 145
121 127 122
120 183 172
135 132 131
136 138 133
118 177 168
93 170 146
125 135 124
110 122 108
128 114 98
129 115 131
128 120 119
163 157 170
111 77 154
177 137 121
118 166 145
96 157 147
135 11 115
138 125 129
173 135 147
100 109 109
122 96 90
125 163 144
87 133 115
124 124 122
142 157 122
136 55 119
84 120 104
138 156 123
132 150 127
121 92 103
122 91 95
134 120 130
81 133 120
156 156 166
105 126 99
100 158 145
121 97 82
105 82 144
168 147 133
83 135 116
110 164 147
144 124 97
148 128 91
115 112 139
135 155 128
124 84 94
142 123 103
172 154 117
139 125 93
178 134 152
122 82 132
91 175 149
98 112 138
175 130 148
117 79 141
112 172 150
129 167 132
126 90 108
134 167 128
134 163 131
123 130 118
135 18 115
108 102 138
171 136 124
131 176 163
163 129 133
120 101 79
95 127 118
139 182 131
135 77 120
131 171 125
99 109 150
131 117 127
109 97 105
168 119 142
159 155 171
108 167 167
163 153 167
111 98 114
141 122 99
103 128 89
117 129 118
105 79 159
137 99 123
149 163 124
92 113 135
113 130 120
128 112 119
141 128 83
158 142 113
131 163 127
163 134 122
96 130 124
120 129 125
129 121 125
112 176 150
149 155 162
106 167 149
91 125 106
133 115 122
115 181 152
145 155 125
113 82 136
126 85 120
94 124 110
144 126 110
124 83 126
163 138 116
127 175 134
170 130 142
100 109 121
107 119 96
108 170 148
131 165 133
168 149 115
112 118 115
174 149 118
147 155 156
112 103 131
102 173 148
140 112 124
136 85 123
124 119 121
130 173 162
153 154 152
137 115 125
168 145 117
166 153 174
103 130 82
161 144 131
144 120 121
145 157 128
103 167 147
96 108 149
124 176 165
137 162 129
101 136 106
161 141 117
146 159 124
139 105 125
101 82 142
103 105 151
107 117 92
152 145 109
150 154 158
134 3 114
157 147 110
170 152 114
95 108 156
145 156 160
91 109 140
129 100 121
123 85 90
107 84 139
131 175 137
114 79 148
103 129 102
122 170 162
108 180 151
136 170 133
116 171 162
131 113 123
118 108 104
151 128 89
157 127 89
105 109 115
134 181 167
153 130 95
102 125 87
170 123 143
110 184 156
171 134 143
114 116 117
175 118 143
107 101 110
166 134 135
141 159 128
120 184 175
163 155 172
134 179 142
131 173 135
99 116 111
134 161 148
152 147 103
139 127 86
90 130 115
148 154 122
173 128 144
136 121 86
103 128 92
112 168 149
103 110 112
160 136 115
107 80 153
136 65 119
135 176 160
138 94 124
123 88 95
123 87 100
121 134 114
122 98 93
113 100 125
92 132 133
103 109 147
110 111 139
136 25 115
103 108 120
89 131 118
164 121 138
148 128 94
176 135 148
136 166 126
146 158 173
121 180 169
113 101 134
165 151 169
136 140 131
130 159 145
140 179 170
144 117 123
98 130 127
137 120 129
112 169 161
131 169 132
134 82 120
162 138 134
90 128 113
136 69 122
136 124 83
150 128 100
155 154 173
129 117 97
129 118 131
95 174 149
100 128 78
120 98 100
133 70 121
110 170 151
131 95 121
146 126 84
141 153 128
131 116 120
121 93 100
177 154 117
137 177 133
153 154 156
126 169 157
133 173 126
133 154 130
169 134 125
102 136 102
111 110 144
122 88 89
124 75 142
180 130 153
137 130 130
155 153 147
158 152 149
138 126 78
89 123 105
146 125 116
138 102 125
93 107 150
168 128 140
130 163 129
130 177 129
136 145 132
121 95 86
138 90 124
110 77 156
98 124 119
99 127 122
106 79 149
112 182 153
143 161 130
128 80 122
123 124 118
153 147 106
115 77 140
115 186 179
109 99 116
134 177 127
108 113 92
120 76 140
139 157 126
147 124 122
106 111 135
137 61 119
127 82 120
115 179 172
106 159 144
127 86 113
93 166 148
102 84 138
136 89 122
128 127 118
176 134 123
155 142 112
115 110 144
95 132 130
138 169 135
124 121 119
97 132 88
171 147 117
122 99 88
127 168 151
105 123 94
119 128 116
111 79 151
101 110 147
94 123 107
118 128 124
136 31 118
105 99 105
97 138 104
102 111 135
114 97 124
93 129 122
136 179 164
134 165 133
124 181 174
176 131 151
154 156 164
136 41 117
164 126 135
152 140 113
166 145 135
101 112 111
157 128 132
99 168 147
129 67 146
128 173 134
88 127 108
166 147 130
136 59 121
137 75 121
123 137 115
132 119 104
132 91 123
177 127 148
136 175 137
101 169 147
108 99 107
121 104 102
174 136 123
89 106 139
122 94 92
138 80 123
130 121 121
145 159 170
120 110 119
86 173 146
118 93 119
139 162 152
107 82 142
95 170 147
149 144 109
129 72 143
121 101 84
117 185 175
132 157 143
93 110 142
119 83 87
117 102 85
146 124 101
135 165 129
99 131 88
135 75 123
81 132 111
114 111 105
84 130 112
106 121 97
108 78 158
90 110 137
120 106 144
138 49 120
127 171 163
157 139 114
80 136 115
118 101 89
122 105 109
136 96 123
134 172 131
124 123 125
128 106 121
95 124 113
132 161 131
104 114 89
134 176 138
129 176 165
165 139 136
135 158 129
80 135 111
158 153 163
136 172 135
127 71 147
137 179 131
127 118 120
135 114 130
136 35 119
110 118 124
135 149 126
137 69 120
135 124 128
137 56 121
128 124 121
133 86 123
153 128 90
120 92 86
129 122 117
141 154 130
111 172 166
93 126 117
137 53 119
138 161 127
141 126 86
112 96 111
125 174 163
147 159 129
117 99 130
165 145 117
98 130 83
131 150 124
157 155 169
105 124 101
117 183 172
131 168 127
130 78 121
112 103 127
107 163 146
102 114 112
103 127 85
168 122 141
123 126 120
127 180 131
134 118 127
104 107 113
132 153 138
118 112 140
137 45 118
112 96 121
104 96 103
132 87 120
173 151 118
150 157 130
168 117 141
123 129 122
160 139 116
111 74 155
102 113 115
122 96 97
138 127 80
115 184 174
125 123 114
106 109 139
136 47 120
133 153 125
130 163 135
141 125 91
146 122 123
174 115 141
118 108 107
77 136 110
126 130 120
137 34 117
150 157 168
145 126 96
132 117 124
129 117 100
135 79 121
147 161 125
137 156 130
96 108 146
134 162 129
121 76 143
132 156 126
95 125 119
141 156 128
122 99 107
162 150 165
134 121 98
129 97 120
127 113 100
120 75 145
133 178 165
136 156 126
103 79 158
173 132 148
108 103 136
173 153 114
127 99 122
97 154 147
148 153 157
101 110 144
143 159 127
134 149 135
112 120 113
158 149 146
119 129 121
138 113 127
129 117 103
130 169 134
116 177 170
89 174 146
121 92 97
104 125 94
139 178 165
130 115 127
97 108 155
129 94 122
169 141 120
150 128 96
135 66 122
