114 170 134
147 80 127
128 255 123
155 210 156
99 113 127
131 208 99
160 165 110
141 127 124
103 211 138
115 172 95
127 102 152
124 98 103
117 137 147
146 178 146
109 81 130
145 228 131
119 141 107
120 236 144
127 195 125
103 163 160
136 155 126
150 105 138
148 102 112
126 232 104
126 106 127
126 182 160
133 208 146
145 180 122
128 158 150
129 80 144
109 182 116
149 250 134
119 127 123
108 100 143
127 217 125
109 112 108
134 153 96
130 169 111
135 80 110
130 188 106
110 191 135
121 118 142
137 140 140
115 154 121
108 94 115
136 227 149
127 236 124
127 87 125
142 207 128
136 113 104
133 190 143
142 113 152
141 93 147
150 194 150
132 131 111
127 178 125
110 152 149
154 113 124
118 82 109
142 160 141
124 142 130
121 219 141
131 172 141
143 142 118
140 96 129
115 158 103
120 204 136
115 87 146
101 97 129
124 116 113
149 155 115
128 96 138
134 118 135
133 96 115
130 147 115
154 98 125
113 111 152
115 96 131
117 250 147
125 161 133
125 203 111
113 168 117
139 190 130
108 113 137
144 88 116
128 130 141
125 216 108
137 168 127
138 99 103
141 82 138
123 185 135
133 116 122
117 151 135
119 129 111
104 106 117
128 170 155
112 101 103
125 147 146
120 96 119
118 143 119
134 137 126
131 152 137
122 110 102
130 113 148
143 113 113
111 82 119
116 99 152
126 160 117
126 90 148
147 91 137
142 217 134
137 179 132
121 117 131
121 106 137
139 102 152
147 239 133
117 128 141
130 89 106
108 90 136
126 131 130
112 181 92
126 181 114
128 206 125
144 113 141
125 106 115
130 141 106
137 107 127
112 181 134
105 89 125
126 82 134
114 91 107
123 174 134
132 198 102
107 200 136
118 96 140
140 161 120
128 168 125
141 91 107
126 246 125
129 96 129
147 90 127
137 130 136
126 134 121
127 150 124
133 163 138
124 195 138
153 113 133
134 146 130
114 80 139
146 102 146
102 106 134
133 179 108
130 124 119
143 107 104
115 160 133
122 113 152
121 115 122
134 218 148
137 96 138
139 150 141
140 199 133
132 181 141
152 105 120
132 124 128
127 226 124
135 199 144
143 168 146
125 193 112
119 136 134
133 95 150
132 108 134
146 186 149
142 96 119
152 202 154
132 105 102
136 86 144
110 96 124
141 80 117
107 113 121
120 150 102
129 140 144
120 126 133
132 103 121
113 145 146
107 159 154
155 105 129
132 139 116
108 101 111
117 135 123
138 148 120
118 227 141
132 156 113
120 80 144
121 96 111
127 224 106
152 98 133
143 134 122
135 132 119
108 110 145
130 137 136
100 105 124
127 114 137
128 159 125
142 171 121
127 80 110
123 211 140
115 88 114
114 110 102
148 149 120
125 153 132
128 186 125
150 97 118
114 165 99
135 162 131
139 118 126
136 234 152
130 80 124
125 172 116
132 148 102
112 94 146
127 123 139
103 98 121
131 93 122
121 89 107
123 100 132
123 91 131
127 113 128
105 97 136
154 160 113
147 113 120
125 123 128
117 144 131
130 111 117
126 143 120
112 175 116
146 85 133
111 104 149
115 160 117
145 95 113
122 135 107
133 89 127
111 90 120
105 113 130
119 105 152
131 145 136
127 113 106
123 123 111
139 183 127
122 100 125
132 101 133
118 243 145
135 108 152
128 95 110
119 103 102
123 81 125
125 164 152
115 147 123
149 109 114
122 110 131
143 98 107
139 86 113
130 119 114
131 96 104
147 97 140
145 83 121
118 92 149
131 93 144
127 210 109
143 107 150
131 127 135
128 98 119
140 90 139
114 87 139
114 113 146
115 95 114
123 97 151
131 162 112
122 167 132
122 108 123
106 113 114
125 152 119
134 130 126
124 154 148
146 96 129
128 166 117
144 113 106
122 92 125
136 96 123
109 93 131
124 96 144
124 135 142
110 106 107
137 80 145
132 109 123
119 120 124
147 108 144
118 96 104
150 112 139
139 94 113
127 109 152
117 113 106
148 91 120
106 86 130
132 117 128
113 95 136
143 96 135
125 92 119
119 131 146
136 142 122
127 121 122
129 125 112
128 187 113
138 122 121
105 106 139
127 128 124
128 86 144
127 147 132
115 82 114
136 86 107
120 124 144
141 195 128
127 140 125
141 97 150
116 96 125
127 106 134
108 83 125
136 173 131
111 96 109
136 113 148
152 93 128
135 102 126
121 86 147
137 96 144
139 153 121
143 213 130
129 85 130
138 108 102
130 130 118
133 137 109
125 179 136
138 136 137
126 176 158
134 93 110
109 94 140
104 92 129
121 191 134
111 84 136
102 110 121
144 222 132
145 112 147
146 108 109
122 111 140
126 84 121
117 150 118
141 165 124
122 96 137
129 241 125
140 204 133
106 99 116
141 86 142
135 124 137
125 103 102
106 92 121
127 113 123
145 232 134
143 173 147
113 175 136
123 84 110
130 92 131
131 111 102
134 96 131
134 151 130
127 137 131
134 121 123
126 251 126
128 212 125
107 106 112
133 102 152
126 87 135
121 96 129
111 91 112
130 203 102
130 84 110
111 186 136
131 114 133
111 113 113
129 151 147
155 111 129
144 97 144
120 132 120
114 177 93
145 91 131
145 95 123
99 108 129
134 90 148
130 183 108
145 140 123
114 96 119
140 130 120
138 174 126
137 113 124
127 201 125
125 113 148
135 213 147
131 132 135
122 112 115
103 111 136
113 164 120
135 149 126
144 80 133
114 165 132
153 103 133
117 91 143
127 99 125
110 99 147
125 92 105
102 101 133
114 148 149
141 112 102
140 158 124
124 101 117
136 94 104
149 85 128
131 106 127
155 103 124
109 196 137
144 86 137
138 185 132
116 155 131
124 142 145
105 205 136
119 216 139
122 90 144
116 143 149
150 93 132
128 96 151
133 140 130
152 111 119
127 145 124
131 173 110
130 122 134
117 83 143
118 122 140
133 96 140
121 121 133
150 113 129
115 87 108
118 161 99
148 113 135
148 244 133
128 96 134
137 162 126
141 163 145
131 157 138
127 119 129
145 88 122
141 209 133
125 127 140
127 173 125
153 108 134
126 170 135
128 198 112
140 156 143
114 140 145
138 145 141
148 102 141
134 127 119
125 118 138
136 137 120
129 100 102
128 88 121
116 142 123
123 102 138
127 135 125
134 185 141
133 83 146
118 146 106
143 90 112
118 137 109
120 197 136
128 148 119
118 92 110
105 113 125
142 101 103
137 91 144
119 138 119
111 86 117
124 91 110
132 195 144
126 96 114
124 96 122
155 101 129
118 139 131
124 85 131
139 81 112
128 92 125
124 202 139
108 92 126
130 193 105
106 93 134
129 145 145
132 112 128
150 101 116
136 167 131
145 92 141
111 90 142
118 110 152
155 108 125
141 201 129
123 157 131
127 108 102
119 96 133
146 145 121
122 104 132
129 135 109
128 163 125
132 167 139
130 135 117
125 82 144
123 113 106
119 155 101
150 100 137
120 115 139
151 94 124
138 89 148
143 102 150
137 90 110
123 149 130
134 204 145
142 91 119
132 96 126
147 183 146
130 106 152
133 96 135
137 96 118
137 98 151
111 172 119
134 126 124
118 223 140
129 80 131
130 118 119
127 177 115
100 102 130
134 223 149
128 222 125
128 232 125
139 194 133
148 113 113
150 197 153
152 100 121
128 115 115
122 182 134
142 84 115
106 110 140
116 133 143
111 113 142
123 129 109
109 87 124
138 178 127
137 113 152
133 144 106
120 131 133
111 109 148
133 177 140
130 106 118
100 112 131
129 143 116
129 134 142
114 104 152
114 92 139
115 105 102
148 88 132
114 95 104
126 113 102
118 113 102
120 209 138
110 156 152
120 124 121
106 161 158
154 206 154
103 95 123
141 113 146
119 231 142
108 105 143
130 84 126
142 90 143
147 152 116
148 190 150
133 133 129
118 113 148
131 152 114
147 93 116
104 110 117
131 102 127
115 95 150
113 113 105
123 101 152
128 110 135
104 101 137
135 157 130
110 88 132
128 102 118
147 112 143
116 155 117
110 113 147
125 96 131
101 99 124
144 217 129
138 93 149
130 89 147
140 123 125
145 172 144
140 94 105
149 87 124
132 127 113
144 180 149
127 87 110
137 96 134
127 91 144
143 174 123
119 96 115
110 100 107
119 96 144
131 98 121
145 146 117
112 175 132
124 135 129
142 137 118
149 95 136
123 207 140
140 89 115
124 106 152
142 90 136
135 142 126
127 100 133
119 141 134
145 104 107
123 85 125
132 113 106
103 102 120
134 100 102
150 113 125
132 88 110
126 125 122
109 90 117
124 160 151
141 167 120
141 94 138
128 167 154
128 117 125
137 118 122
126 88 130
125 220 107
128 249 124
120 125 112
113 169 98
141 96 125
122 104 123
127 190 125
112 81 134
137 104 102
110 80 122
148 98 114
128 156 118
137 90 106
146 112 110
139 84 109
121 120 113
140 108 152
117 99 103
138 152 125
153 97 129
122 93 149
120 87 110
131 115 116
108 98 113
126 139 120
150 154 119
132 141 136
116 153 104
144 226 134
102 106 121
142 130 124
127 155 124
116 148 131
127 182 125
111 96 128
130 92 149
146 84 126
137 146 124
100 109 124
128 91 110
123 80 110
116 85 112
143 83 135
127 110 125
122 113 133
116 156 134
125 166 134
150 105 116
129 112 120
118 109 102
146 98 110
121 224 142
126 157 133
126 131 121
128 162 152
120 115 125
129 158 113
134 93 127
121 94 105
142 86 119
121 100 102
127 95 104
128 206 110
118 239 144
118 131 123
122 106 102
124 96 117
121 144 104
118 146 135
130 92 105
131 80 110
123 191 137
127 124 125
132 113 152
125 96 126
112 90 135
132 96 111
124 86 144
141 153 140
140 87 109
110 187 132
107 83 128
117 150 105
124 80 131
141 105 102
114 158 121
143 94 109
152 158 115
106 104 114
144 99 148
113 92 117
150 90 125
128 96 142
131 118 133
132 88 144
121 96 124
103 113 118
114 92 147
147 82 130
130 106 133
121 119 121
113 84 141
131 99 151
146 87 129
149 113 117
134 122 120
133 150 100
106 90 132
108 113 117
136 109 123
101 95 127
123 88 125
107 93 137
141 87 139
127 102 127
140 188 127
119 95 150
136 133 139
124 93 136
145 80 124
115 137 143
139 84 145
128 112 152
145 106 147
126 229 105
125 128 128
122 178 133
157 163 111
130 109 121
110 92 122
154 108 122
128 118 138
112 101 150
107 89 122
126 103 124
127 143 132
123 96 140
113 113 110
139 158 120
139 143 138
116 113 152
126 89 107
149 108 140
126 83 129
109 109 110
135 96 112
108 89 128
132 144 115
113 84 115
125 163 117
113 153 152
151 89 128
132 165 111
122 90 148
133 121 127
110 179 116
127 106 123
143 96 131
104 96 133
122 171 132
115 164 135
118 89 106
130 85 122
106 95 119
128 254 127
135 134 125
118 146 118
146 235 133
148 105 112
120 127 120
135 98 127
111 89 114
119 158 100
134 110 102
117 96 137
128 244 127
143 165 143
100 112 123
140 113 106
120 128 145
136 159 128
110 83 132
130 96 117
104 89 128
108 85 122
131 148 137
141 93 116
139 96 142
142 213 134
133 186 107
116 91 113
106 99 140
137 182 132
121 84 144
142 109 102
119 133 110
146 87 119
127 155 149
101 109 132
119 219 139
125 213 109
122 108 116
127 190 113
112 97 149
132 106 123
143 87 134
138 114 126
128 170 116
132 124 114
144 89 140
109 102 145
147 94 138
121 139 106
134 94 144
113 89 110
130 211 97
127 109 128
120 111 124
129 179 109
128 94 120
123 113 103
124 157 150
117 96 111
127 93 131
143 81 120
136 230 150
139 155 124
116 88 142
102 113 133
133 128 127
144 138 121
133 140 108
125 151 147
112 107 103
136 126 135
134 89 106
115 150 121
99 105 128
140 127 120
118 92 105
131 90 126
115 163 117
106 103 141
136 106 124
142 80 136
146 92 124
140 96 122
117 96 118
127 132 125
146 113 137
116 107 152
106 113 134
117 103 152
116 96 134
117 139 124
107 112 143
129 104 102
99 100 127
111 86 120
142 168 124
120 212 138
147 100 143
131 98 132
132 110 120
117 145 121
125 111 136
151 200 151
128 122 113
119 128 131
144 109 148
133 170 139
125 185 114
118 84 146
122 132 108
101 102 122
108 113 111
121 201 137
108 95 127
125 87 147
146 101 109
138 87 143
104 107 136
111 149 148
109 97 143
121 214 140
111 88 139
113 81 117
147 93 128
117 89 148
120 100 152
121 109 137
113 88 117
130 89 130
125 131 141
145 92 114
117 246 146
109 107 146
109 86 134
121 187 134
112 167 120
142 96 148
119 119 140
145 110 107
133 115 136
132 86 147
148 110 112
134 83 109
109 103 108
122 194 136
126 81 126
132 127 118
125 95 150
151 96 121
126 99 151
113 171 116
126 242 126
129 166 112
120 90 110
140 88 145
135 129 122
149 193 152
113 86 136
112 93 119
124 99 138
111 184 133
143 96 127
123 96 113
137 105 152
124 93 144
118 96 121
117 96 128
133 119 121
126 117 123
111 94 133
131 161 139
124 188 137
125 111 152
122 163 131
127 134 131
117 165 98
127 137 143
132 132 117
112 113 149
138 140 137
123 105 139
129 138 117
140 96 133
139 81 142
130 96 114
131 109 152
125 96 135
126 84 110
113 96 126
123 88 110
119 123 125
129 148 146
147 96 126
129 86 107
120 121 142
137 171 129
113 88 143
107 96 139
125 96 110
129 155 114
133 118 124
124 138 129
136 136 123
156 113 126
101 105 131
113 83 138
124 183 136
139 120 124
