152 159 109
96 72 234
102 75 34
92 185 207
177 73 174
95 184 36
101 83 124
153 134 221
153 132 34
91 184 136
153 74 79
101 124 178
151 182 177
101 127 75
164 72 237
156 124 157
149 185 56
121 72 184
108 188 87
152 76 130
101 135 128
153 83 31
137 181 222
155 120 83
105 73 80
112 115 222
112 144 32
123 156 158
156 96 203
132 187 131
129 156 78
113 152 203
142 113 123
122 107 33
108 188 172
131 76 220
113 97 155
156 148 186
115 111 103
154 162 144
101 154 97
137 167 31
146 185 89
128 72 104
101 162 60
129 72 57
101 94 198
153 106 54
101 99 56
142 97 168
134 130 59
129 152 230
124 156 121
155 95 103
142 120 189
153 155 59
174 72 205
133 72 153
127 187 194
121 187 50
101 155 177
132 134 103
150 72 188
113 126 152
156 138 129
91 178 107
139 106 222
101 159 140
102 73 152
153 161 218
110 171 221
129 74 31
92 186 66
113 112 130
154 147 84
156 99 147
87 77 211
131 183 156
132 156 182
125 72 129
151 180 202
101 126 50
125 156 50
113 102 78
150 184 114
101 86 173
157 77 160
101 88 99
91 175 158
121 187 109
110 90 221
153 73 52
101 131 202
145 98 75
148 109 31
130 130 220
91 175 186
112 72 206
155 129 105
113 104 181
130 129 33
142 143 166
112 169 31
101 130 98
130 73 81
103 73 57
133 113 89
142 140 202
152 73 104
152 72 212
101 144 157
113 142 64
151 184 146
108 188 149
154 161 168
126 188 75
110 139 220
149 184 34
102 97 35
155 129 64
118 70 236
142 140 145
156 104 184
156 115 211
153 156 38
106 188 193
113 113 202
113 140 186
112 168 109
112 187 128
113 140 86
133 72 199
130 156 101
101 97 139
101 169 83
113 114 62
115 140 111
149 89 222
156 95 125
156 120 138
142 155 129
152 173 72
145 73 233
137 73 172
125 183 31
153 167 90
156 127 177
132 135 83
113 97 116
113 143 140
132 187 175
102 109 166
131 148 31
113 87 65
104 153 122
121 184 212
135 94 33
117 72 163
102 158 42
106 116 34
130 156 211
139 108 106
101 113 90
157 112 112
143 115 68
101 165 203
101 152 76
142 121 46
108 73 107
117 88 31
101 172 123
113 82 138
142 144 114
128 156 139
141 142 45
156 146 155
113 136 168
142 93 187
112 123 116
152 173 130
101 75 187
91 184 90
142 113 158
146 157 202
92 173 50
142 147 220
155 89 58
128 188 94
112 187 65
142 93 114
116 69 45
113 89 48
102 103 213
104 155 219
142 103 137
101 122 140
142 138 185
126 168 227
156 130 201
116 157 90
113 87 88
101 113 190
140 72 119
142 128 132
140 146 66
142 109 204
105 188 105
153 170 187
148 72 146
126 96 222
156 89 171
142 155 153
101 172 171
113 83 195
140 72 68
117 156 187
171 72 222
101 103 106
155 104 87
113 124 86
139 150 90
166 76 186
150 83 92
155 145 99
102 77 218
141 72 40
101 107 70
141 185 70
152 172 47
155 95 43
113 135 45
151 177 220
102 132 34
155 142 51
156 112 166
113 110 146
116 157 66
151 181 161
142 111 175
140 72 92
101 91 80
101 146 52
115 72 91
145 121 222
156 124 122
156 147 207
142 125 168
135 187 47
113 105 49
101 105 124
101 175 146
113 128 133
137 188 105
101 159 160
156 85 141
101 139 176
112 184 39
148 132 92
156 88 189
152 159 74
91 185 121
152 177 101
117 156 38
113 96 101
113 127 195
142 130 72
102 118 212
156 116 193
153 73 173
112 72 123
156 101 217
101 170 100
103 184 218
156 152 122
124 185 143
142 125 112
101 90 158
142 156 49
155 89 80
142 92 205
116 76 220
156 136 145
155 134 79
92 186 177
156 140 170
139 186 204
140 164 222
113 82 154
113 127 214
113 88 180
113 96 205
113 119 182
118 156 219
102 183 55
102 144 210
126 116 222
151 114 99
101 175 67
132 144 55
155 128 48
138 156 168
156 78 116
121 73 146
118 186 161
115 124 99
134 113 31
140 186 187
101 129 157
105 73 170
93 186 149
101 97 181
156 150 137
156 109 130
101 134 62
113 154 148
133 121 77
114 142 124
101 145 190
128 156 196
129 188 62
115 154 108
114 72 65
142 141 131
155 110 73
142 82 195
144 143 31
113 120 164
116 126 32
139 73 135
113 115 75
113 150 166
113 128 65
113 155 135
142 124 31
145 96 93
108 183 205
178 71 190
101 120 123
101 74 139
102 110 45
146 157 187
131 70 234
113 119 49
156 78 199
113 99 135
101 135 145
101 80 68
101 90 113
101 143 90
102 171 41
153 76 65
127 144 220
155 145 71
101 114 57
92 186 193
97 77 202
87 76 224
101 159 189
156 134 188
113 85 113
96 186 164
150 167 31
143 185 125
103 73 95
116 187 185
112 69 193
113 152 52
117 72 78
101 175 194
150 81 43
153 120 37
123 72 116
139 113 57
156 97 160
113 138 155
112 111 117
142 84 168
101 107 154
132 138 71
114 137 98
142 134 215
134 73 187
91 176 80
142 122 89
116 72 31
107 183 116
124 163 31
113 104 169
113 102 90
129 72 45
146 109 43
132 118 104
156 145 112
101 88 49
123 156 171
113 103 219
153 170 60
110 164 122
152 118 58
142 82 151
102 129 219
137 156 112
113 151 76
113 83 211
142 78 222
113 137 207
156 114 150
101 131 188
101 98 92
113 97 192
143 112 81
153 100 65
101 97 169
101 147 136
113 82 99
142 155 34
153 167 204
143 136 105
137 187 146
92 185 49
165 70 196
143 81 111
103 183 182
165 73 174
151 95 31
125 73 68
124 179 222
95 174 211
156 85 209
108 179 79
132 155 66
138 81 31
102 146 39
113 88 124
145 72 203
113 85 169
113 83 76
154 144 40
134 87 220
103 183 137
123 72 211
101 94 66
101 112 135
101 104 82
101 146 66
142 108 186
113 78 52
101 121 166
140 155 78
102 119 100
101 105 201
139 178 31
154 162 128
143 75 57
146 72 157
113 113 88
113 103 64
137 188 81
152 72 90
137 130 42
141 149 103
142 148 193
142 134 119
140 186 166
101 174 112
152 173 116
122 70 198
96 173 135
148 73 31
153 155 93
101 129 87
120 160 230
102 87 207
150 152 177
103 73 46
113 134 76
142 102 123
142 155 140
129 187 117
108 131 107
151 110 222
151 184 191
142 100 197
113 81 40
156 142 196
113 148 178
156 107 203
101 87 144
140 72 213
101 118 201
141 142 76
101 164 73
101 154 199
152 159 155
121 86 222
113 147 213
101 76 116
108 179 93
153 89 112
152 170 160
114 150 98
156 151 165
92 173 94
153 146 219
150 184 135
133 154 41
102 86 34
116 187 197
96 186 79
141 137 55
155 116 47
156 81 180
152 173 144
124 193 136
154 160 50
143 108 94
110 73 181
117 187 97
91 174 198
94 186 100
142 120 203
106 188 160
142 134 174
101 87 185
101 137 79
101 165 180
142 127 143
124 72 173
132 123 95
113 127 173
156 113 178
142 150 209
151 180 81
156 104 120
144 156 65
110 160 100
156 126 214
132 145 96
156 135 116
114 98 31
101 171 157
153 120 71
148 102 113
145 157 119
122 136 31
144 128 62
150 87 71
142 118 135
151 182 45
142 135 154
113 132 144
101 80 161
113 129 185
101 95 127
101 121 65
114 187 138
101 152 148
156 135 160
101 115 80
156 130 136
113 111 212
128 156 91
113 145 42
113 90 147
113 111 189
156 102 173
134 155 56
123 186 126
139 187 59
142 145 178
154 155 195
146 147 57
132 73 143
140 186 115
141 139 95
107 156 33
108 147 114
141 74 82
155 124 94
105 145 100
154 80 219
125 73 91
140 73 103
128 73 163
116 187 75
156 101 137
134 156 122
156 85 127
101 136 49
101 121 150
113 72 133
144 114 112
125 97 33
153 167 100
113 142 52
135 155 220
97 184 113
142 127 100
139 134 31
133 156 158
156 99 193
101 167 51
113 119 138
156 138 212
156 86 155
142 114 216
146 185 99
154 105 102
91 174 65
148 99 222
91 176 146
133 126 68
91 174 116
121 173 31
142 185 154
120 124 222
101 82 195
128 83 31
115 152 123
102 94 218
142 80 125
101 161 128
101 111 145
104 73 129
142 130 201
108 137 119
120 137 222
138 108 73
156 122 112
142 72 180
124 116 33
152 172 196
150 82 103
142 121 177
97 180 128
113 95 58
113 96 174
132 146 106
101 145 168
121 187 87
150 135 44
151 182 68
123 107 222
114 72 154
116 184 221
101 162 149
113 123 204
156 93 180
101 158 88
126 156 111
101 126 131
142 90 160
102 155 210
102 164 217
149 72 114
136 98 220
130 185 209
101 114 174
101 87 59
101 81 106
113 129 161
134 72 111
113 95 71
141 135 83
137 104 33
137 156 193
106 187 74
153 147 31
117 69 57
115 119 108
101 179 103
147 157 100
154 72 237
156 154 147
109 183 48
130 186 165
145 157 87
150 157 136
115 113 31
149 115 89
101 177 203
156 127 148
156 121 169
101 140 199
113 128 51
113 107 40
156 119 202
120 150 32
128 185 42
101 102 189
152 138 65
155 104 43
142 128 184
114 74 171
145 157 215
142 121 79
103 179 34
157 90 216
119 151 230
149 148 47
152 156 208
175 76 183
131 139 33
103 145 219
115 131 121
150 150 106
141 185 178
152 175 172
136 119 220
142 85 182
101 106 180
112 135 31
141 136 64
113 147 195
113 153 157
113 137 177
150 72 42
101 82 81
150 82 52
141 184 213
113 109 161
156 106 155
101 123 193
123 156 131
129 156 150
113 114 174
113 94 40
101 163 168
101 78 178
101 155 54
117 72 107
102 144 122
147 152 165
131 177 36
110 73 142
143 89 33
156 76 145
103 73 197
136 140 220
147 109 64
113 124 76
154 161 177
91 175 177
149 76 165
121 187 66
172 76 197
146 139 222
155 138 89
121 156 206
154 101 76
132 123 86
141 72 193
93 176 40
101 98 150
124 187 179
141 184 40
105 72 236
152 137 108
102 119 45
101 182 170
148 132 53
111 82 31
101 115 157
142 103 162
113 116 152
113 121 128
113 137 133
101 155 66
134 72 125
142 185 196
118 156 196
134 156 133
153 170 80
101 180 153
150 95 84
134 171 222
148 169 222
131 179 216
101 175 58
148 147 91
156 145 146
131 188 186
101 175 180
151 174 35
132 110 99
113 130 92
132 148 47
136 128 51
129 188 106
117 187 148
109 107 109
143 117 34
153 168 213
146 104 83
143 118 100
116 157 177
156 91 133
113 90 135
101 137 70
113 86 56
101 165 91
101 144 144
156 116 127
140 73 164
110 150 221
121 72 137
113 122 41
156 79 189
142 136 194
142 155 176
156 97 111
142 121 56
152 95 52
97 177 86
112 160 115
138 128 220
146 147 81
168 73 214
143 150 41
118 165 223
142 79 140
149 184 215
102 81 41
144 100 31
115 160 31
142 122 156
154 161 187
114 182 31
115 105 123
149 130 113
111 160 221
97 185 201
101 168 138
154 159 86
107 122 220
120 156 74
142 148 147
116 187 174
107 128 122
152 175 92
138 156 204
142 74 48
129 188 52
102 183 66
132 157 31
142 142 210
102 172 219
121 72 98
132 72 179
156 81 166
133 73 209
113 129 222
150 82 81
113 79 128
101 98 115
156 124 190
113 93 166
124 156 180
151 72 221
170 72 231
156 129 166
101 175 49
114 187 120
123 73 154
140 186 134
113 143 74
153 169 137
133 140 89
151 154 222
152 99 96
141 92 222
108 69 51
108 103 33
106 83 219
146 72 125
121 156 57
101 81 135
91 180 73
132 72 97
113 112 54
113 135 59
156 143 122
113 95 82
101 123 94
147 72 97
101 137 162
155 134 98
101 83 92
113 109 71
142 82 215
131 104 220
142 149 123
93 173 127
153 170 109
91 184 57
129 72 193
101 102 132
142 90 196
153 165 117
148 106 216
106 187 97
103 183 41
116 115 122
134 155 83
120 73 39
102 130 43
153 163 42
154 161 67
142 96 129
101 80 148
148 158 32
113 89 189
131 156 172
101 173 92
102 138 40
113 97 213
131 72 135
150 89 47
101 173 75
101 80 50
101 134 136
113 131 202
101 130 172
113 109 138
149 72 196
135 73 75
118 95 222
156 91 146
156 87 197
106 73 162
108 73 214
120 184 203
115 127 109
140 147 50
155 88 97
113 187 112
112 168 101
102 78 210
154 111 63
101 180 162
152 178 150
151 141 77
151 139 31
137 123 106
101 94 190
102 95 207
113 151 84
102 124 34
132 187 139
148 115 52
153 125 222
155 84 65
150 152 115
106 101 219
150 72 137
113 146 131
121 147 222
95 181 214
122 156 84
169 69 183
102 102 41
150 123 44
91 180 168
156 152 215
153 73 152
148 124 105
146 147 72
118 156 98
142 150 159
151 111 82
125 156 40
156 76 123
138 187 89
148 185 76
151 126 31
140 72 144
113 75 84
136 108 81
111 73 72
131 188 201
102 91 40
153 127 75
113 79 146
102 126 212
148 117 78
147 124 216
167 75 205
134 139 49
103 73 65
113 79 120
151 114 107
148 142 104
154 108 95
146 109 56
110 90 33
134 123 31
133 140 62
137 73 62
146 80 31
156 153 130
149 140 56
156 115 160
113 147 152
113 89 157
137 117 62
156 137 177
156 138 153
113 121 70
122 73 62
142 149 185
101 169 187
101 87 165
113 103 202
156 110 189
113 144 204
156 142 139
156 131 125
156 111 144
113 93 108
113 81 176
145 91 79
113 95 94
101 111 206
136 161 228
