33 -56 56
-94 48 -71
88 52 -71
-95 6 66
-8 -54 -71
92 50 66
-7 57 5
95 -49 -33
-97 -44 -23
3 28 -71
-49 -56 40
-83 54 7
-9 8 63
98 -21 38
67 53 0
27 -56 -13
-61 -12 -71
58 -8 -71
-51 53 65
31 53 55
98 10 -27
-42 55 -44
-36 -56 -20
49 -2 63
-97 11 -27
-95 -48 66
40 53 -45
71 -56 13
-97 -15 20
42 -56 -67
-86 -56 -71
-57 -20 78
80 -56 63
98 23 18
-3 -56 26
-95 47 48
12 -16 -71
-17 -35 63
98 -26 -71
-11 53 48
-86 -56 20
-1 57 -37
95 9 66
-40 23 -71
-44 18 82
-46 57 26
-47 -56 -59
-97 3 -67
98 13 -70
-91 51 -32
94 48 -27
98 -18 -1
56 29 -71
33 55 15
68 53 38
-24 -10 -71
79 -56 -64
60 -56 -30
0 -56 -36
62 32 66
-97 21 8
21 -23 63
-51 57 -10
23 21 63
-22 53 -70
36 -56 23
-61 52 -71
-69 26 63
55 -34 66
-97 -28 -52
-65 -56 -5
-71 -56 -38
21 57 -14
-36 -56 11
-64 -49 66
24 53 -71
-71 19 -71
-9 -56 -4
98 -18 -42
-97 -20 50
28 13 -71
-97 15 38
91 -27 66
96 -47 -1
1 -56 55
93 -52 32
69 53 -48
-33 -9 64
95 48 4
-36 -56 66
98 31 46
58 -56 40
-30 33 63
-97 -12 -8
-22 57 -19
37 -28 -71
-67 55 43
35 -56 -39
-97 31 -49
-39 -33 -71
98 35 -50
16 -56 -60
63 -36 -71
12 55 32
-80 -56 45
9 45 66
-65 -40 -71
54 53 -22
-68 54 -44
-70 0 63
51 -56 -2
-97 34 -15
98 -3 21
-21 -56 43
-97 -38 6
-25 -56 -46
-78 -28 63
73 -6 65
50 53 -69
98 24 -6
73 11 -71
-3 4 -71
96 47 28
-97 42 25
-97 -40 37
-21 57 24
74 -56 -10
-11 -31 -71
-93 -52 -48
12 -56 8
-82 -22 -71
-63 -56 21
-35 54 47
-17 -18 79
-92 32 66
-46 -35 63
44 53 36
98 8 41
59 53 59
-97 -11 -37
-95 25 -71
-88 -55 -7
1 52 -71
-75 53 -17
-75 48 66
25 -1 63
98 5 -48
98 -35 17
-34 57 3
98 -28 -22
-26 4 81
11 -38 -71
54 -56 61
97 -44 -59
97 -45 55
60 -56 -52
19 55 -50
84 30 -71
-7 29 63
80 -10 -71
-21 55 -46
-18 22 -71
16 -56 40
-4 -17 63
-60 57 9
43 53 -4
41 36 65
74 15 66
-60 5 80
-30 -56 -70
57 53 20
90 30 65
-97 -38 -71
74 53 -27
-97 9 -47
0 57 -16
98 4 -4
-69 -56 -59
13 57 9
-80 53 27
-16 -55 66
7 -56 -17
-47 4 -71
-25 53 65
79 -56 -44
31 -9 -71
-48 -56 -36
89 52 -47
-51 33 65
-86 53 -53
6 -36 63
51 10 -71
85 53 47
70 44 -71
-79 -3 -71
98 -8 57
80 53 15
-40 53 -63
-17 -56 -22
36 -36 66
-42 -6 81
98 29 -29
26 34 -71
-97 6 20
-76 40 -71
-56 57 -29
-22 -56 24
-90 -14 66
42 16 64
98 -8 -66
36 55 -27
82 -36 -71
-97 42 2
-97 9 -6
18 -53 66
73 -32 63
9 7 63
-60 -56 -22
-2 -56 -54
-55 33 -71
82 53 -9
-97 -26 -28
-49 -17 63
78 -56 41
41 -18 63
27 -46 -71
-26 21 76
14 53 51
54 -56 23
-31 38 -71
-80 -56 -22
-97 -16 -65
59 -17 63
-97 -7 38
15 2 -71
16 57 -33
89 -54 13
81 -56 -27
-39 57 -27
60 -53 -71
-92 50 -14
18 -56 -40
-97 35 -32
-96 -30 66
-29 -27 72
98 -35 -43
-6 -15 -71
-46 -56 -3
-97 21 54
-6 55 31
-9 49 66
-97 33 40
40 -56 41
-29 9 -71
0 53 -54
98 -38 40
-64 -56 50
-14 38 -71
-45 -17 -71
75 53 63
-62 -32 68
-51 55 42
28 55 39
-97 -31 23
98 39 -66
98 -9 -28
-82 15 63
94 -51 -17
25 37 66
-59 -55 -71
-91 50 66
-38 -56 27
-81 -56 65
-56 53 -55
-60 22 75
98 39 -11
-62 55 27
37 -56 7
98 -19 16
-26 -56 -7
-17 -7 63
-49 -56 56
48 -56 -20
-97 -28 -8
-73 -26 78
-97 26 24
-95 -49 50
53 -23 -71
-77 -56 6
-11 -56 12
66 -46 63
46 -41 -71
43 53 66
98 19 -55
57 13 63
8 26 63
55 53 -40
12 -10 63
-56 -27 -71
-71 53 -59
34 53 -59
19 -56 22
41 37 -71
-97 -4 53
98 -24 53
98 9 11
33 -56 -54
-57 -56 -48
98 19 -39
-62 6 -71
-67 -14 67
27 57 1
22 -27 -71
-96 45 -45
1 57 18
-97 -44 -8
-25 -38 -71
-45 -47 -71
98 34 8
98 -30 -57
77 35 63
-20 21 63
98 -33 -3
-82 53 51
48 53 51
-17 -56 -58
14 20 -71
-54 -5 72
-97 -35 51
-6 -45 63
21 53 65
-97 21 -38
41 21 -71
60 53 -60
79 53 -59
72 -25 -71
50 -56 -39
-68 54 -4
-35 57 -13
-14 57 -31
-97 -8 -51
98 -7 41
-7 -56 40
70 25 -71
-33 55 32
-30 -43 63
6 -56 -69
98 33 29
98 -11 -14
-41 43 63
-63 40 63
-23 8 68
-39 31 73
-90 -54 -35
-97 37 -63
96 45 47
-83 -41 -71
66 -56 52
68 53 -14
-17 2 -71
-15 57 -7
34 -56 -25
-92 -53 32
88 -49 -71
-53 18 -71
-97 -12 -22
-64 -56 36
-25 -24 -71
60 -56 -15
-84 13 -71
45 -3 -71
13 39 -71
-95 -49 -63
-76 -42 63
-63 53 58
-97 -37 -42
9 57 -5
-52 -56 12
-46 57 12
87 -15 63
1 -4 66
-11 -56 -45
42 -48 65
98 13 28
-97 -1 3
89 -54 -53
-88 52 38
24 57 26
84 -56 -1
-97 -24 37
98 -7 8
1 53 55
97 44 -40
84 53 29
-15 53 -58
88 -45 65
-97 -44 19
98 39 59
20 -40 63
-20 55 38
-82 53 -68
-65 12 67
-71 53 -31
68 -56 26
87 -55 53
-72 -53 -71
11 53 -62
98 20 54
98 26 -66
28 -56 33
-31 -56 54
-17 -30 75
-97 24 -24
-2 -40 -71
-27 -56 -33
44 53 10
7 -23 65
85 17 -71
-97 -20 8
-48 47 -71
-97 28 -3
85 2 -71
-97 14 -59
-51 28 82
49 53 -54
-33 57 16
74 -19 63
73 -46 -71
21 -56 -24
-32 53 -53
98 -7 -53
-93 50 15
67 43 63
-39 -56 -46
-20 41 63
-97 34 12
82 -56 24
-3 17 -71
93 50 -59
45 -56 -54
-94 -50 4
-77 -56 28
-82 -56 -59
-32 57 -37
-94 19 66
-4 -56 -24
55 -56 10
-39 6 82
-49 -48 66
56 53 -6
66 4 63
-97 0 -33
68 -56 0
1 -56 14
6 -26 -71
-32 -56 -57
53 43 63
-37 -25 63
27 57 -39
0 17 63
93 50 17
98 -37 65
5 -56 36
18 -56 -5
21 -56 53
-18 57 12
-82 -3 63
5 55 42
5 -56 -2
81 5 63
-37 -4 -71
64 4 -71
-82 53 -7
79 53 -40
39 -56 -9
37 54 -14
98 -41 28
-69 54 17
29 -14 63
-96 44 -23
98 15 -15
98 2 -18
98 -4 -39
-69 -21 -71
5 -52 66
-42 35 -71
26 -56 12
-10 -56 53
-25 -56 6
6 57 -27
66 -56 -42
-97 7 47
98 3 -61
-10 50 -71
-97 -2 -14
-67 30 -71
84 53 2
44 -56 54
-82 38 63
98 -40 -19
-83 54 -40
-89 37 -71
93 49 -15
37 1 64
45 53 -33
-9 55 -47
-47 -56 -15
43 53 22
-50 -56 28
-2 40 63
85 19 63
-4 -28 63
-97 33 52
59 53 47
97 -46 13
-78 -15 63
98 39 19
28 -48 65
-90 -9 -71
98 -18 65
-97 -41 -54
39 7 -71
-29 -56 33
-97 -4 26
6 -6 -71
89 -17 -71
98 21 66
72 -56 -54
-37 -56 44
8 55 -45
98 -25 27
-61 -56 -34
15 -49 -71
-76 -56 -9
66 53 -36
70 -56 -22
98 29 -17
-91 -53 -23
73 53 25
35 45 65
-80 26 -71
44 -56 30
9 -56 -48
29 9 64
-33 50 -71
-12 -22 69
95 -49 43
63 53 -71
-69 -16 79
89 -54 -42
-54 57 -40
-97 21 -14
-97 4 35
29 -56 -65
55 53 32
77 -42 63
-64 41 -71
98 20 8
98 5 56
-96 44 38
-37 53 65
-97 -30 -64
-87 -55 55
-75 -31 -71
43 -18 -71
67 -16 -71
-53 53 53
-16 -43 -71
69 53 54
92 -5 66
-28 -1 71
13 36 63
-94 49 -60
59 42 -71
39 52 -71
-27 -16 71
9 -56 -28
81 42 -71
-29 24 -71
90 52 38
-23 53 54
-97 41 58
86 53 -32
68 -56 66
-64 55 -17
25 57 -25
-70 53 7
-46 -56 -25
-45 57 1
-72 8 -71
-76 -56 16
98 -19 -52
-70 -56 -28
-83 -56 -46
3 41 -71
98 -27 -33
-97 10 9
85 -56 -13
-71 53 -71
-78 53 40
-85 53 -21
-97 -6 13
-14 -56 30
13 57 20
98 -26 -12
8 -56 46
98 -9 29
98 -26 6
-52 -6 -71
58 53 7
-17 -56 -33
-19 -54 -71
-5 -56 63
43 -56 -31
-57 -9 63
-97 42 -8
-63 -29 79
-22 57 0
-36 25 82
65 -26 66
-91 51 26
23 -56 -50
58 -6 63
-9 57 -21
30 43 -71
-3 57 -5
-97 -33 -18
73 -1 -71
72 25 63
98 -15 48
-41 53 55
98 39 -24
-19 -46 63
34 55 29
96 2 -71
0 53 66
-97 25 -61
55 24 63
-55 15 82
43 -30 63
96 -48 -47
-89 -40 64
98 34 -39
98 -41 -68
30 -56 44
8 -56 26
-97 -25 -43
11 57 -17
98 4 31
68 -56 37
-25 57 -29
31 24 -71
-97 -17 59
52 -56 -64
98 14 -3
-80 53 16
86 -26 -71
-31 45 64
-57 -56 3
-40 -43 63
-71 53 53
-50 -38 -71
62 20 -71
-69 -7 -71
4 57 3
21 -10 -71
-8 29 -71
-11 10 -71
74 53 -69
70 -56 -69
18 55 41
38 25 63
94 -50 22
-43 55 35
46 -39 63
-52 -3 82
80 53 39
-97 40 -53
-92 -4 66
-32 -34 63
-67 -56 8
98 -34 51
83 42 63
26 4 -71
98 24 39
30 -36 -71
-17 -56 -10
5 10 -71
-3 -56 -12
98 6 -37
-26 -1 -71
-38 -56 -9
31 -56 -3
-97 -21 -15
-14 -8 -71
-62 -56 59
-49 8 82
73 53 8
-97 13 26
-97 9 -17
-97 0 -58
-97 -17 29
-71 -56 -49
53 -34 -71
-83 -56 36
-53 57 18
38 54 47
-10 57 23
51 33 64
-95 -23 -71
90 52 56
91 -53 61
31 55 -49
98 -36 7
-97 25 33
-97 21 -50
98 20 -25
10 53 60
-59 -56 -13
83 53 -19
-97 11 -37
98 -18 -62
-94 12 -71
-97 -1 -43
-39 -56 -69
-89 -55 43
89 -54 -63
44 53 -22
50 -11 64
95 48 -5
-97 -20 -2
-20 32 63
98 -40 -29
-21 -56 53
-83 28 63
-88 -55 10
36 -55 66
-89 -24 64
-93 -52 -13
-34 -56 1
19 12 63
50 -22 63
-15 53 58
50 41 -71
64 53 28
-97 -10 5
-72 -56 54
-57 27 68
-62 -40 63
-54 -31 63
44 7 63
-60 57 -1
-34 -5 78
-62 4 70
-24 -24 80
-27 -52 66
-50 53 -65
-89 52 57
65 20 63
15 -29 66
27 -33 64
89 38 -71
41 -56 15
58 53 -31
-49 57 -23
-62 23 -71
27 -20 -71
59 -56 30
-45 57 -34
-97 -21 -58
-24 -56 -17
-29 -56 16
73 -56 -36
79 -56 8
-46 -8 70
87 -55 42
-97 -44 -36
-4 56 41
-18 -56 -1
98 17 44
-33 17 82
53 -56 51
-97 -34 -33
-55 -56 -62
98 -19 -30
42 -56 -46
58 53 -49
16 57 0
-37 14 -71
-97 -16 41
-81 -56 -35
35 -26 63
-48 -56 -49
-32 53 57
57 -45 -71
75 34 -71
-97 -28 11
-8 20 63
-29 53 -62
53 52 66
91 -53 5
20 10 -71
0 8 65
57 -48 65
98 25 -46
37 -42 -71
66 -56 -61
98 -1 -31
89 -54 -31
-49 55 -50
-97 20 17
-74 -20 69
-77 53 -47
93 -34 -71
92 41 66
49 -51 -71
79 53 54
-3 -56 -64
-40 -14 63
14 53 -70
96 47 -49
-50 -56 -71
-69 -56 65
98 31 56
-59 49 66
98 40 40
97 -45 -9
-89 52 -2
18 45 64
79 -56 52
-42 57 -7
98 33 -59
-97 -19 -49
-40 -56 54
66 53 17
-97 23 45
98 -26 -45
-7 -1 63
-5 -5 -71
-97 3 -24
98 36 -1
98 6 23
-72 -56 38
98 -20 -20
-94 -50 15
-84 -48 65
67 53 65
-97 -45 29
-24 12 78
92 23 -71
-60 -17 71
-97 -38 65
21 53 -63
45 -56 65
-61 55 -48
19 27 -71
66 33 -71
-97 37 -42
65 -37 63
-66 -30 -71
22 42 -71
77 -56 32
18 -56 30
-3 -56 7
22 57 10
-97 8 56
-97 17 -2
-70 36 63
-57 -45 -71
-46 -25 -71
45 28 -71
64 -26 -71
98 13 -47
-69 -36 63
36 55 1
-61 -3 -71
79 -19 -71
-46 12 -71
-97 -7 -64
60 -56 -4
74 53 -4
51 -12 -71
9 53 -53
82 -4 63
6 19 -71
70 53 -62
-44 -56 15
10 -56 -36
98 -37 -52
-97 -33 32
-8 -9 63
-14 -19 -71
18 55 -42
-80 53 -60
82 -23 63
98 14 20
59 11 -71
-80 53 -32
-23 53 -54
-97 -44 58
29 53 65
-97 -42 46
-46 -56 65
57 5 63
4 55 32
21 -15 63
-62 55 36
-38 -56 36
49 -56 41
-50 43 63
-34 -24 -71
89 -8 -71
-97 -1 -5
-42 35 64
98 33 65
81 -56 -54
-96 45 -36
-75 -41 -71
-90 40 66
-94 -50 -71
25 53 -55
-24 -2 64
91 51 -39
-83 -56 -14
87 53 10
20 31 64
36 -52 -71
29 56 -18
41 53 -63
-14 -15 64
-23 -56 -64
98 -27 43
29 26 63
27 -56 62
-24 33 -71
25 53 50
-97 -32 0
-33 57 -21
-97 -28 45
-24 43 -71
56 -56 -45
-33 -56 -40
-65 -56 -44
-41 57 -18
-22 14 -71
98 -1 46
9 47 -71
26 57 -7
37 -3 -71
49 53 -10
-97 19 -66
-19 57 -37
82 -36 63
21 -40 -71
27 -56 -31
-30 -48 -71
96 33 -71
-62 32 63
-57 -26 72
-65 53 -64
-97 -40 -63
82 -56 -35
-25 55 44
5 -14 66
71 -56 58
96 46 -71
98 38 51
-89 12 66
-31 -19 65
-97 38 32
-81 -56 -2
-17 13 63
40 -10 -71
-79 5 63
-17 5 63
-77 23 63
50 53 16
-25 57 8
-15 -56 20
-85 -30 -71
-36 57 24
48 -56 7
9 -43 63
53 -56 -12
-2 57 11
-93 49 5
54 3 -71
98 -11 -36
78 22 -71
-38 -56 -29
44 -32 -71
-79 -56 -66
75 53 46
90 -36 65
80 -52 -71
33 -7 63
83 50 66
-64 55 -27
98 -27 62
49 53 59
-40 53 -71
-17 53 66
-97 35 -71
89 -54 -22
-66 -56 -67
-90 52 -45
-32 27 76
-62 -3 65
-75 53 60
-71 11 63
-62 53 48
97 -44 -39
-11 -56 -64
-62 20 68
-65 55 -35
-56 57 -18
97 -46 -24
59 47 66
-25 55 30
-23 -56 60
-93 -52 57
92 9 -71
98 31 16
26 -56 26
