-93 -57 -23
98 53 45
58 -57 -49
-47 61 45
-3 -56 53
27 58 -49
-100 48 -49
104 -53 52
-103 -9 50
-21 -14 -49
101 16 -34
24 19 38
-36 62 -25
-40 -3 38
-33 -57 -3
-100 42 14
105 -43 -10
47 -57 12
55 62 4
39 -1 -49
-62 -57 53
-82 -7 -49
75 -7 38
1 62 15
8 -57 -35
82 62 -49
-104 -10 -4
-105 -52 24
-44 -56 -49
99 50 -1
91 -25 -49
-46 26 -49
36 62 44
30 -25 38
-2 26 -49
61 -54 53
102 2 7
-71 26 38
-16 30 38
-76 62 -13
6 -57 8
62 33 38
-86 62 44
-70 -57 7
64 27 -49
-102 22 -22
-65 59 -49
85 -57 20
-10 -24 38
-9 62 -48
-105 -34 -49
101 16 46
-48 62 9
104 -27 28
-75 -28 38
20 62 -14
73 -57 -17
-33 -57 32
30 -35 -49
98 -57 -41
55 62 -30
-12 62 44
40 -57 -22
-53 -25 -49
-102 10 22
-76 -50 -49
26 -57 40
-78 24 -49
-93 -56 53
60 -25 -49
-101 30 47
9 -7 -49
103 -13 -20
69 61 45
-62 -57 -23
-104 -23 24
34 28 -49
-17 -43 -49
-105 -39 -1
-78 62 16
77 0 -49
47 0 38
-1 4 38
12 48 38
-46 -31 38
85 62 22
78 -35 38
-7 62 -18
-43 33 38
99 44 -33
28 62 14
-100 49 -14
100 27 20
100 -11 50
-103 -3 -32
-68 -1 38
80 62 -17
-19 -57 -27
-56 1 -49
-32 50 -49
100 23 -8
-78 -57 31
-24 13 -49
-24 62 2
-102 14 -49
-105 -33 47
55 -26 38
101 -3 -49
50 48 -49
-7 -57 27
-90 9 42
-24 -46 52
39 37 38
-28 62 25
89 29 -49
103 -21 2
-100 -57 -46
-105 -33 -26
-88 62 -33
18 -57 -14
86 33 38
31 -57 -44
-102 22 2
79 -45 -49
-54 -57 23
105 -48 12
5 -37 -49
104 -33 -33
63 -57 31
11 -38 38
-92 -57 0
9 45 -49
-63 48 38
50 62 27
102 1 30
-58 62 -27
84 -57 42
23 -4 38
-83 -29 -49
68 -57 5
-6 -57 -10
42 62 -13
26 -57 17
90 -57 0
-24 11 38
11 62 -36
97 -32 51
45 -45 39
75 15 38
18 12 -49
5 28 38
-103 -14 -49
-86 -10 38
99 47 19
-100 51 33
-92 61 1
-54 15 38
57 7 -49
-41 -57 51
-33 -30 -49
-62 -44 38
102 -56 32
-20 33 -49
34 -57 -3
-58 41 -49
75 62 4
-16 -57 8
-25 48 38
-101 28 28
-28 -20 38
-9 1 -49
41 -57 53
-87 -40 45
-40 -10 -49
101 -56 -22
102 6 -15
-47 62 -49
-50 -57 4
8 -17 38
-101 38 -32
79 -57 -35
-43 -57 -26
27 -16 -49
-5 -57 -49
21 62 31
48 19 38
90 61 -32
73 45 -49
103 -42 -49
61 -57 -30
8 -57 38
-54 62 26
-80 42 38
-89 -23 51
-82 51 -49
-13 -43 38
54 -57 -6
-64 62 1
-57 -17 38
-103 7 -10
53 54 45
38 62 -34
-78 -57 -33
-4 -22 -49
-16 -6 38
46 -41 -49
95 49 -49
13 62 2
103 -16 -37
-46 62 -8
72 62 -34
-103 -5 32
-26 -57 -47
99 39 -15
20 -46 52
-23 62 -35
-103 -8 14
-104 -16 -20
103 -11 18
-58 -46 -49
62 60 -49
90 12 -49
-105 -24 7
5 62 44
-95 31 -49
60 62 -12
-38 -57 16
79 50 38
-106 -51 44
90 4 48
-106 -51 -14
-94 59 17
-70 62 42
-66 -14 -49
40 -57 27
-71 9 -49
14 29 -49
53 -10 -49
89 -18 40
63 -41 38
-88 -57 18
42 -23 -49
17 -48 -49
-80 -57 -12
-7 62 0
69 62 24
63 -41 -49
-106 -51 -32
25 -57 -29
100 35 7
-72 62 -35
-29 -40 38
91 61 7
-78 -52 53
104 -27 -14
104 -40 40
-28 62 44
97 56 -16
75 -21 -49
49 22 -49
-39 8 -49
99 37 47
-4 62 31
85 -43 52
-101 38 -3
63 5 38
31 62 -3
58 -10 38
28 49 38
-56 -57 -38
-18 -57 42
-93 -57 37
-66 -32 -49
-50 -57 38
31 43 -49
-61 22 -49
47 -57 -38
-41 49 38
21 34 38
-104 -21 39
-9 16 38
38 -13 38
-46 -57 -11
-86 24 38
-39 14 38
28 -40 38
-6 62 -33
-91 -41 -49
102 -7 -6
-14 62 19
-105 -39 33
104 -33 12
103 -14 34
-43 -41 -49
-104 -24 -37
89 61 37
-102 17 38
-69 62 27
101 17 9
-92 61 -15
100 37 31
-61 -57 -6
48 62 -44
101 16 31
69 -22 38
23 -2 -49
11 -57 22
-86 7 -49
-106 -43 14
-10 48 -49
-92 60 -47
-105 -29 -12
-99 53 -28
19 -57 1
102 -1 -35
-50 -46 51
-75 12 38
-21 62 -14
-18 -28 -49
-93 49 46
19 58 45
100 30 -29
64 49 38
89 17 38
-102 9 7
38 14 -49
75 -55 53
-47 62 -35
42 62 11
-101 0 -49
87 -57 -19
6 60 -49
2 -57 -22
-25 -57 -14
24 62 -30
8 62 -20
-102 11 -33
-103 8 48
33 8 38
4 11 -49
-11 49 38
-41 39 -49
13 9 38
10 -21 -49
87 -9 -49
67 -9 -49
14 62 16
4 -46 47
100 36 -45
-60 62 -12
72 13 -49
60 -57 17
-28 26 38
-66 -57 38
-41 62 20
103 -25 41
-104 -54 6
12 -57 51
98 54 31
-91 61 30
100 22 -49
34 -46 51
50 -57 37
102 -55 -4
-78 38 -49
38 62 24
62 19 38
-34 -57 -36
-33 62 -43
-61 62 14
-90 -17 -49
-25 -57 22
-53 0 38
-57 28 38
-92 -2 49
-42 -44 38
104 -28 -45
-11 -46 51
89 61 -7
-2 39 38
-101 27 -37
-87 -57 -42
-6 -57 -36
88 -57 -49
-101 36 -19
-75 -41 38
105 -50 -33
-72 -15 38
9 62 27
102 4 44
73 -46 45
-100 51 0
-29 -44 -49
-23 0 -49
-102 23 15
105 -42 -22
71 -57 -48
-76 -57 18
-33 62 -8
42 -25 38
-77 62 1
104 -39 24
-69 -57 -42
95 -57 14
-18 62 32
8 -57 -7
1 -31 38
-34 62 10
-21 -30 38
101 11 19
-92 37 41
101 11 -4
58 -57 -18
68 -57 42
-81 1 38
-106 -45 -43
49 44 38
58 38 -49
64 62 12
4 62 -6
104 -35 0
-68 -46 49
83 5 38
-99 -43 52
-103 -5 -17
92 -57 53
75 -57 27
91 -41 -49
82 -57 9
-7 14 -49
-53 -10 -49
-63 -31 38
-42 -20 38
46 34 -49
73 36 38
39 54 -49
-27 -2 38
-58 58 45
39 -57 41
-7 -33 -49
-53 42 38
-21 56 -49
65 62 -22
-4 -57 14
10 -2 38
-68 33 -49
-90 42 -49
-83 -57 8
-92 20 48
-4 37 -49
17 -35 -49
76 34 -49
-34 28 -49
18 -23 38
-6 -10 -49
88 -30 44
92 27 47
42 -56 -49
-86 -28 38
-77 62 -49
-101 38 33
65 -57 -7
-32 -57 -25
-4 -57 39
-102 21 -10
-60 62 -38
-27 -57 9
-29 -56 53
78 -33 -49
28 -57 29
-2 -8 38
89 -7 41
101 15 -22
27 -57 52
-102 9 -21
46 -46 51
3 16 38
-63 -57 16
48 30 38
-78 -57 42
8 -57 -47
-36 -46 52
-94 -29 -49
-38 62 37
101 8 -49
87 41 -49
-53 14 -49
99 -17 -49
-71 -2 -49
79 -57 -5
-78 54 42
-32 -18 -49
19 41 -49
30 -57 -13
-77 62 -25
-66 36 38
34 27 38
18 -57 -42
-3 54 45
92 -22 51
-104 -21 50
-43 51 -49
80 62 44
98 54 -27
98 -44 52
-16 -54 -49
30 -47 -49
39 52 38
85 -43 40
46 62 39
103 -23 16
90 48 39
-105 -33 20
-55 51 -49
50 -57 24
-90 17 -49
-12 6 38
43 -57 -12
17 54 -49
-79 62 31
-33 -30 38
100 36 -5
69 62 -6
103 -22 -26
96 57 -42
-16 -57 53
-105 -39 -15
83 51 -49
95 58 21
100 29 37
62 62 37
95 -57 42
-71 46 -49
-75 -22 -49
12 -57 -25
-102 -56 -5
33 -57 9
-3 -44 -49
-12 -57 -19
30 7 -49
100 27 -40
18 -57 31
-43 -57 25
35 62 -23
70 26 38
-54 62 -1
-17 21 -49
48 -15 38
-18 -16 38
-31 -57 42
53 -37 38
-77 -57 -1
-48 -10 38
55 -57 5
47 62 -3
26 19 -49
-24 43 -49
-33 41 38
-95 59 39
102 0 18
-38 56 45
-103 0 1
-104 -18 -10
-98 55 -40
-103 -1 42
76 62 15
-68 -57 27
-77 -39 -49
-7 -57 1
-101 37 -42
102 0 -25
79 -23 38
93 -57 -29
104 -52 -48
-61 -56 -49
62 50 -49
72 62 -44
-104 -16 -30
-1 -44 38
70 -57 18
38 -36 38
-26 62 -23
-34 -1 -49
9 20 -49
53 9 38
77 22 -49
10 37 38
75 62 36
-20 -57 -5
14 23 38
-18 -57 -40
98 54 9
103 -21 51
34 62 34
20 62 -43
-89 -12 50
-100 41 45
49 -57 47
103 -54 20
65 -57 -40
-68 -57 -32
-54 -57 -18
50 -57 -23
-86 50 38
-60 62 34
-44 -20 -49
-54 -37 38
54 -47 -49
17 -13 38
-62 9 38
-2 53 -49
-34 -11 38
-104 -15 31
-95 -33 51
46 -57 0
-17 41 38
-101 34 8
92 -57 30
100 29 -16
102 -10 3
-21 -57 31
-24 62 16
47 11 -49
4 62 5
35 -10 -49
-36 -57 -14
54 62 18
-99 52 22
32 62 -14
-47 23 38
-97 -57 -33
103 -16 -11
-63 -23 -49
-20 20 38
-83 62 -41
-71 -57 -20
-100 -56 17
-86 62 9
-101 36 22
-106 -43 24
-47 8 38
-47 62 33
49 -30 -49
-14 62 -25
100 24 2
-36 -51 -49
49 62 -20
17 62 -23
-101 31 -10
64 -46 48
55 -46 41
-104 -11 -38
-102 17 27
105 -48 3
-98 56 8
105 -50 -17
-103 1 17
-104 -11 40
-102 -55 35
65 -32 38
87 2 -49
-83 -57 -21
34 -57 -32
63 62 -36
-32 19 -49
24 31 -49
-6 28 38
77 -11 -49
64 0 -49
100 37 16
13 -46 45
40 -32 -49
-32 37 -49
-13 -57 17
2 1 -49
85 54 45
75 62 -25
-84 15 38
90 61 -20
-18 54 44
-105 -35 -40
14 62 38
1 62 -42
-105 -29 34
-103 -55 -24
91 58 -49
-104 -17 15
-102 21 47
27 -13 38
39 -57 17
-49 -57 15
17 -57 42
-93 -57 26
25 -26 -49
-55 -26 38
82 24 38
-36 -57 7
-65 -22 38
-63 19 38
-49 62 -26
3 49 38
78 62 -5
99 45 -23
-40 -57 41
-57 -37 -49
-42 -31 -49
-35 62 -34
-29 -9 -49
-35 62 1
-105 -25 -3
2 62 -28
24 5 38
-105 -35 7
87 -57 -40
19 -33 38
-9 -15 38
-47 4 -49
52 -21 -49
-13 -20 -49
-76 34 38
-54 33 -49
35 -46 41
-9 -33 38
-106 -43 -27
-98 -57 -15
-90 -45 52
-103 4 -41
104 -42 -37
73 -57 -26
-6 -57 -27
-50 -57 47
72 5 38
-78 -57 -42
-57 -8 38
64 62 3
90 -57 -10
-103 -8 23
102 -3 -15
-79 -46 45
-105 -52 53
95 -51 -49
92 16 48
102 -8 27
-71 -57 49
102 -7 42
-18 62 -5
57 -57 42
-55 -57 -29
-24 35 38
20 62 8
-14 62 -41
8 35 -49
3 -28 -49
-16 -7 -49
14 62 -7
-83 62 -7
-69 62 -7
-42 62 -18
-60 -57 32
69 -28 -49
97 -35 -49
55 29 -49
45 62 -28
21 43 38
-84 31 -49
56 -36 -49
103 -16 10
-100 45 -37
104 -33 34
72 54 -49
99 46 38
103 -18 26
83 62 31
99 47 -41
104 -53 40
23 -46 44
54 -46 52
71 54 40
102 -8 -42
70 -48 -49
-91 52 -49
84 -53 53
103 -9 -32
-20 -46 42
-68 -57 -12
54 56 -49
-70 21 -49
19 -20 -49
4 -57 46
104 -37 48
34 -4 38
19 -10 -49
-2 -21 38
-88 -57 -8
-93 -9 -49
-36 5 38
-85 62 -21
1 62 -14
-10 -57 46
-86 -57 46
-63 -6 -49
102 2 -7
80 -57 34
-104 -24 -27
-3 62 40
-101 30 38
-106 -47 -6
87 62 -41
-88 -19 43
-92 29 47
24 -55 -49
-59 -46 52
11 55 45
100 26 47
28 60 45
91 38 42
-106 -46 6
102 -55 7
33 62 -44
-94 59 -23
-104 -15 3
-60 -57 45
-98 -57 46
-66 55 45
91 -7 50
92 59 45
-55 -46 42
16 4 -49
-26 -57 -34
57 20 -49
39 -57 -41
-84 -47 -49
-26 62 34
47 1 -49
-16 62 4
-64 4 -49
-69 62 16
-72 44 38
56 62 -42
-88 -1 -49
1 -57 -1
24 -57 9
5 -46 -49
-79 62 40
16 -57 -33
26 62 22
100 26 11
-69 62 -27
61 -20 38
5 -57 30
-61 12 -49
-101 30 -29
-103 5 29
-102 14 0
100 24 29
101 8 -27
-102 15 -41
-94 60 -7
99 45 5
-105 -51 -49
-57 61 -49
95 58 -2
82 62 -29
-42 62 -42
-78 2 -49
40 62 2
40 13 38
-6 62 10
1 -57 -42
-88 -32 46
3 -57 18
-93 -57 11
67 41 38
-41 19 -49
-83 62 23
-79 -35 38
57 39 38
1 62 24
103 -23 -6
45 56 45
-102 10 40
-91 -55 -49
-98 39 -49
104 -28 7
104 -30 -25
96 57 38
80 -57 -45
32 16 38
46 -15 -49
34 -57 34
85 -20 -49
3 -57 -14
101 15 -42
71 -40 -49
-99 -43 -49
38 -46 -49
64 12 -49
35 36 -49
65 -17 -49
-103 -7 5
-14 7 -49
3 -13 -49
82 8 -49
-32 62 -18
41 -57 7
-16 42 -49
45 -57 -29
-23 -37 -49
71 62 -17
24 -41 -49
26 62 -20
12 -29 38
68 39 -49
-26 27 -49
-57 -17 -49
-53 62 18
20 51 38
101 21 -17
-69 -57 -3
-20 -38 38
-3 -46 52
-106 -40 41
76 -57 41
-66 -45 -49
-86 -57 -34
-83 -43 38
-100 45 27
102 7 -36
-102 15 14
50 -55 -49
59 62 44
-31 54 41
90 11 42
-104 -9 -26
89 -15 48
40 21 38
-43 62 1
31 -1 -49
95 -57 22
-69 62 8
-82 -15 -49
25 -57 -21
-42 -57 -36
90 20 -49
-101 22 -49
103 -24 -37
91 61 27
-103 -55 -38
-50 -51 -49
-49 54 42
-20 62 42
-99 53 42
95 45 46
-34 -46 41
-96 58 -33
34 54 45
90 26 39
89 -32 51
104 -35 -11
-106 -47 31
101 9 11
101 11 40
61 54 45
-106 -51 16
102 -8 11
98 -3 49
83 -14 38
-73 -57 -49
102 -56 -13
-36 29 38
-62 48 -49
24 62 -6
26 -57 -3
68 -3 38
1 17 -49
14 -57 15
100 36 -22
-53 22 -49
-76 -8 38
88 -38 45
-9 -1 38
73 -57 11
104 -42 9
-13 54 -49
-4 62 -7
-102 17 -29
27 -57 -37
80 -57 -22
-84 35 38
-50 39 -49
87 -32 -49
83 62 11
-11 -57 36
-43 -3 -49
-16 -57 -12
99 41 24
42 41 -49
-25 -24 -49
-36 -37 -49
-31 14 38
-21 62 -44
-71 53 39
-104 -11 -13
-43 -48 53
-102 14 -15
9 -48 53
77 55 45
-23 -51 -49
-31 58 -49
-92 44 39
99 49 -14
105 -47 45
-90 2 43
-51 62 -43
-86 54 45
68 -51 53
100 -56 -32
-47 -46 44
75 -43 38
-81 -57 -49
-101 27 -15
-58 53 39
14 -56 -49
-54 -57 -47
