33 -41 -46
-110 -16 40
63 67 40
-43 67 -6
107 -48 40
-73 -49 -51
-11 -14 40
108 -16 -34
23 29 -15
-85 14 -20
58 -2 40
-24 -16 -24
-2 51 40
-71 33 40
-110 -48 -9
-60 -41 40
77 22 -8
-110 -16 -51
41 -16 -3
29 -42 40
78 -48 -51
53 67 -6
92 -16 11
-11 -49 -51
65 -7 -41
-43 67 40
-61 -16 2
6 67 0
-42 25 -18
36 34 40
107 -49 -9
-50 -2 40
-58 -12 -44
15 -3 -38
69 -39 40
-71 42 2
4 -16 5
-104 -14 2
70 31 28
-103 -49 28
28 67 30
22 1 40
-34 33 40
-85 13 15
-11 37 -9
-110 -49 -46
90 3 38
-79 -16 32
-30 -16 10
-28 -42 40
-42 -48 -42
108 -49 -40
-20 67 17
-87 -16 -28
51 16 -24
-2 21 40
-12 11 -28
-10 -18 -50
-64 67 16
83 -16 -16
63 -16 15
40 -16 -32
1 -40 40
103 -21 39
85 7 -30
47 41 -10
27 -16 20
88 -17 -51
-90 6 40
69 44 5
-38 4 -33
102 -40 15
86 9 13
-34 -23 -46
59 -33 -46
29 60 -7
47 -25 40
-25 10 40
-62 9 -29
10 -31 -42
17 -16 -15
108 -16 -7
-18 64 -7
-84 -39 40
-104 -33 -28
-48 -16 -22
-66 60 39
77 -16 34
64 67 15
-101 -27 21
-33 -19 40
59 -16 -18
-32 46 -7
17 -22 40
-20 66 40
28 -16 -51
-82 -16 -6
-67 28 -15
-55 -16 23
-81 -16 -50
5 67 27
58 45 40
-87 -35 -42
-64 63 -7
30 10 -28
19 48 40
99 -37 -25
-42 67 16
41 67 12
91 2 -9
9 47 -7
-98 -6 23
-3 -16 -30
-58 -34 -46
52 20 40
-67 13 40
-54 44 -11
3 24 -18
-66 46 22
-51 46 40
-96 -2 -14
73 15 40
10 -49 -50
18 22 40
-15 -16 -4
-68 -16 -20
48 -17 -51
100 -32 -46
-101 -43 8
-101 -31 -9
88 -33 40
-92 2 -34
41 54 40
-74 28 18
-110 -16 -21
3 2 40
-104 -34 40
-21 -6 -40
51 -49 -50
-50 22 40
-13 -16 18
6 -16 26
-19 -33 -42
99 -33 -6
-62 -21 40
108 -16 21
-81 19 -2
64 50 22
-20 47 40
40 -5 40
82 -32 -42
76 -16 0
61 29 -15
45 -16 22
-24 23 -19
-81 -16 12
67 8 -30
46 0 -35
47 67 29
-36 -16 -7
18 67 15
73 27 9
97 -7 -23
-94 0 6
78 -16 -33
106 -16 -51
-93 -11 40
7 -16 -51
51 -42 40
-45 -32 40
-82 18 32
70 43 -12
7 35 40
-110 -49 -27
-76 -4 -38
-102 -12 -37
-93 -48 -51
95 -49 -51
-2 0 -36
-17 -29 40
-68 -5 40
-103 -31 -46
29 44 -9
94 -2 22
15 14 -25
36 15 40
13 64 40
24 -16 -1
102 -35 32
64 -23 40
-28 -48 -51
65 -48 -42
24 -16 -36
-18 25 40
91 -6 -40
39 25 -18
57 -16 -1
-55 -49 -51
-30 67 3
-2 -16 -13
-3 67 14
-36 48 40
34 -16 -18
72 -17 -51
-56 67 29
-3 66 40
-38 -9 -42
-7 52 -7
-5 -39 -42
91 -16 27
58 51 -7
99 -23 -18
-48 -16 9
45 -31 -42
80 17 25
77 18 -22
-48 -16 36
101 -49 27
-74 -29 -46
102 -27 8
97 -7 1
55 -16 -32
-66 54 9
-110 -16 17
-30 -16 26
-31 67 30
31 -25 40
5 -13 40
-22 -4 40
-8 38 40
64 58 4
-39 8 40
-44 -34 -42
24 -29 -42
-92 -21 -42
-92 -26 40
77 -16 20
-70 43 -12
89 -11 40
-46 -16 -51
99 -48 3
33 -5 -39
-55 21 -21
-51 0 -36
-24 -16 -50
73 -4 40
-98 -16 -14
-109 -48 40
104 -49 -27
-101 -43 -19
-26 9 -29
77 -2 -37
-104 -29 4
-110 -49 16
37 -16 10
47 7 40
59 -16 28
60 31 40
-70 -16 -39
-51 -16 -8
-72 -31 40
-69 -16 22
10 -16 -38
-40 36 -10
83 13 0
-56 67 3
3 35 -10
15 -35 40
-36 -16 -30
91 -16 -31
-94 -16 15
15 -16 14
21 -47 -42
-80 7 -31
-101 -44 -36
37 67 40
-44 52 -7
-12 9 40
-81 -4 40
70 44 33
16 60 -7
1 -27 40
-13 67 29
45 53 -7
70 32 -2
88 -44 -42
-92 -16 28
-89 7 -9
-72 16 -24
-42 14 -25
1 14 -26
23 67 3
-84 -48 -42
-13 -42 40
25 -13 40
-98 -6 -26
-61 -16 -31
-91 4 27
94 -16 -7
71 -38 -46
54 67 8
99 -25 21
108 -16 6
-14 -16 -38
-31 59 -7
53 58 40
-38 -5 40
97 -19 -42
-66 58 26
-21 43 -12
-12 26 -17
-68 -41 -42
40 -35 40
-17 67 5
73 28 40
-58 33 40
85 10 -17
-73 31 -2
51 -16 11
7 -16 -24
-1 -25 -42
37 67 -1
-31 -38 -46
64 58 32
-43 -16 21
71 -16 -14
60 10 40
-92 -16 3
46 42 40
-54 58 40
-63 -2 -37
-1 -12 -44
-71 44 33
35 -16 32
25 19 -22
-55 30 -14
60 -18 -49
99 -43 -36
96 -42 40
-33 21 40
46 -16 -19
65 19 -22
49 30 -14
-110 -16 -9
76 -29 40
-104 -38 26
7 14 40
36 35 -11
99 -27 -32
-48 -16 -34
-78 24 -17
59 1 -35
98 -8 33
33 46 40
53 -7 -41
41 -49 -43
-67 -16 -51
-13 -16 -19
-18 -16 29
15 37 -9
-33 60 40
-101 -23 33
-12 58 40
36 -21 -42
92 0 10
59 67 27
-43 67 28
17 -20 -47
66 -25 -42
-110 -48 3
-76 23 40
-26 32 -12
-91 5 -22
-79 22 10
-60 -23 -42
64 63 -6
-98 -17 -51
-84 -16 -18
67 -16 -30
-17 2 -34
-64 -16 -9
-88 9 4
-21 -17 40
-3 63 -7
25 11 40
-78 7 40
53 -15 40
-102 -12 33
-101 -17 -27
-61 -16 14
-55 57 -7
25 58 40
80 -42 40
68 34 16
23 3 -33
-63 50 40
0 -49 -42
58 -33 40
108 -49 10
9 7 -31
84 12 37
-33 -32 40
-66 51 -6
-26 -16 -39
-21 -44 -42
18 -16 30
-75 -16 -28
-19 -16 8
-24 -16 -12
99 -44 -16
-20 35 40
30 67 20
-20 53 -7
-101 -40 -3
-8 -3 40
9 53 40
-39 -41 40
24 -16 -24
66 -13 40
-70 34 28
-96 -42 40
40 15 -25
88 7 26
-101 -27 -20
-72 43 13
86 -22 40
25 35 40
-2 -16 17
-37 -16 -18
-31 67 18
98 -8 -12
-51 9 -29
7 67 14
-57 -11 40
-81 -22 40
35 4 40
12 -4 40
-55 8 40
-57 -16 -18
82 -16 10
86 -16 -40
-49 -25 -46
100 -10 16
-96 -2 34
79 19 12
-96 -3 -3
-91 4 16
-99 -41 -46
91 2 -20
52 -43 -42
108 -16 31
9 -43 -42
16 23 -19
-3 44 -12
-106 -20 -42
-43 39 40
106 -16 -24
10 -16 -3
77 -10 -43
-73 -16 6
65 21 40
-81 -16 -37
-9 -29 -46
-94 -11 -43
57 37 -9
-68 -16 33
-30 -1 -36
-49 -9 -42
-44 54 40
-62 23 40
78 -22 -42
-9 -16 4
40 25 40
-110 -17 -32
35 -31 -46
99 -19 2
-54 -44 -42
53 -20 -42
-100 -8 12
-52 -25 40
-6 -16 32
89 4 1
-101 -45 18
71 30 -13
-105 -20 9
102 -39 4
75 24 19
18 -37 -46
-104 -34 15
-66 67 30
-32 16 -24
-63 37 -9
40 -17 40
-80 20 22
40 -11 -43
-62 -49 -44
-70 4 -32
-101 -21 -4
-78 -39 -42
21 -11 -43
49 29 40
-51 67 18
-84 -16 22
18 50 -7
76 -16 -24
-39 67 6
28 26 40
-58 67 39
35 -49 -51
100 -11 -36
-7 18 -23
-101 -26 -37
-19 16 -24
-84 -25 -46
91 -28 -42
-85 -8 -41
-70 34 8
100 -32 40
80 3 40
-61 -31 40
-28 -16 0
31 67 10
40 67 22
69 -16 27
99 -43 -7
-39 -16 4
98 -41 -46
16 -16 -28
69 -49 -51
-2 10 40
-74 -16 -10
25 -16 10
23 -31 40
70 44 17
100 -49 17
65 45 -4
-3 67 4
47 67 40
7 23 40
-13 -16 -28
92 -16 -16
-69 -41 40
-110 -16 28
92 0 -30
-2 -16 -3
-76 26 29
18 67 24
105 -49 -51
45 -16 32
-32 -48 -42
41 7 -30
45 63 -7
-72 -21 40
-101 -17 24
-11 -4 -38
59 13 -26
-65 67 4
63 54 40
-54 67 -6
37 -16 -51
53 67 20
30 -16 -8
16 -16 4
-28 42 40
86 -16 18
102 -34 -16
-49 67 9
16 8 40
23 67 40
-14 46 -7
108 -49 0
76 24 30
-83 15 40
70 -16 -40
-64 40 40
-7 -34 40
68 35 36
20 -49 -51
-101 -49 -1
43 -39 -46
-101 -10 -8
-30 -10 40
101 -12 25
-2 -49 -51
-82 -49 -51
-40 -49 -51
67 -16 4
-25 -26 40
85 -16 -3
-3 67 23
16 -13 40
-9 28 40
-7 -22 40
49 -7 40
-78 -13 40
63 67 4
-22 67 27
99 -34 23
-101 -48 -26
-37 -16 32
57 22 -20
37 44 -12
-26 67 -6
-86 12 27
59 -46 -49
52 6 -31
-33 -16 -50
-22 -23 -46
64 58 14
78 -46 -42
68 35 7
-55 -17 -51
108 -49 22
-94 -48 -42
-64 21 -20
22 67 -6
-100 -19 40
77 21 1
-51 -42 40
3 -34 -46
-66 -31 -42
-76 -12 -44
67 41 24
55 67 36
34 51 -7
36 -16 20
5 44 40
6 56 -7
71 -16 12
72 5 40
-45 31 40
-70 -16 -2
99 -20 29
81 16 -13
54 -16 -9
-11 19 40
53 -16 20
-109 -47 -38
-3 7 -31
96 -49 -42
-48 13 40
108 -49 32
64 47 11
-93 -16 -21
-40 -25 40
82 -16 27
0 31 40
13 67 5
-104 -40 34
-25 67 10
48 -16 2
-44 -16 -13
-61 -1 40
-66 53 33
-69 35 16
-101 -47 -9
86 9 -8
-22 58 40
-97 -4 -38
-43 44 -11
-82 18 -10
95 -4 40
85 0 -36
93 -1 32
60 -16 -39
100 -13 40
-109 -47 -19
37 1 -35
11 31 -13
-76 -21 -46
28 -49 -46
-101 -48 -51
10 -28 40
-24 -34 40
-50 37 -9
-75 -49 -43
6 -16 15
99 -21 -26
82 -5 40
-82 -16 4
-33 2 40
-12 67 12
48 -33 40
-6 31 -13
100 -49 36
-56 -16 32
-82 -31 40
102 -27 33
-50 67 35
95 -23 40
46 67 0
23 -4 -38
-43 -17 -41
-30 -8 -41
76 9 -29
4 -5 -39
55 -25 40
87 -49 -51
-94 -16 -36
-42 22 40
27 -16 30
-20 -48 -51
45 -21 -42
101 -12 -5
102 -32 15
99 -25 -6
-21 -16 18
-34 67 -6
-34 -16 -39
7 18 -22
89 -35 -46
29 -23 -46
-104 -23 -12
-37 -32 -46
64 -40 -42
-18 34 -11
-86 11 -28
24 37 -9
-12 67 -2
-104 -40 -12
6 -22 -46
-101 -9 -18
-18 -13 -45
72 -19 40
-66 59 0
-83 16 6
-101 -47 39
-66 46 8
-48 -45 -47
31 -13 -45
-96 -32 -42
-12 -38 -46
-104 -31 32
108 -16 -43
67 -31 40
104 -49 -19
84 -16 -27
17 57 40
15 39 40
48 23 -19
34 -16 0
-9 47 40
-60 15 -25
0 48 -7
34 58 40
-58 15 40
52 -16 -25
95 -16 20
64 50 3
67 -16 -7
79 -16 -9
49 51 40
-70 3 40
58 -16 8
99 -21 14
-11 59 -7
20 44 -12
-57 67 12
-48 60 -7
47 -16 -36
-27 29 40
-104 -35 -20
-110 -48 24
-67 -23 -46
102 -35 -37
23 13 -26
-91 5 -2
12 -10 -43
-62 44 -8
85 -22 -46
-104 -26 40
64 48 30
6 67 40
-36 29 -15
-72 31 -10
-42 -3 -38
31 -34 40
-40 -41 -46
60 44 -10
-27 -16 35
-13 -23 -42
53 -29 -42
-51 -17 -41
103 -21 -36
-6 67 33
-86 -17 39
12 67 -6
-101 -9 40
57 60 -7
73 24 -18
92 -16 35
34 20 -21
66 -1 -36
-51 15 -25
82 -40 -46
78 20 37
64 3 40
30 -16 -28
39 -16 -24
-52 -16 15
-66 59 15
64 40 40
-45 31 -13
0 -7 40
4 -16 -8
4 -16 -33
19 -16 -7
-3 -16 9
89 5 18
97 -6 -31
-20 -16 -33
-60 67 22
-17 -9 40
21 -40 40
-34 23 -19
82 14 -26
-84 -2 -37
5 44 -12
-30 -28 -42
71 -29 -46
96 -17 -51
49 47 -7
-103 -12 18
29 67 -3
-20 -41 40
108 -17 -16
7 -21 40
10 -42 40
-91 -2 40
-101 -37 -38
-51 -37 -46
-91 -16 -12
-56 40 40
-25 22 40
37 67 29
33 -8 40
-32 -16 18
-69 20 40
-72 -16 15
11 -16 33
99 -31 2
-49 -16 -1
-6 -16 -21
43 -16 -10
-94 -16 -4
60 -40 40
-104 -27 12
-61 -41 -46
25 52 -7
64 60 21
39 -27 40
-28 66 40
36 58 -7
-48 -9 40
-40 -16 14
-55 -16 -25
-28 -16 -32
3 -16 34
102 -49 -34
-64 -48 -51
106 -16 14
-99 -17 -41
84 -9 -42
12 -49 -42
57 -49 -42
-11 -49 -44
66 39 -8
-11 -12 -44
-69 -5 -39
-79 14 -25
-96 -2 17
100 -10 7
-100 -8 4
-104 -49 12
-55 -35 40
31 -16 -38
47 -13 -45
-81 -33 -46
30 -35 -42
-101 -39 -26
-109 -47 33
-90 -29 -46
-104 -33 -3
-96 -16 35
-102 -49 -40
-17 -16 -51
-93 -33 40
19 67 32
54 5 40
24 -23 40
-33 35 -11
25 -40 -46
-38 58 -7
-62 7 40
43 -16 15
64 47 38
-56 50 -7
102 -29 -26
-11 -16 11
17 -16 -39
-11 67 22
101 -25 -46
-48 67 2
-40 15 40
17 -28 -42
-24 3 40
-31 -16 -22
-36 40 40
-32 14 40
52 -16 29
-55 -16 8
39 41 40
51 36 40
-19 8 -30
42 46 -7
64 53 -4
99 -47 10
-91 -15 -47
80 -15 40
-33 10 -28
-105 -21 -22
-36 42 -11
-14 -22 40
-76 -42 40
-74 -16 -51
48 -49 -42
-101 -35 8
64 65 32
-12 65 40
103 -44 33
28 19 40
30 3 -33
-48 -16 29
92 -16 4
-56 -6 -40
-15 -16 -12
-68 -13 40
7 -16 -16
99 -44 -24
-108 -19 -3
81 -17 -51
73 -11 40
-3 -16 -37
42 -48 -51
34 -49 -42
-104 -23 -28
-110 -16 4
-29 42 -11
-6 -45 -47
99 -27 -39
104 -20 -10
94 -2 -14
-105 -49 -32
-92 3 -15
-86 -41 -46
70 -16 34
81 16 -6
102 -40 24
-39 -19 -48
79 -23 40
41 30 -14
-69 36 -3
96 -5 -7
34 29 -15
-89 8 11
5 -34 40
29 64 40
-30 52 40
46 -13 40
-62 -16 28
-54 -17 40
90 -16 -24
64 -5 40
-63 -17 -42
10 1 -35
46 -1 40
67 11 40
102 -28 -13
-25 -34 -46
-6 4 40
-9 -16 26
59 -26 -42
101 -49 -6
29 1 40
-45 4 40
-17 41 40
15 16 40
73 3 -33
57 -12 -44
-48 46 -7
-57 2 -34
18 9 -29
-105 -15 -16
31 -16 38
-104 -23 26
49 -25 -46
-52 -29 -42
102 -14 -12
102 -14 -45
102 -38 40
46 -5 -39
6 -13 -45
102 -41 -30
71 -45 -42
-72 44 -6
101 -49 -13
10 25 -17
59 7 -31
-102 -49 -17
-74 28 8
-68 39 22
-42 9 -29
83 14 7
83 13 30
87 7 -24
-104 -39 -32
-22 0 -36
12 44 -11
-31 -16 -12
47 15 40
-97 -16 8
-73 -16 28
-40 -16 -25
-50 35 40
