135 145 98
49 105 209
207 107 210
49 103 31
208 104 30
128 176 210
40 141 121
208 98 121
127 98 171
129 100 34
53 176 209
178 149 160
85 98 93
92 152 29
91 149 161
197 145 79
208 176 208
162 152 29
64 98 151
166 98 77
51 145 66
100 125 210
160 132 210
132 98 120
182 98 165
86 145 106
211 144 128
134 145 144
208 150 30
49 135 175
127 145 54
88 98 50
208 103 74
49 103 74
123 98 77
171 145 118
167 171 202
84 98 185
208 137 183
169 113 29
129 137 186
49 100 115
90 167 201
170 98 129
134 104 209
91 145 67
53 152 29
66 140 210
99 98 137
173 98 201
161 145 72
208 120 152
190 148 210
102 119 29
70 145 137
209 129 55
208 126 102
103 145 132
49 124 146
157 149 184
54 98 179
142 128 29
45 129 94
208 106 178
182 145 50
149 98 152
186 98 55
81 137 185
73 119 29
186 98 98
113 152 210
152 98 50
77 98 120
108 98 199
153 98 102
76 111 210
141 152 210
153 98 180
107 98 109
108 145 90
119 151 29
49 124 49
72 145 48
68 145 86
104 149 184
101 98 162
124 98 145
127 128 210
192 98 142
180 137 183
196 127 29
62 98 52
188 145 137
186 123 210
156 137 156
113 98 53
66 150 166
117 150 162
193 145 105
147 145 120
208 132 208
61 145 111
152 145 49
103 139 45
160 145 97
209 144 151
99 98 72
49 127 197
118 145 114
75 98 72
49 153 201
137 145 75
91 146 210
60 98 93
185 152 29
208 119 128
70 162 210
208 99 96
208 98 156
131 98 98
49 113 164
208 101 52
137 141 166
193 98 191
186 100 34
49 119 125
170 149 201
50 145 150
187 173 210
140 152 32
212 131 76
157 109 210
208 154 201
49 124 71
144 98 80
195 137 166
107 176 210
102 99 35
53 128 29
149 105 30
146 171 202
80 98 163
163 145 137
76 137 154
121 131 29
45 144 46
76 99 34
111 145 70
76 140 29
188 98 75
49 101 135
150 98 129
132 98 59
104 138 152
178 134 29
178 145 83
136 98 190
89 145 87
208 120 193
172 98 148
211 144 96
185 98 117
172 98 181
66 148 185
198 145 60
169 98 42
62 98 196
39 140 81
127 160 201
79 98 140
90 99 204
82 129 210
208 124 169
108 98 88
104 98 180
195 139 195
145 122 210
49 111 101
114 110 210
73 145 69
93 134 29
198 139 41
145 141 198
119 113 29
59 119 210
157 159 210
113 138 194
49 108 56
160 135 29
83 145 123
156 98 197
169 98 95
167 98 112
208 103 140
165 98 164
208 114 88
169 98 59
114 98 129
188 106 210
51 145 133
139 149 181
188 150 174
77 150 201
208 120 39
48 144 98
49 118 180
79 176 209
83 150 175
39 137 141
166 138 44
49 139 210
125 137 155
215 137 112
88 109 29
130 145 128
39 135 61
49 98 158
208 109 109
49 127 110
65 98 131
124 145 86
162 150 164
101 145 112
213 131 142
93 98 117
120 98 188
88 145 46
211 144 50
191 139 151
90 145 146
183 145 68
195 98 174
137 138 44
107 163 201
185 117 29
70 98 178
119 146 177
134 98 156
49 109 194
126 144 200
213 142 66
197 145 120
177 139 210
97 137 190
208 118 69
160 138 194
208 100 196
175 160 210
195 162 201
61 137 160
172 150 175
152 98 67
64 98 112
117 141 40
113 134 210
58 139 195
179 145 98
110 98 151
89 98 152
136 98 136
91 113 210
135 115 29
169 120 210
114 145 143
170 140 151
145 98 166
148 145 139
142 145 61
67 152 33
103 147 201
144 146 154
106 150 36
148 150 168
58 114 29
160 98 140
197 98 109
153 145 84
170 145 58
60 98 67
134 145 114
49 110 149
58 140 40
64 98 165
49 130 158
57 165 201
174 148 37
49 112 85
63 105 210
198 98 85
54 145 84
121 145 100
117 166 210
208 111 162
208 135 32
121 98 108
148 138 183
49 111 42
80 98 106
113 98 169
140 98 43
74 145 99
76 98 57
212 143 83
62 99 35
208 115 55
156 117 29
65 145 124
149 145 105
100 145 79
62 137 176
124 98 201
196 98 127
39 136 108
208 136 161
114 98 67
142 98 111
90 98 172
161 146 210
105 150 168
213 131 124
194 98 159
87 98 129
176 145 131
63 145 60
78 98 197
51 98 43
88 98 80
98 145 99
203 145 210
63 98 80
200 98 42
66 174 204
100 145 57
144 137 210
199 98 66
49 98 102
182 140 197
123 137 168
191 145 92
74 145 113
116 145 130
197 111 29
129 141 29
158 98 88
63 145 148
59 151 210
94 98 104
88 98 65
213 131 89
170 146 188
162 102 32
184 145 118
106 134 29
136 164 210
127 98 47
193 137 182
199 123 210
42 131 128
147 102 207
191 148 160
49 98 86
87 141 198
88 122 29
64 137 29
200 145 143
196 141 29
156 176 208
149 155 201
48 144 112
77 167 201
144 98 93
114 102 32
208 136 196
207 163 210
186 147 187
97 157 210
180 98 87
119 98 94
151 148 37
90 148 186
77 149 158
50 162 210
125 145 72
139 98 178
182 98 132
182 152 201
114 145 58
171 106 210
126 114 210
84 162 210
187 145 38
179 169 201
131 140 210
49 116 204
94 176 208
49 137 187
134 98 71
72 98 91
208 118 180
49 113 113
161 145 125
181 145 148
88 138 156
88 145 134
80 141 210
62 145 98
102 109 210
49 113 136
99 137 210
58 131 210
114 122 210
177 98 68
62 145 75
83 145 76
162 145 110
207 98 168
45 129 82
181 98 191
208 119 140
49 98 63
68 107 29
181 98 44
144 141 29
108 138 183
49 138 33
68 137 188
90 153 201
198 101 206
79 152 29
165 160 201
137 137 154
142 145 88
204 145 109
208 107 129
208 122 113
102 98 49
49 120 60
51 98 200
192 133 210
182 98 154
152 98 117
125 150 210
50 98 146
175 103 30
66 157 201
68 143 199
186 98 202
40 133 72
174 175 210
49 104 171
109 145 102
208 109 189
187 159 210
95 98 188
79 145 57
133 170 201
208 107 63
107 148 156
40 134 48
94 150 171
212 143 140
41 135 151
71 127 210
153 145 63
49 106 125
208 108 150
168 145 88
112 98 140
186 98 181
198 157 210
77 98 45
78 146 38
208 98 109
114 142 29
204 98 186
166 98 192
79 145 147
97 98 87
212 133 45
102 145 143
94 145 122
133 98 82
114 98 42
197 175 206
70 151 210
147 98 190
122 170 201
196 151 35
91 100 34
114 139 156
140 175 210
165 137 184
155 145 200
39 137 96
198 150 201
132 148 37
78 147 187
204 137 172
113 98 118
126 98 129
175 122 29
203 145 88
170 142 29
208 116 203
49 120 35
162 98 152
208 111 45
142 98 54
141 112 210
103 98 62
212 131 65
136 152 201
157 98 40
49 98 189
204 145 70
208 122 81
49 112 67
164 125 29
153 145 149
204 120 29
53 145 53
55 145 120
79 128 29
209 133 151
55 98 123
97 146 38
177 138 43
136 138 176
67 98 102
174 145 108
160 98 126
112 122 29
196 113 210
79 101 207
171 140 197
198 98 98
127 138 43
162 146 154
138 105 30
189 134 29
103 98 97
208 127 185
179 138 156
122 98 162
141 98 145
125 145 137
143 145 130
158 150 173
109 98 76
114 147 187
49 127 209
209 144 118
42 143 71
158 122 210
215 137 57
200 145 50
100 109 29
99 98 150
154 98 77
69 98 142
101 98 127
41 141 132
82 152 210
153 149 158
201 137 154
49 119 94
61 168 210
155 167 201
208 98 86
48 128 136
203 169 201
136 138 194
130 152 29
147 145 74
50 98 53
79 145 86
69 98 188
128 98 181
155 98 165
89 98 141
196 145 130
201 98 150
137 149 161
178 129 210
170 145 77
113 147 201
115 157 201
49 130 41
79 98 152
107 145 120
77 98 130
83 119 210
49 137 165
155 139 41
71 150 177
106 145 210
137 130 210
200 145 98
164 166 210
128 122 29
143 98 122
124 145 150
133 145 66
49 127 184
193 145 70
50 146 38
161 145 54
123 98 63
74 145 128
49 109 184
181 98 144
152 150 210
166 155 210
60 145 137
58 147 201
138 98 201
117 176 210
148 167 210
69 99 203
107 165 210
44 143 59
143 143 39
159 100 206
205 145 38
59 149 36
142 145 49
214 134 98
175 160 201
78 98 81
107 98 189
161 98 53
41 132 118
148 148 186
208 113 78
83 145 96
79 98 175
153 140 210
208 127 158
112 101 207
121 104 209
141 160 201
204 98 132
124 137 178
172 98 104
49 127 170
171 147 210
123 138 194
65 145 157
178 149 183
49 112 29
78 138 45
195 102 31
49 170 201
112 171 202
179 110 210
67 142 39
43 143 89
175 152 29
214 133 133
183 108 29
178 98 78
170 98 172
170 98 139
110 98 160
173 145 48
208 116 97
56 98 170
113 98 101
90 137 183
133 121 210
88 136 210
127 166 210
188 145 57
192 98 48
146 113 29
119 98 176
97 98 197
162 98 182
91 145 55
208 98 63
151 152 29
187 137 189
206 145 58
53 137 155
137 149 172
46 128 63
75 150 168
166 145 38
146 98 36
97 142 155
204 144 200
40 133 87
102 98 171
181 149 210
187 98 64
143 98 70
131 98 111
133 145 89
184 98 108
171 98 86
187 145 82
162 98 103
98 166 210
92 145 113
165 98 68
165 176 210
49 144 201
68 166 201
208 127 136
51 145 75
63 145 48
208 100 39
130 131 29
169 129 210
46 144 143
49 118 194
79 145 137
100 145 66
90 98 163
189 98 87
93 139 42
190 146 201
49 127 121
208 107 100
49 118 153
49 116 77
98 157 201
68 98 61
174 98 157
67 115 210
183 145 106
145 145 97
49 122 162
171 98 120
85 147 155
104 144 29
62 125 29
106 117 210
199 98 198
98 102 207
139 143 188
184 142 29
202 137 189
87 150 36
199 168 210
97 145 48
185 150 165
160 153 201
49 104 96
119 98 152
122 98 54
122 159 210
80 105 30
157 145 117
166 139 210
141 145 109
147 139 151
81 114 29
73 98 168
143 145 146
125 145 109
123 104 30
121 98 122
112 150 173
97 98 42
145 98 136
156 145 132
197 145 151
188 140 45
211 129 110
55 98 76
49 124 102
161 110 29
95 98 59
135 98 168
121 98 137
208 114 116
85 98 42
73 170 210
195 141 210
125 145 63
80 159 201
109 142 39
191 140 174
104 139 197
131 156 210
65 138 168
180 98 175
137 98 104
68 145 105
106 145 51
68 98 46
60 98 185
127 98 88
119 144 210
117 145 76
44 143 105
151 137 29
150 131 210
119 140 184
207 152 210
56 110 210
214 141 103
70 142 151
133 145 46
185 163 201
156 140 184
148 98 200
164 143 199
208 163 201
56 98 133
49 106 158
172 150 165
55 98 153
57 156 201
95 142 199
135 144 200
202 98 162
86 172 210
137 137 29
122 98 38
208 126 92
208 124 206
208 128 41
208 118 105
208 111 142
58 142 210
197 98 58
71 145 77
150 98 58
60 137 186
150 98 86
147 98 174
152 98 142
168 145 99
149 114 210
146 159 210
62 98 176
188 98 125
198 98 119
174 145 139
148 122 29
205 138 45
88 105 210
208 131 177
191 146 168
119 145 47
178 101 207
205 145 136
215 139 147
50 154 210
206 112 29
95 150 179
174 145 70
208 107 200
49 115 52
108 108 29
208 110 170
58 98 145
190 98 153
71 145 61
109 145 111
69 98 121
180 145 58
170 98 50
97 145 91
201 98 50
152 98 94
180 150 173
92 129 210
117 145 122
140 145 138
145 145 210
142 98 156
49 135 198
79 98 65
135 98 91
75 120 210
182 145 90
183 145 127
91 98 181
104 172 202
200 98 74
99 138 183
119 145 168
130 137 164
152 138 194
155 98 157
185 139 210
161 145 64
178 98 98
208 98 176
92 145 79
106 98 42
215 140 76
49 122 85
57 104 30
121 148 37
49 145 30
208 127 29
191 169 201
160 145 46
56 137 29
110 151 29
41 132 101
55 101 206
100 152 30
162 144 188
115 147 155
89 98 110
208 119 163
83 98 74
104 98 144
103 98 81
106 98 133
157 98 111
138 145 124
119 128 210
55 145 106
131 98 196
59 145 129
203 145 125
107 129 210
125 145 122
99 98 110
93 115 29
49 116 144
198 98 137
49 119 43
114 98 82
97 145 137
49 107 141
49 145 125
74 173 204
62 148 29
163 139 156
85 173 203
65 147 173
54 145 93
208 108 37
174 98 37
56 98 115
182 127 29
74 140 184
96 171 202
106 155 210
177 143 187
86 98 197
43 130 53
59 145 68
49 104 39
173 147 155
74 134 210
127 152 201
92 98 96
72 98 114
133 145 151
208 125 74
57 98 60
104 98 156
91 145 96
72 98 149
124 98 101
73 144 210
118 145 93
190 145 112
177 168 210
100 149 159
135 123 29
116 98 201
58 174 204
52 138 45
77 159 210
81 145 49
72 105 209
51 120 210
111 139 45
45 129 150
195 120 29
120 163 201
147 176 208
201 137 180
60 139 151
71 134 29
202 99 34
99 146 188
184 173 204
201 149 29
206 98 145
148 138 43
207 139 210
114 148 37
208 127 145
39 140 54
135 98 37
40 141 147
208 142 30
138 137 183
69 98 38
84 148 201
85 149 29
58 98 86
49 115 171
190 145 125
53 98 95
162 98 61
165 145 144
96 145 129
98 115 210
205 101 206
191 149 29
72 145 120
131 98 143
191 141 158
89 154 210
146 150 175
189 154 201
189 166 210
173 98 190
76 145 106
163 145 79
157 98 172
189 98 134
208 169 206
