138 103 91
102 248 160
54 81 161
198 81 161
149 167 161
53 82 68
126 87 161
198 80 72
149 222 126
102 139 131
102 195 141
91 80 111
165 116 137
187 80 116
106 82 67
88 111 161
149 248 160
132 130 161
144 80 125
129 168 126
111 231 126
53 84 122
160 83 67
102 162 161
149 204 160
162 80 157
173 108 98
133 125 120
88 116 107
89 80 143
80 96 82
149 145 138
149 191 131
102 218 161
74 104 133
162 81 97
136 249 126
107 102 90
150 107 161
114 80 127
179 103 161
123 205 126
102 166 134
102 135 160
57 88 95
133 87 70
125 81 97
114 110 161
186 96 137
191 91 94
157 120 113
113 117 109
167 80 134
76 91 161
102 90 161
149 168 137
69 100 110
149 226 151
102 249 137
90 120 136
121 130 138
174 95 80
102 185 161
59 90 142
131 146 126
114 184 126
75 80 125
150 143 160
176 106 120
102 216 139
131 80 141
79 82 67
181 80 149
198 81 133
155 125 152
149 242 140
157 101 89
111 80 146
131 229 126
77 80 97
150 184 151
149 207 141
151 129 130
143 80 160
112 153 126
102 150 145
169 80 114
95 81 82
121 95 81
141 114 105
131 188 126
132 111 161
108 81 109
138 130 144
62 93 78
104 204 126
149 80 144
102 234 147
101 125 119
117 247 126
122 108 98
89 105 94
139 81 109
186 97 109
145 94 79
178 85 67
76 106 149
142 206 126
142 158 126
166 113 161
105 130 145
164 96 161
102 179 144
198 81 104
88 80 161
189 93 153
102 202 161
175 107 146
99 80 130
117 130 158
82 112 122
64 95 124
125 80 115
117 128 124
95 96 82
68 98 92
61 81 108
157 81 82
177 88 161
180 81 94
150 155 149
116 81 82
153 80 113
145 178 126
92 121 151
181 80 132
191 92 78
97 81 97
80 81 82
148 238 126
70 80 141
198 81 87
155 111 102
103 119 161
113 216 126
136 97 161
102 110 101
102 232 161
62 93 158
138 81 82
112 80 161
101 104 161
195 80 147
119 83 67
113 169 126
190 92 123
114 96 161
129 80 128
102 149 161
61 81 84
91 87 71
143 139 126
182 100 91
149 93 161
146 84 67
102 191 128
78 108 103
128 116 108
106 92 77
150 136 148
131 216 126
102 208 149
147 130 161
66 82 71
68 80 161
102 166 147
89 98 161
99 80 152
166 115 121
146 124 118
149 221 139
118 142 126
132 130 132
79 80 152
53 81 135
167 114 108
149 197 148
102 178 128
169 81 80
123 120 161
149 234 160
149 181 139
163 92 76
102 241 127
198 83 121
102 151 133
113 196 126
149 191 161
161 80 123
133 80 154
133 96 82
149 216 160
126 130 149
165 116 149
175 107 134
110 130 134
99 127 131
169 80 145
100 80 118
83 113 144
68 98 144
102 226 133
155 125 141
74 104 161
186 80 159
146 118 161
150 172 148
102 247 148
121 80 152
53 84 149
155 80 133
179 81 108
61 92 112
150 149 126
121 224 126
102 174 161
102 223 149
149 156 161
90 120 118
76 80 108
126 241 126
122 159 126
150 157 135
150 167 126
74 90 74
133 199 126
124 101 161
189 85 68
168 101 88
121 80 136
194 89 110
114 81 97
102 193 152
183 99 147
149 106 94
77 104 92
194 89 139
118 102 89
140 80 136
149 231 135
77 107 114
149 178 161
102 215 128
121 176 126
102 118 111
150 236 148
159 122 130
112 109 99
149 216 149
149 247 131
142 229 126
149 134 138
110 80 136
177 80 120
84 113 132
121 121 114
172 80 155
156 119 161
59 89 131
150 248 149
135 178 126
102 140 148
149 213 129
178 103 107
116 130 147
149 202 133
164 106 95
137 239 126
187 80 140
142 187 126
134 109 99
102 204 137
53 84 78
137 120 113
69 99 154
65 95 102
71 102 123
87 81 97
140 168 126
102 236 135
154 89 74
184 98 119
153 80 153
136 121 161
124 194 126
132 157 126
125 133 126
148 100 87
110 123 116
98 80 140
97 102 90
102 240 155
102 185 137
148 118 110
91 80 122
102 157 151
160 80 142
149 145 150
142 129 125
139 220 126
107 161 126
91 120 160
71 102 100
82 112 153
185 98 100
111 97 83
154 85 161
168 87 161
135 86 161
113 119 161
155 125 121
115 80 118
128 101 89
90 119 127
183 96 81
97 125 140
126 81 82
102 159 139
70 96 82
141 130 154
142 197 126
68 98 134
189 80 126
117 237 126
116 91 75
129 92 76
103 80 161
59 81 128
155 100 161
122 150 126
87 93 78
170 111 153
136 80 121
98 127 158
106 130 126
196 81 96
178 80 140
106 146 126
183 99 128
193 81 79
102 143 139
54 85 103
185 92 161
173 96 161
141 149 126
178 81 78
102 181 153
79 81 161
92 90 161
141 108 161
150 164 146
53 81 113
149 189 144
170 87 71
142 89 73
192 91 131
189 93 144
144 80 151
106 223 126
173 80 128
196 87 155
62 93 87
109 128 161
149 196 139
150 140 132
130 130 140
102 241 142
102 172 152
170 111 127
102 228 141
98 91 76
183 90 75
194 89 87
150 206 149
173 109 112
121 214 126
115 206 126
167 104 161
180 102 140
143 80 117
121 80 161
102 142 156
108 247 126
124 111 161
143 109 99
93 110 101
117 81 109
195 88 101
143 130 135
97 82 71
60 87 71
196 81 112
105 169 126
110 89 161
102 194 161
107 80 123
90 100 87
149 185 126
60 91 150
59 90 121
125 127 122
132 208 126
183 99 155
143 244 126
82 111 110
102 134 138
60 81 119
127 249 126
150 175 133
102 201 153
83 104 161
164 96 82
138 80 146
122 184 126
143 100 161
150 228 144
108 138 126
112 86 69
102 211 157
124 233 126
76 106 140
53 82 90
102 176 137
118 80 145
56 87 85
99 128 149
153 95 81
57 81 142
130 80 161
102 226 157
103 98 84
150 136 157
195 88 72
148 112 103
141 98 85
178 80 161
102 150 153
173 108 160
132 80 113
153 80 121
150 159 128
68 98 118
160 116 107
149 224 159
177 104 152
149 206 126
128 82 67
139 82 67
192 80 154
150 230 126
78 107 125
83 88 72
169 112 140
97 115 106
189 93 115
118 113 104
166 111 101
190 93 103
107 80 153
84 109 99
102 189 145
198 81 140
149 162 156
121 80 123
133 130 153
150 239 134
68 97 161
81 97 161
108 104 161
106 184 126
106 197 126
96 80 161
56 87 156
156 106 95
150 198 126
191 81 104
157 107 161
84 90 161
102 195 134
162 80 115
161 80 149
61 83 161
101 97 161
131 139 126
115 160 126
133 80 134
87 82 67
164 117 129
120 168 126
149 241 156
151 129 145
178 103 100
160 120 120
175 103 91
104 80 146
62 93 96
104 233 126
102 133 153
136 134 126
59 90 104
176 90 75
129 112 102
93 104 161
121 92 161
131 103 161
123 89 73
148 80 137
94 119 111
149 211 156
63 94 136
152 82 71
140 129 161
88 117 148
153 127 159
71 86 69
190 86 161
165 116 114
106 80 116
150 152 141
149 215 142
150 150 157
102 157 130
169 80 123
96 110 161
102 202 144
98 107 96
138 93 78
67 89 73
130 106 94
187 96 88
180 102 114
176 105 127
56 87 110
115 105 94
67 89 161
148 130 153
103 87 71
102 209 131
75 81 90
53 85 129
129 80 148
150 191 154
149 185 159
102 155 160
106 107 96
109 175 126
162 119 157
173 108 106
114 80 154
86 115 116
166 82 70
95 124 125
71 102 138
147 133 126
102 210 141
123 130 160
133 223 126
130 123 161
155 92 161
129 120 113
102 172 142
149 183 133
143 87 161
169 80 161
87 116 157
118 104 161
150 140 143
118 229 126
110 190 126
102 231 153
149 174 141
150 201 154
123 80 130
149 151 133
149 248 137
117 130 130
164 81 109
81 111 160
179 102 133
196 87 79
81 92 77
72 101 88
117 191 126
171 111 120
115 222 126
149 223 133
102 242 134
150 173 155
117 124 118
102 216 150
150 208 134
150 190 137
179 98 85
112 130 153
149 158 142
149 216 135
149 180 146
149 222 146
161 88 161
192 81 121
109 130 140
160 121 149
58 81 72
118 86 161
134 115 106
80 110 137
56 87 116
137 80 128
92 121 145
140 124 118
143 213 126
102 165 155
181 80 114
60 81 148
115 177 126
102 81 109
194 89 146
154 116 107
181 80 125
144 103 91
108 239 126
198 85 92
152 122 116
56 87 138
115 147 126
144 130 146
150 80 159
198 81 127
155 80 147
198 81 153
197 86 131
104 152 126
193 81 137
137 80 159
102 173 131
102 242 161
160 120 139
104 130 133
161 88 71
179 80 155
73 84 161
100 128 124
83 113 104
130 117 161
127 154 126
128 162 126
106 109 161
106 210 126
119 130 152
150 234 141
110 202 126
169 112 133
102 220 155
102 248 127
75 98 161
173 82 70
187 80 152
127 221 126
131 237 126
102 186 151
72 102 116
132 243 126
102 220 133
149 142 126
189 81 73
104 80 133
150 165 132
173 81 108
79 108 97
96 122 116
169 92 77
162 80 129
152 128 137
180 102 124
118 135 126
102 249 154
197 86 115
132 129 125
123 104 93
64 94 145
86 116 137
150 128 123
79 108 132
105 80 140
102 241 149
150 230 155
136 213 126
150 203 145
150 178 151
150 167 152
106 93 161
113 242 126
120 242 126
127 201 126
73 103 107
70 93 78
136 162 126
115 130 137
149 173 126
107 116 161
142 115 161
180 95 161
135 142 126
128 96 161
141 93 161
195 88 122
134 90 75
187 95 94
156 124 135
128 98 84
74 104 155
194 82 68
86 115 125
58 89 79
73 103 144
105 121 115
193 81 131
174 80 149
155 80 127
155 113 161
131 174 126
59 89 161
121 130 145
125 144 126
135 130 138
94 96 161
140 181 126
106 130 150
128 130 155
112 133 126
167 80 151
102 184 131
142 124 161
198 85 149
102 190 157
125 80 144
169 112 115
102 154 141
149 244 126
191 92 161
102 145 130
149 218 155
122 117 109
82 105 93
112 142 126
147 88 72
102 168 161
196 87 161
76 106 120
168 80 139
157 80 161
126 80 138
157 93 78
108 115 106
78 108 145
126 80 156
143 120 113
147 193 126
118 198 126
92 91 76
138 130 130
107 127 122
70 101 148
198 82 81
102 249 143
164 81 81
131 182 126
136 233 126
134 92 161
104 129 161
122 130 133
138 80 116
102 166 139
53 83 96
134 152 126
93 83 67
99 80 124
146 218 126
130 80 122
183 80 143
102 180 161
115 80 137
172 98 84
163 102 89
84 100 88
146 154 126
191 80 161
79 108 155
155 86 69
189 80 146
127 123 117
155 125 127
150 202 138
64 95 130
198 85 108
173 102 161
147 124 161
175 107 139
145 81 109
90 96 82
102 234 141
150 241 148
86 81 82
149 99 161
123 113 104
182 100 105
190 93 108
165 116 143
182 87 70
187 96 125
102 227 127
144 225 126
60 81 156
143 80 146
102 194 147
177 80 134
150 92 77
152 109 99
144 145 126
108 89 73
150 81 109
106 216 126
132 82 71
114 82 71
139 80 154
157 81 109
99 80 113
115 95 80
96 120 161
110 80 130
150 163 139
138 111 102
171 110 147
162 102 161
93 122 131
150 141 153
150 196 134
149 148 146
127 105 161
147 112 161
118 99 161
143 173 126
137 190 126
142 236 126
135 171 126
102 144 150
69 99 104
102 94 80
168 99 161
145 130 140
145 165 126
102 208 161
65 96 84
66 97 112
182 80 137
126 228 126
59 90 90
71 101 95
172 80 118
179 93 78
54 85 73
102 104 92
62 84 67
89 112 103
123 99 86
75 95 80
184 98 142
63 94 117
178 103 147
64 94 151
60 81 114
57 88 125
95 80 155
73 80 136
168 105 93
102 163 127
118 110 100
103 134 127
146 202 126
87 116 143
155 125 147
123 92 77
190 92 83
183 84 161
177 105 113
190 93 137
98 85 161
133 194 126
136 80 141
102 248 132
126 188 126
149 173 161
106 85 161
150 80 125
102 136 144
125 172 126
102 231 131
119 124 161
117 116 161
150 179 129
149 245 145
118 154 126
151 116 161
137 227 126
127 209 126
71 93 161
166 114 153
187 96 158
198 85 69
102 212 135
149 210 161
111 165 126
102 142 161
108 130 157
102 184 142
99 80 147
187 80 135
122 247 126
111 80 141
102 161 134
158 122 143
154 80 142
158 80 154
77 100 87
129 88 71
93 84 161
121 129 125
89 118 132
94 123 156
85 84 161
102 190 138
146 248 126
160 112 103
137 128 123
98 86 69
102 190 133
173 80 141
149 227 139
150 217 131
118 80 131
149 235 130
119 218 126
172 85 161
147 130 134
102 221 141
150 191 148
116 92 161
145 105 161
101 124 161
150 168 144
150 230 148
150 199 159
112 80 121
123 140 126
149 160 151
133 166 126
112 125 120
151 103 91
96 92 161
102 212 146
102 155 147
171 92 161
102 199 148
68 98 128
112 113 104
186 96 152
174 108 152
147 84 161
79 106 161
105 80 128
96 125 135
142 80 131
74 104 127
82 112 127
79 109 118
132 122 116
149 162 161
68 98 98
111 80 113
57 88 146
147 80 113
102 201 129
55 86 161
198 84 76
198 81 116
170 111 104
101 129 137
77 87 71
191 80 110
100 80 158
111 220 126
129 196 126
128 130 129
176 106 95
160 104 92
98 99 86
166 89 73
110 119 112
116 98 85
67 97 138
142 86 69
60 90 75
96 124 145
182 100 136
153 99 86
88 117 121
117 87 70
141 192 126
152 128 150
162 119 134
161 80 134
126 94 80
197 86 84
119 209 126
