66 51 -1
-111 -50 38
-9 -49 -45
-60 57 -1
108 -50 -43
49 -43 39
-114 -5 -47
-32 -15 39
112 -6 22
1 21 -24
6 54 39
-98 15 37
60 -5 -44
-57 -5 -21
-82 -50 -43
56 12 39
14 -5 15
-38 34 39
41 -50 -41
-107 -29 -6
102 -49 38
106 -5 -27
-97 17 -11
21 56 -3
66 -5 -1
-76 -24 38
1 -42 39
-23 -7 -47
54 54 39
101 -39 -2
19 -12 -42
41 23 -17
-18 52 -5
-25 -5 2
-45 -39 -37
86 22 18
81 -17 39
78 21 -23
-6 17 39
-67 57 35
-35 23 -18
73 -37 -37
-75 -5 9
-80 -9 -46
-65 9 39
-107 -16 27
29 29 39
-77 29 15
-48 -42 38
29 -5 -12
34 -13 38
-110 -49 -29
-65 26 -13
-21 57 25
-4 -12 38
0 -5 -13
100 6 0
-115 -5 -19
87 -6 -48
16 -39 -37
30 56 23
-48 -5 17
-53 -7 -47
-110 -50 11
-101 -25 -37
42 -5 10
-81 14 -31
41 -24 -37
99 9 38
-103 -3 4
104 -30 22
71 37 32
-5 -25 -37
25 10 -34
-86 -5 -17
-24 -43 39
101 -30 -29
17 6 39
85 -5 15
4 56 14
-47 57 20
-71 -29 -37
-32 11 39
16 32 -9
52 -5 -21
77 -40 38
-73 32 39
57 -19 38
82 -5 -18
25 -40 39
44 44 -6
-19 12 -33
74 29 0
-41 42 -6
-50 13 -32
-30 -5 -21
101 -17 2
-16 38 39
0 -2 -35
-55 -13 39
-86 -5 30
51 57 15
107 -50 -21
55 14 -32
-88 -42 38
-19 -5 23
64 -5 22
-16 31 -9
-97 16 13
-26 -28 -40
111 -6 -48
102 -14 39
-97 0 -35
39 -5 -47
-37 55 39
109 -50 14
1 46 -6
91 9 -34
50 34 39
-62 -47 -44
9 32 39
-46 -5 -3
-30 -50 -44
-72 40 -1
83 22 38
86 -50 -44
11 -25 39
61 24 -14
-105 -50 -8
-107 -37 24
-68 51 16
-34 57 7
77 2 39
60 -48 -43
-67 1 -35
36 8 39
-102 2 24
72 8 -35
-15 -27 39
96 -32 38
61 -23 -37
-37 -13 -37
-55 26 39
94 17 -14
-65 -5 25
67 48 18
-4 -5 10
36 -5 -29
-96 -24 39
99 9 20
-81 25 -4
32 47 39
111 -8 -9
-52 46 39
-70 -5 -8
-66 -40 39
-99 -50 -44
88 -19 -37
37 56 4
-107 -23 12
-52 -23 -40
49 -4 39
-104 -35 -22
101 -20 -16
-104 -18 -19
-35 6 -35
-98 15 -28
41 -28 39
-47 2 39
-19 0 39
-14 -5 -27
-87 -34 -40
16 -5 -1
87 -5 -1
25 -50 -45
-115 -6 17
-45 -27 38
75 -10 -37
-35 -5 25
-99 -5 39
-66 19 -27
17 -5 -28
-83 23 29
26 -5 25
21 21 -23
88 21 1
13 -9 38
44 -5 -7
-91 -5 14
-57 42 -6
93 -5 29
-24 24 39
-110 -12 -34
104 -18 -38
-9 57 35
26 -27 -40
51 -35 -40
-50 24 -15
32 34 -9
-12 57 13
-71 -9 39
65 24 39
-8 -12 -43
15 56 25
-85 23 -19
11 -24 -37
-16 -5 -12
67 -5 -24
-16 -39 -37
-71 43 29
-102 3 -17
112 -6 5
0 27 -11
-58 -5 5
-15 22 -22
6 -48 -43
40 13 -32
4 -5 27
-115 -6 35
-68 -14 -41
-115 -5 -4
10 12 -33
100 2 -14
27 -5 10
52 55 -4
-43 -5 -26
65 -7 39
70 -28 38
42 22 39
-105 -35 39
-107 -37 7
88 -5 -32
98 -5 10
96 -41 -37
41 -5 27
101 -17 19
-89 -5 -1
49 -9 -37
-31 -30 39
-45 57 -2
-78 6 39
59 37 -8
-96 -13 -42
-107 -38 -39
62 -40 39
17 56 12
-83 -5 -31
-71 -5 -23
109 -50 -7
72 33 19
-24 53 39
5 -9 -46
67 49 37
-86 -20 -37
8 17 39
20 54 39
35 -37 -37
-106 -50 25
101 -44 24
40 56 33
-104 -13 -6
26 -24 38
-5 57 2
-37 -5 9
-61 -28 38
92 18 30
-43 -50 -44
73 -50 -39
70 40 7
100 -5 -41
-1 -38 -40
-20 -17 -37
-37 -6 -48
104 -38 -17
101 -28 9
-32 32 -9
-75 18 39
76 -23 -40
-32 17 -29
-53 -2 -35
26 45 -6
33 -14 -41
-2 38 39
71 13 39
-38 -28 -37
72 -5 10
-43 19 39
67 18 -28
111 -5 38
16 -5 -14
1 56 27
-50 57 33
3 -5 -1
-57 57 12
-31 -39 -37
-29 44 -6
-11 -40 38
-27 -5 -34
-87 22 9
-6 14 -32
-12 -5 1
-91 5 39
-1 -27 39
87 -32 -37
-20 -13 39
62 57 9
96 15 10
-36 -43 39
-34 57 19
64 56 27
-77 -5 22
76 -5 24
27 17 39
26 -3 39
101 -40 12
90 20 -26
81 23 -9
-60 -2 39
-60 -33 -40
-104 -12 15
10 56 2
-47 -5 29
-102 5 -4
90 1 39
-94 19 25
61 3 -35
102 -50 4
-73 -40 -40
-111 -48 -44
45 2 -35
54 21 -23
52 -32 38
103 -50 -32
-34 -5 -9
52 -5 18
4 -5 -24
-89 -13 39
64 -5 -13
3 -2 39
13 44 39
95 -5 -22
92 -20 39
34 -5 1
-94 19 1
11 23 -17
-112 -10 6
101 -17 -27
-61 57 25
-57 -13 -37
-111 -50 -18
13 43 -6
37 -40 38
-72 39 13
-53 12 39
-38 -5 39
46 -15 39
-11 -5 32
59 -5 8
-16 -5 12
70 38 -7
85 -29 38
-76 31 4
-92 -45 -37
-61 10 -34
62 -39 -37
61 39 39
14 -42 39
-55 20 -25
-69 -6 -48
27 -6 -47
-106 -19 38
-14 2 -35
103 -5 -2
104 -38 34
-34 54 -4
-20 11 39
-58 -5 -9
-10 57 24
30 24 -14
77 26 10
-63 46 39
76 -6 -48
29 56 12
-7 38 -7
98 12 -23
-43 -15 38
26 -7 -36
104 -29 -9
112 -5 -36
50 56 28
-86 -29 38
17 22 39
-104 -27 28
79 25 26
-52 -50 -37
-75 32 28
-27 -5 34
-21 -49 -37
4 -14 -37
-50 34 -9
14 2 -35
-103 -7 -27
-102 5 37
-78 4 -35
86 12 39
98 -29 -40
-69 50 3
-74 33 -9
51 27 -11
-42 20 -26
100 -2 20
-104 -5 -42
104 -19 29
-15 -28 -40
51 -20 -40
-73 23 -18
-48 -5 -14
93 -5 -9
-10 29 39
37 -5 -18
16 -50 -37
30 18 -28
82 15 -31
93 -43 39
-7 -5 22
-7 2 39
-65 -18 38
68 -17 39
-80 -5 -4
46 44 39
-65 22 39
-86 19 39
64 5 39
-104 -20 2
36 37 39
-78 -39 39
35 51 -5
-107 -24 -28
-31 56 30
-89 -5 -42
-104 -40 -12
-98 -5 -11
74 29 39
-111 -48 1
82 2 -35
108 -50 30
-102 7 14
72 24 -15
100 2 -32
50 -5 -47
92 -9 39
-93 -5 -27
-9 48 -5
-45 -5 -39
-97 -37 -37
5 -17 39
-92 9 -34
-60 -5 17
96 15 -4
59 -5 -29
-50 34 39
-11 47 39
82 -7 38
101 -12 -11
-22 57 14
26 -41 -37
-26 37 39
-94 -5 25
77 -5 2
77 -5 -9
-107 -41 15
-62 -5 -29
-101 10 4
96 -50 -43
-78 -12 -37
86 -42 -37
-26 25 -14
17 -5 30
61 -13 -37
-45 57 8
30 56 33
41 57 15
-26 -5 12
-72 -50 -43
-29 -14 -41
-2 -50 -37
-111 -11 -12
112 -7 -19
-99 -43 39
-102 5 -29
-48 -14 -41
104 -28 35
94 -12 -42
19 -32 38
83 -13 -42
100 2 32
34 -5 18
51 -5 -1
-20 40 -7
20 -17 38
-25 -23 39
-31 47 39
11 -8 -37
-7 23 -16
50 -47 -44
-107 -43 32
-104 -45 -22
41 30 -10
59 47 -5
-111 -5 27
101 -27 -1
-81 -8 38
-76 -20 -40
-42 28 -10
46 -5 -28
-24 3 -35
1 8 -35
68 44 27
4 -29 -40
68 -29 -40
78 -5 -29
100 -5 39
104 -28 -21
6 7 39
47 8 39
54 26 39
32 1 -35
-63 -24 -40
-104 -27 -16
0 28 39
-16 -8 -37
-55 -35 38
101 -45 -12
4 37 -8
104 -38 -40
-72 11 -33
-58 54 39
104 -39 -28
21 -19 -37
3 56 -4
104 -19 10
-66 37 -8
-104 -17 -40
-104 -43 -32
68 -5 30
-36 -50 -37
46 18 -27
-104 -43 -2
-114 -5 -29
-89 17 -29
98 11 30
-40 13 -32
-43 43 39
20 32 39
55 -5 27
-50 -32 -40
-104 -45 7
-41 56 30
22 46 39
-73 -5 -32
-65 34 39
101 -9 25
-104 -29 19
-2 49 39
-84 23 18
43 -15 -40
32 -33 39
6 -33 38
39 -5 39
-76 -5 -16
-71 -32 38
-85 -5 7
73 -9 39
-22 -34 39
-35 -5 -29
66 -5 -34
-68 51 25
42 -33 -40
8 -37 -37
19 -30 -37
-83 -41 -37
40 -5 -38
29 56 2
42 56 -3
-48 -7 38
-98 -15 39
-9 -20 38
61 -29 39
-82 -18 39
85 -5 25
-53 -40 -37
-21 -5 -22
55 3 39
-100 12 -18
-21 19 -27
10 -5 -8
-6 -5 -6
35 -22 38
-72 0 39
5 -5 9
26 8 39
-32 23 39
-15 18 39
-10 -5 -18
-26 5 39
-60 -5 -42
15 -5 -46
-91 -49 -45
87 22 9
108 -11 12
-79 25 39
-38 3 39
-68 -5 17
-114 -5 -38
100 3 -23
-104 -9 -17
29 -5 -21
67 49 8
25 -5 -1
-43 -35 38
-7 -5 -33
-17 -48 -45
-10 -17 -37
-65 -39 -37
70 -18 -37
-92 -28 -37
-34 -22 -40
-78 -34 -37
-109 -13 -25
101 -10 -19
34 -47 -43
70 30 -10
-67 57 9
-103 -3 15
35 42 -6
-75 19 -27
62 56 37
-104 -20 19
-107 -28 4
-107 -5 -8
-58 33 -9
15 17 -29
70 -5 -42
65 56 18
-31 -5 -42
-7 -42 -37
47 -43 -37
-7 -33 39
-53 -24 39
57 -10 38
-27 -5 22
-45 -5 5
-67 -5 5
108 -12 -3
99 7 8
50 -23 38
-26 -5 -13
77 -24 38
52 -2 -35
-65 -5 -17
-73 -5 29
-57 38 39
-56 -5 24
-38 -5 18
-94 -5 7
-9 -33 -37
-107 -32 -32
59 -5 -4
-22 44 39
-37 -5 -17
-80 -5 -23
-104 -8 23
98 10 -12
-73 38 23
39 21 -24
95 16 19
-86 -13 -42
3 15 -31
-79 26 -13
-17 24 -14
11 51 -5
-99 13 20
108 -12 -43
108 -12 32
-2 -6 -47
101 -8 -33
66 -48 -37
-53 -5 -28
-109 -11 39
-60 23 -19
105 -5 -14
73 33 10
52 -28 -37
68 43 0
-26 57 -2
-100 11 30
31 -5 33
92 1 -35
93 18 38
20 40 -7
-94 -37 38
-50 45 -6
-88 22 -7
-65 45 -6
19 48 -5
73 31 26
13 -17 -40
65 12 -33
-92 20 -17
109 -11 -32
83 -5 -41
-43 2 -35
-11 -5 -47
-91 21 33
17 -3 39
67 33 39
-79 26 23
-110 -12 20
-1 11 39
1 -5 17
-51 57 3
56 46 39
22 56 18
91 -5 20
90 -5 9
72 -5 -16
-2 -5 32
-15 57 30
-29 10 -34
104 -37 5
-107 -19 -9
-104 -18 -32
-37 -35 -40
25 31 -9
-35 -23 38
19 26 -13
104 -20 -4
-82 -27 -40
22 56 30
16 -5 8
44 -5 2
-41 -20 -37
5 42 39
101 -23 -32
101 -24 17
59 -33 -40
44 -35 39
-41 12 39
-24 -37 -37
8 -5 -16
35 24 39
-88 0 -35
36 -5 -9
-103 -28 37
-91 -5 37
101 -49 -4
14 -50 -45
-65 -5 34
-99 14 -3
-70 45 9
85 -42 38
52 7 -35
-66 -48 -37
110 -5 29
34 9 -34
22 3 -35
0 -20 -40
-104 -32 12
-75 -5 -42
-53 -49 -45
46 56 38
55 -50 -37
100 -23 39
-72 39 35
-11 18 -28
77 26 19
-14 -7 39
-43 -48 -37
78 -44 -37
32 -5 -41
57 56 24
106 -50 23
102 -45 -40
-105 -50 34
-9 29 -10
-109 -46 -37
85 22 -20
81 23 3
25 -10 38
-112 -49 18
-63 57 17
4 -9 38
-102 -2 33
-55 5 39
45 -5 19
52 57 8
51 -5 10
-106 -5 -34
-55 -5 32
85 -5 -11
-16 54 39
11 -5 25
-72 -17 39
101 -38 -9
-88 -5 -8
-30 -38 39
100 1 -7
27 -34 -37
-86 23 2
0 56 34
8 28 -10
56 -13 -42
-91 13 39
64 -12 -43
51 45 -6
28 52 -5
60 19 -27
17 11 -33
9 20 -25
102 -50 12
108 -12 19
102 -7 -47
60 56 -4
-98 -8 -37
109 -49 1
-56 -43 39
70 -35 39
95 -5 -47
-43 51 39
45 56 4
76 -5 32
26 -5 18
70 40 15
108 -12 -24
88 21 -7
10 -2 39
-12 57 5
101 -45 -19
-107 -37 -6
17 56 4
67 22 -20
-60 3 -35
-67 -5 -41
101 -33 15
-104 -34 30
-104 -34 1
73 15 -31
101 -33 28
6 -44 -37
35 -22 -40
-91 21 15
101 -44 32
-104 -44 22
29 22 -21
47 -5 32
112 -6 -2
-68 55 -2
108 -12 4
-76 -49 -37
78 -48 -44
-80 26 9
-105 -50 16
-20 -12 -42
100 0 3
97 13 -30
104 -25 -38
-16 -19 38
-111 -11 -2
-17 -5 -43
92 -48 -37
71 21 39
-32 0 39
-57 18 39
56 56 32
-52 -5 10
10 -5 -28
-20 57 2
-104 -17 8
-38 -5 2
101 -13 13
1 56 5
86 22 30
39 16 39
-100 -8 -46
-40 57 23
65 17 39
20 -5 22
11 56 19
42 1 39
29 41 39
44 56 24
-38 27 39
-83 -5 18
80 -33 -37
-6 57 17
-68 -24 38
-30 57 13
20 -5 -7
40 31 39
-97 -19 -37
-82 13 39
-21 -5 -31
-109 -9 -46
-6 21 -24
-109 -5 10
-45 -5 -46
4 23 -16
-63 -10 -45
-111 -50 31
15 56 34
64 42 -6
112 -5 13
-104 -9 8
17 -5 -38
69 -50 -45
-2 -9 -37
71 -12 -43
-83 20 -26
56 -42 -37
-37 -42 -37
-24 34 -9
95 -8 -37
107 -47 -27
62 31 -9
-11 9 -34
-95 18 -23
49 23 -18
65 -23 39
-43 23 -18
13 -5 -21
-80 -5 -37
107 -47 8
72 -5 -4
82 -5 7
-11 12 39
-51 -5 2
-20 -5 -3
34 57 17
-38 57 14
-27 18 39
-52 57 25
14 37 39
56 -8 -37
97 -18 -40
-31 -32 -37
11 -32 -40
83 -23 -40
-102 -2 -3
27 -50 -38
-24 -43 -40
-104 -10 30
17 -24 -40
109 -49 38
-38 35 -8
104 -23 4
-107 -39 -27
107 -5 -42
95 -24 -37
-57 51 -5
104 -33 -1
106 -13 -16
35 -28 -37
-10 57 -3
-102 -43 -40
49 -12 -43
-41 51 -5
-27 -22 -37
104 -39 20
96 -5 -29
-37 -12 -43
1 -5 -42
-71 43 18
-63 -10 39
-106 -44 38
20 -46 -42
41 37 -8
77 -4 -36
76 27 32
-48 51 -5
34 -43 -37
-73 38 5
-56 15 -31
26 -15 -40
-110 -47 -11
-105 -50 2
-102 0 -24
-74 -11 -44
91 19 23
-106 -27 -40
-98 7 -35
-27 20 -25
27 54 39
63 57 2
-35 -4 -36
-104 -48 -14
-85 -37 38
78 -32 39
-80 -32 39
-27 50 -5
-81 0 39
-24 -5 -41
61 -5 14
22 -5 -18
49 19 39
-88 -5 23
-37 -33 38
101 -10 33
10 56 12
93 -5 2
10 23 39
9 -5 2
-10 -5 7
101 -14 -4
-15 57 19
-60 -19 -37
80 14 39
54 -5 34
-41 -5 -32
24 -5 33
87 -5 32
44 37 39
104 -22 -23
-88 -23 38
55 -5 -14
