30 67 43
-81 -72 -56
78 -67 -32
-15 -45 43
-44 32 -20
0 -34 -63
-28 118 -3
69 -24 43
45 22 -24
-86 -34 12
-22 24 43
27 -35 1
5 63 -11
-55 -20 -46
-31 82 43
26 118 16
31 13 43
78 -72 20
50 -27 -51
-22 -35 -8
-4 6 -31
-78 -71 43
-60 -7 43
74 -29 -3
-36 -64 -53
34 -53 43
-81 -72 -10
31 -65 -56
-62 -4 -6
-8 118 41
-35 66 2
-87 -36 -28
55 2 14
36 49 9
0 -8 43
-49 22 17
-50 -35 20
85 -35 -60
-5 56 43
5 99 -6
-82 -35 -63
12 -35 -31
29 -5 -37
60 -8 -25
29 81 10
21 100 43
14 31 -20
-77 -39 43
-53 -35 -18
37 -22 43
-39 50 37
-1 -35 15
-23 -17 -44
62 -56 -56
-4 -63 -54
-31 -16 43
52 -35 18
-44 -53 43
73 -35 -33
-39 5 -32
-15 35 -19
77 -52 43
-30 107 24
-36 -35 -63
39 41 40
12 -35 42
78 -59 -5
6 26 43
-22 89 -7
-81 -62 17
27 -37 -61
-3 118 14
-3 86 43
49 -35 -18
-60 -52 -56
83 -37 21
55 2 41
-48 18 43
-68 -15 19
45 25 2
32 65 -11
-77 -60 -32
-70 -18 -27
-26 -35 18
-81 -48 -8
-41 43 4
-15 -35 -31
4 -17 -44
-18 58 -12
-55 -31 43
27 106 -5
29 -35 25
3 -35 -8
-32 85 17
34 43 -16
45 24 26
53 -40 43
-37 -35 -35
-20 -47 -52
-75 -26 -6
67 -18 21
53 5 -8
76 -72 -53
-51 17 -4
18 46 43
24 14 -28
-59 -2 -35
-58 2 24
13 -50 -52
43 -47 -53
17 82 -8
-29 116 43
63 -12 1
22 -5 43
-21 15 -27
16 118 35
-77 -28 -44
31 -35 -39
29 85 32
75 -72 41
-81 -52 -51
-35 -35 38
78 -48 -46
65 -35 -63
-13 -25 43
-34 4 43
-35 68 26
48 -10 -40
-7 115 -5
70 -23 -48
-9 9 43
-37 53 -14
3 -53 43
-40 -35 -1
-23 61 43
-69 -35 22
-63 -51 43
74 -54 14
12 118 -3
78 -49 -21
-56 -34 -60
33 62 25
-20 43 43
-16 101 43
-2 81 -8
11 66 43
3 45 -16
-63 -35 -33
-30 101 6
-72 -21 40
49 6 -31
55 -35 0
23 -20 -46
-42 39 22
-81 -55 35
-55 8 -20
27 -35 -17
27 99 13
9 7 43
54 -16 43
3 103 43
-2 22 -24
-22 0 -35
-64 -70 -56
-20 118 15
26 30 43
46 22 43
-44 34 43
-9 -35 -48
-44 -47 -52
-63 -35 2
-2 -35 32
29 -38 43
83 -37 39
68 -20 -16
14 84 43
69 -35 11
84 -35 -15
76 -72 -16
-25 73 -9
-56 7 9
-86 -36 28
-38 56 15
10 -2 -36
50 -68 -54
32 64 6
-39 -13 -42
30 28 -22
19 50 -14
-77 -47 8
12 -35 24
-3 39 43
70 -35 31
-31 97 38
20 -21 43
-20 -63 -53
57 -35 -39
77 -72 5
-8 -8 -39
11 -30 -53
-78 -72 6
-16 -34 -62
42 -35 -63
-12 -35 4
-11 100 -6
-88 -34 -4
-69 -35 -19
38 45 25
84 -34 -43
40 -1 43
-36 -25 -50
-20 -35 32
-36 19 -25
74 -49 28
60 -8 31
65 -35 -14
2 118 28
41 35 14
38 -35 12
-1 -35 -24
67 -19 -32
40 37 -3
74 -44 -1
-8 71 43
-2 -47 -52
-77 -46 -35
17 -50 43
84 -34 6
51 11 29
57 -41 -52
-68 -15 -42
-15 -6 43
-68 -15 2
-62 -5 -21
28 90 -3
48 16 14
-49 3 43
38 -19 -46
12 118 12
11 -34 4
-55 -35 -45
-69 -40 -57
32 53 43
-29 -50 43
-50 -65 -56
-29 -34 -23
42 -35 32
27 106 25
-13 118 27
-81 -72 -40
-47 27 31
-78 -72 28
-33 81 0
-81 -58 -18
-31 36 -19
-81 -48 22
-10 69 -10
-62 -5 10
-42 -24 43
-53 14 31
35 6 -31
43 -35 -31
-84 -38 -50
27 114 43
30 -51 -56
64 -49 43
15 -64 -54
-8 24 43
-81 -59 1
44 27 -11
-10 -21 -47
-42 -8 43
-17 83 43
1 -22 43
74 -63 32
18 63 -11
26 118 2
74 -54 -34
-80 -72 -26
-69 -16 -13
-67 -35 36
-64 -9 31
-50 20 -17
30 75 22
-75 -26 10
6 117 43
-77 -46 -20
75 -56 -56
-45 31 5
48 -52 43
-43 37 -8
-40 -35 12
38 -35 -51
11 18 -26
-35 65 40
-23 -29 -52
-83 -34 -16
42 -35 0
-33 80 30
57 -35 31
-22 45 -16
61 -9 -38
18 17 43
-25 118 31
-14 -35 21
59 -35 -26
-45 -41 43
70 -22 8
36 51 -7
18 -35 -7
30 78 -4
71 -44 -56
-64 -29 -52
-25 -35 -39
-22 105 -5
-21 10 43
-35 17 43
84 -35 -28
67 -37 43
-77 -29 -29
-32 35 43
-35 66 -10
-4 -40 43
70 -35 -45
-74 -61 -56
21 -35 -48
-30 112 10
40 -42 43
-38 54 -2
11 -13 43
-77 -28 30
29 81 43
-46 -35 32
-32 -39 -52
-54 -18 43
74 -64 -44
26 -34 13
74 -60 -21
-38 -35 -12
75 -30 -21
-51 -35 -31
20 -35 33
-47 -29 -53
48 16 -12
54 4 -19
-31 97 18
60 -6 -13
50 -27 43
-6 58 -12
-30 -54 -53
-47 -4 -37
0 -27 -51
-11 -35 -12
-34 70 15
14 34 43
41 -58 -55
-77 -44 33
-48 14 -27
-24 27 -22
14 -12 -41
57 -2 1
7 54 43
-17 118 2
-24 -32 43
20 57 43
-18 112 43
14 118 23
16 93 -6
54 -34 -62
-13 82 -8
-9 45 -16
-75 -35 1
-56 7 -7
50 13 0
60 -8 19
-4 32 -20
-23 -35 5
62 -70 -54
15 107 -5
4 -35 -39
66 -17 35
10 73 -9
76 -31 -54
37 -35 -10
73 -27 23
40 -4 -36
34 -11 43
-59 1 36
5 76 43
-24 73 43
-30 52 43
13 8 -30
28 94 23
13 -35 -63
60 -18 -45
-40 -35 -45
-85 -34 -39
34 58 15
-77 -63 -45
4 117 5
-30 108 36
47 11 43
-56 -35 -7
-38 -35 24
24 37 -18
74 -42 -14
41 33 -19
-12 25 -23
-11 -42 -56
-51 17 8
-74 -49 43
-56 -43 -53
-70 -19 30
42 33 31
-59 -35 12
34 17 -26
60 -7 43
-75 -32 -54
-15 33 43
-12 -54 -53
-31 95 -5
-88 -35 42
-58 -11 -41
-31 90 8
-39 52 26
-9 14 -27
-15 7 -31
-25 -4 43
-57 -42 43
12 95 43
-15 54 43
9 54 -13
13 41 -17
31 -27 -51
27 109 9
-29 7 -31
31 69 33
78 -44 -33
82 -38 -4
-49 -35 7
28 91 40
-12 -35 39
78 -57 23
78 -70 -6
8 44 43
-74 -25 -16
-8 -53 43
5 -56 -53
-53 13 18
13 106 43
26 118 26
-56 -35 32
65 -30 -54
-65 -11 -33
-30 117 21
35 -35 -24
18 -35 -20
-31 90 30
-77 -40 15
27 99 33
-64 -27 43
49 -6 43
74 -45 10
-69 -51 -52
-47 27 -5
-46 -37 -61
66 -35 2
39 30 43
74 -54 3
-77 -39 -9
13 -40 -52
-81 -54 -39
53 -57 -53
36 51 34
7 87 -7
-54 7 -31
-44 36 33
-77 -71 17
54 -2 -36
-41 44 -16
-78 -59 -8
5 111 -5
78 -46 19
-77 -45 -56
-80 -60 43
77 -72 31
21 1 -34
-28 -9 -39
43 13 -28
29 85 20
72 -26 -38
13 -22 -48
-7 118 5
-72 -35 -37
3 -8 -39
13 -35 14
29 44 43
-38 26 43
21 7 43
4 -37 -52
-72 -22 -37
11 -25 43
-6 -35 -39
-80 -32 21
55 3 24
1 18 43
-12 91 43
66 -35 22
50 -35 8
-31 -35 -4
6 -35 -17
55 -35 -10
-18 -35 -18
-77 -63 26
22 -58 -56
-43 -56 -55
-7 89 -7
78 -63 7
32 68 15
-81 -52 -29
-41 44 14
74 -41 38
-10 46 43
-36 -44 43
7 -2 43
18 73 43
74 -40 -24
69 -63 -53
75 -30 39
30 54 -13
2 -35 3
23 71 -10
50 12 -21
8 -35 33
-35 -47 -56
78 -62 42
-34 73 -5
-23 -23 43
38 -31 43
-78 -30 40
32 -42 -52
-8 0 43
27 -48 43
-45 -19 -46
-68 -41 43
-30 -35 29
-37 59 33
-32 -2 -35
-40 43 43
33 60 -3
33 -12 -41
-19 -35 -45
33 60 35
2 66 43
5 36 -19
-13 -16 43
55 -49 -56
45 -35 23
77 -33 15
-33 -35 6
78 -53 -13
5 -44 43
-64 -16 43
48 -19 -46
-77 -38 -27
-59 1 -15
21 24 -23
-81 -43 0
65 -15 12
1 72 -9
5 11 -29
-45 32 17
74 -64 15
20 -45 -55
-70 -35 -48
-81 -44 -43
27 108 36
-27 -37 -61
66 -17 -8
75 -72 -41
79 -40 -50
59 -35 9
-81 -52 14
-59 0 2
71 -24 34
-54 11 41
-32 45 -16
-6 -35 -3
44 27 15
68 -51 -52
-23 96 43
26 -28 43
58 -32 43
-41 9 43
-31 86 -7
21 -35 22
-39 51 7
-62 -62 -53
39 8 43
42 -14 43
-23 -42 43
-72 -71 -53
-15 112 -5
48 -38 -52
53 5 6
15 25 43
-33 -19 -45
-17 -53 43
-44 22 -24
29 -35 34
-30 109 -3
-14 64 43
-4 109 43
-5 106 -5
84 -34 31
27 99 0
60 -22 43
-34 74 7
-13 -1 -35
74 -40 25
70 -23 -25
-28 104 43
-54 -57 -53
-77 -63 9
7 27 -22
-5 -35 24
-10 -35 12
69 -22 -1
75 -30 5
-78 -67 -19
-53 -53 43
-27 53 -14
-30 105 15
65 -15 -22
-24 63 -11
18 115 43
20 -40 43
20 118 -5
-3 -2 -35
47 -35 -8
-33 -24 43
47 19 35
-34 73 37
-38 -34 -26
19 -35 6
-71 -19 12
-46 -35 -12
-33 78 21
60 -8 8
-74 -25 18
57 -32 -54
74 -34 -62
15 -35 -42
-12 -35 30
-51 -50 -56
38 26 -22
-66 -12 -21
32 0 43
-64 -34 -61
35 21 43
-21 81 -8
-77 -36 34
37 48 17
9 17 43
-41 45 -6
-34 -7 43
78 -56 -47
2 -30 43
-43 -32 43
-51 -8 43
27 116 35
-56 -28 -52
-62 -4 18
76 -65 -56
-81 -64 35
40 37 -12
41 35 22
74 -52 -6
-61 -35 -14
78 -33 -11
-47 27 -13
-83 -34 4
-5 -54 -56
-69 -35 14
-12 -63 -53
42 -28 -52
-20 -39 -52
-21 -55 -55
-31 90 43
-77 -40 23
30 75 5
-37 60 8
70 -24 16
-17 -24 -49
-16 -14 -42
64 -35 -6
-71 -24 -49
-81 -55 26
35 54 26
-77 -53 -3
-18 -35 11
42 -66 -53
-81 -68 -3
-18 70 -10
29 -35 -48
19 90 43
-20 118 37
4 34 43
4 91 43
-16 17 43
-27 17 43
1 49 43
7 -45 -52
7 118 18
32 35 43
28 -16 43
-40 -41 -57
42 31 7
67 -35 -26
51 10 21
65 -15 43
-4 -14 -42
67 -19 -42
-35 12 -28
30 77 36
23 -10 -40
-34 29 -21
-73 -36 -62
71 -24 -9
-14 50 -14
-11 -33 -56
-41 44 32
27 84 -7
47 -35 40
-61 -35 26
-23 -35 -31
-6 117 32
74 -66 -12
26 20 43
-22 -12 43
-15 3 43
-15 92 -6
14 1 43
-63 -37 -52
74 -66 0
36 -39 -58
-41 1 43
29 84 2
35 -35 4
-74 -24 2
-36 -53 43
74 -70 -26
-40 -32 -54
74 -39 -39
74 -66 23
33 34 -19
58 -24 -49
-43 38 10
21 -35 -27
-49 22 37
6 -38 -60
-8 -35 -21
56 1 33
-37 58 41
26 60 -12
78 -48 -56
-75 -35 9
10 -35 -3
-60 -1 -28
61 -35 -48
-65 -10 -14
22 98 -6
24 -31 -54
-88 -34 -58
-63 -7 1
-66 -12 11
-38 -6 -38
2 -35 25
57 -2 -7
37 -35 26
-47 -35 -42
34 57 7
64 -45 -55
-25 118 7
-47 25 10
47 19 -6
29 88 12
-49 22 1
31 -35 -31
-50 19 26
-4 98 -6
-67 -14 -5
-84 -38 20
-31 -30 -54
41 -50 43
-36 62 -4
-82 -40 -34
81 -38 -21
-81 -59 -53
-24 31 43
56 -50 43
-6 78 43
4 118 36
-11 107 43
-2 7 43
-13 118 17
-81 -65 -12
-6 -28 43
-70 -33 43
1 117 -5
32 -57 -53
-63 -19 -46
78 -48 37
-53 13 -15
6 -63 -56
34 -34 19
60 -35 16
-2 28 43
-81 -52 -14
-28 -64 -54
61 -41 43
-4 -16 43
-81 -70 -47
-81 -70 -33
80 -34 -37
-21 118 24
74 -56 36
79 -40 13
-46 27 43
78 -46 -7
-27 20 -25
-46 -12 -41
-45 31 24
-23 37 -18
20 -25 -50
31 69 -1
-68 -15 37
75 -72 12
-77 -38 -43
77 -32 30
24 45 -16
-2 52 -14
12 -57 -56
-81 -44 39
-32 -35 13
10 -51 43
36 51 2
42 -35 -21
71 -35 -7
37 48 41
71 -48 43
-83 -39 -22
-43 -65 -53
12 -43 43
48 17 6
57 -2 -29
18 -14 43
22 107 43
-3 -47 43
-17 72 43
-63 -34 43
-7 33 43
-64 -46 -52
-56 6 31
17 117 2
28 20 -25
78 -49 -39
31 60 43
55 -14 -42
74 -49 -28
-77 -54 20
61 -38 -59
-31 98 25
46 -35 14
28 7 -31
-55 8 0
44 28 38
-31 -38 43
-28 -24 -49
42 31 0
-28 -47 -52
78 -56 -40
-20 -35 25
40 -12 -41
47 4 43
50 -35 33
18 65 43
-46 7 -31
6 -24 -49
-77 -58 -25
26 113 -5
64 -13 -30
74 -29 -44
-45 -35 -27
41 17 43
-85 -38 -10
20 -34 -63
12 66 -10
-48 -43 -56
-74 -40 -53
-77 -54 -56
-31 60 43
51 9 13
-59 1 12
78 -55 -28
39 41 2
42 7 -31
-86 -37 35
27 111 19
-81 -68 12
-81 -68 23
-22 98 -6
-33 79 12
73 -28 -29
4 -35 10
39 41 32
-79 -72 36
-17 -32 43
-44 34 -2
-36 -57 -55
-82 -40 7
-3 -39 -58
26 -35 -10
-33 79 -8
59 -64 -53
-56 7 18
51 9 -13
74 -38 2
-51 -25 43
20 118 20
-23 86 43
35 -48 -52
-77 -64 -38
29 6 43
27 105 16
-20 118 -4
8 105 -5
78 -33 -27
26 50 43
14 -6 43
48 -52 -56
78 -64 -38
-18 21 -25
30 78 16
-46 30 37
-61 -3 30
35 -35 -17
-36 62 18
-62 -5 37
10 80 -8
-8 -48 -56
78 -67 36
-2 -35 -17
43 -39 -58
68 -71 -55
78 -47 5
62 -35 35
-77 -47 16
34 -34 -63
-54 -34 -39
78 -36 43
36 -35 35
4 -35 -27
60 -7 -2
-41 -1 -35
20 -5 -37
-3 -19 -46
51 -35 -24
38 44 -6
25 -35 -35
48 17 20
59 -4 13
45 23 -17
45 23 9
82 -34 -53
-79 -31 -5
-18 -35 -39
76 -39 -57
-49 -35 -6
49 -35 -2
73 -35 -15
-82 -40 -57
-65 -11 23
21 -52 -52
-5 -35 39
-49 -24 -49
-17 -6 -38
-30 117 36
-9 38 -18
55 -35 24
32 -35 10
-69 -35 5
-72 -35 -11
-2 116 43
-76 -27 -37
-63 -7 -38
64 -13 24
-32 75 43
32 -44 43
51 9 38
-59 -39 -57
17 -35 0
-32 84 37
47 -44 43
22 78 43
-11 76 -9
78 -66 -19
21 77 -8
12 58 43
-13 78 43
-59 -22 43
61 -35 -33
-8 118 23
-39 50 20
27 -46 -52
3 4 -32
-28 40 43
50 11 -7
6 -17 43
27 102 41
9 118 27
78 -54 31
78 -63 -27
-56 -35 -24
