219 145 134
32 48 159
65 204 112
138 55 85
216 47 166
146 203 167
62 110 96
116 88 167
32 147 166
138 142 107
216 76 88
187 204 111
37 48 90
219 200 167
175 87 135
87 180 167
127 204 112
32 204 160
221 102 167
67 87 144
86 148 125
87 62 85
190 119 101
120 87 118
35 167 122
32 114 135
175 160 125
154 65 167
219 49 122
155 96 89
222 96 125
184 177 167
180 52 88
32 71 125
33 89 167
102 117 100
219 186 129
95 204 137
34 87 83
192 77 167
119 87 81
89 62 166
221 160 167
113 173 125
146 111 125
122 175 165
175 204 145
32 203 124
86 87 112
53 176 165
158 186 111
67 204 155
185 84 82
59 144 107
222 73 146
143 87 146
73 115 125
73 174 111
116 130 125
195 87 111
110 203 167
176 130 125
64 82 85
55 68 167
127 204 142
100 87 139
131 114 98
143 164 125
222 131 166
54 87 113
209 48 87
32 118 166
162 121 102
207 121 125
34 143 137
101 195 111
203 163 122
152 177 165
192 204 166
84 89 166
168 87 161
34 180 146
153 87 117
209 102 93
91 89 86
201 204 134
113 60 88
191 145 108
40 48 116
124 63 167
108 152 111
150 204 131
63 51 88
40 87 143
200 87 138
49 127 122
222 116 146
101 108 125
187 183 125
213 73 122
81 129 106
50 187 122
160 73 88
222 167 144
131 180 111
155 143 125
169 196 167
62 158 125
48 204 140
40 68 104
215 80 167
170 108 125
136 87 97
90 170 125
78 190 125
176 103 93
176 62 166
33 95 123
32 171 167
206 176 167
213 50 143
87 202 167
170 144 106
139 82 167
34 66 146
221 204 146
121 87 146
128 150 125
43 100 99
159 164 111
195 67 88
173 87 110
222 94 147
221 86 107
32 48 136
194 103 125
61 89 167
137 130 125
213 60 106
105 87 101
32 68 167
93 127 125
51 203 167
171 201 126
49 106 125
125 105 125
49 65 85
71 91 125
112 201 126
177 174 111
129 195 165
68 187 167
142 186 125
204 139 122
122 131 107
67 204 134
45 149 122
154 201 149
34 129 150
219 186 153
221 160 123
80 105 94
208 103 113
84 203 111
161 54 85
106 73 167
122 163 111
221 204 123
32 162 150
57 126 105
130 73 85
188 87 152
102 176 111
65 136 125
110 102 92
74 153 111
204 62 166
73 74 164
136 87 129
104 75 85
69 87 104
204 87 81
154 204 113
222 144 154
168 181 125
39 187 165
32 198 141
144 85 81
32 86 103
157 126 125
100 136 109
55 87 132
34 185 129
32 103 156
184 146 125
170 87 92
100 87 159
103 187 167
222 127 131
97 185 125
102 87 119
145 125 104
110 204 146
84 87 148
206 87 155
203 201 150
104 143 125
188 118 125
178 70 88
189 161 113
159 87 140
204 184 122
222 63 165
82 201 147
90 158 111
117 189 111
54 204 124
33 127 123
192 102 92
80 78 88
150 110 96
67 66 88
127 190 125
177 128 105
176 192 111
48 85 88
52 87 154
59 174 122
65 187 111
189 87 125
167 180 167
197 188 165
219 83 135
196 127 113
219 110 132
139 160 111
203 87 97
130 172 125
86 87 132
221 177 167
140 197 111
86 144 106
153 89 165
207 92 125
76 165 125
67 97 90
113 87 131
34 159 135
138 183 167
138 65 164
219 117 161
87 188 111
159 87 104
114 156 125
125 99 91
156 148 111
158 160 125
187 87 96
139 204 150
213 59 131
40 76 158
98 204 156
156 100 125
194 50 86
187 201 129
50 112 112
149 175 111
80 134 125
125 148 111
37 76 91
159 85 81
121 87 98
86 117 99
40 53 147
146 68 85
136 87 114
139 101 92
82 204 132
98 54 88
48 163 125
171 157 111
98 204 122
188 185 111
212 62 85
203 113 103
157 133 108
40 82 116
222 130 151
221 87 81
133 116 125
166 87 123
157 189 125
213 174 125
213 65 155
136 201 128
179 204 161
71 139 110
83 105 125
32 133 164
182 89 165
168 148 125
34 147 153
46 201 154
96 105 94
63 192 125
40 65 134
212 188 165
152 190 167
159 204 162
219 154 144
38 114 122
76 55 85
34 115 148
206 202 167
173 87 148
121 204 158
222 52 154
129 87 160
34 128 137
167 204 112
213 74 109
63 105 125
88 175 111
190 62 165
180 97 125
115 176 111
117 114 98
91 76 167
191 201 143
62 123 125
222 83 156
163 204 136
34 103 143
40 53 104
200 88 167
70 87 158
115 191 165
34 83 131
151 176 125
109 118 125
109 176 167
167 73 164
34 140 122
215 90 92
40 60 121
127 60 88
71 149 125
47 89 166
217 138 122
71 178 125
183 171 125
209 198 122
43 99 116
193 132 125
197 152 122
149 87 130
131 88 85
34 192 154
140 100 125
38 56 167
174 116 99
209 87 112
216 48 110
219 170 157
44 176 125
88 87 98
114 187 125
222 181 141
66 63 167
129 75 164
32 173 133
111 204 114
155 87 153
111 101 125
222 144 167
96 155 125
53 97 90
68 120 101
32 80 150
117 73 85
50 49 88
40 61 93
108 87 148
34 91 155
213 71 135
49 112 97
209 153 125
56 188 167
187 87 139
197 174 125
202 116 115
219 104 154
66 203 167
109 91 87
180 189 165
34 158 162
112 140 110
73 176 167
80 93 88
93 94 125
194 192 122
150 87 95
222 196 137
43 197 125
173 86 80
60 204 144
64 166 114
125 87 134
213 81 146
57 147 125
215 63 143
202 78 88
213 50 98
109 126 104
181 139 110
163 104 93
216 59 117
143 147 125
104 165 125
210 201 141
134 128 105
78 195 167
153 77 164
53 87 99
92 73 88
119 141 125
73 204 123
64 150 116
171 62 86
40 93 90
216 66 96
111 63 165
211 110 122
103 162 111
138 201 139
222 90 166
89 198 125
219 99 136
182 73 164
44 87 126
222 172 133
219 161 135
66 87 116
184 87 109
144 87 158
220 85 118
177 118 125
34 152 122
32 52 124
101 86 80
212 95 102
40 75 142
144 204 120
199 204 123
82 86 80
39 63 156
61 134 112
183 96 89
76 87 136
32 180 157
120 119 125
164 137 125
98 198 167
221 49 133
189 175 115
182 153 111
195 176 165
85 182 125
217 123 122
163 116 125
213 204 154
56 97 125
32 101 167
32 79 164
80 201 159
222 139 144
32 92 137
193 142 119
184 62 85
140 77 88
126 204 130
70 87 92
213 77 98
141 194 167
160 204 125
107 204 136
71 201 144
44 71 167
145 151 111
146 123 125
197 92 87
54 79 164
175 81 167
130 194 111
164 204 150
54 75 88
202 58 86
190 201 156
98 177 165
85 160 125
175 190 125
222 198 155
182 201 138
40 203 167
130 160 125
219 149 122
47 137 122
53 87 142
64 78 167
130 139 125
177 87 121
168 184 111
117 87 157
117 201 138
219 153 160
91 128 105
135 203 167
222 73 128
166 173 111
106 131 125
81 124 125
118 76 164
92 137 125
127 129 125
160 87 93
77 187 111
213 77 157
213 56 161
154 60 88
40 71 116
57 204 155
132 87 146
146 87 109
40 92 107
201 111 125
128 184 167
36 204 150
63 176 165
212 68 167
53 117 125
151 194 111
32 61 129
148 138 110
173 172 125
214 201 132
127 87 110
82 87 122
122 181 125
101 64 164
222 106 142
182 204 120
167 131 107
168 79 86
34 194 122
105 89 167
40 50 129
186 131 107
40 76 128
32 188 140
161 188 165
110 204 157
184 108 95
34 197 132
32 194 167
32 70 157
186 75 85
96 87 149
54 121 113
222 65 136
111 87 115
139 177 125
139 172 111
87 191 167
93 149 111
222 189 167
33 85 93
59 59 85
220 107 122
79 65 164
37 68 85
212 96 117
202 77 164
101 201 145
33 87 112
55 85 81
162 196 111
32 102 130
40 82 104
192 87 161
47 62 165
153 119 101
72 198 111
141 117 100
73 84 82
46 195 167
191 162 122
106 66 88
150 196 125
34 139 146
152 153 125
106 179 125
162 174 125
108 187 111
159 87 130
207 70 86
91 201 149
100 87 110
70 76 88
148 201 142
141 87 137
98 87 94
95 183 111
222 160 154
44 97 125
40 85 161
125 80 88
74 87 167
120 123 102
120 204 119
62 87 153
71 109 96
41 55 85
209 89 166
221 178 124
90 87 158
37 63 113
148 165 111
126 95 125
166 127 125
39 204 139
163 64 167
206 102 125
79 87 103
222 193 146
180 109 125
102 196 125
78 121 101
221 61 127
222 84 144
216 54 88
222 62 156
60 184 122
193 110 96
211 87 134
201 87 121
32 48 148
182 201 150
150 79 86
32 181 167
34 170 145
65 167 125
212 188 122
58 87 121
113 110 125
40 57 138
193 82 88
129 156 111
162 87 115
185 136 125
136 204 116
34 138 157
188 196 167
72 163 111
85 54 88
219 122 139
59 87 91
196 87 147
120 201 148
133 176 167
129 87 122
62 195 165
32 85 122
110 81 164
88 108 95
59 130 120
91 87 142
71 128 105
219 127 159
202 130 122
32 153 146
111 82 88
43 87 96
77 184 165
219 71 162
131 138 110
177 87 158
222 195 128
213 54 152
222 136 135
43 87 81
222 54 145
32 170 154
97 65 85
32 59 151
62 141 118
117 183 167
80 69 85
219 84 97
113 159 111
77 156 125
39 159 122
164 152 111
114 87 141
34 122 156
142 201 159
222 154 131
179 86 89
144 91 87
42 123 125
64 200 120
81 87 157
222 111 167
36 177 122
197 68 167
42 204 131
163 87 149
219 95 157
213 81 125
176 142 125
183 157 125
63 87 135
205 95 89
100 125 104
142 73 167
197 125 104
90 197 111
213 79 116
125 174 111
78 98 125
82 75 167
96 89 167
171 95 89
189 199 119
132 201 155
208 87 142
202 204 159
62 73 85
127 107 95
171 201 137
219 136 157
170 204 165
213 47 129
59 201 134
219 181 160
143 176 167
32 78 138
103 203 111
38 47 165
189 154 118
163 139 110
161 87 167
86 204 120
219 169 166
140 133 108
32 111 161
136 87 155
167 69 85
193 59 88
138 188 111
140 110 96
108 91 125
45 73 88
107 54 85
136 152 125
71 124 125
121 162 125
175 165 111
195 182 122
138 108 125
75 87 148
112 148 125
185 191 125
161 79 164
219 178 150
134 64 86
64 158 112
84 151 111
154 200 167
200 197 165
222 73 137
39 91 116
179 202 111
90 81 85
213 84 82
221 84 127
213 70 148
122 139 110
64 179 117
146 54 88
64 196 112
164 99 125
57 137 125
210 87 104
213 58 97
94 184 165
180 87 101
101 123 125
119 199 165
88 204 141
166 87 99
64 113 125
159 109 125
108 87 158
41 105 125
90 87 121
61 87 103
174 204 154
84 87 91
148 95 125
176 179 167
190 110 125
90 189 125
133 149 111
194 87 100
177 179 125
104 87 132
84 136 109
108 195 167
45 179 165
207 85 88
148 100 92
160 111 97
201 104 93
78 87 112
156 156 111
158 178 111
64 97 125
163 95 89
181 87 147
185 196 111
133 95 89
32 110 126
86 98 91
61 102 92
180 185 111
115 96 89
79 112 97
184 81 167
219 119 131
45 103 107
166 87 134
40 69 150
78 145 110
40 86 151
216 68 116
212 201 162
110 85 81
144 204 112
215 165 122
203 87 130
32 151 130
207 106 105
180 198 125
39 78 167
150 137 125
191 138 113
64 87 126
137 192 125
167 87 142
158 204 142
122 183 111
87 118 125
120 65 88
82 171 125
190 87 117
203 192 122
82 170 111
108 169 111
133 87 167
98 155 111
160 64 85
220 85 89
40 61 147
152 87 144
41 132 122
95 176 125
98 144 106
40 204 123
213 86 158
34 181 137
50 172 122
214 65 125
34 133 129
160 178 165
180 204 131
204 173 122
91 204 130
120 86 90
53 119 103
148 184 165
46 103 93
32 188 160
54 154 125
48 186 165
70 196 125
80 160 111
161 197 167
93 165 111
181 199 167
175 150 111
182 87 132
140 137 125
32 66 135
122 197 111
114 87 95
117 151 111
76 204 165
174 89 166
119 194 125
116 91 125
173 186 165
212 146 122
151 167 125
204 147 125
128 204 164
93 114 98
141 63 88
222 165 129
39 68 126
40 66 164
151 87 84
32 86 159
49 201 132
153 204 157
116 107 95
219 123 152
93 204 163
165 201 143
40 86 135
118 55 85
170 124 103
205 187 167
171 54 85
67 59 86
206 204 125
213 49 117
152 143 106
32 165 130
201 181 165
128 120 101
221 54 167
185 167 111
79 199 125
210 136 125
109 109 96
110 116 99
58 87 160
32 96 160
39 196 165
219 69 154
132 87 136
219 111 152
128 204 122
222 147 146
162 197 125
115 166 111
34 165 160
160 181 125
32 120 130
133 79 88
52 89 125
133 98 125
110 185 167
213 79 139
167 158 125
32 55 162
93 87 134
89 83 167
72 138 125
64 204 127
171 97 125
222 203 132
117 67 164
121 82 167
81 175 165
33 139 167
161 87 158
222 62 147
66 144 107
96 70 164
221 47 160
140 87 105
142 156 125
40 78 110
146 201 153
95 87 104
189 191 117
213 129 122
34 125 144
32 159 142
86 130 125
219 128 143
34 99 149
142 87 93
186 101 125
81 194 111
152 182 111
155 87 110
84 93 125
213 55 137
210 196 167
197 117 125
213 93 111
84 140 125
181 122 102
57 201 162
194 201 131
106 145 109
104 131 106
37 77 120
86 204 156
174 138 110
50 114 119
54 90 86
219 91 140
165 204 119
157 201 133
214 95 125
37 176 167
187 51 88
214 178 165
216 80 107
34 204 132
96 79 88
