28 63 169
232 185 130
149 71 82
70 186 109
231 70 170
33 97 74
119 109 170
153 158 105
232 98 84
23 150 170
119 186 170
181 155 168
95 123 92
185 98 131
68 98 139
232 127 157
82 69 80
64 186 167
25 127 121
204 141 108
29 66 116
24 186 134
132 98 121
226 64 121
159 80 170
108 159 124
167 115 88
185 186 129
195 67 81
212 186 170
68 141 124
33 106 170
196 108 170
143 186 136
93 155 168
91 80 168
224 104 124
120 97 75
141 155 168
51 125 93
161 186 169
170 132 124
131 130 95
93 186 143
71 98 103
24 186 170
36 63 82
32 96 136
98 110 124
229 151 129
201 98 100
122 186 110
232 159 166
56 80 168
38 159 121
76 109 168
61 155 169
154 98 144
26 98 105
223 97 155
139 139 124
226 64 84
85 158 105
60 186 137
162 186 110
161 98 113
182 165 109
187 97 74
127 80 170
86 98 74
166 108 170
23 124 150
192 80 169
187 186 158
106 98 99
56 82 84
209 171 124
116 98 144
51 114 124
149 97 74
109 71 80
23 152 143
215 120 92
126 160 103
92 186 170
201 120 124
178 139 100
23 71 144
58 160 103
232 76 144
95 186 115
118 183 137
134 98 96
206 155 169
108 134 124
222 85 108
173 79 84
92 98 150
232 186 155
138 165 124
208 183 145
70 165 124
104 145 103
229 127 130
41 168 170
209 87 81
39 183 152
154 135 98
23 86 162
71 139 100
191 118 89
145 98 166
189 148 124
165 186 146
118 159 170
60 105 84
47 98 153
196 184 109
48 136 114
49 98 108
185 98 154
162 165 124
72 119 124
139 183 160
41 181 121
208 98 138
115 114 88
178 98 96
90 145 124
150 120 124
213 83 170
23 168 158
160 164 170
32 80 96
77 169 170
232 167 143
130 79 80
24 129 170
75 121 91
99 106 170
143 115 88
232 111 143
231 109 170
126 123 124
196 172 170
202 161 105
56 108 170
222 85 129
36 112 87
91 169 124
78 186 130
84 98 118
181 116 124
39 118 107
102 169 109
23 172 121
25 85 121
213 141 124
134 98 150
110 89 167
96 85 84
114 98 116
232 145 152
105 173 170
139 175 109
109 183 154
139 145 103
216 118 111
204 98 120
23 109 123
76 186 150
23 145 126
203 105 83
124 150 124
175 88 167
76 90 170
26 102 152
159 147 124
227 167 121
45 186 169
167 95 77
102 102 82
41 90 170
57 98 124
187 98 112
55 155 121
227 177 170
226 81 89
225 63 155
214 105 170
167 183 127
88 98 96
224 102 107
26 169 138
91 126 124
65 98 157
202 98 157
229 91 170
26 141 155
114 131 96
170 153 107
23 98 88
150 98 127
130 182 124
77 87 84
166 98 132
226 69 105
45 98 88
64 67 82
218 185 121
59 176 116
193 166 124
84 98 135
36 98 120
29 64 98
197 131 96
232 93 139
147 186 118
145 98 108
32 86 149
190 85 84
30 82 80
134 169 167
115 174 124
169 98 152
219 97 74
23 185 150
32 74 131
211 71 80
76 106 84
178 178 167
142 82 167
91 137 99
218 98 92
204 153 121
123 143 102
102 183 130
227 80 159
149 98 90
56 172 167
149 176 170
101 98 134
213 169 167
181 105 167
130 108 85
23 133 137
165 111 124
158 84 84
54 142 101
201 183 128
224 63 139
116 111 124
232 139 167
40 144 124
181 186 114
116 85 84
189 152 106
179 173 124
131 186 145
181 183 144
47 98 136
32 70 156
23 111 138
45 186 135
69 168 109
151 183 152
23 116 162
197 135 124
170 173 109
128 98 163
120 98 102
56 128 124
41 127 124
106 98 157
80 98 159
112 157 106
175 152 124
98 98 113
53 186 155
222 186 144
143 86 80
173 98 120
55 94 167
92 94 167
180 125 93
232 139 138
179 108 85
118 171 109
158 95 167
232 93 122
49 167 124
135 96 75
198 186 167
75 155 168
45 155 168
84 172 109
232 171 157
195 94 170
164 98 99
43 76 80
218 183 158
231 124 170
53 97 74
231 78 121
92 111 86
136 98 136
183 129 124
153 173 109
23 63 130
23 86 137
211 128 119
171 186 159
65 186 124
66 94 78
108 185 109
95 186 157
218 157 121
115 98 89
122 98 130
79 183 165
32 78 170
218 118 124
26 164 170
75 105 124
166 131 96
91 173 167
210 130 103
163 70 80
229 113 158
196 108 124
151 134 124
26 158 129
32 78 111
123 183 155
106 186 167
84 158 124
222 85 147
146 150 124
23 98 168
68 152 106
137 108 170
34 108 99
120 172 167
78 133 124
232 153 142
219 155 168
194 183 140
85 113 124
35 114 124
229 136 121
62 98 112
178 98 143
196 172 112
106 156 170
165 142 101
156 183 132
139 161 105
231 97 98
24 185 121
107 186 142
220 98 139
125 135 124
209 109 124
26 153 157
212 98 110
51 67 83
33 94 159
220 109 87
65 129 95
83 186 115
61 98 93
96 72 83
53 186 124
124 163 124
78 175 124
117 186 124
127 119 90
78 98 146
191 98 144
180 69 82
188 98 89
132 184 170
232 71 131
151 123 92
158 102 82
212 183 132
141 178 124
232 113 124
199 95 77
194 155 168
33 178 167
127 92 84
143 108 124
151 108 168
108 120 124
33 186 142
154 98 157
190 141 101
64 183 153
203 121 91
59 116 89
23 73 163
154 146 103
130 111 124
117 98 160
41 98 99
91 183 127
46 133 102
232 171 131
81 145 103
23 98 116
68 80 168
23 64 153
37 98 147
170 98 166
69 79 80
57 98 147
114 144 124
204 186 157
142 133 97
66 165 170
103 98 145
23 180 160
232 125 145
71 183 139
44 88 81
175 165 167
40 121 96
197 98 131
47 103 124
34 108 114
175 92 84
130 156 167
102 135 98
67 152 124
59 165 115
56 142 124
33 90 111
222 76 138
120 72 83
101 150 124
23 120 131
67 97 170
211 98 150
23 79 153
31 137 124
180 141 124
147 165 167
92 149 105
201 77 80
23 100 130
208 96 170
31 63 143
181 176 109
232 92 159
33 86 131
62 114 124
78 145 124
222 147 121
103 80 167
33 94 92
26 129 159
120 94 170
106 102 124
107 121 91
229 149 170
108 101 167
167 155 170
221 74 80
80 129 95
232 181 142
225 186 166
146 186 169
47 102 167
186 167 170
23 140 167
23 97 142
222 74 117
32 73 86
86 79 84
220 92 84
67 175 124
232 160 153
78 98 92
201 85 170
33 186 127
136 186 114
182 163 124
166 98 88
23 72 123
70 177 170
68 98 128
36 172 121
87 90 84
232 98 149
164 174 167
88 108 170
173 183 136
102 168 124
23 174 149
126 98 112
190 186 120
216 98 121
219 175 124
220 129 124
26 142 144
35 155 168
115 80 168
222 73 148
108 94 78
222 70 163
183 186 170
60 186 112
85 183 154
219 111 98
198 153 112
214 98 162
30 91 170
226 93 113
128 178 109
94 98 126
141 183 150
81 98 107
151 163 124
136 125 124
26 161 150
116 127 124
47 183 145
23 97 77
26 176 130
208 113 87
102 112 87
154 113 87
32 75 143
56 151 108
32 150 121
194 176 124
31 103 85
171 121 124
107 81 80
46 80 170
149 91 170
57 93 84
229 97 74
96 98 74
178 98 106
226 81 99
23 113 150
84 183 138
229 160 134
162 98 123
232 84 135
95 160 124
159 178 124
125 173 124
32 81 158
229 108 134
171 186 118
225 165 170
209 181 121
173 186 170
94 161 103
210 98 79
206 138 117
23 77 132
94 179 109
157 186 119
203 165 170
139 104 83
23 89 151
76 95 77
228 178 121
231 124 121
175 106 124
193 162 108
188 75 81
232 86 150
117 123 92
51 111 86
188 98 165
222 85 166
226 101 167
232 69 160
188 178 167
232 157 122
229 136 150
148 182 109
104 186 121
146 98 151
93 98 139
150 98 100
46 152 124
135 71 82
172 163 109
124 98 150
98 140 124
203 144 124
94 98 88
133 183 136
224 63 170
54 186 166
140 98 127
133 92 170
125 98 139
53 98 99
26 133 147
151 98 116
165 89 170
46 176 167
99 163 167
169 174 124
138 98 159
63 88 167
232 117 135
229 97 131
232 104 157
153 186 161
26 147 135
222 66 130
181 85 80
181 80 167
155 157 167
65 106 167
128 150 105
81 113 87
37 186 163
200 98 89
23 108 170
77 163 109
85 87 170
195 109 85
104 160 103
226 85 118
207 176 170
221 108 116
148 98 136
221 183 135
202 164 124
172 182 109
88 135 124
156 93 84
182 98 122
65 131 124
91 98 105
222 73 97
72 186 159
197 183 151
117 186 148
114 105 84
226 92 92
23 118 121
197 161 116
175 98 129
43 106 84
29 92 83
44 98 79
69 160 103
183 93 170
225 63 93
23 167 129
114 98 135
59 98 138
100 90 170
222 86 138
48 137 124
125 98 93
196 98 108
107 98 108
157 98 134
72 98 112
53 160 167
155 112 124
110 175 109
217 98 130
23 134 128
165 98 142
39 98 165
148 186 128
112 167 167
133 157 124
191 125 124
57 186 147
229 63 147
73 186 118
177 183 152
23 90 129
162 120 124
162 186 160
169 145 124
200 86 84
149 103 82
140 122 92
73 178 109
56 74 81
225 84 80
134 138 99
161 124 92
216 81 84
77 100 167
85 159 167
57 172 124
134 98 105
187 108 124
216 64 83
156 183 142
23 120 140
92 98 159
77 80 168
171 165 124
26 160 139
67 111 86
210 127 94
33 80 124
229 82 170
64 105 124
29 86 104
232 149 161
32 66 108
78 98 128
215 119 102
195 155 124
232 178 151
211 163 121
140 176 167
54 133 97
177 98 160
232 178 162
71 98 87
41 98 129
176 96 76
222 75 125
223 101 81
29 66 90
23 121 170
199 148 104
128 108 167
193 102 82
169 86 80
163 159 104
78 152 106
202 175 121
213 105 84
226 92 104
88 185 109
114 186 115
140 116 124
133 183 153
229 117 166
161 176 109
54 98 116
167 98 107
61 98 103
189 139 124
23 176 168
212 150 121
112 183 162
232 68 139
216 183 148
111 140 100
232 141 128
124 135 98
116 101 124
62 145 103
53 160 111
24 96 97
40 121 119
166 108 85
229 186 121
131 186 161
229 119 151
226 72 88
62 179 109
72 68 83
204 136 98
81 97 85
223 94 146
26 105 144
119 150 105
140 93 84
125 103 124
229 139 159
42 108 170
29 73 100
179 115 88
146 140 100
110 186 130
32 70 166
23 159 121
43 126 107
219 111 106
125 183 131
28 186 158
173 146 103
98 183 165
85 106 84
220 137 121
188 128 94
26 81 145
145 166 109
136 82 84
226 77 110
231 104 121
31 179 124
63 86 80
161 98 150
232 183 169
133 85 167
114 98 152
178 158 106
52 178 121
190 98 120
131 169 109
26 104 160
203 183 136
37 106 124
186 179 124
39 98 155
189 186 150
179 186 161
148 183 144
100 132 124
103 98 91
200 98 165
208 133 111
220 93 167
150 79 84
171 172 170
52 98 160
222 94 124
109 109 170
98 121 124
79 124 124
49 124 124
131 145 124
78 79 81
185 155 124
163 168 109
31 165 121
72 98 121
115 164 124
140 98 115
100 186 147
85 98 166
52 145 113
175 131 96
174 102 82
23 157 163
124 186 118
53 183 134
226 65 113
122 109 85
187 111 86
87 125 93
222 108 170
124 100 81
26 112 130
229 174 138
154 169 170
79 138 99
173 80 169
46 98 144
232 98 106
188 98 104
204 98 111
75 153 124
153 155 124
31 63 152
232 77 153
229 128 138
205 66 83
44 173 124
40 98 107
146 168 124
49 88 167
232 110 151
23 94 161
148 92 84
230 148 121
158 139 124
61 171 109
65 120 91
210 98 87
126 89 167
206 106 170
33 96 128
61 159 124
214 161 167
173 108 168
223 89 157
43 117 89
155 104 124
111 165 109
140 186 128
24 186 142
130 98 130
31 63 135
186 135 98
93 130 95
194 98 157
232 167 166
94 171 109
181 183 136
142 98 96
39 98 139
31 102 93
232 84 127
111 178 167
47 160 121
32 129 124
61 138 100
29 80 88
104 90 84
189 88 167
187 185 109
36 163 167
116 92 80
123 183 163
231 63 129
229 144 143
222 186 152
26 120 157
98 183 137
124 100 170
159 183 151
189 174 109
89 165 170
224 101 115
32 78 151
229 129 163
84 186 124
196 183 160
210 183 163
29 92 120
122 81 80
64 173 167
154 165 109
201 146 113
229 101 142
218 168 121
31 171 170
33 85 165
154 182 170
136 101 167
214 178 170
31 100 167
140 98 143
71 98 150
30 105 121
33 95 102
23 65 163
39 137 121
48 168 167
32 104 106
84 98 152
117 179 109
98 186 124
122 142 124
62 98 163
122 180 124
87 180 167
99 175 124
49 145 124
54 106 124
204 98 128
158 131 124
36 111 107
75 98 135
37 186 134
127 166 167
54 101 81
68 183 132
232 120 128
32 93 143
127 97 74
157 76 83
54 98 90
232 76 163
43 116 124
177 97 170
182 149 105
196 125 93
41 166 121
232 64 166
91 102 82
188 159 170
67 102 82
59 186 120
73 163 167
209 133 124
171 121 91
200 115 88
88 117 89
75 186 170
226 99 89
222 183 127
45 130 118
158 98 89
169 180 170
93 102 167
57 101 170
160 102 170
63 76 83
229 153 152
201 186 144
65 186 146
37 89 84
174 186 143
198 185 121
128 178 167
98 140 100
57 180 167
116 77 80
224 114 121
29 99 112
196 164 167
140 186 143
192 186 170
160 97 75
118 161 103
32 64 161
139 186 168
232 90 131
218 183 166
53 186 140
