152 90 152
28 199 126
35 53 88
226 199 124
127 195 162
226 89 84
28 111 165
90 131 108
226 54 164
226 131 162
112 59 89
165 152 112
85 67 162
88 193 112
164 92 89
187 179 165
66 172 164
28 54 148
41 106 103
201 90 130
140 198 112
28 148 130
107 90 127
121 159 126
208 157 123
218 53 110
79 90 86
183 198 112
129 116 101
187 69 165
61 90 137
192 120 103
224 198 165
63 160 112
30 189 165
182 57 90
226 123 123
91 199 150
158 117 126
162 199 144
221 91 162
115 88 165
36 73 118
69 57 89
61 125 126
30 152 165
224 165 154
145 63 91
60 199 138
140 90 118
52 70 165
153 173 162
28 115 131
200 199 142
120 90 83
102 173 165
226 72 136
196 90 98
30 86 147
116 128 126
90 164 126
114 196 128
174 90 117
139 67 165
226 89 113
52 80 88
186 137 126
41 173 126
148 174 126
81 90 114
181 174 126
137 141 109
61 188 112
88 90 147
100 105 96
67 116 101
178 90 144
68 199 164
211 67 88
226 100 138
68 91 164
28 89 87
155 115 100
90 111 126
223 143 139
202 115 126
226 174 130
137 196 139
204 184 123
110 178 112
28 169 148
163 73 165
126 90 143
195 91 163
28 131 153
28 70 165
163 186 112
55 90 112
118 90 106
112 142 108
212 106 98
127 172 164
151 198 165
78 144 126
188 155 112
89 68 91
136 111 126
175 199 164
141 95 91
28 93 123
39 199 147
211 72 165
48 105 126
52 145 126
108 67 163
174 131 108
146 152 126
28 53 126
223 190 144
44 91 162
180 196 134
200 199 164
179 112 126
218 53 143
226 111 156
105 194 165
210 136 123
179 105 96
71 176 126
44 174 162
100 87 85
165 69 88
158 90 131
206 172 163
128 180 126
135 91 164
79 196 133
69 135 110
58 99 92
164 137 126
98 138 126
170 91 163
38 130 123
86 185 165
33 70 99
107 122 104
139 131 126
50 124 106
181 80 88
70 102 126
36 53 107
133 167 112
103 159 112
94 88 165
48 198 123
218 73 117
154 199 125
214 104 117
28 70 136
111 196 147
99 186 126
99 90 105
132 78 91
51 191 165
158 90 106
51 62 91
226 54 126
207 89 83
37 89 103
224 125 145
105 198 112
85 175 112
165 166 126
198 141 109
30 105 148
205 90 148
196 172 113
125 97 126
221 76 100
28 187 139
225 179 165
226 155 124
156 135 110
226 150 163
43 90 135
191 90 115
151 163 112
223 73 153
85 154 112
108 90 149
36 53 163
71 74 91
83 128 126
69 74 165
28 152 148
218 87 130
221 54 92
151 81 89
83 111 98
80 90 131
128 60 88
114 76 91
125 130 108
28 93 162
111 106 126
183 196 150
55 143 109
199 55 89
167 185 165
118 105 95
210 199 124
125 75 162
121 199 113
140 90 135
28 164 130
68 90 102
207 117 109
106 169 126
174 168 112
99 199 135
57 168 126
196 105 96
141 125 105
36 69 151
196 74 91
74 196 150
142 180 112
212 188 162
30 184 123
126 151 112
57 90 152
75 160 126
212 90 101
179 184 112
194 151 126
207 90 116
183 90 129
29 173 165
30 130 138
174 90 102
153 103 126
103 120 126
173 153 126
40 156 126
148 199 150
117 184 162
169 188 126
68 199 123
151 82 165
53 196 151
130 195 126
42 90 119
43 97 92
132 90 101
226 162 140
175 118 102
98 143 109
215 199 153
140 189 162
82 199 164
176 126 126
212 172 126
192 194 126
194 189 112
124 184 112
150 148 112
142 110 98
168 199 114
71 90 150
73 116 126
114 142 126
94 90 134
181 143 107
208 86 165
176 78 162
62 174 112
226 141 123
194 165 126
165 105 96
226 105 125
137 164 126
169 100 126
104 154 126
28 101 135
123 196 139
50 184 126
221 186 123
85 186 126
226 90 148
190 90 85
38 78 88
213 199 138
36 59 136
75 102 94
86 90 98
116 166 112
128 147 126
47 118 118
65 186 162
81 89 161
39 199 162
53 113 99
175 173 165
74 185 112
65 141 126
123 114 126
28 198 154
216 80 88
30 138 165
35 106 123
66 89 83
36 81 159
137 90 151
68 90 122
182 90 158
198 77 165
191 90 142
54 132 116
77 124 105
189 124 126
162 196 158
60 111 126
164 90 143
188 132 108
223 177 148
28 80 127
146 187 126
160 173 112
98 185 112
110 90 97
28 125 164
51 90 99
226 90 100
226 114 138
79 172 164
43 90 148
226 132 133
99 60 91
83 142 108
105 79 162
101 75 88
218 62 158
157 59 89
224 78 165
30 120 148
216 115 126
151 136 126
62 188 126
58 98 126
190 100 126
131 103 94
96 199 122
198 186 165
192 180 126
148 90 100
165 199 131
88 81 89
155 198 112
218 79 143
202 128 112
141 176 165
224 138 151
40 196 133
218 96 92
151 69 162
57 81 162
135 199 151
150 196 138
128 90 115
162 178 126
153 103 94
218 63 129
144 119 126
77 199 113
155 186 162
187 194 165
92 90 119
162 90 119
198 135 126
92 152 126
158 154 126
221 64 102
226 199 136
88 101 93
28 136 127
215 148 126
44 88 84
226 79 123
95 121 103
225 119 165
82 100 126
108 90 115
38 66 88
123 199 151
117 116 101
30 175 135
225 102 165
114 153 112
36 77 141
96 72 165
98 186 162
218 66 142
33 62 115
117 90 134
73 153 112
71 131 126
33 84 115
39 67 162
117 185 126
41 141 126
28 198 138
176 90 88
226 150 149
100 99 126
180 68 91
141 199 124
80 61 91
58 199 115
218 81 110
139 152 112
123 90 156
219 94 122
86 78 165
116 199 163
149 91 126
223 188 156
173 90 133
94 198 165
185 90 99
73 170 112
55 156 126
35 119 123
62 65 91
173 67 165
28 141 144
159 91 164
28 63 156
208 124 123
216 90 141
173 199 149
102 196 154
226 66 164
129 126 126
123 170 126
176 142 126
100 173 112
203 96 91
169 141 109
102 131 108
217 98 108
226 56 152
28 143 155
30 88 136
28 184 155
50 127 126
56 177 162
207 104 126
40 184 165
116 172 163
91 172 164
191 111 126
201 199 131
203 84 91
218 76 130
148 90 84
180 189 126
123 69 91
169 117 126
66 153 126
164 81 89
57 199 161
198 199 153
135 87 86
28 159 156
29 172 123
202 114 100
150 188 112
200 90 109
181 90 110
62 84 91
226 187 133
36 76 107
101 90 156
150 90 139
94 174 126
164 163 112
204 148 123
157 188 126
75 190 162
226 86 138
65 146 112
225 164 165
186 81 165
41 189 123
37 98 115
218 84 155
190 199 137
226 57 138
225 199 154
175 199 125
86 196 141
138 81 162
195 174 162
192 62 89
36 75 130
200 67 164
33 60 100
217 172 163
217 129 126
58 179 121
56 196 128
128 182 162
114 130 107
64 199 148
56 91 164
54 90 84
50 196 140
105 90 139
194 199 115
218 63 114
178 152 112
226 103 148
52 90 123
36 60 125
124 140 110
210 57 91
125 173 112
62 108 97
107 134 126
107 180 126
138 199 162
52 90 142
220 166 126
185 148 126
110 89 83
190 97 92
140 97 126
145 91 164
129 192 112
188 178 112
125 86 91
220 70 88
188 112 99
74 82 162
151 123 104
74 90 140
223 122 155
146 90 111
78 162 112
180 160 126
28 160 141
155 164 126
70 90 112
44 90 110
113 116 126
87 196 126
135 68 91
202 174 123
30 95 150
118 90 117
132 90 128
44 77 165
214 199 164
182 124 105
28 77 151
107 111 98
196 161 115
89 91 88
36 86 128
43 110 114
104 97 92
60 122 104
29 89 97
30 178 144
138 181 126
160 127 126
71 189 126
179 101 126
69 199 137
150 174 112
91 120 126
140 141 126
113 192 112
156 73 91
28 53 136
154 89 92
100 109 126
177 185 165
71 84 91
50 104 95
35 149 123
162 127 106
107 68 91
81 168 126
192 82 91
28 66 144
46 70 91
223 97 155
169 61 88
224 67 123
128 84 165
42 114 126
167 82 165
114 76 165
80 133 109
226 134 142
28 198 164
30 190 130
144 135 110
211 92 126
28 53 158
30 125 129
146 73 91
175 192 112
37 198 123
105 89 165
36 59 146
29 89 108
37 98 126
196 151 115
112 160 126
46 165 126
86 139 126
164 107 126
173 75 88
92 167 112
220 199 146
207 199 148
28 192 147
74 143 111
61 68 162
141 80 88
46 54 89
100 199 146
106 199 122
224 141 162
108 181 165
218 84 122
136 90 110
161 90 155
98 90 148
223 122 134
44 196 154
168 176 112
167 90 110
182 165 112
226 114 128
223 155 134
62 75 88
75 67 162
214 190 126
171 90 151
193 90 154
104 144 126
49 137 123
91 90 156
68 96 91
36 84 96
37 98 101
28 103 160
222 86 92
73 181 165
30 162 165
127 95 90
205 181 162
162 172 163
205 90 158
190 144 112
220 53 118
130 124 105
123 199 130
218 63 92
29 80 165
226 76 144
215 180 126
33 53 118
142 161 112
135 173 126
128 160 112
83 154 126
170 176 126
70 90 130
200 126 126
36 56 154
117 90 147
116 99 126
93 156 112
105 150 112
80 76 91
213 89 92
57 56 88
200 98 126
214 90 110
113 95 91
55 140 118
193 91 126
223 175 157
132 199 117
207 75 91
223 179 137
28 113 143
36 93 90
28 63 124
28 80 140
202 90 139
119 90 98
115 85 91
203 192 123
86 176 126
78 107 126
89 182 112
135 90 142
197 137 117
128 106 126
79 90 123
30 122 139
132 182 112
115 176 126
145 161 126
96 194 112
226 112 147
144 104 126
28 62 135
107 199 136
139 189 112
28 86 158
113 90 156
163 147 126
182 90 118
51 175 126
28 155 126
90 59 88
138 118 102
68 125 105
218 54 101
48 153 123
130 67 165
75 111 98
199 90 83
173 199 140
68 199 114
137 60 88
91 100 126
216 90 150
166 118 102
60 90 102
95 96 91
207 196 156
81 199 153
158 196 137
28 61 165
148 182 165
36 90 156
226 189 164
86 119 102
30 167 155
101 90 122
143 90 144
81 90 152
58 150 115
100 164 126
106 187 112
152 90 117
218 75 160
82 90 140
210 111 113
30 94 141
54 90 131
28 141 136
126 90 134
148 199 118
135 119 126
226 94 131
88 90 109
160 98 126
173 159 112
164 90 100
153 199 156
187 74 91
91 132 126
60 135 126
217 84 165
103 82 91
163 192 165
36 75 165
226 90 124
55 70 91
206 165 126
226 87 156
217 140 123
55 130 108
113 191 162
52 191 123
219 196 128
30 113 153
217 66 164
203 124 105
36 163 123
50 84 165
196 180 114
90 139 111
192 196 144
120 60 91
226 64 130
33 65 107
180 196 158
137 149 126
148 127 126
218 60 137
120 90 126
30 118 161
133 156 126
218 84 101
118 151 126
221 73 107
51 95 90
158 89 83
218 53 127
182 199 121
224 157 151
218 57 164
35 67 133
217 89 84
129 199 143
45 114 104
125 91 164
140 103 94
211 90 134
73 66 88
224 146 156
220 174 123
218 157 123
171 101 93
108 135 110
168 91 126
69 199 156
131 90 158
115 68 88
95 79 162
190 187 162
214 90 160
78 199 140
206 194 165
188 199 156
224 157 160
153 66 89
120 191 165
58 164 117
226 162 131
167 199 164
205 122 115
28 106 127
179 90 165
36 79 151
211 109 105
185 90 150
63 90 128
158 80 165
117 176 112
120 199 123
76 199 125
28 152 139
76 90 100
142 172 112
196 144 122
32 181 165
163 199 124
45 93 126
41 60 91
217 181 165
157 154 112
200 106 126
145 116 101
64 90 148
223 144 130
156 90 146
136 130 108
145 89 92
186 88 91
150 140 111
70 166 126
196 188 126
30 113 123
154 196 144
143 90 155
194 90 135
226 66 151
133 188 126
92 199 130
90 191 165
166 157 126
69 178 112
69 191 112
190 172 126
39 90 141
30 94 130
169 125 105
118 124 105
178 137 111
95 111 98
211 111 122
224 130 153
121 79 89
176 199 116
204 107 96
218 106 123
30 70 123
173 111 98
226 180 126
207 78 162
96 68 88
186 90 137
36 196 153
141 196 147
94 179 165
48 199 161
225 130 123
170 191 162
36 69 142
218 72 137
28 134 146
149 155 112
104 166 112
63 90 111
218 61 150
204 90 99
93 196 142
180 199 141
29 143 123
157 180 112
157 141 126
79 180 126
204 63 91
118 107 126
226 73 128
121 122 126
136 181 162
82 120 126
132 76 162
36 82 136
102 128 126
89 90 128
56 186 165
93 90 100
180 176 112
37 174 165
198 90 147
42 180 126
171 136 126
115 199 155
113 90 140
62 192 165
28 70 155
203 140 123
145 112 126
188 161 126
30 110 137
223 153 142
31 199 146
33 81 103
221 90 107
64 179 126
32 88 165
91 199 158
148 190 165
65 81 162
106 90 105
161 141 109
28 176 155
75 152 126
43 191 165
79 84 91
188 170 112
128 90 83
129 134 126
218 72 148
78 137 126
216 100 100
150 110 98
50 90 152
187 189 112
33 53 96
33 73 89
168 89 83
131 199 133
82 199 118
219 53 153
173 90 94
30 158 133
79 68 91
226 110 164
225 172 165
223 164 147
87 91 164
58 180 113
117 146 112
119 80 162
200 199 123
174 146 112
217 192 165
185 172 163
118 199 144
162 180 162
61 199 123
226 185 149
200 130 120
182 117 101
146 196 128
223 81 130
189 104 95
163 98 92
152 90 161
191 75 162
171 81 91
94 76 91
55 89 92
50 179 165
66 196 129
50 199 130
207 196 134
46 199 148
28 89 116
42 199 139
98 90 140
