230 63 138
48 214 106
29 64 176
205 215 105
115 94 80
130 165 153
134 64 176
26 64 82
199 131 95
46 142 150
184 116 166
123 215 103
179 63 88
88 154 97
88 94 144
207 174 153
88 214 153
166 215 152
39 122 93
147 153 98
149 94 126
189 63 173
26 94 134
224 87 86
128 113 167
77 64 89
227 94 175
48 191 148
196 94 124
76 64 176
165 195 102
91 142 156
52 104 170
48 169 108
163 109 88
213 133 139
208 172 103
207 215 151
75 104 86
171 155 157
83 195 102
127 215 143
140 64 81
117 130 95
161 87 167
117 179 102
60 94 120
112 94 117
82 178 153
34 64 118
101 93 175
230 94 119
193 94 80
44 92 84
179 155 102
39 122 126
156 184 153
110 63 88
229 63 169
208 193 127
154 130 161
221 64 107
184 215 127
202 94 154
58 215 134
110 190 153
60 143 100
34 69 147
125 94 144
105 64 171
93 215 122
81 117 166
217 119 164
155 215 122
136 94 100
26 94 175
173 94 141
218 119 113
208 64 82
187 196 153
208 158 128
229 95 147
120 138 158
171 94 110
52 77 167
159 82 89
90 127 94
27 93 107
84 94 110
48 193 121
38 117 151
69 156 154
197 146 155
75 92 172
48 162 132
217 112 89
142 179 102
52 65 81
134 88 167
191 191 102
144 125 93
168 132 96
51 94 144
161 63 176
119 155 100
186 92 173
94 83 89
206 94 101
210 78 170
181 215 103
135 195 153
71 175 102
72 215 107
66 204 153
108 158 153
106 201 102
145 206 102
149 94 149
150 107 169
46 144 118
103 114 166
55 126 162
64 122 92
68 83 86
208 148 105
149 155 157
219 113 137
59 195 102
230 63 87
183 175 153
116 215 125
184 112 89
167 174 102
35 77 97
109 215 153
128 109 88
206 215 130
106 94 155
101 110 88
48 214 153
127 78 89
98 172 102
208 195 153
221 81 132
35 91 157
221 77 154
62 175 153
176 133 160
91 78 167
146 215 150
186 215 147
202 106 169
213 154 147
139 93 81
200 128 161
52 94 101
48 162 152
175 94 91
71 94 154
73 136 159
91 214 103
193 77 89
158 63 88
126 196 102
35 110 109
132 140 99
208 196 107
130 94 122
221 83 105
88 160 153
35 82 122
55 106 87
169 104 170
43 155 98
107 94 98
163 214 103
119 76 170
176 76 170
104 144 100
211 139 120
94 94 127
89 195 153
188 94 103
34 105 91
154 94 108
210 94 137
48 179 134
119 94 176
186 172 102
70 94 135
146 76 170
35 108 169
141 215 132
138 141 157
183 94 156
168 196 153
44 137 102
164 148 102
160 167 153
68 158 102
101 174 153
108 94 138
131 166 102
189 94 140
88 94 160
223 102 161
34 80 170
95 64 81
167 215 136
212 138 155
215 126 99
70 77 167
208 176 137
106 215 111
230 63 121
211 96 82
74 135 97
184 140 99
211 93 175
223 102 106
138 126 162
57 64 176
150 200 153
45 140 134
165 119 165
48 203 137
28 94 80
26 64 131
26 64 160
144 78 89
73 94 98
68 108 169
202 114 90
34 105 126
99 215 141
27 63 100
175 94 126
193 162 153
212 94 121
208 176 118
92 127 162
205 63 176
140 181 153
116 123 163
196 154 97
53 79 89
87 95 81
121 203 153
192 79 167
33 103 145
42 93 174
194 215 116
178 80 86
46 94 129
119 177 153
61 89 167
148 105 86
147 94 176
72 215 145
160 144 156
109 81 86
138 94 136
105 134 159
211 81 89
35 82 140
91 64 175
40 125 110
224 78 118
41 67 167
224 99 133
126 63 87
92 104 170
217 122 148
158 94 80
121 94 96
230 64 155
155 166 102
208 204 141
41 94 111
48 209 119
103 185 102
66 190 153
41 128 143
87 113 89
115 115 90
178 201 102
224 80 170
42 130 160
39 63 88
176 186 102
48 187 108
208 207 118
149 137 98
183 145 155
142 215 118
163 94 154
81 79 86
58 141 157
230 94 97
101 203 153
101 96 83
115 107 169
90 140 99
158 122 92
107 81 167
119 94 158
216 123 129
98 94 113
128 122 92
64 70 86
209 145 133
48 176 153
199 92 167
125 153 157
194 183 153
109 164 102
69 123 163
59 93 89
154 187 102
73 94 118
222 105 120
224 72 96
175 215 117
125 94 110
31 78 110
92 94 97
48 159 117
134 94 154
50 94 157
84 173 102
103 131 95
31 90 93
196 209 153
147 63 175
174 63 176
149 94 93
77 147 101
180 127 94
195 64 81
137 101 171
193 209 102
160 73 167
149 94 163
31 77 157
52 118 91
120 94 131
145 168 153
202 184 102
132 73 167
118 64 176
43 153 141
43 118 165
37 114 136
175 90 167
169 71 89
223 101 86
211 153 117
175 185 153
153 215 137
65 94 108
130 183 102
208 188 140
71 198 102
56 179 102
134 152 100
212 94 163
98 186 153
217 94 94
139 94 113
184 94 117
218 65 174
196 215 138
225 89 162
207 155 158
221 69 130
82 94 129
56 132 96
89 92 173
170 119 91
221 108 150
212 137 107
61 215 153
132 212 153
137 154 159
77 121 92
208 164 141
55 153 158
128 97 83
54 156 102
48 202 105
187 129 161
138 195 102
79 203 153
38 80 86
50 202 153
97 154 159
183 104 170
28 95 119
125 188 153
48 176 118
159 94 132
93 202 102
165 94 100
220 113 103
89 184 102
121 215 153
79 149 154
109 145 155
214 107 169
136 214 103
198 94 110
80 207 102
191 122 92
27 93 148
221 69 163
72 167 153
179 163 153
34 107 156
140 114 90
83 69 167
224 82 144
68 187 102
126 127 162
217 72 86
58 115 166
170 93 81
221 65 147
152 119 165
42 131 119
202 92 89
100 73 86
116 206 102
66 112 89
113 191 102
121 142 100
60 164 153
208 204 129
202 118 165
157 98 172
77 91 84
189 94 91
208 162 108
110 104 86
40 94 100
48 192 132
107 94 127
144 167 102
166 163 102
97 160 102
164 134 159
156 205 102
63 68 167
57 94 135
117 87 167
169 174 153
62 213 102
176 215 143
221 90 126
199 144 100
196 164 102
176 204 153
57 168 102
118 163 153
212 94 149
186 94 128
78 188 153
43 154 159
135 70 89
45 153 109
174 108 87
202 70 167
159 206 153
117 71 86
43 113 89
160 155 156
36 94 138
117 215 135
180 95 81
172 144 156
81 104 170
87 69 85
31 74 129
55 93 175
148 68 89
92 104 86
82 162 102
230 63 98
125 65 168
193 100 171
79 127 162
130 215 131
105 103 170
222 104 96
81 79 170
114 94 147
203 205 102
203 73 89
120 87 86
156 215 147
126 103 170
145 86 167
167 94 175
88 215 139
142 114 166
44 102 85
26 64 111
46 86 167
210 142 144
138 87 89
149 139 158
221 90 115
208 171 127
193 94 159
26 64 143
64 94 80
202 102 85
35 87 106
152 215 103
230 94 81
188 153 158
43 154 124
206 123 93
103 154 97
175 145 101
164 93 89
192 138 158
98 119 91
65 97 173
99 164 153
221 89 151
139 215 143
132 204 102
148 94 138
98 94 140
119 169 102
199 94 144
78 94 146
210 94 111
57 195 153
103 94 165
230 94 109
85 215 129
121 215 113
210 135 97
138 104 86
99 215 131
101 73 170
31 96 165
156 156 102
166 215 126
38 94 148
173 94 153
197 94 134
187 103 85
158 94 143
113 94 107
42 131 131
189 86 86
99 215 153
221 67 117
150 88 86
129 93 175
158 132 96
52 94 111
208 185 153
165 185 102
48 213 137
182 68 167
211 130 161
139 65 167
197 172 153
110 91 89
34 69 107
146 191 153
183 83 167
66 94 145
85 88 89
59 94 153
171 210 102
91 174 153
71 179 153
208 163 119
211 154 97
31 70 166
219 113 125
46 129 95
95 148 102
141 144 100
205 215 141
154 146 101
47 146 101
34 104 101
112 215 144
176 110 168
215 128 116
135 131 95
170 155 98
221 91 141
187 149 102
37 115 119
216 87 167
86 215 115
170 65 81
109 123 93
31 69 92
64 103 85
193 113 167
47 71 89
187 69 89
220 111 159
198 196 102
208 182 126
127 94 164
48 169 127
91 113 167
34 63 136
168 94 162
69 146 155
155 74 86
230 63 112
177 94 176
216 63 88
48 198 113
102 210 102
197 94 98
115 154 158
43 133 150
52 65 168
112 200 153
48 183 143
201 81 170
94 87 167
169 164 153
148 197 102
47 150 133
83 94 100
198 175 102
31 87 115
151 67 167
43 94 164
221 72 140
95 191 102
154 174 153
224 83 96
82 137 158
187 160 102
206 206 153
34 68 157
127 144 156
91 205 153
133 215 111
34 65 127
204 215 115
112 139 98
198 196 153
127 82 170
35 82 150
168 81 170
166 101 85
201 63 88
153 64 81
53 185 153
168 86 86
31 84 163
168 215 110
100 63 88
48 184 124
187 206 153
97 94 158
177 174 102
75 94 107
84 94 120
191 133 96
166 187 153
140 94 160
67 64 176
52 96 83
119 115 166
88 151 155
199 83 89
220 94 80
214 131 150
217 99 172
100 146 155
97 65 167
193 110 88
48 178 106
142 207 153
62 80 170
42 77 167
97 215 113
31 88 130
69 94 90
211 69 167
88 186 153
174 94 101
184 184 153
154 175 102
76 215 153
90 94 135
48 163 141
208 196 136
157 113 167
146 94 103
48 210 128
48 112 167
31 73 120
97 94 105
81 168 153
224 73 105
163 94 111
131 174 153
202 160 153
80 94 155
120 64 81
186 183 102
35 100 84
150 118 91
119 103 85
74 67 167
217 121 92
176 118 165
74 72 89
114 215 103
81 128 95
154 94 117
34 105 117
80 94 165
68 149 102
206 146 155
71 94 163
112 94 165
98 94 149
59 63 88
207 88 167
188 215 108
229 93 128
230 94 156
33 89 170
138 93 174
221 93 106
154 89 171
191 121 164
182 88 89
142 134 159
199 215 148
78 188 102
100 94 92
108 168 153
169 94 119
65 94 127
136 174 102
216 124 140
202 94 176
40 94 124
36 89 85
222 105 141
164 140 99
63 215 143
153 80 167
220 80 89
184 215 118
53 215 122
27 95 157
141 158 102
47 151 151
50 136 158
215 127 107
73 154 97
44 137 143
172 69 167
38 64 175
57 207 153
38 117 105
208 207 109
128 88 89
35 73 137
43 64 81
47 94 91
145 148 154
39 100 171
187 198 102
178 193 153
182 94 144
48 200 129
111 173 102
109 177 153
208 193 115
206 94 129
122 186 102
131 203 153
36 112 96
192 89 167
108 90 171
108 73 89
185 65 81
39 123 136
189 71 170
48 172 146
95 91 84
43 134 111
28 65 151
68 63 88
156 101 85
230 64 146
214 130 124
81 141 99
72 114 166
221 64 95
216 123 157
27 64 121
48 160 106
213 155 109
208 183 108
166 111 167
33 103 134
109 70 167
127 134 97
98 120 164
55 87 86
83 102 85
210 104 86
40 126 151
202 95 81
127 148 102
128 136 159
212 136 131
115 132 160
53 209 102
40 125 101
31 97 98
56 94 163
87 147 101
77 158 153
177 215 151
136 94 144
208 200 120
166 78 86
157 94 98
70 166 102
157 94 160
158 197 153
102 86 89
177 94 134
132 94 108
203 158 102
68 139 98
92 76 86
81 65 81
96 136 158
138 94 92
176 134 97
36 114 163
160 215 110
225 97 167
127 173 102
186 167 153
167 203 102
163 179 153
186 94 164
229 64 130
126 215 125
53 94 125
71 196 153
78 179 102
78 168 102
55 171 153
173 167 102
160 215 140
132 65 81
208 113 167
179 154 158
200 215 123
119 148 154
196 65 168
46 144 127
95 132 96
151 128 95
111 148 102
45 86 89
176 215 126
182 120 92
45 142 110
34 64 97
163 215 119
34 72 86
230 94 139
210 120 164
208 166 152
48 63 88
221 108 131
223 70 170
46 144 143
130 183 153
208 168 113
113 207 153
38 94 92
168 205 153
55 187 102
48 185 116
69 88 167
35 84 98
139 94 128
48 207 111
170 128 161
221 64 139
224 77 126
87 84 170
139 163 153
194 182 102
100 195 153
146 127 162
212 89 89
199 154 159
221 77 164
209 146 112
211 153 135
138 78 170
49 64 176
98 63 175
166 63 88
224 79 110
60 104 170
138 187 102
103 177 102
106 94 147
173 195 102
142 200 153
130 157 153
146 187 102
156 197 102
74 112 89
208 184 118
219 115 151
221 90 134
224 99 125
48 193 103
135 148 154
48 203 145
62 183 153
208 156 141
177 71 89
48 168 118
177 126 162
73 64 82
64 132 96
134 80 86
74 81 89
107 65 81
62 77 89
55 215 109
209 148 126
94 69 89
118 65 167
161 70 89
115 99 172
67 132 160
123 115 90
153 213 153
36 112 146
69 213 153
62 148 154
71 96 83
225 63 176
60 115 90
31 78 90
32 98 113
175 99 84
52 147 155
79 215 103
117 63 88
35 81 131
61 156 154
46 78 86
119 121 92
201 187 153
46 152 116
208 183 134
166 94 129
117 197 102
44 106 169
128 94 99
126 94 155
111 114 166
98 109 168
64 202 102
141 64 89
61 162 102
220 112 116
122 163 102
146 94 119
142 106 169
166 94 145
64 178 102
107 94 110
213 94 105
210 94 94
100 138 98
128 71 86
182 207 102
133 107 169
137 122 92
150 81 89
31 90 143
100 81 170
217 120 101
147 100 171
84 120 92
66 64 81
78 87 167
67 140 157
75 108 169
145 98 84
141 71 86
111 155 99
151 93 81
65 215 110
159 123 163
35 94 176
182 215 134
105 152 155
210 70 86
191 143 100
168 89 171
