213 79 64
91 243 163
36 70 120
156 88 194
122 149 99
164 240 91
72 83 194
222 73 147
90 84 61
157 193 154
155 85 118
92 236 91
111 118 155
99 177 149
33 75 61
151 86 60
89 87 115
157 141 141
157 190 102
144 243 163
204 76 194
99 190 100
35 71 168
200 83 108
179 85 157
115 89 190
123 105 99
71 84 152
99 215 132
129 221 99
157 127 103
136 87 154
157 225 127
61 85 86
99 145 129
125 152 155
126 211 155
182 88 79
104 86 147
157 108 142
157 158 110
99 125 104
122 93 70
124 87 124
128 181 99
91 243 127
99 110 129
153 92 88
157 170 138
35 72 92
220 70 92
127 183 155
91 88 172
60 84 119
137 127 155
199 84 136
99 163 107
45 80 194
88 90 87
223 75 120
223 74 174
157 198 127
117 238 163
154 219 155
157 216 101
59 83 60
184 87 183
164 242 146
47 77 146
100 203 155
100 141 155
99 183 124
99 217 106
157 88 168
117 242 91
175 89 131
175 86 102
201 80 166
59 84 172
109 86 103
148 156 155
113 93 167
130 127 99
157 108 118
155 85 142
165 243 114
135 90 181
144 145 99
135 87 105
139 240 91
192 80 60
99 225 151
93 87 194
85 87 136
145 110 99
99 104 106
115 206 99
140 203 99
132 107 155
172 85 60
157 136 121
141 167 99
102 144 99
202 79 88
109 93 84
74 88 101
99 201 118
105 159 155
99 165 134
157 126 153
46 80 105
157 177 120
99 128 139
148 176 155
99 105 148
124 93 142
45 73 76
76 88 72
164 233 163
105 92 123
115 167 99
134 90 83
223 75 193
91 234 111
133 228 155
140 200 155
118 135 155
91 241 145
139 86 133
61 85 137
157 153 128
108 86 60
150 98 155
162 91 74
184 87 117
157 124 134
89 90 154
99 197 134
107 231 99
33 75 137
157 97 105
157 207 144
114 121 99
99 130 121
112 191 155
207 81 150
211 73 134
152 232 99
119 168 155
166 87 181
33 73 185
73 87 178
189 86 94
123 87 94
157 186 140
139 143 155
137 93 67
165 240 130
157 174 103
199 83 74
99 228 123
46 80 129
157 97 128
157 210 117
110 216 155
223 74 77
210 80 180
219 77 105
207 78 120
142 186 99
45 80 177
99 178 109
46 80 162
123 93 110
99 152 143
94 91 74
99 149 114
114 188 99
157 229 142
113 102 155
192 85 149
216 78 162
136 166 155
157 229 112
129 87 194
128 93 165
74 88 126
33 74 151
148 114 155
173 84 194
187 83 169
171 90 146
114 135 99
47 74 61
99 231 138
157 142 107
140 86 119
157 155 144
33 75 107
59 81 189
103 234 162
157 142 155
102 92 181
99 96 138
60 84 103
99 205 99
78 88 164
141 90 168
139 215 155
49 78 92
93 84 99
149 92 183
59 81 159
171 90 115
145 96 99
171 87 168
142 217 99
125 120 155
115 86 154
58 80 74
99 161 121
144 126 99
99 118 116
104 242 91
142 86 193
128 162 99
110 100 99
115 219 99
166 87 90
162 84 129
197 81 181
111 86 133
73 81 61
102 89 162
74 85 86
128 233 92
153 233 156
148 92 76
131 242 163
99 122 153
150 156 99
157 203 105
84 89 185
145 93 144
123 90 177
99 191 152
121 224 155
157 190 117
164 87 156
164 233 102
112 149 155
104 113 99
126 198 99
99 211 145
99 215 119
157 121 120
157 112 101
195 81 122
183 87 66
157 165 123
99 183 138
157 165 152
107 176 99
160 85 104
125 198 155
131 141 99
111 177 155
107 157 99
95 85 126
122 93 82
33 75 80
190 85 194
152 206 155
183 84 140
149 86 159
74 88 141
209 77 78
99 93 111
145 189 155
157 211 132
147 93 111
99 140 142
138 229 99
99 138 110
132 98 99
132 112 99
157 111 129
210 80 97
48 78 118
77 85 114
223 75 132
148 133 155
157 148 118
99 102 118
189 83 105
157 177 148
110 93 71
99 191 111
178 85 89
99 165 147
165 233 121
157 96 146
99 117 139
91 235 154
99 171 125
223 74 61
145 225 155
106 130 155
203 76 63
112 93 115
99 122 128
185 87 128
173 86 71
111 233 155
130 93 130
130 87 62
99 95 100
194 85 84
136 87 94
162 91 61
123 95 155
164 243 157
128 142 155
136 153 155
113 206 155
101 89 90
50 81 81
218 71 183
133 93 114
81 89 61
140 233 163
84 86 104
155 243 163
99 92 62
131 209 99
99 96 153
117 233 98
156 108 154
147 93 126
104 92 191
97 85 137
119 88 60
91 241 103
85 87 78
82 86 147
65 86 69
214 79 142
157 196 141
41 72 102
68 83 167
215 72 113
157 117 148
150 136 99
157 184 128
134 192 155
99 193 124
99 228 106
55 83 149
108 196 99
99 151 153
113 89 93
196 84 159
142 105 155
117 93 129
128 131 155
157 169 114
139 154 99
138 180 155
37 70 70
148 86 99
163 234 153
103 170 155
40 71 130
154 239 91
211 74 172
111 90 176
67 86 110
148 176 99
200 83 97
40 71 143
215 72 154
207 81 130
44 73 155
126 233 163
131 87 140
155 147 99
210 80 110
113 86 144
57 80 127
84 83 193
50 81 67
119 94 100
55 80 110
105 132 99
125 171 99
112 146 99
104 167 99
99 155 131
157 116 110
99 216 154
157 152 153
39 71 193
133 190 99
157 220 119
165 233 138
157 220 135
119 111 155
157 135 132
124 118 99
217 78 86
214 79 193
105 86 116
182 81 191
52 79 138
99 153 102
63 82 181
214 72 72
142 93 88
157 95 116
108 242 163
92 233 129
155 92 67
164 91 122
99 199 144
138 134 99
135 174 99
178 88 174
99 203 127
130 173 155
151 120 99
157 129 115
138 117 155
157 184 109
157 161 135
83 89 123
116 178 99
131 87 75
215 71 125
133 93 148
157 218 146
108 92 153
157 163 100
82 89 173
93 88 183
151 199 99
90 90 144
151 92 134
91 241 118
159 91 96
136 93 191
45 74 185
114 158 155
99 106 139
99 140 120
157 199 117
167 90 100
41 72 111
65 86 78
218 71 167
35 76 161
123 213 99
114 109 99
107 215 99
99 219 141
154 103 99
97 233 98
157 88 179
104 92 171
167 90 136
157 233 133
105 185 155
195 78 191
164 84 191
125 93 186
103 109 155
125 87 148
178 85 123
37 70 177
97 88 82
206 78 158
194 85 114
131 87 171
173 86 80
145 233 94
112 86 121
152 223 99
88 87 163
99 172 140
137 105 99
117 125 155
99 171 115
148 209 99
157 131 146
150 89 173
99 209 109
82 89 94
130 152 99
99 99 129
138 93 125
157 99 138
128 87 157
132 203 155
99 131 130
51 79 171
119 158 99
149 197 155
157 219 109
196 84 173
98 85 106
142 86 63
84 89 70
179 88 148
150 92 165
65 86 146
99 232 115
179 88 110
200 83 144
109 93 140
40 78 83
99 233 147
130 93 92
190 83 134
44 73 172
223 75 159
67 83 98
122 87 133
53 79 181
102 223 99
172 89 159
211 73 90
40 78 71
110 234 92
122 129 99
99 130 147
91 239 137
99 152 123
146 165 155
157 105 107
157 226 150
134 99 155
142 195 99
99 114 147
92 91 131
116 86 110
152 86 109
213 72 101
68 83 121
95 85 157
163 85 148
39 78 119
190 86 70
52 82 99
76 85 186
180 82 61
122 91 194
111 140 155
132 87 123
127 87 104
117 197 99
148 213 155
157 143 128
129 159 155
157 207 125
99 191 143
157 172 127
99 208 137
99 223 133
99 189 131
119 145 155
122 225 99
138 90 76
119 178 155
105 122 99
154 85 126
150 86 150
123 190 155
99 171 105
124 104 155
99 179 101
39 78 97
164 235 111
164 91 108
94 234 163
179 85 165
148 125 155
122 141 99
148 148 155
125 190 99
111 169 155
110 224 155
187 83 161
151 185 99
33 75 127
128 87 115
165 88 81
157 154 103
178 88 189
123 232 155
201 83 188
165 241 104
52 79 155
139 93 161
157 92 159
204 79 175
79 85 155
142 93 177
208 81 70
65 86 188
103 92 131
90 90 107
157 191 133
137 121 99
99 221 114
164 243 123
104 105 99
154 181 155
141 86 148
99 176 131
157 215 125
218 77 97
200 83 66
107 207 99
42 79 137
157 229 104
222 73 111
102 85 98
172 89 94
217 71 140
157 233 123
157 134 154
92 234 121
154 89 81
116 93 147
150 234 163
170 90 189
159 233 96
136 93 137
69 87 160
103 92 74
65 79 63
96 91 122
166 90 174
151 169 99
99 109 121
107 185 99
106 209 155
157 101 121
157 164 143
157 196 109
174 86 139
98 93 146
68 83 130
39 78 148
100 241 163
132 233 99
99 145 106
157 190 147
206 78 141
222 76 69
99 196 105
142 86 110
211 73 187
147 93 193
120 90 168
76 88 133
215 79 122
128 241 91
127 93 119
164 91 166
218 70 84
90 90 96
38 77 181
125 87 86
114 93 159
157 174 155
146 93 66
81 89 85
106 92 106
201 80 116
170 87 126
106 92 95
165 243 137
109 93 184
128 218 155
112 128 99
157 177 136
157 203 134
135 134 155
99 127 111
165 84 64
140 173 155
157 156 118
157 122 142
142 86 126
118 213 155
157 200 152
105 86 155
50 75 190
90 90 65
60 84 95
40 71 86
157 212 150
157 116 136
99 146 147
99 111 111
134 199 99
99 139 133
157 135 103
157 214 140
116 93 181
99 146 138
183 84 99
108 197 155
99 161 141
157 149 140
158 85 63
117 93 88
112 93 61
154 85 95
136 93 172
211 80 167
33 76 174
40 78 169
68 86 89
193 82 142
145 86 140
163 233 130
104 101 155
99 134 103
187 83 87
72 84 78
194 85 187
117 90 75
140 93 153
63 85 154
76 85 170
114 153 99
103 85 126
140 86 100
212 73 61
157 211 109
157 181 102
157 141 115
39 78 61
157 176 112
99 185 148
117 197 155
122 161 155
99 118 103
75 85 94
99 176 120
104 117 155
45 75 124
204 79 102
121 87 141
124 206 99
93 91 166
217 78 180
141 232 156
157 100 155
68 83 174
157 85 153
33 75 100
68 86 61
217 78 149
117 86 99
201 80 126
135 181 99
157 124 127
130 105 99
33 75 144
92 234 102
138 91 60
108 86 191
129 93 65
100 236 91
38 71 77
66 79 194
78 88 192
132 93 105
56 83 142
112 233 162
197 81 151
80 82 63
114 226 99
50 82 189
222 76 186
194 85 166
91 242 154
144 90 81
156 89 187
37 77 190
190 83 179
220 70 104
52 82 165
173 86 182
157 141 148
77 88 107
186 84 153
216 78 172
46 80 74
58 84 67
214 79 73
159 88 87
115 86 128
105 230 155
88 90 178
108 89 78
126 87 70
171 87 152
157 118 155
99 156 110
99 230 130
171 87 108
99 208 121
99 221 126
135 218 99
99 188 118
133 212 155
131 93 159
131 117 155
116 185 155
157 190 125
136 148 99
105 150 99
122 205 155
210 80 89
145 207 155
215 72 194
117 93 139
151 170 155
157 236 163
211 73 165
119 235 91
57 83 80
128 87 181
45 74 69
33 76 117
157 197 102
100 133 155
165 233 146
98 233 153
148 242 91
193 85 127
200 80 80
92 86 150
98 85 64
109 87 161
162 84 120
39 78 127
135 87 114
106 145 155
91 241 96
62 82 109
151 92 120
90 90 125
151 92 105
98 85 118
154 206 99
42 72 95
100 213 99
128 93 173
155 92 140
208 81 188
147 89 93
137 234 92
152 86 136
149 87 190
54 76 63
160 91 134
216 78 134
54 80 119
221 76 126
33 75 73
194 82 94
50 81 61
133 233 161
190 86 79
92 233 140
154 96 99
72 84 67
56 80 92
43 79 155
82 86 129
63 85 125
213 72 79
123 89 161
134 90 166
184 84 175
183 87 193
132 167 99
223 75 87
110 125 155
138 212 99
157 167 131
157 117 125
109 93 130
99 226 143
159 91 152
126 93 77
157 104 133
157 132 126
157 134 110
157 121 106
99 116 125
42 72 137
137 222 155
144 224 99
99 200 110
157 149 107
99 124 144
115 220 155
129 93 138
148 86 130
147 163 99
160 85 97
38 77 89
80 86 178
38 77 77
223 75 100
142 93 185
47 77 98
183 87 105
187 82 64
37 70 160
130 87 96
129 93 181
38 71 61
129 87 129
163 240 163
157 172 144
77 85 121
157 103 114
99 185 107
157 167 107
68 83 141
99 165 127
125 99 99
124 93 125
39 78 110
152 128 99
122 184 99
157 128 140
203 82 181
92 233 147
142 87 160
127 166 155
95 91 188
127 93 150
147 102 99
157 179 142
99 217 147
123 242 163
125 92 60
99 161 101
86 90 191
126 87 187
158 233 147
149 86 116
147 93 158
179 85 73
79 85 80
128 87 165
99 183 154
137 93 97
49 81 111
154 159 155
116 90 67
195 85 103
55 76 194
99 161 153
172 86 175
135 87 192
157 141 99
110 86 110
43 72 166
223 74 140
104 86 138
151 112 99
216 78 111
99 197 154
80 89 140
83 89 157
95 87 93
161 91 184
164 242 97
106 92 116
99 88 171
179 88 136
122 87 116
157 183 116
114 213 99
128 228 99
149 215 99
99 165 114
157 102 147
112 133 155
99 146 121
146 142 155
144 99 155
130 93 72
94 91 160
100 86 194
157 142 134
157 128 121
137 87 141
126 110 155
127 225 155
149 108 155
151 89 72
99 123 134
108 224 99
157 222 103
134 93 120
137 159 155
143 93 138
99 119 109
153 225 155
131 93 187
76 85 148
214 79 155
157 187 153
91 242 109
107 92 147
