81 -7 31
-117 17 -49
-41 17 51
8 17 -52
91 17 -48
-117 17 30
-17 -32 -1
-63 13 -12
23 18 45
46 -22 -21
3 17 -1
-39 17 -53
23 -22 20
84 18 -5
49 14 -44
-13 -7 32
-75 13 29
-105 13 -9
9 -20 -36
-78 17 -51
80 -19 -40
-34 -11 -28
78 -22 -2
61 18 49
-38 13 14
49 -17 43
-96 17 52
-8 17 49
8 -13 -5
91 17 48
-37 -23 20
-14 12 -33
53 -22 14
14 -9 42
36 -11 -43
90 17 21
-37 11 -13
8 12 25
-85 13 -27
81 -3 -20
-14 -26 -27
8 3 -26
-83 13 5
-57 13 -37
-37 -16 -4
-68 17 52
-4 -25 18
31 -22 -3
73 3 -44
-25 13 34
81 -1 9
42 5 43
57 -21 -42
-53 13 32
-103 13 14
27 9 -44
84 17 -27
-2 -3 13
-61 13 12
68 -22 -22
67 -22 31
-16 17 -53
-117 17 -26
-98 16 -44
-117 17 51
-37 13 -33
23 -22 -22
65 -4 43
29 -22 40
-33 -4 28
-95 13 32
-10 -7 -31
58 -22 -5
81 -20 17
-20 -26 28
14 -3 -44
-30 -26 -18
-2 1 -9
-37 -4 10
66 17 -53
42 -27 28
-3 -24 -13
8 -11 26
55 -3 -43
81 11 34
7 17 -35
-8 10 30
4 18 -18
-117 17 1
-61 17 -53
7 17 41
-50 13 0
-80 13 -11
-101 13 -27
11 -22 8
-50 13 -22
25 -22 -40
-25 17 51
29 -4 43
76 -16 43
-26 2 -33
-73 13 -37
37 17 -53
67 -22 9
8 -17 -21
-30 -27 6
-82 16 42
43 -22 -35
42 17 52
8 3 2
14 -22 35
76 17 52
-3 -23 2
38 -22 14
81 -17 -16
-2 12 12
-37 -4 -15
81 -5 -34
-106 15 40
81 14 9
-26 15 -43
45 -22 1
-56 17 46
81 4 -6
-28 -24 -32
-5 14 -43
-18 -27 14
78 16 -43
8 4 38
81 5 21
-88 13 19
-116 17 16
-39 13 30
-37 8 1
40 4 -44
-29 -16 31
-2 -9 -19
21 17 -53
-95 13 1
68 -10 -44
-66 13 -26
-17 -27 -13
62 -17 43
17 -22 -7
-5 4 -27
-66 13 39
-109 17 -38
-46 13 -42
-76 13 16
8 0 20
-70 13 3
-9 -19 30
54 -22 31
-92 13 -17
91 17 -16
8 -9 10
81 -19 30
81 -10 -5
20 5 42
-116 17 -13
8 -7 -33
78 1 41
-4 -19 -26
-50 13 19
12 17 52
-22 -12 -33
8 7 -12
-86 13 -42
56 8 43
70 11 43
23 -22 7
-3 -10 0
50 -4 42
54 -22 -30
81 -16 -28
69 -22 -34
81 7 -35
24 -10 -44
-3 -15 10
-106 13 26
-37 -4 -2
-36 4 -24
-106 17 -52
13 9 -43
34 -22 -26
-62 13 25
-3 -12 22
-33 14 42
-37 -16 -17
37 -12 42
-26 -27 -7
-16 14 42
91 17 33
-44 13 40
32 11 42
-18 3 32
-37 4 20
-37 -11 19
32 -22 -15
81 -15 7
62 11 -44
8 17 10
55 17 -53
58 -22 -17
81 8 -17
46 -15 -43
81 -8 18
8 -5 -18
-89 17 -52
-4 13 39
12 -22 20
40 -22 38
72 -22 -12
50 17 43
-3 5 3
61 -22 21
-3 5 22
-37 -15 9
32 -22 29
47 -22 -10
82 17 -53
91 17 -35
-49 17 -52
-48 13 -11
-108 15 5
-1 13 -10
16 -17 -44
32 17 52
-60 13 0
0 13 -27
-117 17 40
-26 12 -33
71 -22 21
8 7 12
37 13 -43
-9 -27 -5
-30 6 30
-80 17 52
22 -15 43
-67 17 -45
79 17 42
-35 -22 -25
-106 17 50
-76 13 -22
58 -22 5
-48 13 -32
8 -3 -7
19 -22 -31
-48 13 9
8 3 -37
35 -21 -42
-40 13 -22
78 -10 -43
-107 14 -19
-93 17 43
-2 7 -18
82 15 25
-16 1 -33
-93 13 10
-85 13 33
-5 17 -53
-10 -26 8
8 16 -9
-18 -18 32
-13 -16 -32
3 17 31
-23 -7 32
39 17 43
-7 0 29
2 17 52
-26 -26 19
-36 13 -42
-36 -25 -10
-26 17 -53
23 -22 33
81 6 -26
90 17 10
-91 13 -34
-14 16 -44
8 -10 35
-10 -27 25
2 17 19
-55 17 -45
-3 -12 -11
-89 13 -8
69 -22 -3
49 -22 22
45 -6 -43
-71 13 -6
29 0 -43
-37 5 10
14 -22 -16
13 11 42
-74 17 45
-23 -27 -23
50 4 -43
64 0 -44
18 16 -44
5 17 -44
30 18 -46
72 -19 -43
82 17 -14
8 -7 2
8 9 -3
76 -22 6
-22 -27 5
-58 13 -21
41 -4 43
58 -10 42
8 -15 18
8 11 -22
91 17 0
-6 -26 -21
-49 17 52
56 -12 -44
-117 17 -34
53 17 52
36 -22 4
81 -3 -11
8 0 30
74 -22 36
10 -16 40
-19 -22 -33
-40 13 -5
-29 -25 29
-80 13 -3
-5 13 -34
23 -22 -13
81 6 13
-81 13 23
81 8 1
82 17 -35
76 -22 -27
12 -22 0
56 -22 39
-112 18 -5
8 -10 -25
80 -8 41
9 -10 -41
11 -22 -28
8 9 -33
-37 -10 -9
-109 17 -27
68 17 -45
83 17 16
-33 -3 -29
9 -20 29
-56 13 -29
32 -22 -34
-99 13 21
-42 13 22
-2 -19 -5
18 -22 26
60 -22 -25
81 -14 36
8 -15 3
33 -22 21
-69 17 -53
81 -7 3
81 -13 25
-77 15 -44
57 17 -45
-101 13 -37
39 -22 -10
8 -12 -13
21 -4 43
45 -22 9
-68 13 17
-24 14 42
50 -22 -39
80 0 -40
-37 3 -10
58 -1 42
-82 13 -34
-3 -1 -17
-55 13 -8
-37 -22 4
81 1 28
-84 13 -18
69 17 48
8 9 32
-109 17 20
13 -1 42
-14 13 34
-2 13 24
-110 18 -46
-42 13 3
78 8 -43
-3 -4 23
-35 -18 26
-65 13 -34
81 -8 -27
58 4 -43
-70 13 -17
30 -22 12
-3 9 -3
-100 13 -15
-77 13 38
-20 13 -38
19 -21 40
-17 17 52
45 -10 43
-37 -11 2
71 -9 43
-32 -27 -2
-35 -25 12
21 6 -43
69 3 42
61 -22 -34
9 -19 -10
16 17 44
-4 -11 -26
-31 -17 -31
81 11 -8
-89 17 50
-60 17 52
-1 13 4
-109 17 12
48 -26 33
-67 13 32
-12 -26 17
30 -14 43
-37 -4 18
-93 13 -24
81 -18 -8
-33 17 50
83 18 32
41 -22 22
8 3 -18
47 -22 -29
74 17 -51
-4 -3 -26
-76 13 -29
-96 13 -9
-83 13 13
-17 -7 -33
-2 -8 8
-32 17 -49
45 17 -52
-60 13 35
8 9 5
20 -22 0
-53 13 40
81 0 1
-3 4 10
7 17 -28
19 17 52
-111 18 32
-4 -20 25
-63 17 44
87 17 39
-36 -6 -23
90 17 -24
71 11 -44
-32 6 -30
63 -16 -43
18 -22 12
69 -20 41
-2 -18 -19
83 17 2
64 16 42
8 -15 -30
-75 13 8
79 8 41
-2 -3 2
-7 -12 29
83 17 48
35 -3 -43
-98 13 38
-46 13 29
8 13 16
-34 13 36
51 -22 -2
81 8 28
-105 13 -2
-100 18 44
-1 18 44
-3 -23 11
-37 -23 -17
39 -22 -19
1 14 -39
-97 17 -51
-10 5 -31
-25 1 32
77 -22 -21
-17 -27 -6
-58 13 19
46 11 42
43 10 -44
62 -22 13
30 -15 -44
-91 13 37
-71 13 24
-37 1 5
81 -14 -36
81 -9 -15
65 -22 2
-13 -27 -19
84 17 -46
-37 4 -17
-62 13 -42
-102 13 32
61 -22 28
-10 -23 -31
-2 -7 -7
53 -22 -23
8 -3 13
75 -22 28
-40 18 -46
-112 18 44
81 -4 23
-53 13 25
57 15 43
63 -22 -11
-54 13 5
61 -7 -44
51 -22 -15
-26 -27 12
-24 -26 -16
8 5 25
73 -4 -43
-37 -18 16
81 4 34
33 17 45
91 17 -7
-39 17 44
-91 17 -46
43 18 -45
-34 -11 27
-20 -26 21
25 12 43
24 -17 -43
9 14 -40
-14 -26 0
-25 -6 -33
62 5 43
-3 -17 17
46 -22 16
15 -22 -37
-3 -15 3
-14 -24 31
13 17 -48
8 16 34
-2 -10 16
42 -20 -43
-110 17 -12
8 13 -16
81 12 -29
-21 18 -46
81 14 -20
-36 9 23
-33 12 29
78 -22 -34
81 -8 10
8 3 -6
36 3 43
8 -5 24
8 -1 -31
-87 13 0
33 5 -44
81 -14 14
-10 16 43
28 17 -53
-11 13 -39
-113 18 7
42 -22 -25
51 3 43
-9 -26 -13
-12 4 31
80 -21 24
-42 13 -37
-2 12 -21
43 -18 42
29 -22 4
51 -22 8
-115 17 24
-37 -10 13
81 1 -33
18 -9 -44
27 -22 -27
-53 13 12
-69 13 10
70 -22 15
29 -22 -21
23 -3 -43
90 17 -42
-35 11 -26
8 15 1
8 -4 38
-36 -16 -24
-23 -29 -1
-30 -26 -26
66 -22 -40
-5 11 -28
77 -22 13
-38 12 7
34 -19 42
-47 17 44
-1 18 -47
81 -3 -5
-106 13 -32
-37 -17 -10
24 -22 13
-34 3 27
81 -1 15
62 -22 38
-104 14 -42
-112 18 -19
-117 17 -41
-24 -22 31
-33 -26 24
-51 13 -39
8 -8 19
29 5 42
-11 17 -49
-94 13 25
5 18 25
9 18 46
47 -22 39
-45 13 -17
-21 9 32
-52 13 -17
-100 13 -4
-96 13 -30
17 -22 -25
-42 13 -27
38 11 43
87 17 26
38 -22 32
-65 13 -4
-98 13 6
81 -12 -22
8 1 9
67 -22 -16
45 0 -43
45 18 46
10 -17 -41
3 17 6
80 -20 39
24 15 -44
-56 17 -51
12 3 -43
-13 -15 32
-2 9 17
-10 -1 -31
-25 -27 25
81 3 -15
-32 13 -38
-87 13 25
67 -22 -29
81 -3 37
81 4 7
81 -16 1
-92 13 -40
56 -15 42
9 -19 -4
-3 -24 -4
9 -18 13
61 17 -50
88 17 -53
2 16 38
31 -8 -44
17 -22 5
-84 17 -46
28 -22 24
-64 13 7
8 0 -13
34 -7 43
-20 9 -33
2 16 -7
51 -11 42
-65 13 -20
-101 13 -21
37 -22 -2
81 11 20
8 -4 -24
63 -11 43
76 -16 -43
78 -22 -11
9 -18 23
-37 -11 -20
18 12 42
-3 -18 -13
-25 -18 -33
-59 14 42
-112 17 -51
-37 -3 -8
55 -22 -36
63 5 -44
9 8 -38
17 -15 42
-37 4 -4
25 -22 -3
2 17 -13
-46 18 -46
-28 -11 31
-48 13 36
-68 13 -41
25 -9 43
-72 13 34
-8 13 36
-22 -13 32
-37 -22 -2
-18 -26 -19
-37 -17 2
-81 13 29
81 -2 -27
-93 13 16
53 9 -44
8 16 20
53 -17 -43
73 18 45
-14 -1 32
-116 17 35
-3 2 -22
-91 13 5
75 -22 -39
38 -22 -30
51 -7 -43
24 1 42
-46 13 15
86 18 -21
29 -22 17
-30 -9 -31
74 5 42
-110 18 0
42 -22 -4
-2 7 -9
8 8 18
29 -22 -8
-70 13 -32
9 -19 34
-6 6 27
-27 17 46
-74 17 -47
-7 -25 -28
59 -22 34
-68 17 46
50 17 -50
-31 11 -31
81 13 -39
-17 -27 8
0 13 -17
-8 -12 -30
-1 13 30
-36 -4 23
-8 -6 30
37 18 -47
-7 -24 28
-62 18 -47
-21 -1 -33
-21 17 44
-106 13 19
2 16 11
-3 -1 18
86 17 -10
81 -15 20
-37 -6 3
8 -8 -9
-8 -27 2
-69 13 -11
-37 9 -6
81 13 -3
54 -22 24
30 -22 34
-57 13 -14
-37 1 15
-3 -1 -4
8 8 -18
23 -22 27
-59 13 29
57 -22 18
-60 13 -31
-60 13 -26
67 -22 24
-71 13 41
2 14 -34
-107 14 34
-118 17 -6
69 -15 43
8 -4 -38
8 16 -22
76 -4 42
-19 13 38
37 -22 -37
-28 13 38
28 16 43
81 -20 -24
-37 -1 -20
23 -22 -34
-79 13 -17
72 -22 1
8 -4 8
-82 13 18
-96 13 -35
8 -2 -2
43 -22 -14
-112 18 -33
-76 13 -7
81 7 -11
25 18 -49
-13 -26 12
72 -22 -19
35 -22 -7
-37 -11 -14
81 -13 31
81 -20 10
38 -16 -44
-21 -32 3
-22 -26 -28
52 12 42
80 -5 -40
-37 -20 11
-33 -26 18
38 18 48
-71 13 -25
14 17 -53
-37 11 18
-88 13 11
62 -22 8
68 -22 36
-3 -22 -22
43 -27 33
49 -22 -34
77 12 42
89 17 15
-28 -3 31
-42 13 9
-44 17 -52
35 -22 38
-111 18 37
32 13 -43
17 -22 -12
85 18 10
-4 -25 6
-87 13 41
11 -22 -20
9 9 38
86 18 -31
-28 -26 2
39 -22 26
-18 -15 -33
21 -21 -41
8 -12 -19
60 -22 0
-112 17 52
19 -22 17
-86 13 -14
-84 13 -6
-75 13 0
67 -22 -9
73 -22 -6
-9 13 -32
-2 -7 -15
62 -22 -20
57 -22 11
-7 -27 14
-19 -2 32
-83 17 -53
-73 17 51
81 -9 36
-6 -26 -9
10 -11 40
26 -19 42
0 13 16
-117 17 11
-84 18 47
86 18 -38
-20 14 -43
84 18 44
-37 12 -17
15 4 42
3 17 -25
-55 17 52
50 -23 28
55 17 46
77 -2 -43
-3 8 -24
13 14 -43
-38 13 -1
86 17 52
5 18 14
73 0 43
-58 13 8
-2 8 8
-53 13 -34
-37 -17 20
21 -22 -17
8 3 15
-3 3 -14
-101 13 2
-47 13 -4
81 10 -23
62 -22 -39
-87 13 -37
42 -10 -43
46 -1 42
45 -23 27
30 -21 -41
73 -12 -43
-24 7 -33
-106 13 -38
41 -1 -44
-112 17 28
53 -22 -7
-3 -1 9
8 11 10
-62 13 17
-98 13 12
25 -22 37
-79 13 33
-37 -10 -3
81 -11 -11
81 15 37
-31 17 -44
13 -22 27
-25 13 -39
-65 13 21
-42 13 -13
-96 18 47
-30 -27 -10
-15 -27 26
-14 -26 -9
-3 -18 7
-79 13 -26
-29 13 32
-78 17 48
15 -20 41
0 13 -2
8 16 28
8 -15 -35
14 -21 -41
-14 18 49
9 -20 18
50 -22 36
8 -18 6
-109 17 -22
-117 17 -17
4 18 48
-34 -18 -28
-35 -25 -22
-35 0 -26
9 -19 1
7 17 -3
48 17 49
57 13 -43
19 1 -44
-65 13 2
66 -22 16
8 8 -27
-77 13 -38
-33 -21 28
51 0 -43
-59 13 -5
-18 -8 32
8 -8 -4
-2 -14 -15
-5 -9 26
22 -22 -26
17 -22 31
-91 13 -29
-17 18 -47
68 4 -44
81 7 -30
72 -22 10
-107 18 45
-76 13 24
-49 13 24
8 -14 34
-51 17 47
-30 -27 13
-103 13 36
0 17 -51
82 17 -40
-44 17 48
-108 15 -6
-5 -16 26
76 -22 17
-27 17 -48
87 18 5
-7 -17 -30
-21 -27 -9
-37 14 42
52 18 -46
-101 17 -46
15 17 49
-77 15 43
-28 -2 -32
-32 -23 -29
8 -14 8
-89 17 43
-107 14 15
40 -22 10
-3 -23 -18
68 -16 -43
-81 13 -41
55 -22 -13
20 -11 42
58 -16 -44
81 -13 -18
8 -6 -13
81 9 8
21 11 -44
59 -22 -30
47 -11 -44
-46 13 -37
-45 13 -21
74 -22 -23
-20 4 -33
19 0 43
23 -22 -7
34 -22 -20
-42 13 18
-90 13 33
-75 13 -12
-37 0 0
8 -18 -26
27 -22 30
4 17 -39
-24 -17 32
10 17 -43
-31 1 29
-37 7 16
86 17 20
