187 155 168
57 155 24
57 155 229
184 97 39
90 224 126
89 97 127
132 97 220
105 97 49
172 97 116
142 155 24
57 155 156
193 155 79
81 156 91
163 155 229
182 97 184
86 109 184
147 219 126
92 192 183
133 97 159
109 147 220
194 155 27
126 97 94
184 142 123
99 141 33
75 184 125
143 112 33
86 111 86
86 139 130
184 114 77
183 120 218
86 151 186
184 114 149
193 155 206
93 100 220
152 97 67
57 155 63
138 90 126
57 155 122
149 97 191
174 128 33
147 127 220
86 136 64
121 238 123
115 97 192
185 129 187
100 97 158
86 132 162
80 177 156
86 129 210
58 155 197
164 97 220
163 97 160
87 114 35
185 136 60
79 181 79
134 155 229
116 119 220
85 155 228
115 116 33
185 118 107
156 97 95
86 129 105
114 97 136
167 155 32
124 97 68
80 155 43
103 97 104
74 172 180
86 108 61
86 117 141
191 155 143
124 139 33
184 142 98
86 154 150
160 97 43
57 155 95
129 97 44
187 155 229
185 98 208
179 97 94
176 97 62
82 160 119
80 181 102
151 135 33
104 97 80
157 97 138
184 133 162
193 155 50
80 205 128
167 135 220
185 115 53
184 97 136
77 155 207
184 120 129
184 97 163
121 97 115
75 155 168
113 155 25
128 137 220
86 109 108
86 130 183
78 155 67
94 97 199
86 111 163
116 97 172
86 135 85
184 136 207
86 132 45
88 155 25
71 155 138
184 154 187
57 155 177
185 133 79
184 135 142
193 155 112
185 117 173
132 97 182
149 146 220
165 97 201
132 97 201
87 97 40
168 97 79
163 114 33
141 97 106
111 97 218
58 155 44
99 97 180
184 141 42
139 97 79
86 99 145
86 111 207
149 108 220
184 114 197
98 120 220
133 97 141
86 123 124
86 149 106
87 97 75
149 97 172
165 97 180
113 97 33
164 118 220
88 97 95
144 97 51
133 115 220
93 142 220
64 155 78
104 235 126
137 233 124
152 97 119
181 112 33
70 155 105
184 152 64
116 97 154
185 106 120
137 127 33
108 97 64
147 97 150
86 142 200
76 188 178
86 97 170
70 155 186
142 97 35
86 123 75
59 155 213
129 155 32
86 138 147
184 124 93
72 155 28
175 149 220
170 97 147
86 143 173
102 124 33
177 106 220
146 97 210
105 97 123
99 103 33
86 154 134
184 143 177
184 97 75
86 150 78
188 155 129
191 155 94
108 132 220
70 155 54
118 155 229
100 97 142
78 170 130
184 126 43
86 151 55
165 141 33
86 117 49
86 125 197
72 155 220
185 146 157
91 97 54
120 97 81
139 142 33
184 129 116
131 106 33
71 155 155
170 97 131
185 103 105
169 101 33
119 97 206
98 155 225
75 167 98
58 155 142
100 154 33
174 97 48
82 161 178
184 123 64
81 178 169
91 97 113
184 110 90
121 106 220
87 143 37
181 134 220
152 149 33
138 97 66
142 97 93
114 130 33
166 97 104
164 97 57
178 155 25
185 155 37
185 142 193
117 97 53
184 145 84
125 97 128
109 97 93
86 136 116
147 155 229
78 165 150
86 109 129
87 97 187
86 124 61
86 121 171
151 97 83
184 110 137
106 110 220
86 121 154
70 158 125
58 155 110
86 151 163
86 152 216
184 123 206
86 97 209
176 97 195
184 119 160
86 124 90
86 128 136
124 150 220
88 112 219
184 129 174
87 98 157
99 97 210
184 101 148
78 177 90
184 142 111
137 146 220
185 101 54
153 101 33
90 128 33
150 123 33
161 128 33
184 107 67
143 97 134
86 145 92
184 150 212
86 150 123
133 97 115
173 97 210
193 155 157
184 110 211
68 155 89
185 129 104
69 155 40
125 124 33
86 155 200
184 147 137
184 147 52
170 97 169
161 145 220
86 115 98
184 107 178
114 145 33
76 155 80
176 143 33
159 97 149
166 97 68
135 97 171
97 97 69
159 155 24
185 155 104
81 175 120
89 213 124
184 118 184
105 97 200
184 132 130
86 114 195
185 124 142
156 134 220
128 126 220
126 97 105
184 108 166
174 155 229
157 97 210
63 155 167
91 130 220
184 108 43
184 153 199
86 107 44
133 97 55
98 97 90
185 152 119
82 194 126
163 97 123
144 97 162
86 147 67
192 155 218
175 97 157
192 155 180
86 141 211
86 100 85
86 142 49
97 97 168
161 97 190
86 119 114
156 97 107
183 134 34
150 97 220
185 101 85
185 127 152
143 97 182
86 135 96
181 97 124
115 97 106
184 127 54
105 112 33
86 142 157
184 136 89
126 97 191
68 155 200
67 155 115
86 184 178
138 135 220
124 97 147
86 119 186
109 97 182
107 97 166
142 97 199
116 139 220
124 98 33
125 97 166
167 108 220
194 155 68
78 155 193
183 97 218
87 153 35
184 117 118
99 97 132
153 119 220
86 134 75
182 97 114
184 151 75
184 142 167
86 108 174
60 155 34
184 106 189
60 155 132
184 97 173
184 146 147
86 109 119
194 155 192
116 97 43
68 155 176
80 156 104
86 137 191
80 155 142
134 117 33
120 97 183
86 108 149
86 112 70
115 97 72
100 97 191
141 155 221
108 155 229
139 224 123
174 121 220
57 155 186
86 102 195
79 155 128
151 97 129
87 121 216
159 97 172
164 97 89
95 97 150
86 107 139
155 97 51
111 97 146
137 97 191
109 97 114
184 143 69
184 130 199
88 97 63
138 124 220
184 101 199
125 114 33
151 97 202
116 97 124
129 97 78
184 123 80
142 96 119
103 155 24
89 103 33
184 107 156
102 138 220
86 128 147
125 97 212
75 155 229
138 152 33
168 155 221
104 97 39
122 155 24
78 179 146
86 99 104
155 154 221
86 147 141
184 154 87
117 154 33
84 155 171
67 155 69
178 103 33
156 97 182
135 106 220
86 106 96
103 101 220
74 165 122
194 155 40
135 97 211
90 97 137
178 97 104
95 97 81
86 142 182
152 114 33
96 97 46
184 105 129
175 97 86
69 155 211
184 141 215
184 128 213
108 97 209
86 149 207
86 139 105
142 116 220
67 155 146
133 97 36
184 138 151
86 133 201
61 155 53
86 120 204
184 132 70
89 97 178
173 97 184
99 228 127
138 97 150
147 136 220
125 97 137
153 97 160
86 134 173
138 97 44
131 155 24
183 125 34
66 155 229
176 152 33
96 114 33
76 155 115
80 156 159
86 154 115
74 163 181
175 97 39
175 119 33
149 97 41
86 129 54
158 97 74
97 108 220
108 138 33
184 135 49
186 154 151
187 155 57
83 163 128
86 103 53
113 106 33
109 154 32
135 94 133
86 121 40
57 155 83
86 154 98
99 97 116
184 111 102
159 105 220
181 155 224
100 97 61
119 97 97
86 132 127
124 114 220
91 137 33
184 121 193
131 145 33
185 138 185
81 170 176
86 103 69
100 149 220
81 173 97
113 155 221
146 155 32
86 103 216
184 103 96
176 97 176
112 238 124
95 97 35
159 154 33
194 155 104
176 97 75
86 155 71
80 155 52
84 192 180
161 99 33
184 99 62
86 152 86
134 97 90
86 144 114
172 97 96
125 97 58
100 128 220
86 137 138
80 155 31
183 147 34
184 112 127
86 116 59
86 153 178
60 155 204
65 155 98
123 97 199
93 187 176
144 97 70
114 97 162
142 97 143
134 135 33
174 139 220
86 117 177
86 143 60
163 97 112
86 127 81
86 123 101
143 132 33
184 141 132
140 99 220
86 99 119
86 103 165
126 155 229
86 149 43
81 178 128
183 97 48
152 97 145
86 142 73
123 132 33
184 143 201
185 154 45
167 120 33
74 179 177
176 97 141
147 97 112
147 97 61
112 105 220
123 147 33
147 143 33
163 126 220
184 109 203
64 155 219
86 128 115
119 97 62
166 97 49
117 97 213
184 128 86
105 97 151
157 97 197
148 97 98
184 154 159
106 121 220
95 97 103
175 98 219
185 124 72
185 115 68
109 97 57
172 97 55
185 116 45
65 155 24
79 155 185
78 155 176
186 155 24
106 130 33
86 112 78
139 106 33
184 118 137
121 106 33
125 97 158
120 97 89
80 155 220
82 177 179
86 106 157
94 150 33
184 151 96
75 162 130
179 114 220
183 97 192
86 154 63
167 97 40
109 97 101
168 155 25
178 97 150
87 136 218
194 155 123
117 124 33
88 97 48
86 145 99
168 147 33
185 146 184
134 97 72
115 128 220
184 117 87
123 97 175
117 97 142
86 119 131
112 97 79
169 97 192
159 120 33
107 97 139
156 97 60
86 105 203
67 155 48
91 154 221
57 155 70
130 154 221
64 155 61
64 155 158
105 154 220
185 153 175
73 173 124
152 155 27
185 149 129
182 145 220
185 103 216
82 167 121
82 200 122
91 120 33
194 155 137
93 97 213
127 235 126
194 155 165
186 154 138
76 191 124
87 157 124
155 155 228
75 159 149
103 97 96
86 144 83
167 97 155
166 97 141
185 117 97
185 125 168
86 125 49
184 146 60
132 97 101
184 137 116
158 144 33
128 97 120
104 146 33
159 112 220
185 126 134
97 133 33
184 125 123
184 137 104
142 142 220
86 137 166
185 123 177
184 109 83
113 97 201
184 147 103
86 147 195
77 179 163
71 155 75
75 155 60
77 183 183
159 136 33
185 138 75
107 101 33
129 97 86
86 102 133
179 126 220
87 97 202
184 98 155
107 97 175
184 103 139
184 112 60
86 124 164
86 116 106
107 97 130
185 149 165
86 136 40
117 147 220
108 97 190
86 118 84
184 129 62
86 136 57
86 118 66
184 103 113
142 97 174
159 97 131
185 132 181
160 107 33
184 136 172
86 110 51
184 144 92
164 97 97
81 170 155
82 212 126
60 155 103
63 155 190
79 156 135
58 155 221
125 99 220
184 154 112
132 94 124
75 159 94
80 162 156
186 155 208
78 176 83
74 171 153
82 186 125
134 97 108
71 155 162
158 97 81
94 97 159
185 134 41
178 97 54
150 97 76
142 119 33
67 155 33
96 155 25
76 155 213
129 107 220
86 115 169
161 153 220
128 97 51
67 155 131
98 97 125
104 97 70
177 97 202
185 116 204
185 139 160
170 97 123
185 149 206
169 97 162
140 97 86
86 130 155
184 108 52
86 102 183
86 129 190
129 144 220
193 155 173
86 147 132
76 155 200
175 136 33
184 153 145
123 120 220
168 146 220
93 97 192
86 115 148
131 97 151
148 155 222
184 155 218
192 155 86
120 155 222
146 102 33
183 97 142
157 98 220
123 97 40
86 128 96
193 155 199
184 149 193
86 147 148
155 128 33
72 155 98
111 124 33
70 155 193
81 163 99
184 114 156
112 97 49
153 97 154
91 155 229
82 155 80
75 155 88
146 95 125
138 218 126
86 155 46
184 100 178
85 155 210
184 115 39
108 97 107
93 97 121
139 97 206
113 97 87
185 142 140
184 121 49
149 108 33
111 116 220
184 139 54
170 129 220
86 123 108
86 102 113
185 138 83
64 155 108
130 97 174
175 97 111
122 97 46
134 129 220
75 155 46
64 155 183
75 155 36
184 102 169
86 103 125
117 136 33
73 155 131
131 97 67
184 110 173
99 97 203
86 128 71
61 155 149
96 97 185
184 133 95
104 97 87
143 149 33
152 139 220
86 139 122
86 109 102
122 134 220
86 106 190
86 116 120
139 97 165
98 97 217
75 177 96
82 155 24
184 103 76
140 229 127
80 181 175
184 154 80
181 97 83
86 155 157
86 154 193
58 155 163
143 93 130
170 115 33
178 97 132
99 97 76
184 103 162
97 134 220
187 155 193
156 97 39
161 97 63
94 97 174
155 97 167
86 117 158
144 103 220
86 105 89
185 134 192
168 97 215
116 110 220
184 108 143
185 106 59
185 121 102
184 130 147
104 97 185
192 155 61
140 97 113
77 197 124
88 97 150
64 155 124
80 155 97
82 189 175
86 218 127
94 149 220
193 155 226
75 167 176
86 114 41
82 155 110
178 97 213
85 207 123
90 97 165
76 181 152
89 97 34
130 97 132
86 107 37
79 155 149
75 179 171
82 167 181
90 97 88
89 193 177
87 98 218
184 105 35
149 97 137
168 101 220
184 98 108
184 97 89
175 110 33
143 218 121
184 101 43
86 118 210
86 126 130
165 97 166
140 97 60
167 97 207
76 160 102
86 128 177
111 97 156
129 129 33
121 97 108
86 114 133
86 123 138
86 115 127
184 144 77
144 97 81
62 155 87
104 97 215
86 112 154
130 120 220
114 97 177
94 97 60
86 136 152
86 150 171
96 126 33
86 144 163
96 223 124
185 147 40
94 125 220
144 125 33
155 97 189
143 97 189
184 119 154
70 155 83
151 97 177
158 97 102
86 123 145
174 97 68
153 128 220
185 129 140
111 137 220
184 125 158
167 107 33
163 97 212
184 124 199
86 149 50
122 97 74
184 137 199
184 134 136
160 97 118
184 135 122
129 97 111
86 134 132
184 118 145
184 127 111
83 173 126
169 116 220
149 97 88
150 97 184
112 97 120
138 97 184
86 106 210
185 98 129
191 155 74
86 149 157
178 97 163
142 222 128
75 178 127
87 144 219
87 127 218
192 155 33
188 155 99
82 155 58
184 97 102
75 159 119
80 167 95
186 155 69
86 102 76
86 153 143
90 186 182
152 154 33
89 97 69
190 155 119
137 100 33
178 97 33
185 135 213
185 101 68
86 143 190
90 220 122
91 106 220
146 137 33
175 97 190
161 136 220
153 97 45
147 97 105
160 97 143
143 97 43
148 97 197
132 111 33
191 155 212
106 107 33
86 102 175
86 112 212
184 137 66
86 136 185
85 187 183
115 97 113
