155 118 120
100 133 252
100 133 3
40 130 128
229 151 127
101 125 175
99 125 74
101 100 125
117 145 133
128 127 214
128 128 39
142 121 162
196 124 129
80 135 115
139 122 81
211 137 96
214 138 158
114 123 104
150 149 129
53 114 102
53 160 124
97 128 219
97 129 34
53 118 153
114 117 148
131 102 129
71 115 133
128 125 185
178 144 125
91 133 140
203 152 127
134 135 113
121 131 238
63 139 135
121 123 63
121 131 16
136 133 142
162 131 138
220 127 128
107 124 199
103 138 116
95 118 113
60 126 118
176 119 127
144 119 101
97 125 54
117 120 84
121 120 167
201 137 114
129 115 114
224 137 111
201 138 142
147 117 137
92 114 135
162 136 118
98 121 94
97 120 157
115 112 129
223 138 142
132 150 125
132 117 147
111 129 44
105 132 233
108 133 141
57 124 134
105 130 19
217 162 128
86 142 129
75 130 139
79 118 118
113 130 217
184 133 134
119 141 117
127 118 97
216 143 126
102 143 132
163 144 131
122 127 199
113 122 185
122 128 142
53 145 125
182 130 119
193 140 125
67 140 120
147 140 118
149 137 138
140 113 125
116 128 31
139 122 176
231 136 126
135 124 67
131 126 53
117 98 126
162 118 132
146 127 113
116 115 115
105 115 138
109 124 161
98 125 188
107 128 63
205 136 129
138 144 135
123 128 112
104 113 121
114 132 248
128 114 132
92 132 113
167 124 118
97 127 205
126 124 76
123 129 225
114 126 73
112 132 7
106 126 113
67 116 121
144 119 150
126 122 157
106 125 86
74 142 130
85 123 138
127 140 138
90 112 123
133 125 196
50 133 122
213 139 115
173 126 136
119 127 52
53 121 111
212 139 146
96 119 144
152 127 140
71 127 116
112 125 173
134 120 105
104 118 106
132 120 167
95 142 122
123 107 123
171 137 134
111 144 123
214 136 136
53 134 133
98 131 241
121 115 140
115 126 208
128 120 86
209 126 128
141 117 115
108 119 95
53 123 144
220 137 101
122 117 107
186 121 126
205 138 154
108 103 133
136 120 93
51 123 125
152 114 129
99 128 44
97 131 12
122 149 124
138 144 119
113 128 227
97 124 64
121 121 178
105 123 151
111 106 121
156 144 122
193 130 121
82 138 137
66 127 137
136 116 137
171 137 121
81 114 134
106 131 31
98 121 167
151 119 111
114 132 113
203 137 104
106 129 209
124 129 26
222 136 120
62 116 130
97 121 84
110 125 53
93 141 135
157 128 115
118 123 94
118 137 140
221 137 152
113 124 141
142 126 141
99 127 141
119 104 133
214 152 128
93 104 127
222 138 132
100 112 130
97 130 24
129 147 133
159 120 140
208 159 127
193 133 132
128 143 118
85 125 115
134 125 113
142 150 124
105 131 222
97 129 228
79 141 122
119 127 40
131 126 204
117 118 157
129 113 123
111 132 240
114 131 20
76 113 126
116 124 193
109 141 136
136 123 184
58 137 122
88 139 118
181 124 133
106 122 70
136 120 154
132 124 141
122 122 149
155 143 133
207 144 128
100 138 138
185 142 129
202 128 123
49 127 132
99 127 197
129 124 177
168 144 124
76 122 137
165 118 124
213 133 126
211 139 106
107 127 188
143 134 113
106 120 169
113 115 140
109 121 78
116 123 112
121 127 216
222 154 126
105 131 11
174 127 118
126 135 114
71 136 136
128 125 61
105 130 39
65 142 128
125 126 47
108 116 113
198 138 134
103 129 51
88 118 118
157 137 137
113 124 60
134 122 76
180 137 122
207 139 122
120 122 101
112 139 117
160 120 115
147 115 122
120 126 187
98 125 114
103 143 122
92 121 138
105 131 245
152 134 115
107 109 128
228 130 128
167 122 136
152 120 144
224 143 126
199 145 128
110 118 156
142 138 139
124 126 208
200 137 121
121 114 121
53 152 127
97 120 101
112 127 37
124 99 129
105 123 101
59 131 136
102 124 161
127 122 110
102 123 182
118 121 77
129 132 142
52 125 117
137 150 130
107 123 144
190 126 133
73 137 118
103 127 216
157 148 128
172 144 130
139 122 168
108 98 126
141 117 143
126 107 130
145 115 131
97 114 119
148 147 122
181 123 121
178 138 131
47 134 129
65 133 118
143 118 108
203 129 131
207 136 137
117 123 162
57 120 127
102 124 59
83 113 122
46 128 123
121 114 133
141 121 88
68 121 135
147 145 133
134 112 129
122 129 34
94 143 128
111 114 121
85 130 140
126 125 69
109 122 179
123 119 90
123 124 82
118 122 70
112 120 89
171 121 122
116 125 200
98 115 137
167 131 117
158 116 125
78 125 116
67 123 118
100 107 124
231 143 126
126 123 164
101 132 113
98 131 234
165 138 134
114 123 153
125 126 192
116 129 233
218 136 107
212 139 130
110 129 26
148 132 141
102 118 147
133 139 138
96 138 116
153 118 134
126 121 171
108 133 2
125 117 146
191 124 123
128 115 138
135 121 160
103 120 89
118 132 9
127 121 104
58 132 118
113 125 82
112 120 168
114 117 107
114 118 100
86 112 130
108 117 144
122 115 113
118 103 121
103 125 80
140 123 112
101 103 131
104 125 204
211 136 153
98 128 212
85 132 114
155 138 118
129 118 153
115 126 66
169 131 137
206 138 147
104 124 94
134 122 87
110 128 203
90 126 140
119 131 244
101 116 115
117 145 123
105 126 44
107 132 252
109 114 133
125 123 143
151 124 115
142 120 95
116 126 47
132 121 98
162 142 122
118 130 221
97 119 107
113 100 132
171 121 132
123 146 134
114 130 14
114 132 141
73 117 119
221 147 128
92 124 114
162 147 125
175 132 136
123 130 232
116 125 180
68 114 127
143 149 131
103 119 156
52 138 126
107 132 113
103 132 25
138 130 112
215 136 121
123 126 57
110 144 129
207 136 112
136 116 112
58 138 131
136 115 121
127 128 219
63 119 124
123 100 123
217 139 141
88 137 138
105 129 228
129 117 108
107 123 107
98 131 18
131 123 82
138 118 149
129 106 124
222 135 126
80 142 129
119 123 144
111 127 194
103 124 191
113 124 97
188 137 130
112 119 162
190 135 123
112 126 212
120 129 22
120 141 136
119 134 113
160 125 138
120 109 129
97 133 140
138 120 100
208 132 124
150 118 116
140 139 116
109 125 167
123 119 161
215 139 100
124 134 141
115 114 135
223 159 127
114 128 56
198 133 131
116 124 168
220 136 146
134 124 189
118 116 145
72 125 138
107 126 75
113 100 122
97 122 174
142 119 156
128 125 199
219 139 113
59 142 127
107 118 150
69 140 133
87 118 137
77 136 139
97 111 125
170 118 127
122 124 172
146 121 143
53 124 138
104 130 238
128 151 128
110 127 68
116 108 123
110 124 91
113 107 132
202 125 128
123 146 120
108 132 16
102 119 97
133 123 172
91 112 129
212 147 126
186 127 120
120 122 155
107 119 161
211 136 142
114 127 188
195 135 124
114 119 94
121 119 95
209 136 117
110 128 223
90 142 123
154 134 139
98 120 150
109 127 183
111 125 113
199 140 126
66 134 137
58 122 121
209 152 128
109 121 174
128 119 91
111 123 148
217 156 126
108 120 84
137 121 144
62 122 135
104 128 195
122 123 110
110 123 190
103 127 68
209 136 102
181 121 129
140 115 133
144 144 119
112 137 140
177 134 119
187 140 125
162 127 116
136 104 127
100 132 8
195 138 129
65 128 117
101 123 143
211 130 130
101 116 142
109 127 141
117 121 174
81 134 140
109 117 108
134 125 61
127 149 123
102 128 35
173 142 123
116 130 240
99 132 247
123 122 183
113 122 69
118 124 59
114 124 87
87 141 134
99 130 29
75 131 115
110 131 230
123 118 152
151 142 120
76 139 135
168 141 132
208 137 158
72 123 118
98 127 49
157 133 116
138 118 105
121 125 74
118 129 227
107 126 172
102 122 108
225 137 116
132 147 120
191 123 128
145 121 111
52 119 148
104 122 75
135 116 142
196 125 123
44 127 129
115 141 136
216 136 154
118 128 210
132 138 115
109 128 58
131 131 112
125 127 52
109 123 65
107 126 177
185 128 134
138 128 142
222 136 137
123 118 101
161 119 120
127 111 127
81 120 136
179 128 135
105 107 123
130 121 145
117 129 36
72 114 124
203 133 125
121 124 195
120 147 128
98 123 70
72 140 122
53 129 120
131 143 136
93 137 139
135 121 110
195 128 132
118 124 89
101 129 208
143 133 141
102 128 56
70 130 138
153 148 124
62 137 120
124 123 94
108 118 103
217 139 131
115 129 25
213 127 126
77 117 136
136 123 71
104 117 111
77 114 131
104 125 168
66 116 133
103 107 130
101 131 230
133 115 133
217 136 125
97 125 59
129 122 73
52 117 108
132 121 155
110 129 49
204 139 117
213 161 126
184 137 131
97 123 180
81 129 114
177 143 130
160 140 134
109 126 208
176 121 132
167 147 128
115 125 51
207 139 133
105 141 136
120 126 45
212 136 111
101 128 222
109 132 21
97 120 162
53 123 131
134 147 133
109 124 156
125 140 116
100 144 127
146 112 127
129 125 192
111 131 31
84 141 121
104 127 183
96 113 133
118 119 91
104 128 199
223 137 106
124 114 118
120 130 28
119 100 131
206 137 98
53 127 135
155 120 112
119 125 205
190 142 129
142 116 119
96 123 140
78 114 121
130 125 67
105 123 186
97 142 132
123 127 41
203 139 136
203 143 126
126 129 31
167 119 131
109 132 235
106 133 7
110 112 125
123 123 87
97 125 194
157 117 131
109 130 214
62 140 124
203 138 109
115 142 119
154 122 140
137 150 124
116 113 120
98 127 39
122 111 125
125 125 204
100 128 203
228 146 128
131 115 119
101 124 86
186 133 121
130 118 101
135 116 116
106 141 118
76 142 125
183 143 125
101 121 172
116 122 148
199 132 123
108 101 122
141 122 143
116 119 165
160 119 136
106 144 127
126 123 65
81 113 128
133 123 181
152 116 124
226 155 128
109 124 101
115 123 158
99 122 80
124 123 168
124 124 175
114 121 80
90 135 114
86 114 134
110 122 74
116 127 196
98 122 89
220 140 126
132 120 150
116 128 113
217 139 117
109 131 225
131 122 93
108 99 130
103 129 141
123 121 78
128 100 125
79 125 139
109 133 247
83 138 117
167 135 118
128 125 56
147 127 141
103 123 157
110 131 12
211 141 126
173 131 118
124 128 212
84 115 119
143 143 135
118 124 80
134 122 176
217 137 97
121 125 69
69 142 125
62 119 120
105 125 53
141 117 139
228 140 128
130 106 129
129 121 78
217 139 150
111 136 114
48 124 127
157 123 115
61 126 136
188 132 133
127 127 142
107 120 90
106 124 60
81 122 117
93 115 118
102 120 164
97 105 129
121 123 191
100 140 118
107 115 119
113 128 199
105 128 27
106 126 212
125 116 111
72 120 135
130 127 46
116 123 188
211 139 137
99 117 111
117 130 18
92 120 117
223 130 128
62 118 134
147 141 136
179 121 124
125 116 142
100 127 62
109 130 36
120 125 181
127 124 181
69 133 116
106 126 48
103 122 148
116 126 184
109 130 219
104 121 84
114 129 40
209 134 128
107 127 40
46 130 131
101 131 225
161 136 137
125 103 132
172 145 125
166 128 138
119 118 102
202 139 131
129 127 209
116 118 152
112 131 244
119 125 175
111 126 77
112 129 208
105 121 80
100 112 135
44 131 125
104 118 101
94 116 137
60 136 134
185 123 131
112 127 62
129 119 163
139 112 129
101 133 14
105 123 66
107 124 194
139 140 138
203 147 128
165 139 120
55 135 121
218 136 134
114 122 74
137 123 180
199 127 131
126 122 100
178 128 119
146 117 117
96 105 125
57 138 126
107 129 53
140 151 128
64 115 125
77 138 118
100 122 153
118 129 142
62 141 130
109 120 166
99 141 135
136 147 121
114 130 223
162 132 116
105 112 131
211 136 122
107 126 80
103 130 42
125 114 122
119 122 105
146 119 105
159 144 132
125 122 73
114 116 144
116 123 101
151 147 132
150 116 132
96 134 114
117 127 62
207 139 141
125 121 82
86 135 140
112 125 201
51 136 129
127 121 150
206 140 128
103 135 140
117 129 44
118 116 109
146 118 146
137 120 164
206 156 128
212 139 119
113 98 128
117 120 170
97 124 184
100 110 122
108 124 97
50 127 121
121 123 160
121 118 156
165 120 120
118 126 192
121 138 139
128 109 122
89 114 119
195 142 128
130 112 129
104 129 47
132 129 142
109 115 138
112 126 41
134 143 118
118 115 138
161 147 129
169 140 122
228 134 126
207 127 124
102 122 178
104 99 128
224 138 128
99 101 128
138 122 76
121 128 220
140 119 153
113 116 113
107 136 114
117 118 97
216 147 126
207 148 128
140 146 120
115 127 215
138 134 113
167 135 136
111 130 17
73 134 139
203 137 150
163 121 138
112 126 178
76 135 115
101 133 243
103 127 188
57 128 136
207 139 109
53 156 126
117 108 131
146 136 140
124 124 60
114 122 180
217 130 126
110 123 152
125 124 113
147 131 113
108 108 131
127 123 189
105 143 133
109 128 197
101 132 239
57 121 131
148 118 142
117 123 65
99 142 121
104 126 208
218 153 128
114 132 237
83 141 132
138 119 159
114 124 92
105 126 141
102 130 212
211 157 126
132 116 141
224 148 126
118 125 141
151 118 137
104 112 125
159 139 119
53 121 115
111 118 152
127 129 112
199 137 139
215 139 104
126 121 146
179 134 134
105 121 175
215 136 113
180 144 128
115 136 114
127 135 140
119 119 163
132 119 159
219 139 123
89 129 114
119 126 113
121 137 115
138 126 112
144 139 116
124 126 196
116 124 84
96 139 137
220 138 155
55 124 120
