155 143 112
49 188 206
50 115 27
166 221 202
196 98 207
58 98 143
203 116 25
113 126 207
126 97 52
85 142 92
206 166 207
197 97 88
123 97 148
206 123 148
49 116 205
111 190 204
158 147 175
151 143 26
89 142 156
98 143 36
61 97 79
184 143 66
108 97 98
149 97 191
170 97 130
42 145 168
48 139 122
128 143 74
84 97 181
76 152 205
49 141 66
207 140 106
157 178 207
170 97 47
153 97 88
86 97 42
115 142 122
184 97 169
173 130 207
90 221 193
207 131 188
120 150 179
179 142 139
122 120 25
141 143 145
91 97 132
206 117 61
142 148 207
57 115 173
136 97 117
118 97 181
198 110 118
58 110 110
66 143 37
80 142 124
186 143 26
153 97 160
80 188 207
189 146 168
92 97 72
186 188 207
110 156 207
43 146 200
85 113 207
153 143 58
169 117 25
127 143 43
58 98 50
85 143 62
206 142 47
79 120 25
62 142 147
181 143 94
179 158 205
147 120 207
48 133 94
69 149 179
195 97 144
127 100 207
81 97 103
207 140 79
146 101 33
115 143 149
154 143 84
99 97 158
197 98 46
175 97 103
93 147 187
128 97 82
114 143 95
171 97 205
49 121 150
49 116 65
64 97 197
131 170 205
109 101 33
149 97 61
185 97 67
197 142 207
104 97 201
201 115 170
202 143 132
206 118 97
110 143 59
57 166 205
68 130 207
212 146 168
113 97 128
184 143 116
205 120 207
70 97 164
145 97 138
166 198 206
136 143 166
135 143 100
92 134 207
68 142 79
98 142 136
48 132 185
100 123 25
161 143 152
49 117 129
160 148 196
136 143 124
49 130 43
173 143 48
93 172 207
198 100 186
206 188 204
123 143 198
112 97 67
137 190 205
57 115 90
156 97 113
69 97 126
198 151 186
173 97 152
119 140 24
176 151 184
68 142 107
206 137 27
169 97 185
69 102 33
103 147 170
96 142 108
183 103 33
149 121 25
158 143 132
101 143 76
198 114 78
173 97 84
201 143 151
206 127 120
206 123 43
67 143 56
50 139 26
80 141 24
137 151 187
187 117 207
134 97 163
137 97 98
127 103 33
58 98 178
71 97 64
59 97 97
83 97 150
131 129 207
61 148 196
187 124 25
165 115 207
96 97 114
89 204 206
80 97 85
165 97 68
169 143 30
195 97 106
75 171 207
79 142 142
71 142 163
189 97 127
101 97 175
82 97 201
93 152 207
57 115 47
207 134 63
152 102 207
170 143 76
49 127 78
103 97 49
92 111 33
198 115 136
110 173 207
210 146 197
153 136 207
49 126 109
58 112 191
48 136 140
154 161 207
83 143 43
190 143 45
66 114 207
51 149 182
136 97 181
207 131 164
84 147 172
184 143 197
173 142 164
184 97 194
191 170 205
49 127 165
117 97 163
64 126 25
201 115 191
64 142 131
107 97 144
197 143 91
105 142 201
150 143 42
134 135 24
198 111 154
164 215 188
58 108 159
127 143 138
65 189 204
115 109 207
103 97 83
162 101 33
51 143 82
51 133 203
116 97 112
165 97 170
131 97 67
129 97 134
170 143 106
96 187 207
126 143 59
198 98 163
174 179 205
85 97 165
97 143 51
52 143 51
112 143 44
143 143 73
144 97 76
86 97 57
198 102 61
63 142 93
48 140 156
73 97 49
104 137 24
161 130 25
150 143 98
85 143 199
197 110 37
100 110 207
58 104 65
169 144 207
181 97 140
141 97 49
157 97 146
58 112 141
206 124 84
49 142 107
127 97 192
126 142 112
127 154 205
100 142 93
94 97 191
151 97 177
167 167 207
127 143 88
85 143 76
112 115 33
55 152 207
115 143 79
74 97 139
183 97 52
49 128 58
198 113 51
75 151 191
57 145 170
207 130 135
183 143 80
149 143 162
181 142 153
58 112 76
123 181 205
135 116 25
193 155 207
209 145 181
206 133 204
101 142 123
82 142 105
190 130 207
150 97 101
140 97 203
189 143 130
113 143 135
154 97 127
123 143 164
139 143 57
151 189 204
208 135 93
88 130 25
183 102 207
66 143 207
138 97 149
196 97 74
71 97 182
184 97 91
154 97 48
109 142 109
206 117 110
173 143 124
58 98 118
144 171 207
184 97 114
101 143 151
121 97 100
157 113 33
84 97 119
168 143 60
69 97 108
107 149 182
113 150 194
198 110 92
192 143 106
93 97 91
89 217 205
152 144 186
124 117 207
198 143 63
68 115 33
63 139 24
195 143 76
142 149 175
162 97 97
70 97 151
139 143 33
206 122 179
117 97 88
73 143 67
49 121 192
177 134 24
200 143 164
72 103 207
169 97 116
185 97 155
157 143 72
192 143 142
97 98 33
50 176 204
161 97 195
197 143 35
81 105 33
182 97 182
92 142 25
206 119 160
85 161 207
206 122 72
112 128 25
131 143 155
95 97 145
202 177 207
77 139 207
135 142 198
198 110 104
52 143 39
94 121 207
52 115 101
141 135 207
58 103 39
58 106 203
198 112 202
65 177 207
49 115 117
206 115 127
59 142 117
136 115 207
92 99 207
187 114 33
49 119 39
105 97 187
137 160 207
164 143 90
49 116 161
162 143 40
69 97 91
116 97 204
204 153 204
171 149 196
148 150 196
205 143 117
100 161 204
48 136 174
58 109 123
121 136 207
60 142 69
114 97 52
77 97 74
206 128 107
49 124 138
49 126 122
74 142 89
50 128 28
166 210 206
187 151 181
83 127 207
120 167 207
153 150 207
58 98 167
58 98 130
198 101 174
136 97 38
166 143 140
109 143 159
118 143 67
125 97 171
198 104 130
201 149 174
165 187 207
170 110 33
110 143 33
140 143 90
90 142 118
186 97 79
154 97 71
160 97 58
148 143 127
140 143 110
87 142 134
197 129 25
159 126 207
131 149 174
164 156 205
152 143 144
185 143 55
102 97 131
169 97 141
196 97 117
49 120 181
119 97 39
181 143 105
207 132 175
141 113 33
128 143 30
170 148 173
83 150 183
196 98 35
103 131 207
95 143 67
198 111 67
181 143 39
146 133 24
49 116 81
140 97 86
124 143 99
193 148 196
180 142 207
53 143 97
48 139 193
207 138 142
96 147 197
174 97 163
144 181 205
207 134 40
180 115 25
114 146 168
162 149 186
94 148 176
207 131 50
115 147 204
99 97 104
116 97 138
58 102 188
162 97 81
96 97 60
115 97 191
140 143 45
139 143 134
176 116 207
186 97 42
75 130 25
176 190 205
80 143 53
58 113 60
71 142 152
105 97 119
91 118 25
194 143 120
162 97 155
132 97 107
147 97 118
121 97 61
122 112 33
117 97 76
128 151 191
60 97 157
198 102 196
67 164 205
159 97 136
61 142 161
54 143 200
206 115 35
86 179 207
101 115 31
195 187 204
142 106 207
126 143 128
102 97 71
139 97 192
102 178 204
180 148 173
49 122 49
196 143 53
95 143 84
137 97 128
56 143 137
160 97 205
74 142 99
185 97 103
134 180 205
75 144 199
52 150 193
206 123 198
206 127 28
58 108 180
69 142 140
111 97 174
177 97 123
73 142 116
135 143 81
141 97 170
172 97 36
49 131 69
198 109 182
125 97 125
132 144 207
159 143 122
93 143 165
61 143 47
148 97 150
198 107 143
186 151 191
59 115 34
49 160 205
48 132 129
96 143 207
106 118 207
49 125 89
71 143 28
84 143 33
75 115 207
86 150 192
207 139 157
144 97 109
109 143 70
160 143 103
49 130 156
88 142 145
173 97 56
78 97 129
198 105 81
101 143 181
198 102 97
57 142 59
76 97 174
106 143 84
125 97 158
112 97 152
192 116 25
74 147 171
207 138 126
198 125 207
206 142 35
207 141 70
84 115 31
59 136 207
198 107 166
174 107 207
150 144 172
58 107 53
160 97 179
175 97 65
143 143 154
181 167 205
133 143 65
130 97 92
120 143 49
58 114 132
161 143 53
75 97 195
77 97 158
119 143 38
164 97 106
168 143 115
171 126 25
145 143 64
75 97 40
172 143 151
90 97 107
129 126 25
158 119 25
140 97 59
49 124 100
175 143 68
94 97 169
65 97 44
103 145 192
207 141 190
206 116 50
206 118 138
150 112 207
57 183 205
44 145 178
161 143 168
190 97 177
62 97 206
58 104 150
207 141 57
58 98 106
144 97 161
194 97 154
80 142 157
175 97 195
127 97 182
155 97 39
79 97 94
53 143 146
83 97 140
206 144 207
49 116 56
67 155 205
59 142 107
108 97 107
57 120 207
80 142 166
201 143 99
108 97 160
77 97 112
181 97 131
75 143 39
67 97 72
191 97 136
63 97 60
66 97 135
155 143 34
194 139 24
101 151 204
88 215 186
206 116 88
63 115 26
206 122 170
75 181 205
50 143 130
58 105 92
109 137 207
189 147 204
146 156 207
148 143 203
146 151 184
58 105 83
139 125 207
202 150 195
128 188 204
85 149 205
191 97 58
122 131 24
205 143 87
207 132 150
89 191 205
51 143 164
48 138 75
59 143 31
181 127 207
197 164 207
60 149 179
122 127 207
186 134 24
45 146 188
88 141 207
161 142 207
90 97 155
117 142 104
168 143 131
136 97 139
125 97 112
106 142 140
94 97 180
189 97 201
189 97 187
186 177 205
73 142 129
49 122 172
58 105 136
107 97 60
173 97 175
188 143 87
162 106 207
65 97 172
58 107 170
134 108 33
157 169 205
152 97 199
192 143 161
165 176 205
171 97 94
141 97 68
149 109 33
88 143 50
147 143 115
176 143 57
207 132 75
50 115 142
48 134 114
92 97 51
103 142 103
132 97 46
116 106 33
102 97 92
173 152 205
166 142 199
93 142 128
96 97 42
49 122 71
146 129 207
49 125 207
204 115 147
166 222 194
204 115 183
110 117 25
207 132 85
127 163 207
186 161 207
183 142 164
101 170 204
190 106 207
133 106 207
91 97 199
207 138 169
57 115 164
59 142 80
105 97 41
190 143 98
82 142 115
162 97 125
125 143 146
71 97 99
190 143 150
56 123 25
67 97 117
93 97 124
191 105 33
48 132 84
58 114 201
198 106 46
66 146 170
49 117 92
85 170 207
140 142 25
97 134 24
49 131 148
48 140 58
199 115 161
160 142 25
206 115 77
122 147 170
77 161 205
174 143 98
132 143 53
116 143 87
85 97 189
198 112 59
177 143 31
141 122 25
69 143 46
152 97 168
176 143 114
146 97 128
206 126 98
177 97 43
93 97 80
133 97 199
120 158 205
49 131 193
136 97 77
92 142 101
206 123 131
147 143 106
129 115 31
156 97 187
154 143 49
55 143 89
157 143 161
179 125 25
154 143 194
154 97 79
78 97 57
151 143 154
58 112 150
178 110 33
90 97 99
143 143 81
179 142 131
115 151 185
208 136 182
207 133 115
206 127 157
58 100 72
201 143 110
199 143 198
48 135 165
92 107 207
190 97 163
198 103 111
135 152 205
48 136 48
165 133 207
128 151 181
51 146 207
71 97 202
52 115 187
141 148 197
171 143 85
108 97 77
190 97 97
104 97 152
120 97 197
131 97 153
70 121 25
58 111 97
145 97 95
98 143 159
67 142 122
172 97 73
118 175 207
207 134 195
121 189 207
66 143 199
60 147 204
65 106 207
104 188 207
124 145 207
67 151 186
104 130 25
205 148 187
52 115 196
79 107 207
72 190 207
64 97 186
206 115 201
77 149 178
144 115 26
58 142 154
48 140 182
124 97 70
83 97 49
49 127 178
105 143 39
102 104 33
67 97 144
129 143 105
60 158 205
133 97 174
192 149 175
175 172 207
147 97 83
58 111 68
194 177 205
124 106 207
102 143 29
83 97 34
142 147 168
76 115 33
107 106 207
185 136 207
110 182 205
197 97 126
145 189 207
161 149 205
206 140 200
57 115 116
48 135 104
49 169 206
112 142 25
158 188 207
57 151 187
48 139 88
168 150 181
120 150 193
206 126 36
70 136 24
55 132 24
198 118 207
200 115 42
110 149 175
176 142 201
58 176 207
206 117 119
150 143 75
181 143 73
110 97 85
197 105 207
122 143 81
143 97 179
55 115 180
133 143 114
115 97 120
116 143 157
146 143 55
117 142 114
164 115 32
65 142 63
199 115 177
143 97 42
128 143 120
103 142 115
78 142 78
121 97 46
156 143 91
161 97 46
67 97 84
88 143 69
95 142 143
177 97 188
193 143 69
198 100 54
188 143 37
177 97 110
61 142 100
200 115 97
152 147 178
54 143 74
195 97 66
181 110 207
207 144 174
180 149 205
103 143 66
93 143 57
146 143 36
69 97 56
133 143 37
112 97 198
180 97 75
86 97 76
179 97 148
198 143 138
199 143 82
119 143 139
143 143 100
183 142 125
159 97 164
165 97 40
125 174 205
119 97 154
61 108 34
114 143 53
67 142 71
165 143 70
153 97 140
92 162 207
109 163 205
206 115 68
202 142 25
199 115 124
58 114 83
48 132 36
150 176 207
206 127 63
173 140 24
57 142 128
206 119 189
107 145 207
54 115 155
170 151 189
117 117 207
161 97 88
170 143 37
111 97 182
107 97 136
198 102 138
206 122 56
177 142 146
146 97 54
97 97 97
99 97 196
180 97 98
136 143 150
144 97 197
193 143 113
155 97 106
136 150 179
89 142 111
147 143 89
88 104 33
49 122 157
156 106 33
110 142 116
116 97 95
139 97 156
188 97 145
126 139 24
208 137 135
131 148 197
75 130 207
49 123 64
49 115 174
92 142 92
91 97 139
178 150 193
147 164 207
147 98 206
49 115 110
85 142 83
206 124 91
105 143 46
181 143 87
117 97 170
108 143 151
87 97 85
164 143 161
169 120 207
123 151 186
152 183 207
