40 -24 55
-52 29 -111
-52 29 113
43 -24 -65
-51 -15 -8
23 29 -5
29 29 113
-35 -24 64
22 29 -113
-28 -24 -73
-2 -22 113
5 -24 -22
22 29 51
30 29 -59
8 -24 -112
-20 11 24
-52 -24 111
44 -15 5
44 -16 104
-12 18 91
-52 -22 -113
-29 8 -41
-12 14 -91
2 -24 37
44 -5 -105
44 0 -32
7 -24 75
-51 -11 32
44 13 78
7 -24 -59
-50 2 85
-51 3 -83
-51 -22 -44
44 17 24
-18 -24 7
-6 10 -13
-6 9 58
6 7 -45
21 4 -80
-28 -1 113
13 6 19
-21 -8 -113
44 29 -89
-38 7 55
16 3 89
-25 -24 -28
-26 -24 93
13 -24 7
-34 8 -2
38 29 -31
-24 29 -112
30 -24 -39
44 4 50
29 -24 -90
4 10 113
30 -24 29
-27 -24 37
5 4 -113
44 4 -63
-25 29 113
22 29 79
-26 6 -68
-2 -24 -85
20 4 -18
44 13 -5
-50 4 -57
19 -24 99
19 4 45
9 29 -91
-37 24 -91
-38 24 91
-48 4 -113
43 8 113
-50 -23 -86
21 29 23
36 -24 80
44 -23 -18
-51 2 -27
-1 6 -69
-52 2 110
-42 -24 13
-51 -22 84
-16 -24 -50
-11 -24 59
23 -6 113
43 20 -112
44 29 95
-51 -1 10
7 29 99
43 29 60
-25 7 76
31 -23 -113
22 10 66
-51 -11 54
16 -24 55
-1 29 -111
-32 -24 -99
44 7 -87
-39 7 33
0 9 36
-51 -18 -65
44 -7 69
-30 -23 113
44 -6 32
28 7 -113
24 -24 -12
40 29 8
22 20 -41
-31 4 -88
22 10 -60
-5 -24 92
44 15 -46
-33 -24 -9
-11 -24 -104
-5 5 77
43 29 40
44 2 94
-15 10 -113
22 10 0
23 -24 -70
-8 10 6
-46 -24 -26
-12 8 -52
-24 9 -19
-12 -24 -13
44 -12 -82
44 -13 -48
22 29 -77
-52 15 -98
44 -5 -13
-35 -24 -54
-5 29 114
-38 15 113
-10 -5 113
7 10 -91
9 -24 -41
-20 10 45
-10 9 -32
-44 -24 43
26 29 -95
44 20 -73
30 -23 113
-52 -7 -99
22 26 -23
-11 -24 23
-52 15 97
44 3 13
-16 -24 78
-50 3 -8
21 13 113
-35 8 15
-50 3 68
-10 -24 -67
39 29 -12
43 -24 -100
-32 8 91
30 -24 10
-17 14 113
-33 15 -113
12 -24 -95
-38 -10 -113
-20 29 -92
39 29 76
22 15 33
44 -22 39
44 15 -23
-51 -22 67
5 7 -26
-8 -24 -32
-42 -24 97
-23 29 96
21 4 -37
-3 -12 -113
13 29 114
10 -24 23
3 12 91
24 -24 -54
28 29 94
23 -10 -113
24 -24 70
3 -24 -6
-52 -11 100
-21 -24 -88
-51 -6 -44
-50 2 43
-28 -24 20
7 7 -5
44 -16 -32
44 25 111
-16 3 89
-38 29 106
-41 5 -72
18 -24 38
44 -11 85
-15 4 -79
-2 -24 10
14 -18 113
43 -24 20
7 -5 113
-13 -24 44
28 29 37
-36 -24 81
-51 28 -90
-25 -23 -113
-19 10 -3
-36 -24 -38
44 14 61
9 7 59
-44 -24 28
-44 -11 113
-16 -24 104
-4 10 22
44 -11 49
16 18 91
34 -24 96
-39 7 -19
9 -24 -75
-27 -24 51
36 -24 -5
44 12 38
13 17 -113
9 5 74
42 29 -49
-53 29 94
-36 6 -54
-36 29 -104
-51 -10 76
44 15 100
20 -24 84
21 27 9
3 -24 51
39 -6 113
19 18 -91
44 15 -99
22 26 65
21 -24 -26
-51 -12 -78
30 -24 44
22 17 -12
-18 10 64
-51 1 24
-7 29 -99
-44 6 -42
38 29 24
44 19 -59
44 0 -46
44 -10 -63
-38 6 78
-38 -24 -111
39 29 -103
44 -22 69
22 17 17
-51 -13 -33
36 -24 -79
22 13 80
44 -10 18
-11 29 101
-37 -24 -83
20 -24 -105
-20 -13 113
-30 2 -113
-51 -3 -68
43 -16 -112
43 7 -112
13 5 -70
-24 10 9
22 15 51
44 -1 0
-51 -18 4
-48 -24 -99
-52 14 113
0 4 -81
-1 15 -113
-22 -24 -62
-5 -24 -44
-51 -8 -19
44 20 49
9 -23 91
-52 17 -113
-43 10 -91
30 19 -113
44 15 8
-51 -13 19
6 7 8
-13 6 -66
21 29 -51
14 29 -103
22 15 -74
-3 29 91
-52 -10 -111
9 -11 -113
11 6 33
-31 -24 7
-52 2 97
-50 3 55
9 6 -57
34 29 -75
5 8 47
19 29 102
-51 -10 -57
44 -1 -74
-22 -24 64
22 5 -49
34 -5 -113
44 0 80
-39 -24 -68
35 29 50
-41 2 113
30 29 -41
39 -24 -54
44 -13 -94
-48 -24 55
-26 19 -91
0 -24 -99
-25 -24 -42
-11 -1 -113
-8 -24 -2
-22 -24 -6
3 -24 64
44 -22 90
3 -24 101
-32 9 45
22 17 -29
-17 -24 -77
-34 7 66
-11 21 -113
-2 20 -91
-36 7 -31
-13 11 34
-44 -24 -6
43 -24 -41
-27 19 91
22 23 -64
21 4 56
43 29 -65
-23 9 -31
23 -24 20
-26 10 35
44 20 86
20 -24 -82
-51 -6 -1
31 3 113
15 -24 -5
44 5 69
-52 4 -95
44 18 -84
29 -24 58
-20 5 -91
34 15 113
44 -16 -8
-45 5 2
15 29 91
33 29 64
33 -24 -24
-43 13 91
-33 -12 113
-25 7 -54
41 -22 113
-11 -24 -93
-21 -24 -99
-6 -24 73
-7 9 113
-36 -24 -21
-51 -8 87
44 -17 29
18 7 -91
-50 -23 -55
-48 -24 -75
-47 29 -100
-6 9 46
44 -23 -89
44 21 70
-2 7 -58
35 29 -113
44 25 -39
44 3 25
-28 -24 73
44 7 -17
44 -5 58
44 -11 -22
-50 -23 -16
-18 9 -43
31 29 2
20 -24 -43
-3 3 89
-13 11 15
8 7 -15
-31 9 25
-5 -23 -113
18 3 -113
-17 -24 33
44 10 -36
-52 -24 100
-28 19 113
25 -24 -1
33 -24 -100
7 4 85
-51 -8 -88
-2 -24 -74
22 8 25
-17 3 113
12 18 113
21 4 9
35 29 101
-51 -12 65
-13 10 -21
-43 23 -113
-43 -24 74
-33 -24 104
30 29 14
0 7 69
22 29 -33
-2 8 -38
-16 29 -105
44 26 -3
28 29 -14
-51 -13 42
4 29 -100
44 -6 101
-1 -24 27
-6 -24 -22
-13 7 72
-32 9 -12
20 4 75
40 -24 8
44 25 17
34 29 -87
-30 5 -78
31 -24 -65
-12 -24 113
-42 -22 113
22 20 42
-5 -24 -58
-42 6 23
44 10 -72
14 -24 -14
44 -3 -93
13 -24 65
44 4 -100
44 18 -13
44 -5 -54
2 -24 84
10 -24 -31
-37 -24 50
34 -24 -14
4 -24 -49
-16 24 113
-41 3 89
10 29 -112
-15 29 91
10 4 -81
44 26 -23
-23 9 55
-9 10 -4
-15 -24 92
21 23 113
-7 19 113
30 29 84
-13 -18 -113
19 4 -7
-2 5 -91
28 29 -105
-48 29 102
22 19 71
44 -17 78
-42 -24 -48
44 9 88
44 23 32
-35 -24 30
-46 21 113
-31 9 113
22 17 -53
10 -24 45
12 4 113
22 18 7
30 -12 113
44 -18 -74
14 -24 -50
15 -24 -64
-51 -21 34
14 5 -30
-42 6 45
5 8 26
-41 -24 -92
4 23 91
29 -24 88
-52 -17 -93
-34 14 -91
29 29 73
44 10 -55
-21 20 -113
3 -13 113
-41 -24 3
-20 -24 17
-17 -24 -36
-16 -24 -24
-52 -16 -103
2 -24 -34
-51 -22 16
22 7 37
-25 4 85
-50 -23 -35
-41 6 -8
-44 5 13
-29 29 -90
43 29 -78
-43 13 -113
-51 -3 -34
-49 3 33
-48 4 -18
22 7 -70
-32 -17 -113
-48 19 -91
22 24 -84
22 20 -3
-10 28 -90
10 20 -90
-36 6 -64
-21 -24 -16
-27 29 -101
35 29 -22
-51 -10 8
-52 2 -104
44 -3 40
22 14 -21
22 18 60
-30 29 104
21 14 -113
39 29 86
3 20 113
39 -24 105
-52 -13 110
0 9 14
22 24 88
44 -7 -37
44 -1 -22
-5 -24 46
-1 29 104
16 -24 75
-32 -24 -63
-35 -24 42
-11 4 -89
18 -17 -113
-7 -15 113
-2 0 113
35 12 -113
-6 7 -113
-26 10 -113
-18 -24 54
-20 13 91
-43 -24 88
12 -24 104
-34 29 -113
14 6 66
-51 3 -48
-33 26 113
20 -24 12
-15 10 -11
-31 -24 -89
-5 9 -24
14 5 1
-43 5 63
-52 21 -105
23 -24 109
0 9 2
19 -24 -90
-31 29 92
-51 -18 49
12 10 91
36 -24 -33
5 21 -113
-10 -24 84
-11 -24 12
-39 -1 -113
44 -20 48
-20 0 -113
44 3 102
31 29 -49
44 10 18
44 17 110
9 -24 32
23 -24 -34
-25 -24 105
-51 2 76
34 -24 19
-43 -24 63
35 -24 69
4 29 112
23 -24 49
17 29 -90
-50 4 -74
-51 -5 48
44 3 34
44 20 40
-7 -24 37
3 -24 3
9 -24 -84
44 5 60
-27 -24 81
-25 -24 -50
-27 10 18
22 13 -84
44 -13 -104
-51 -16 91
-52 21 104
-38 4 -84
8 6 -36
21 29 -42
33 -15 -113
-51 -5 -11
-51 -21 75
-13 10 54
-45 5 -32
-49 20 91
-7 5 -74
22 8 -28
-7 10 91
-13 4 82
-18 29 105
7 -22 113
-51 -13 -48
-32 -24 -46
35 29 -95
44 3 -7
-1 -24 -65
15 -10 113
5 -24 14
22 13 -37
-5 -24 -9
44 18 -32
44 -17 -55
34 -24 -47
34 29 -67
44 -17 14
-10 -24 -80
19 -24 28
36 29 35
22 29 43
5 6 -74
-43 29 -93
-44 29 95
39 29 -57
8 -24 -104
43 29 50
44 -18 60
22 27 32
41 -24 -111
-36 7 -45
-52 12 -91
-21 7 -62
-27 10 -91
44 -23 -28
14 5 -44
39 -24 33
21 29 -59
-9 29 -112
-31 9 5
-1 9 -7
15 5 -62
36 29 110
11 7 42
28 -24 -77
22 12 44
44 -12 96
43 29 -112
-22 -24 45
-42 -24 -16
-22 -24 25
44 7 -27
-2 -24 58
0 -24 -16
44 -7 -5
-1 -1 -113
-16 -24 69
-2 18 91
4 -24 -90
22 20 27
-41 -24 35
-46 8 113
-52 -6 106
10 29 106
-46 -24 105
-44 -24 -106
43 -24 -9
12 6 51
21 -24 61
-2 29 -90
-52 9 93
-28 -24 -82
-22 4 -82
44 13 46
-51 -6 17
-5 -24 18
-33 -24 -28
44 23 102
-12 -24 -42
44 -10 -74
44 -3 8
22 10 88
19 2 113
44 13 -92
-25 -24 2
30 29 -28
-20 -5 113
-35 -24 95
-34 17 91
25 -24 -98
-28 23 -113
-20 21 91
-28 -24 -18
44 23 -97
28 -24 37
-36 29 99
30 29 56
-33 -24 14
-44 29 113
12 -3 -113
-47 -3 113
-51 -18 27
-11 9 -41
43 -7 -113
24 29 -69
-47 -16 -113
-3 8 -46
44 -10 109
17 -23 91
23 -23 -113
-15 11 3
4 -17 -113
22 24 -14
39 -24 -72
-44 -24 -41
44 13 -108
-51 -16 -85
15 4 81
-52 24 -97
-51 1 3
-25 10 -11
38 29 -43
-26 9 63
44 -23 -2
-41 -24 20
4 6 -63
44 -2 19
26 -1 -113
38 -13 113
44 7 2
44 5 -79
-12 -11 -113
-28 -7 -113
-5 -24 65
30 29 23
-15 29 -98
29 21 113
-20 -24 -106
-31 -24 -106
44 -21 97
34 29 43
-21 -24 -69
-51 -15 -41
-8 -24 105
-51 -11 -64
-22 -16 -113
-36 -24 71
29 -24 79
44 3 -53
-35 8 -113
-31 8 56
-51 -5 -77
-51 -5 64
44 29 68
-51 -17 -21
-22 -22 113
36 -24 -88
44 -23 -80
-12 11 25
-43 6 -53
-46 5 -63
44 -5 -82
-18 5 -71
44 12 30
44 -7 -29
44 9 95
-23 9 113
-42 -24 -55
22 8 18
3 -24 44
44 24 24
-52 -2 -111
-37 -24 -75
31 29 -6
44 -3 49
44 -11 40
-2 13 -91
-43 5 70
-52 -23 -105
-29 8 -27
-51 3 -41
-47 -24 -68
8 29 91
-6 10 32
-48 -24 8
-30 5 80
-51 -15 83
34 -24 51
-20 15 -91
-28 -24 60
-16 -24 -58
-37 -5 113
-51 -3 -60
44 -16 22
44 -3 -67
44 -1 64
44 -3 86
-51 -16 12
-51 -7 38
44 10 106
-8 14 -113
44 5 42
35 -24 61
44 -15 66
22 20 81
44 -12 -14
44 21 -49
-52 -17 104
-43 29 -106
44 4 -39
9 -24 -1
-28 -24 -34
20 29 -99
43 -24 -48
44 -1 109
15 5 -23
44 -7 79
5 4 -87
26 29 -87
0 8 -19
44 25 -32
38 29 15
-51 -20 60
-12 21 -91
-17 28 -113
-50 -23 -1
-51 -22 -8
-43 5 82
20 29 110
44 25 -16
24 29 2
22 8 -12
6 7 15
-3 23 -113
-51 -6 25
-44 -24 -82
-2 8 -31
-12 9 66
21 28 16
-52 -23 93
3 7 -53
-52 21 111
44 23 63
22 21 -48
44 -8 -99
-52 7 105
-25 8 91
4 -24 -70
-52 -6 95
44 15 54
12 -24 80
22 12 12
35 -24 3
-36 -24 -2
3 -24 -79
44 21 2
13 8 -113
22 23 -72
44 15 -67
-25 -24 12
-37 5 -91
-36 8 39
-52 -2 -91
-20 -24 97
44 24 78
-44 6 -24
4 24 -91
-52 14 106
-5 -24 99
-7 4 -83
11 6 25
22 8 50
-46 -8 -113
-26 -24 -94
-7 8 70
3 8 54
-26 10 2
-38 7 5
25 -18 113
44 -18 -23
44 24 -106
22 29 59
-44 5 51
-14 10 43
-47 4 -90
13 5 -11
1 8 62
-19 11 38
13 5 -51
-28 7 -62
24 -24 -19
-52 8 -109
-41 -24 56
-33 -24 88
18 -24 -99
21 29 96
10 -24 53
-51 -11 -27
13 -24 17
44 -6 94
43 29 33
-8 -24 29
-5 29 -105
44 -2 74
-11 -24 4
39 -24 -94
44 -16 -68
22 23 -55
31 -24 102
30 -24 -83
-51 -10 -72
44 -20 84
44 -16 -42
15 -24 -38
22 15 -46
-28 -24 -57
-28 -24 28
-51 -16 -54
-18 -24 84
44 7 -94
44 2 -108
14 5 12
24 7 113
-51 -12 2
-32 6 -70
-6 -6 -113
29 29 -80
44 17 15
0 -24 70
44 -16 -88
44 23 -79
18 -24 -75
-15 -24 -85
-16 10 -27
22 23 -32
-18 9 -36
-51 -3 56
43 -24 28
-24 8 -45
-27 9 50
-13 -17 113
39 29 0
21 4 -64
-50 3 15
-12 29 111
21 4 68
7 5 91
-45 5 39
-39 7 -38
-51 -21 -29
44 23 -65
-51 3 -34
-53 28 -103
16 5 60
-36 5 83
20 4 30
-6 10 39
9 -24 97
-51 3 -65
-27 8 70
23 -24 78
40 -24 44
-51 -23 41
5 8 40
43 29 106
-31 7 -50
-42 17 -91
12 -24 -23
-2 -24 -92
-20 8 72
44 19 -6
44 19 -90
-8 2 113
29 -5 113
18 -5 -113
-35 3 113
-27 -11 113
35 2 -113
44 15 68
38 29 92
-21 29 -100
5 29 -106
16 -24 -58
10 -24 38
-44 -24 -32
35 -24 89
33 -24 -55
44 -16 35
38 -24 -60
25 -24 -48
44 17 -39
-47 -24 22
23 20 -113
-22 -24 71
-43 -24 49
-31 8 -21
25 -24 97
-22 20 113
36 20 -113
-52 23 97
-16 -24 -5
4 10 -113
44 7 -47
44 -8 2
-3 -24 4
2 -24 -105
44 7 76
