149 138 171
83 119 32
102 119 250
163 135 79
61 129 102
163 137 235
120 118 121
103 118 194
139 121 32
108 132 74
162 137 125
105 131 155
140 118 208
61 131 62
148 150 50
138 113 90
136 120 250
149 150 202
133 113 156
111 137 39
92 118 101
112 132 222
160 113 54
144 148 101
163 119 151
139 144 143
121 113 54
162 118 189
163 119 103
127 132 188
87 118 59
137 132 70
163 135 32
79 132 82
121 132 97
139 141 225
154 113 232
145 118 127
123 113 232
162 130 209
103 130 131
88 137 46
116 118 173
70 113 90
141 118 177
113 113 89
163 135 56
138 140 121
146 150 80
130 131 49
102 118 44
67 119 46
123 113 197
126 132 159
163 119 250
94 118 81
148 130 92
151 118 74
123 132 137
119 119 32
149 137 250
147 132 190
104 131 110
59 128 81
123 118 74
160 137 145
127 132 208
135 118 110
102 119 213
107 113 157
140 113 55
162 137 105
105 113 232
105 131 181
163 119 123
159 121 169
100 132 92
103 132 56
150 149 157
144 149 184
148 128 47
79 131 100
149 127 221
158 118 32
126 130 233
112 118 141
110 132 202
149 130 155
70 118 71
129 135 32
150 149 129
163 135 184
134 118 140
121 132 63
96 130 32
120 118 248
149 129 111
151 142 65
146 137 32
108 118 64
120 118 214
105 114 114
91 132 68
148 132 134
156 113 89
133 132 87
149 113 157
142 122 235
79 132 57
150 149 218
134 132 174
121 132 113
115 118 104
163 120 221
162 135 160
150 113 198
138 140 201
103 128 233
163 123 67
102 121 169
152 113 114
135 131 102
149 128 62
115 124 46
139 139 161
82 123 46
129 118 43
120 118 154
135 118 190
146 118 100
148 118 141
151 143 115
133 118 222
139 140 58
83 136 32
149 149 232
118 132 83
148 130 204
163 125 136
149 135 235
112 131 167
162 137 221
72 119 102
163 121 80
130 118 169
163 135 250
138 118 70
84 113 89
160 137 197
124 118 94
149 134 76
135 132 149
150 121 248
153 118 212
70 132 71
76 113 54
110 118 77
67 131 50
151 144 91
108 118 127
115 118 188
163 135 92
132 118 127
62 118 58
151 148 142
112 132 145
135 132 133
116 132 125
156 137 43
144 149 171
102 118 92
69 132 91
60 120 93
132 132 220
99 113 55
114 121 237
107 121 32
140 146 212
82 118 77
160 121 201
163 120 45
104 131 213
102 123 146
152 121 183
94 132 81
104 118 181
114 118 225
139 141 93
129 121 240
151 138 54
163 119 238
138 139 185
152 137 215
141 137 44
91 131 100
112 118 205
163 135 172
115 132 188
148 134 122
129 118 62
96 118 68
139 144 131
126 118 183
139 141 81
150 137 103
59 122 70
147 118 40
149 125 172
126 132 74
135 113 232
141 118 164
141 146 69
151 143 193
133 118 81
123 118 136
93 127 46
122 135 41
118 132 177
121 132 199
102 130 191
102 135 45
150 118 56
102 124 118
102 125 222
149 140 149
138 134 210
114 132 53
133 132 112
140 145 111
134 128 39
102 121 106
158 133 68
90 132 56
142 118 151
124 118 110
123 132 148
110 113 54
150 121 86
134 118 99
129 118 209
115 132 212
86 132 91
149 129 145
154 121 130
115 131 233
66 118 82
159 121 113
81 118 98
144 118 225
153 135 181
118 136 32
102 125 205
144 149 59
157 135 115
140 113 198
108 131 98
139 132 232
79 118 65
151 146 178
142 148 195
142 113 116
121 118 85
111 118 164
102 119 135
150 122 193
156 121 159
135 132 195
132 132 123
140 147 153
149 140 226
152 137 161
102 119 239
140 141 175
97 118 33
154 121 95
163 119 211
144 149 119
163 120 90
129 118 32
115 132 158
133 132 58
150 140 206
81 132 73
162 121 178
103 130 166
163 135 135
156 135 243
156 137 85
102 122 159
105 135 32
92 118 51
117 118 63
129 118 148
153 118 149
121 118 165
102 132 65
110 132 88
122 132 221
61 119 102
60 125 47
151 121 237
154 118 64
68 132 81
130 118 52
112 113 197
153 118 222
151 121 118
75 130 46
60 130 91
115 131 106
110 132 117
75 118 83
152 121 107
94 113 90
115 113 114
159 121 230
129 113 116
144 113 234
126 131 105
150 141 135
154 121 49
147 113 91
94 137 38
110 118 40
111 132 65
111 118 151
160 113 157
139 121 43
136 131 164
151 118 166
67 113 53
162 121 58
158 118 139
141 137 104
150 146 166
141 144 50
123 131 167
91 121 39
154 135 34
138 118 242
152 147 73
144 149 137
139 133 51
123 118 225
121 121 40
150 121 32
156 135 97
110 118 95
142 148 163
160 113 197
70 130 102
114 113 232
106 127 46
152 121 203
110 132 136
153 118 175
149 129 213
148 129 101
142 148 221
142 118 63
111 118 250
156 135 190
85 125 102
128 118 160
142 118 82
158 137 206
151 148 107
138 134 32
149 127 231
130 118 197
69 132 59
122 131 50
122 123 234
143 148 89
72 118 58
149 127 70
133 137 39
103 118 82
145 118 187
102 118 74
128 118 249
133 118 178
140 118 134
111 118 213
124 118 175
116 132 73
149 142 46
76 132 65
134 132 79
158 135 153
104 131 143
129 113 89
122 118 203
61 131 70
163 135 47
148 131 165
99 132 74
158 137 228
99 131 100
156 118 40
150 141 125
141 147 203
147 150 149
151 142 80
156 137 61
147 150 211
84 131 50
138 137 218
133 132 182
156 135 129
143 141 232
83 118 52
154 135 140
59 127 55
159 118 74
104 132 81
129 132 65
136 118 215
126 132 91
151 149 97
162 137 213
137 136 141
134 124 234
110 118 118
163 119 161
102 123 187
88 118 93
106 118 220
141 113 157
138 133 93
67 118 95
157 135 167
145 118 201
157 118 245
149 140 185
152 137 197
138 140 65
106 131 124
152 145 58
115 118 51
133 132 228
130 118 231
102 119 227
138 118 122
156 125 209
66 118 65
91 118 74
127 118 218
87 132 77
149 128 184
126 132 128
133 132 203
96 132 61
103 118 202
152 125 136
98 129 40
111 132 175
126 124 46
109 118 110
105 131 226
97 132 50
102 127 173
148 130 55
123 118 191
114 135 46
76 118 49
145 118 47
112 118 70
115 118 134
130 132 140
163 121 37
122 118 128
108 118 49
149 124 161
138 141 193
149 125 128
141 138 168
74 118 93
153 137 71
160 113 116
147 135 40
138 139 152
150 149 187
138 139 74
125 113 156
150 149 66
163 135 39
84 118 40
152 148 85
156 121 80
143 149 127
157 121 194
148 129 85
102 123 127
148 131 177
163 136 118
146 118 213
122 118 143
162 137 243
137 133 118
124 132 121
97 118 61
145 118 240
120 132 206
126 118 101
60 119 77
130 132 96
126 132 178
140 128 46
84 135 40
115 113 156
151 147 225
153 135 222
93 132 92
156 135 122
87 118 67
129 118 69
109 118 242
108 118 188
117 118 94
76 132 91
106 113 89
143 149 228
110 118 85
111 118 181
126 132 83
90 113 55
149 127 77
122 132 214
145 150 112
157 121 87
91 137 32
107 122 235
121 113 90
156 135 106
104 118 151
121 121 240
60 120 85
163 121 143
149 137 243
127 118 121
116 118 197
117 118 77
138 118 170
145 118 70
108 118 175
162 118 133
140 118 143
104 131 199
138 134 126
60 119 51
109 132 193
162 137 65
124 132 57
116 132 92
103 137 38
111 132 152
133 125 45
86 132 62
159 137 178
116 132 133
154 135 147
160 137 73
148 150 194
109 132 161
150 142 157
157 118 119
96 118 95
141 147 178
103 118 57
102 125 136
162 135 191
64 131 95
146 113 53
108 132 50
150 138 94
149 123 154
153 133 209
78 118 73
105 113 198
134 118 205
141 118 95
90 118 86
128 132 199
149 124 95
110 132 129
105 118 142
118 118 230
149 127 199
90 121 32
135 137 46
138 135 110
142 118 111
138 118 230
138 137 87
154 124 68
147 133 228
150 118 231
88 118 45
150 134 61
123 118 58
156 121 57
67 124 102
95 134 44
156 135 236
98 124 102
138 118 49
138 134 157
157 137 249
122 113 116
138 118 158
143 118 89
147 133 149
79 118 57
150 144 101
150 150 118
66 117 89
78 113 90
135 113 115
134 118 91
158 137 52
147 133 218
150 142 220
124 118 49
59 123 62
137 138 134
156 118 188
82 118 86
151 135 46
96 124 35
102 121 38
154 121 143
149 133 69
114 121 35
150 138 111
163 135 99
99 124 45
135 126 32
135 118 56
126 137 37
143 149 145
116 118 111
67 132 66
118 131 163
108 118 101
102 125 181
129 118 134
151 118 135
117 132 140
109 118 199
88 132 85
112 132 182
120 132 227
135 132 188
59 124 98
110 132 216
133 118 117
115 132 195
149 139 141
111 118 58
158 129 136
163 120 195
112 135 33
154 113 53
139 144 218
99 137 32
140 146 188
162 137 166
160 115 233
144 121 250
128 135 44
162 118 52
157 118 104
126 118 236
134 118 236
102 119 121
104 131 206
149 122 65
151 121 218
110 118 157
141 147 83
103 130 116
102 129 151
152 121 124
149 140 177
109 129 234
162 118 97
145 149 95
163 135 112
163 136 86
138 135 225
84 132 96
102 125 213
148 118 94
149 128 122
149 134 128
117 118 182
116 118 88
156 135 173
141 118 76
136 118 64
102 122 112
136 118 149
91 124 102
127 118 86
78 121 102
157 137 91
102 118 67
144 118 193
73 118 64
147 118 178
145 118 219
96 118 45
129 113 55
109 118 135
129 132 146
118 132 119
150 144 172
117 132 149
158 121 218
149 124 55
147 133 197
141 141 99
90 131 49
130 132 214
117 130 46
140 137 38
144 118 57
115 132 59
72 132 54
99 118 52
139 144 124
103 131 219
150 134 82
163 119 109
151 144 200
150 150 91
144 150 157
148 118 114
142 143 166
137 133 41
109 132 209
163 135 203
150 149 136
63 131 77
146 149 74
139 118 221
111 132 111
145 118 172
151 147 123
150 139 87
122 118 67
115 118 44
134 118 75
114 118 219
144 118 158
152 135 153
129 118 191
129 131 167
139 144 137
128 118 140
136 118 183
115 132 79
120 118 220
116 118 125
121 118 105
124 121 35
134 118 39
133 118 245
75 132 77
82 132 67
106 132 62
138 118 86
111 118 193
139 118 105
108 118 208
122 132 79
163 129 67
158 118 154
129 132 154
63 131 55
160 118 64
118 132 183
69 128 46
142 121 38
162 124 207
140 145 63
129 118 154
114 131 98
152 121 101
156 135 76
158 121 125
59 125 75
132 131 106
140 138 50
147 133 115
148 140 166
151 147 207
106 132 93
149 123 212
162 118 244
82 113 54
138 133 178
149 124 179
61 119 46
141 146 75
152 148 79
70 131 97
153 130 66
139 132 169
136 118 198
151 121 44
156 135 201
106 135 41
162 135 149
77 132 52
152 118 90
124 118 244
152 118 155
151 145 149
148 134 98
150 121 79
163 135 227
96 118 89
62 131 47
129 113 234
158 137 136
148 150 163
129 118 113
155 120 250
98 119 102
117 137 40
142 118 118
134 113 198
137 123 37
152 118 242
157 118 164
114 121 243
154 118 112
102 119 234
157 137 185
157 137 158
151 137 191
148 134 183
120 118 236
117 118 56
141 146 55
121 131 108
139 135 173
126 130 46
137 138 207
88 137 37
102 127 105
151 143 51
150 143 230
98 134 37
108 121 246
146 150 106
149 127 190
146 150 179
147 118 107
108 118 90
162 118 173
146 118 235
147 133 160
138 139 146
104 118 163
102 123 196
158 121 149
111 130 46
110 113 116
138 140 127
118 131 170
116 118 158
163 121 156
150 122 224
105 131 103
146 150 86
157 121 206
149 139 117
73 118 79
149 124 104
80 118 91
156 137 211
116 118 148
149 150 61
147 132 140
129 121 38
106 131 188
121 132 70
85 118 71
158 118 225
106 132 148
144 149 190
114 118 169
117 118 209
126 118 79
146 118 133
120 129 234
72 132 86
102 121 207
134 118 131
128 132 79
156 118 179
144 149 200
147 150 224
121 132 130
130 132 71
162 121 118
128 132 133
127 132 116
97 132 86
120 132 154
149 123 113
72 118 51
81 132 88
109 132 56
117 132 219
134 133 37
100 113 90
158 123 136
151 127 207
103 132 87
158 118 91
154 113 156
104 131 171
153 118 199
102 123 152
163 120 184
163 120 32
102 119 174
149 127 149
138 135 82
138 135 59
139 142 181
60 130 97
139 143 157
153 137 65
121 118 114
150 142 145
74 122 46
150 142 106
145 128 234
127 131 172
102 119 129
163 119 70
145 149 65
139 142 116
96 124 41
110 118 234
162 118 206
102 124 165
128 132 110
125 118 197
146 132 169
133 132 209
138 118 114
64 131 85
149 139 211
137 133 201
66 118 52
154 131 134
135 132 143
108 118 54
86 130 102
151 142 73
145 146 46
101 130 46
102 119 32
129 118 105
142 145 105
123 118 211
121 118 45
158 121 52
99 118 79
67 118 75
147 132 209
102 128 122
134 118 165
109 118 146
87 121 102
121 118 185
122 118 179
102 121 219
92 118 64
141 118 245
111 118 130
114 118 81
98 137 41
126 132 142
144 124 46
135 132 216
159 137 81
150 140 59
158 137 100
158 118 46
124 137 32
120 135 37
162 121 128
159 118 83
72 118 87
151 145 215
150 135 107
156 135 218
145 150 55
153 135 88
145 119 32
151 137 231
153 118 83
75 131 96
153 137 133
158 137 239
151 118 51
160 135 140
153 121 37
91 135 40
106 118 230
66 131 101
139 134 98
103 118 244
106 132 139
139 143 149
163 119 137
137 132 47
