36 18 90
-44 -22 -118
30 33 -34
-44 -22 26
-43 -20 119
35 13 -118
-42 3 -46
29 -15 23
16 -23 -66
-4 -23 73
18 36 40
-5 -23 -16
22 -22 118
-11 15 105
-13 15 -107
-44 2 70
20 36 -79
10 -23 -111
-26 -23 -78
-9 1 35
13 18 1
30 -10 -30
-39 3 -5
31 -7 62
-4 1 -44
34 7 -62
-44 14 115
-45 2 -92
21 12 119
-9 -23 107
8 4 -85
13 20 68
-40 -23 -26
-14 -23 16
-29 -23 53
37 23 20
-37 -23 87
27 -22 88
10 -23 47
-38 3 40
-42 15 -118
22 -23 -5
-20 -23 -49
-16 -14 -119
-17 2 79
19 36 104
37 19 53
29 -15 -90
-11 0 0
-22 2 -66
14 25 -55
20 33 -107
36 16 -91
11 15 -26
8 3 88
35 12 -14
8 -23 -39
-45 -21 -59
9 6 -119
-43 -23 0
30 -38 -102
-1 -23 -86
-22 2 -26
11 15 26
1 -3 119
-1 1 60
-25 -1 119
-34 15 92
-43 -38 -100
28 34 -8
-26 2 18
31 -4 105
30 -10 -118
-45 -5 100
33 1 6
9 -23 14
18 35 17
-22 -28 -102
34 5 35
23 35 81
35 11 -39
-44 -38 103
-20 2 -90
-11 -23 39
8 3 -62
-44 2 -70
28 -21 -48
-26 2 59
17 -23 69
-45 -21 68
-45 -19 -87
-45 -2 -25
30 -38 102
-5 -23 -65
11 16 47
6 -23 92
-24 -23 -7
7 1 12
32 -3 85
-45 -3 16
26 34 61
-21 -23 -29
37 24 -72
3 0 -16
-26 3 -119
12 16 -100
13 21 92
30 -11 -70
28 -18 43
-45 -13 51
-2 1 -101
-45 -3 -113
-27 -26 103
18 -23 -23
33 25 -53
36 15 72
-22 -23 75
13 20 -75
34 24 107
16 32 -22
4 -21 119
-45 -15 -42
2 14 119
-27 -23 34
32 -2 -102
1 -10 -119
31 -8 -10
31 -4 -49
35 24 36
37 21 0
-7 -23 56
-22 -18 119
-31 -23 13
7 1 39
14 -23 -94
10 10 -43
-25 2 -48
19 -5 119
-4 -23 1
-42 -3 119
28 -21 -105
33 3 -81
30 33 -94
-8 1 18
-3 -28 -102
10 10 105
-5 1 -72
-45 -21 101
-8 4 -119
-30 13 -107
-14 -23 91
14 26 -38
4 -23 31
-25 15 113
-45 -10 81
24 35 -62
-18 12 91
34 24 -107
-45 -14 -13
33 3 51
29 -15 6
17 -27 103
-37 -23 -104
-1 1 77
30 32 94
20 36 -47
-8 -23 -36
37 23 -24
-25 2 -10
-33 3 83
-34 4 105
-33 3 -82
-45 -14 -72
30 33 9
33 3 118
17 32 2
-27 -23 -117
-21 2 -105
27 -22 59
-13 8 119
-45 -8 35
16 30 -92
-8 1 -29
19 -23 31
15 28 55
-1 14 94
-24 -23 -64
-40 3 55
-24 2 43
9 3 -3
34 10 101
34 9 21
21 15 -117
-16 -23 -90
26 -23 -78
27 34 29
-27 2 4
-40 -23 42
29 -17 76
19 21 107
1 15 -112
-4 -23 -115
8 -23 -55
-31 -23 -42
-9 1 91
-34 3 -34
-31 -23 -91
8 -23 -10
28 -18 102
16 -12 -119
-13 1 52
-13 2 -56
-9 -12 119
13 22 -13
15 28 29
9 6 68
-45 -5 -59
-39 3 26
30 31 48
13 22 14
33 2 -23
27 -22 -34
-45 -7 3
3 1 26
-44 8 -107
-12 -23 -77
-33 -9 -119
-34 3 -60
-44 9 99
35 11 -104
-12 1 -13
6 0 -35
5 -23 -26
-14 2 66
11 12 79
8 -23 79
-7 1 -85
22 1 -119
-45 -11 -98
-7 -23 -49
-44 -22 13
-45 1 88
-35 -23 -13
-34 3 -20
17 33 69
5 -23 61
8 4 52
23 -22 -118
31 26 77
-22 15 -118
-45 -5 -81
-34 8 119
10 11 -14
5 -23 105
-33 2 -101
31 -8 34
37 23 -42
34 15 115
-37 -23 -69
32 -3 18
33 5 65
9 -23 -79
-17 -23 49
14 25 81
12 16 -87
33 2 -113
30 -11 117
28 -20 -16
15 30 -69
27 -22 -64
-7 -23 25
35 25 -12
-16 -23 -111
-21 2 31
-31 -23 -55
-14 -23 66
36 15 10
-25 17 101
11 15 -64
18 35 91
7 1 -49
9 4 -104
32 -1 -38
35 13 -51
-16 -23 3
-45 -14 92
-20 2 -78
-42 -23 56
33 4 -5
-27 3 73
19 -23 9
-45 -5 -36
36 14 43
34 10 82
35 13 -74
33 25 65
-45 -10 68
-38 3 7
31 26 -85
23 20 -107
-37 -23 109
-1 1 -57
9 7 -73
33 4 -92
10 11 13
-37 17 103
-18 -23 27
12 6 119
13 -14 119
-17 -23 -16
35 13 -26
-3 -23 14
-45 -14 -109
-4 -23 96
0 -23 43
18 36 -12
30 33 -19
30 -12 -42
-34 -23 65
-34 -11 119
33 1 95
-27 4 92
8 3 -25
17 -23 -47
-44 -22 78
12 19 36
18 36 -36
30 33 -72
-45 4 109
-45 -10 111
21 -23 49
-25 -23 86
-12 -23 -100
-39 4 -119
30 -10 52
30 -12 -57
0 1 47
11 12 59
31 -5 73
-7 -23 117
-45 -3 46
17 -28 -102
-9 15 -118
36 18 -64
0 14 105
-45 -10 25
16 -23 87
-30 -23 3
-33 -23 25
-33 3 -70
-18 -23 -39
16 -23 59
10 -23 4
-14 -3 119
-13 -23 81
21 -23 21
-14 -23 -59
15 26 44
-45 -13 -25
-14 2 -46
-16 2 9
-35 3 64
30 -10 -81
12 15 -112
11 15 -53
-16 -27 100
30 -11 -107
-45 -1 -13
15 28 -82
25 -23 -95
0 0 2
30 -12 88
13 -23 113
-39 -23 -79
-13 1 -98
27 -28 100
32 -1 -69
-45 -7 -48
-19 2 -36
30 33 -104
-27 -23 -20
30 32 -46
-40 -23 -49
29 33 105
-31 -22 118
29 28 0
7 1 -95
19 36 51
31 -4 43
-4 8 -107
-43 -23 -96
-12 -23 -25
5 -23 -70
12 -23 25
-33 -23 78
5 -19 -119
-20 -5 -119
30 33 39
28 34 70
3 -23 -95
-45 -2 -102
-17 2 22
29 33 19
15 29 99
31 -5 -92
9 6 31
28 -18 33
17 34 -56
-45 1 34
11 12 90
36 24 97
31 -4 -1
15 24 -105
-7 15 115
2 0 -79
-35 -23 99
35 24 10
35 10 3
-4 -23 83
-26 -23 44
19 -23 78
-24 -23 64
14 24 -26
-11 16 96
-35 3 -91
-39 -23 -36
13 -23 -31
10 -5 -119
12 -23 36
-44 -12 -118
-31 15 -116
-45 -5 60
36 18 -82
-45 -13 14
35 25 -95
-43 17 95
26 15 109
-3 1 10
-24 -23 95
-30 -23 -30
17 -23 -57
-9 -7 -119
-4 7 119
-22 -23 9
-12 1 -65
28 -19 -25
30 -10 -20
-43 6 119
23 35 -89
28 -21 13
32 25 87
36 17 31
27 -22 68
8 2 75
-36 4 92
-3 -23 -77
0 5 92
-22 8 119
-34 3 -51
21 -23 40
-14 -23 -68
33 2 -14
10 -5 119
30 27 -65
-38 3 16
34 7 111
29 -16 -3
10 9 -94
12 15 118
15 29 -7
-44 -22 -16
19 36 30
34 5 74
27 -22 111
-12 3 -107
9 8 -33
-18 2 89
21 36 9
37 20 79
-35 15 113
-43 -29 -103
31 26 29
33 3 -46
-45 -13 -62
9 -25 -101
28 34 -55
35 11 56
8 4 21
31 15 -111
-25 -23 -108
17 -23 -83
3 -23 -107
-37 3 75
4 -23 -3
0 1 -119
-8 -23 -7
1 10 -119
-30 3 51
37 23 -33
16 -23 -14
-37 -23 33
4 -23 -47
-31 3 30
-20 1 -1
-25 2 -98
-44 -22 92
-21 -23 108
7 1 60
28 -30 -103
6 15 98
12 19 -44
36 18 62
-44 -22 -109
-11 1 -38
-1 -28 102
19 -23 96
-45 -15 40
0 1 -89
-43 2 -33
-45 -1 78
-43 -29 100
33 2 -56
-12 -21 -119
-37 -18 -119
-45 -6 -68
11 16 -36
11 12 -79
-4 1 -21
28 34 -82
-14 -23 113
22 35 -71
19 36 -99
-3 1 -9
-45 -19 111
-42 3 -85
10 10 2
32 25 56
4 -23 52
-39 15 -107
-45 -6 -7
0 -23 -59
-26 -23 19
18 -23 -38
-8 1 82
3 0 -69
-9 1 73
-16 15 112
-20 2 -17
19 -23 -111
-45 -18 -31
12 16 -8
37 23 46
-20 -10 119
-18 6 -119
-17 -23 59
4 -11 119
3 -23 -18
-7 1 27
-8 -23 47
-26 2 -57
30 -12 14
-45 -15 5
32 -1 30
22 36 -27
13 21 -95
13 -21 -119
-25 -15 -119
29 33 86
17 8 -119
30 27 -28
27 -22 -87
15 28 64
-10 9 91
-45 -15 -53
-7 -15 -119
30 -12 69
-44 2 2
0 1 36
-45 -13 101
15 29 37
13 21 101
25 2 119
27 11 -119
-43 2 -56
-27 -23 -99
30 -12 109
25 34 1
-45 -21 -8
9 -23 70
-3 -23 65
-18 -23 42
-14 2 44
1 -23 23
-4 -23 33
0 -23 -35
-3 -23 -27
-8 -23 -91
29 -14 -98
34 7 13
27 -22 26
-7 -5 119
25 -23 -56
9 -28 101
-44 -11 118
-3 1 68
0 1 85
-45 -13 60
0 1 -30
22 29 107
30 -11 99
34 6 -33
14 15 109
-26 15 93
35 10 29
33 5 43
-42 11 91
9 6 -55
-44 -22 49
13 23 -66
18 36 59
29 -14 -49
37 19 -100
9 8 40
32 -3 113
21 -14 119
5 11 -107
15 28 21
-22 13 -107
34 10 90
-44 -22 34
28 -18 51
-31 -23 -62
-45 -15 -3
-16 -23 -7
9 -23 -87
-17 16 101
-44 -22 -66
-45 8 -115
27 -22 4
-37 -23 -112
-26 2 -38
24 35 98
31 -6 -64
16 33 78
15 26 8
30 -10 81
32 -3 -85
32 -2 -30
35 10 -85
-44 14 107
36 17 103
36 17 -20
-13 2 -21
16 31 -49
-22 -23 -85
-39 -5 -119
-14 -23 -33
6 -23 -62
-8 -23 8
0 -23 -9
-45 -7 -91
-22 2 65
-33 -23 40
-35 1 119
-33 -1 -119
-27 3 36
25 35 -40
31 -6 6
-7 1 -94
19 36 -4
8 13 -119
-8 -23 -107
-39 3 -26
4 7 119
-45 2 10
-44 2 62
-45 2 21
-35 3 -42
29 -17 -74
13 21 53
-39 3 -106
36 16 -5
31 -4 -76
-45 -6 87
4 0 -43
25 -15 -119
37 23 -88
0 -23 111
-40 3 -77
-19 2 58
31 26 -21
24 35 44
21 -7 -119
14 -23 -74
-31 -23 -83
34 6 -70
17 -23 0
10 -23 -20
-26 -23 -36
-13 -23 -44
12 16 -18
-8 1 -51
-44 -22 -43
16 29 -14
12 16 18
12 19 86
22 36 23
-40 -23 19
-17 8 -107
22 36 -19
32 0 57
31 -6 25
13 21 25
16 29 87
30 27 101
-19 15 118
30 27 -101
-45 -20 -76
-24 2 85
-19 2 72
30 27 42
-1 -16 119
-9 -26 100
-45 -16 73
-31 15 107
-31 2 -2
-20 2 49
21 -23 108
6 15 108
-39 3 -14
28 -19 117
3 0 53
31 -3 -118
-27 -23 111
36 15 -57
-29 2 10
30 28 -39
-16 -23 34
-21 -23 -70
-5 15 -109
26 34 53
3 -23 86
-38 -23 -20
-25 -23 -44
-12 -23 73
-37 -23 5
-7 -23 90
12 19 77
-11 1 59
-27 2 -91
-8 1 47
-12 1 -74
-38 3 48
32 -2 -8
37 23 27
29 33 -26
-45 -7 74
16 30 -33
29 -15 62
29 -15 -35
-31 3 -13
-29 14 119
30 11 119
-45 -11 -34
37 19 -48
28 -19 -112
11 13 70
-1 1 21
-45 -11 -83
36 17 -36
36 24 -59
22 -23 -102
-18 15 -112
-33 7 -107
-45 -3 27
16 32 -76
-25 7 -107
-39 3 -99
30 33 79
32 25 -77
18 35 -64
25 -23 -40
31 -6 94
-37 -18 119
14 24 -89
-45 -8 -104
11 12 34
13 21 -32
5 0 -8
-30 -28 -102
15 29 -99
31 -6 -112
30 28 -14
31 -4 -57
-4 -23 -98
33 3 83
4 0 -104
37 21 70
-45 2 -39
-35 -23 -98
8 2 4
24 35 35
29 -16 -83
28 -19 82
10 9 -21
26 -23 -70
-44 15 -112
30 -11 1
31 26 -7
9 5 -10
30 28 16
-45 -21 86
32 6 -119
34 9 -98
13 21 -60
-18 -22 -118
36 15 25
-13 -23 22
-30 -23 -8
-27 -10 119
-26 -6 -119
-45 1 -64
-45 -6 53
-35 -23 72
-45 -3 -74
-38 3 33
-25 -23 -13
16 2 -119
3 -23 74
-45 -2 111
-21 -23 -57
3 -23 4
29 -14 38
34 9 -21
14 -23 -8
34 9 -56
-20 -23 21
-30 -23 -70
-16 -19 119
35 12 37
33 3 101
18 3 119
-9 -23 -85
-8 -23 -56
-5 -23 -43
0 1 -51
16 -23 16
5 -23 38
-33 3 23
15 26 70
-27 3 -31
36 16 4
28 -19 -9
31 -4 -16
32 16 108
-31 9 91
28 -20 20
-4 1 53
9 8 74
9 8 85
27 25 107
12 16 9
-39 3 82
15 26 -44
-17 2 36
4 0 68
-45 2 95
13 21 -82
-21 2 13
32 25 -45
16 31 12
-16 -28 -102
-45 1 103
-45 2 49
-45 -20 -103
-16 2 -83
6 0 47
32 25 22
-16 14 -119
19 15 -111
14 15 -118
14 24 -20
9 8 47
-38 -23 -91
12 -23 105
-45 -3 -43
-11 2 119
9 -23 86
-3 15 -118
-1 -23 -70
-45 2 -109
-17 -23 -96
-24 -23 0
-38 -23 51
-27 -23 69
36 15 17
-37 -23 -59
-30 -23 60
-8 -23 -72
-18 -23 85
10 -23 -47
-45 -15 -92
-18 2 119
-27 3 -18
-14 -1 -119
-30 3 44
-5 1 -78
-31 -23 -48
-20 -23 -78
19 -23 -31
-45 -6 -20
-25 2 -74
21 -23 -62
-21 2 -53
-45 -7 -13
22 35 72
23 -23 -20
-22 15 107
24 35 90
15 26 0
14 22 -5
-21 2 -42
16 27 106
-27 11 -119
9 7 8
26 -23 77
3 1 -22
31 -4 -43
-22 -23 101
-45 -3 39
25 26 -107
-13 1 27
28 -21 96
4 0 17
-44 2 43
26 34 14
-9 -28 -102
11 13 -73
-45 2 -117
-33 18 99
17 34 -85
-39 3 -66
21 15 113
37 23 59
37 19 -29
31 -6 -25
-39 15 118
-38 -27 103
34 5 -107
30 27 -91
30 33 -62
14 -20 119
29 -16 -64
17 34 25
-19 2 -9
6 -23 113
-45 -18 -20
14 -23 -104
3 -23 -115
-5 0 -2
30 28 -59
37 24 -18
11 12 52
27 -22 39
30 31 25
31 -6 13
-42 -23 62
-5 15 102
6 0 31
25 35 -13
35 13 -32
22 -23 64
35 13 95
35 11 -8
10 9 -49
35 13 -66
30 31 65
36 17 -12
26 15 117
30 33 -88
-45 -16 29
36 18 -72
-45 -3 8
21 36 66
6 15 115
36 16 -106
9 6 61
10 -23 98
37 19 38
33 3 23
32 0 38
36 14 51
30 -8 -87
22 35 -53
34 9 48
13 23 31
-4 10 91
13 23 61
9 5 -38
10 8 -5
37 24 -6
33 2 108
-17 2 -29
-45 -10 46
-45 -15 22
4 0 -85
1 1 -37
18 36 -92
12 16 104
13 20 -51
32 -2 -108
17 33 -42
-18 2 -72
4 0 91
-31 -23 -107
32 0 72
32 -1 -62
-23 9 91
12 -23 65
-25 2 -81
4 -23 -77
3 6 -107
-20 2 -61
-8 -23 68
