-26 -31 83
41 26 -114
-54 -30 -44
43 46 10
43 26 113
39 -31 -40
-48 26 -114
44 -29 41
-20 4 16
-4 -31 -100
-47 26 113
21 32 -50
32 -36 105
2 22 69
-31 17 -62
-54 -31 37
-54 -27 -114
-9 -31 -22
43 -20 -89
-4 1 113
44 -2 0
46 39 58
-4 27 -100
-5 -31 43
-57 -1 -9
-55 0 69
43 -2 81
-54 -16 113
9 29 29
9 9 -19
1 -31 -60
43 46 -80
-57 -9 -78
16 -31 8
44 3 -58
-39 -31 2
44 10 34
-22 -2 -114
16 -4 -114
44 28 -23
19 -31 72
6 1 -77
-24 4 52
-30 -31 -77
-26 4 -30
-29 19 85
25 40 86
-54 0 24
-9 -31 112
29 -4 113
8 1 46
-2 10 -49
-55 0 -40
29 -31 -114
12 27 112
-54 -30 68
41 -31 -10
18 29 -80
21 32 -4
44 13 -85
9 4 9
-25 -31 -47
-46 16 -86
-16 27 113
44 -4 -30
-20 6 -86
31 49 36
44 -7 -114
-34 3 113
44 45 -45
-30 -31 54
27 -31 -68
-14 -31 12
-53 0 -114
-27 -31 -113
44 -30 82
-47 -37 98
21 32 53
9 2 84
-54 8 94
26 46 -25
44 23 87
43 -24 16
44 21 9
16 -31 -25
-35 -31 -23
44 14 61
-13 4 -8
9 -31 94
17 -31 33
44 28 -62
-57 -9 47
43 -14 59
-31 -31 29
-3 27 93
17 27 -112
-51 -31 -90
20 -31 -92
-24 21 -114
-54 -15 87
-9 -31 68
-30 -22 113
-51 -31 -67
-11 3 73
-53 8 -64
44 -15 99
-54 -17 -25
-27 27 -93
-54 -17 11
-40 3 6
46 33 34
-4 9 -114
15 -22 113
27 47 -64
43 -20 -59
17 -31 -47
23 39 16
-34 3 32
-3 -14 -114
-10 3 34
44 18 -43
44 8 102
-14 5 -65
17 27 -30
-1 22 48
40 49 -10
-48 26 88
28 48 67
27 -31 53
43 -10 31
-54 -14 -57
-6 -31 -79
-36 3 74
45 43 84
12 17 -62
-3 -31 -40
-39 -14 -114
44 -5 -77
-1 -31 -3
27 27 99
-37 3 -47
-54 -10 -97
34 26 -94
-53 -31 -10
32 9 -114
14 24 83
7 10 29
-21 -31 -5
-21 17 -46
-32 4 -12
-53 8 113
6 1 64
-44 2 53
10 -31 -114
44 9 -17
-10 -31 92
-6 3 -27
0 15 -86
-25 -31 -94
2 -31 23
8 1 -37
45 31 -5
-17 -31 -63
44 5 17
-31 27 103
26 46 -84
9 -31 54
-37 10 -114
-19 -9 113
13 21 11
43 -25 -107
-54 13 -102
-47 -31 19
-41 -37 -104
44 -20 -24
44 -30 -74
14 5 113
44 -2 -94
-44 -31 82
35 -20 113
45 29 -80
-42 2 -25
27 47 1
7 1 -59
27 47 -45
43 -31 59
35 -37 -99
-40 -31 -54
-6 3 53
25 -31 91
25 -31 -7
44 44 -62
44 28 71
-45 2 -78
10 -31 -77
12 18 -45
32 -31 27
21 32 69
44 45 -28
-4 -15 113
-54 -15 62
-4 13 85
44 -19 0
-54 -17 28
34 50 52
43 16 -102
-13 27 -87
-15 -31 31
-55 0 7
14 27 -95
27 -15 -114
26 19 113
10 14 -4
23 36 37
4 -31 79
44 26 49
-12 -31 -114
-21 -31 -32
-47 26 -98
-49 -31 113
-17 11 113
-34 13 -78
43 1 52
44 -11 -47
44 -7 113
14 11 -114
-58 -3 -24
34 -31 7
-54 -5 103
-32 -31 97
34 -31 -85
44 14 -70
-54 -26 52
-21 -17 -114
31 -31 -27
-6 3 9
19 30 -65
44 45 25
44 21 24
11 16 -77
1 26 -114
-16 27 87
-50 -31 -29
2 2 -7
34 -31 71
-31 -31 69
44 44 43
11 -31 -12
-35 26 -107
-24 5 85
-54 -22 99
-54 4 -89
-49 1 38
15 25 42
-12 4 -40
45 31 -37
43 -17 73
44 -11 -13
44 13 -3
22 34 -19
14 22 -15
44 -30 99
43 13 77
-29 -31 12
-3 24 113
43 -10 13
44 11 -30
-54 -15 -3
14 -17 -114
43 1 67
-8 3 -78
5 -31 109
-54 -30 3
-25 4 66
-54 -15 -43
11 27 98
-30 18 113
44 3 -44
-58 -2 84
-42 -9 113
31 49 22
43 21 101
43 -31 113
42 47 71
-50 1 -53
-39 -31 41
-39 -31 -37
-25 4 0
-10 -31 -52
37 11 113
16 -31 -60
-44 -31 -78
8 26 58
-25 -31 42
-54 -22 -79
-35 3 18
36 -31 -58
5 -31 -90
19 -31 103
-58 -4 -65
46 35 17
34 50 83
36 37 -87
1 20 35
-45 5 85
-53 22 102
-19 16 -59
-4 11 65
-2 10 43
9 12 76
10 14 -33
29 -31 39
43 4 -105
-13 -31 -90
-15 -31 57
-40 -29 -114
-54 -24 -100
30 27 87
17 -10 113
-21 -31 109
43 -15 86
-54 14 -114
-14 27 99
-42 -31 57
-54 -15 -112
46 39 -17
26 46 -12
-45 2 -13
43 -11 43
5 -31 67
44 15 -57
43 -17 -73
43 -22 28
-3 2 24
2 -31 11
-30 -31 -63
-11 19 -114
-39 -31 -10
-20 4 -18
-24 4 39
-22 4 -74
-41 13 -68
-3 2 -67
5 26 -86
-14 -31 79
26 -31 -38
-36 26 92
2 -2 -114
-55 0 56
2 -31 -29
23 39 -74
27 20 -114
-58 -6 34
-54 -31 89
20 -31 -105
46 35 -50
24 43 56
-54 -19 41
17 28 19
-26 5 -42
44 20 -13
-19 9 -114
-39 -31 107
43 -2 96
43 -12 -100
7 15 113
44 -30 -95
-19 -31 -80
7 -31 39
-37 6 -86
-42 2 -62
-20 4 28
-54 -20 -67
44 15 46
-55 -11 -16
-56 -10 75
36 50 -55
34 -37 94
-16 -31 -102
20 -31 22
-37 24 -86
30 -4 -114
-15 15 85
-54 -24 79
-21 -31 21
-24 27 -104
-20 -31 -19
43 10 91
6 -31 -49
-40 -31 -93
-3 -31 101
46 36 -72
-58 -8 16
8 1 21
24 -30 113
-54 0 -103
-14 4 62
-48 1 -2
-40 -2 -114
7 -31 -102
-20 -31 98
43 0 41
31 49 -35
-21 18 -86
20 31 7
45 41 1
44 11 -114
44 -22 -45
26 8 113
-42 -31 68
-36 3 63
31 49 11
-41 12 -57
-39 3 43
-52 14 85
6 -10 113
12 19 24
-9 -1 -114
41 -31 -22
22 -31 -78
17 -31 44
0 -26 -114
-20 12 -35
14 23 0
9 6 -47
0 5 74
39 34 86
9 9 -84
7 27 -105
-56 -10 -33
36 -22 -114
-54 -31 -55
35 50 -73
43 -31 2
-9 10 -57
27 27 -103
16 -31 84
44 -6 -64
-37 26 113
43 -20 51
31 -31 -15
11 -31 -38
22 34 -37
23 35 26
-42 2 26
26 34 -87
44 -14 -34
-10 10 -86
-14 4 44
1 27 103
-36 3 -34
45 31 7
-1 -31 -14
-24 26 96
29 -31 -50
4 1 -26
24 43 44
-54 -24 -35
-4 3 -15
-58 -5 -50
42 27 -100
21 32 81
-45 14 113
13 25 71
9 7 56
-31 14 -48
24 43 76
-16 27 -97
-54 -21 -14
35 49 -86
-15 1 113
-20 -20 113
-3 -31 53
36 -31 17
-8 -31 21
44 -26 -33
44 -10 -87
-34 8 85
-29 -31 -13
15 24 -54
-1 4 -86
-3 17 57
35 26 107
44 28 59
-46 2 -37
-54 19 113
44 26 -90
23 39 -62
-3 2 -37
-39 -31 14
44 -20 108
-41 -31 31
30 -31 82
44 -1 -10
-29 -7 113
-10 -31 -32
26 -31 63
5 -20 113
7 -31 2
-11 -31 -4
43 -9 68
43 -1 26
-54 -15 -88
-8 15 113
44 -2 -20
-1 -31 -70
-13 -12 -114
-39 -31 -68
-21 -31 68
-16 4 5
25 -19 113
-39 18 85
-52 24 -89
-42 -31 92
-46 2 74
-15 -31 41
-41 27 103
-29 -31 2
44 -30 72
44 -30 -85
-11 3 83
-54 -5 93
-40 -24 113
-57 -9 5
-55 0 -78
-49 -31 -19
25 44 31
24 27 -93
-5 3 -1
44 -22 -14
-49 1 15
42 -31 -114
-8 23 85
44 5 6
-31 -31 -102
22 4 -114
-46 -21 -114
4 15 -114
-30 -9 -114
44 1 -84
44 9 -95
-11 14 -47
39 1 -114
38 49 0
43 -31 -50
-54 11 104
-30 4 -80
0 3 34
-21 12 -67
-54 -5 113
44 25 -72
-37 27 -95
-48 1 62
-8 27 -110
46 39 -84
13 22 -84
39 27 94
4 27 86
10 14 17
17 15 113
44 21 -34
-34 19 -114
-8 -31 4
-5 -31 83
16 -31 -2
14 -31 63
-1 -31 34
44 -26 91
34 -31 -3
40 1 113
-46 1 113
-46 -31 -4
24 43 -37
-31 4 9
-49 -32 -101
9 3 34
43 -16 -110
46 36 77
-54 -30 106
6 13 85
7 21 77
9 3 0
36 -31 46
44 26 -47
11 17 -24
10 10 -57
23 41 -52
-31 16 -86
-53 23 -107
30 -32 -94
6 26 40
29 -36 -106
42 -31 31
-1 4 85
18 29 33
26 -37 98
-45 16 -114
7 1 -14
9 5 -69
-54 -25 21
17 28 -43
27 -31 14
-54 15 -93
-51 -31 59
-54 -14 97
21 27 109
43 -20 37
11 -31 26
-24 4 113
-47 -31 9
44 5 -67
44 -9 -55
-13 -31 -43
-17 4 -27
-35 3 -20
46 36 67
34 -31 113
-40 3 -5
-58 -5 -85
0 15 74
35 27 -108
-9 -31 -65
19 -25 -114
-19 -31 4
-21 27 104
0 10 113
7 -10 -114
10 -31 16
43 -9 52
44 -6 -39
-27 5 -114
44 16 108
19 27 93
-22 -31 -72
44 14 19
9 -31 -65
-29 -31 -37
-34 -31 -44
-35 -31 -85
-54 -22 -49
-34 3 51
10 23 -114
41 48 36
-51 1 -69
-20 4 77
36 50 -27
27 47 -75
-51 1 -19
46 35 -28
15 -31 112
35 -31 -73
-3 2 63
14 26 51
38 49 59
-54 -25 -4
-1 2 -58
22 -31 -19
10 3 -114
26 -31 2
32 50 74
-11 -21 113
-11 -21 -114
44 -26 -65
44 -30 22
-52 -31 -75
43 -21 -98
1 -31 89
44 8 -78
-36 -15 113
5 26 -97
-30 -31 108
46 36 26
-54 -15 52
44 19 -78
43 -16 22
-11 3 24
41 48 -37
-58 -7 62
-27 26 113
-56 0 46
-3 -31 62
-35 -31 82
44 -11 -24
21 32 44
-26 -31 -85
-54 -31 29
19 -31 53
-54 -21 68
23 38 62
10 13 8
44 44 52
18 29 -13
-30 16 -70
24 43 8
43 -31 51
18 29 61
7 1 73
23 38 2
-54 -26 12
-1 2 -47
45 42 -8
44 44 -53
-50 1 -29
-25 26 85
44 26 39
-4 25 -86
-58 -6 -3
-46 2 -45
43 -22 61
44 -7 104
-42 10 -76
-21 -31 -55
-46 -10 -114
44 20 1
17 -31 94
-46 -31 44
35 -31 61
-8 -6 113
-24 -31 33
-54 -22 -92
44 -5 -104
-16 27 -108
-21 4 -8
-54 -7 -108
44 16 69
-51 -31 77
-55 -11 -70
35 -11 -114
11 -31 76
-42 -31 -44
-20 -31 -109
37 -31 88
-35 -21 -114
44 13 9
6 1 113
43 -11 3
-52 -31 97
44 27 17
-44 26 -105
-3 10 52
1 2 17
16 26 -73
-36 -37 -97
44 45 -72
1 2 5
-10 19 -86
-56 -10 25
44 20 -25
-54 -24 -59
36 42 86
-54 -26 -24
-37 -37 98
23 41 -5
-54 21 89
-31 26 -114
-54 0 -60
-58 -8 -41
19 -1 113
15 24 -23
24 -31 -57
14 -31 -87
44 8 -52
-9 -31 -107
-1 -31 73
-21 -31 52
10 -31 103
-26 4 23
-46 -31 -60
-21 27 -88
-27 -31 -27
-36 -31 23
-15 -31 -13
22 -9 -114
-54 6 -108
-32 -31 -5
35 29 -87
15 -31 -98
-1 3 47
-39 19 113
-16 4 -79
-58 -2 -33
45 29 -13
-11 3 -20
-45 4 -86
39 -31 -107
-40 3 -54
21 14 -114
43 6 58
-54 -22 89
-17 -31 89
-4 -24 113
1 -31 -82
-27 4 73
25 -31 -85
43 -17 -82
-31 -31 -52
-37 -31 74
-47 -31 -37
-26 14 -114
-20 -31 -40
43 -17 -52
-54 -24 59
9 -31 -57
-36 10 113
43 -5 88
-54 6 -97
-1 -31 -53
5 -31 47
32 -12 113
44 9 -38
26 46 17
-47 9 -114
9 -31 -19
44 -4 -49
-16 4 54
35 18 -114
29 27 112
22 -31 79
-24 -31 61
-54 -15 18
26 -31 106
7 -24 -114
-26 17 -53
36 50 44
13 21 -34
-45 26 -86
29 48 -53
34 50 -43
41 48 79
5 1 53
43 19 -112
39 49 -66
-22 20 113
-46 26 96
0 12 35
13 20 -8
32 50 -5
-2 18 42
43 -25 7
-16 14 -41
10 12 -40
-54 20 -99
-54 -16 106
9 28 78
31 35 86
45 31 44
44 -17 -8
1 24 57
-15 -31 -73
-5 -31 -92
44 6 -9
-24 4 7
-42 -31 -24
44 24 79
-32 -31 62
-54 -16 -102
-27 -22 -114
19 -31 -37
-32 4 2
-54 -2 -95
-11 -31 99
-6 27 102
-32 -1 -114
43 1 33
-27 4 -23
-27 -31 91
-22 -31 76
20 27 -104
-30 9 -86
44 -22 101
10 -31 -30
43 5 76
43 9 68
44 9 51
23 40 -44
12 17 -53
27 -37 -98
-42 -37 104
46 39 -42
-54 -22 4
6 19 29
39 49 17
-42 3 33
5 27 113
22 33 -27
-54 -30 -107
9 6 -9
8 7 69
43 -31 13
-58 -3 -17
25 -11 113
43 -9 22
19 26 101
-54 -26 44
-51 -31 -83
-52 5 85
23 39 -82
-11 11 -114
44 4 -30
-1 -31 -22
40 49 -18
12 17 -69
21 32 -58
-24 -31 -102
29 48 -18
5 2 27
-21 20 85
-6 3 40
45 31 83
23 41 -18
-9 27 111
44 45 64
-46 -37 -96
42 27 106
-52 1 78
-9 3 -70
9 7 -29
46 37 51
-7 8 -44
44 26 32
43 14 84
43 -22 84
43 19 93
-27 23 -86
-45 -31 -87
44 21 -53
35 -31 -33
-39 -31 51
-46 -20 113
44 18 31
9 -26 113
-21 -26 -114
-54 -22 109
34 5 113
-16 -6 -114
-8 -31 -10
44 24 -7
43 4 84
-54 1 99
-46 -31 -112
45 43 16
-38 -31 -106
44 -5 7
4 -31 -108
-31 27 -100
44 -19 92
26 27 -112
23 35 -12
-46 -31 -12
36 -31 34
45 42 32
-10 27 91
46 39 -34
-32 3 39
-16 5 -34
6 2 -86
21 32 14
0 5 56
-52 13 -86
43 8 113
16 26 27
-26 12 -41
43 -24 -114
39 -31 104
46 39 38
-1 2 -22
21 32 -74
-57 -9 83
-28 11 -75
-54 1 109
38 49 27
-48 1 30
40 20 113
25 -31 27
-16 -31 -27
-44 3 -71
20 -31 -12
-25 -15 113
-14 -31 107
43 -10 81
-6 -31 29
-35 -29 113
39 -31 -65
-54 -24 36
27 -31 74
-4 -6 -114
43 -4 62
-5 -31 -114
30 -25 113
34 -31 -45
-30 -31 47
-34 24 85
-31 4 58
-47 -31 34
44 21 57
-11 3 -84
44 20 -87
15 24 -65
-9 27 -93
-55 -11 40
24 42 22
-3 20 -114
-50 1 51
19 28 86
10 10 -74
7 19 -86
-55 -11 -50
-41 3 14
45 30 23
43 -15 113
43 26 -108
-41 27 -113
29 48 42
6 27 71
-42 24 85
18 27 -87
12 17 82
-58 -8 -57
-58 -4 76
38 49 -48
5 1 -49
-36 10 -50
5 26 48
-48 -32 102
