43 49 -55
-58 -48 103
-59 -48 -102
42 45 88
-41 -4 1
41 -45 -93
39 -49 103
43 -32 10
-19 26 -105
-34 27 102
22 39 16
-9 -32 58
7 -10 -46
43 19 -109
-55 -4 -60
42 -6 62
-58 -5 62
-9 -31 -93
13 7 101
42 10 -19
-3 -32 -4
-60 7 -103
42 -5 -71
-61 -32 -26
10 0 31
43 -31 -34
-61 -32 28
-30 -17 91
41 58 48
2 11 -10
-26 -32 -53
17 25 -78
43 52 -15
17 25 60
5 -31 93
-28 -5 36
17 25 -41
-13 0 -75
43 10 18
27 -32 44
-60 0 96
-33 -4 -32
16 -7 -94
-14 11 79
-41 -20 -91
23 -32 -67
43 20 110
42 44 -88
-29 -32 18
35 -19 91
-41 -32 55
8 -6 62
-40 18 -81
12 20 -109
-29 -32 -20
2 -32 27
-61 -32 -73
42 25 44
-12 -5 10
-61 -32 78
-56 -4 26
42 15 -48
24 -32 -11
20 34 102
43 12 83
42 58 13
-54 -32 1
20 35 -15
1 -32 -31
-41 10 79
-7 24 107
-57 -4 -21
42 -13 33
21 -32 70
-60 25 103
42 31 0
-25 2 -98
42 -14 -9
0 -32 -57
41 -3 -96
24 48 -37
42 20 -73
-5 -8 93
43 32 -30
-17 -5 59
23 44 41
14 15 12
19 -32 -93
42 -10 -46
-15 -5 -15
11 6 -64
-28 -5 -56
-54 -32 -48
43 -32 63
43 36 65
-42 23 -107
-61 -9 -82
3 -17 -77
-26 5 99
-1 16 -90
6 -11 -20
21 -32 12
42 39 27
43 -30 -57
24 43 -66
23 41 75
-29 -32 -76
24 36 -99
13 12 79
-25 -32 75
16 21 36
21 -32 -41
26 52 -1
-37 -4 -75
8 -6 2
-62 -27 49
12 7 -30
-25 -32 39
3 -17 42
37 -39 84
42 -24 -91
-46 -31 93
-13 -5 -40
-37 -4 62
-61 -27 -93
42 -11 12
16 -14 92
42 57 -35
-46 11 106
-58 -14 -39
-58 -13 7
42 16 63
42 -32 29
27 55 61
-8 -7 -94
32 1 97
-60 26 -99
-20 16 -84
42 5 46
26 7 -103
-46 -4 44
42 4 0
-49 -7 80
28 55 26
-34 -32 -1
2 -17 76
-31 -4 17
5 -15 20
-7 11 -107
-14 -29 92
-8 -32 -74
-44 -1 -97
42 -10 -27
6 24 93
-19 -7 80
41 38 104
-10 -32 13
-16 -32 -37
-40 -32 -36
43 -32 -10
-61 -17 89
11 6 48
-9 -5 -58
39 -32 -76
8 -32 53
43 32 -60
-45 -32 -66
-18 23 93
43 27 -92
-11 -5 28
-44 -4 -46
-42 -32 29
-7 7 101
-44 -32 74
17 23 -58
11 7 -82
-56 7 -86
-12 -32 -19
26 16 108
22 -32 90
-26 -32 -92
-56 -42 -86
16 21 -4
1 5 15
-41 -3 95
-49 20 92
42 -8 80
26 54 -19
-2 27 -103
42 42 44
42 -24 48
42 27 91
-60 -17 -11
-59 -15 38
42 5 -35
12 10 -48
8 5 -101
-61 -19 -57
26 54 -53
16 22 -25
-2 -32 73
-45 -32 -17
-30 24 -94
26 42 -82
-8 -32 42
-31 -4 -14
18 -32 31
6 -1 82
9 -32 -17
21 38 -51
42 57 32
-60 -17 73
8 -32 -73
39 44 -70
42 58 66
-5 -5 48
42 6 -82
-25 -5 1
5 -24 -91
41 34 -106
22 41 57
28 23 -109
42 26 20
-36 9 -106
-20 17 108
42 48 0
28 -32 -26
43 -25 76
18 27 76
-62 -29 13
0 12 87
-59 -43 88
2 -16 -59
12 -32 0
-45 -32 13
-33 17 90
25 42 91
-28 -14 -92
29 -14 -92
0 -5 -32
-28 5 75
-16 -32 27
43 12 -95
43 43 -41
10 26 -95
10 24 107
42 33 -15
-55 -4 -6
-24 -32 54
-31 -32 90
12 8 63
20 35 -31
20 34 0
0 -4 -82
42 2 -56
43 17 -6
-50 -32 42
42 12 33
-18 -32 1
-4 -5 70
19 29 47
2 -15 -6
42 58 -66
-54 7 85
42 -19 -66
-45 -32 -85
-22 12 -108
-57 -32 64
20 34 31
-49 21 -92
-49 -4 -32
31 57 39
-23 -7 -80
43 28 -46
29 -32 58
5 -32 13
-40 -4 29
-14 -32 -60
6 -32 -45
42 42 13
43 18 -32
42 46 -27
32 28 108
-59 -5 -95
42 -14 -82
-47 -15 91
-60 -17 -71
-41 -4 -60
13 -32 -57
43 12 96
8 8 2
33 -32 1
-60 -17 20
-28 6 -76
-8 -5 -4
32 -32 -88
-35 -6 78
42 5 72
17 24 22
43 -24 -45
7 -1 -11
43 -30 92
-57 -32 -13
-33 -4 49
-16 -15 91
2 -17 7
-50 -4 -75
-60 -31 93
31 -32 21
29 -32 -51
42 -3 25
-46 -4 17
2 -7 -69
-56 18 -109
-15 -20 -91
19 31 89
-42 5 -85
42 -22 -19
25 51 14
42 33 -77
13 11 -17
-19 -5 -27
38 43 75
2 -16 57
-32 12 107
43 48 58
-8 -1 82
-61 13 99
42 -19 65
-60 -32 -60
42 -20 2
-58 -5 48
-17 -5 42
6 -2 95
-48 25 105
42 -8 93
-61 -4 82
42 -3 -16
43 15 6
33 -32 73
42 7 -68
8 -6 44
-61 -19 -27
-10 12 -79
7 -32 41
-39 -32 -48
-56 -4 -47
4 -17 -32
-12 -32 80
43 27 79
-52 -32 -36
-9 -32 -47
8 -32 65
-19 -5 -66
-13 25 -95
42 33 53
42 -20 21
-25 -5 68
9 -32 78
37 56 -46
-16 -4 94
3 4 -21
30 43 66
13 11 28
21 -3 95
6 -11 32
26 52 49
-61 -25 -42
31 57 -31
-48 10 -106
19 33 -88
2 15 108
15 17 -69
8 -4 -58
5 -17 91
42 18 -60
-29 -32 -32
32 -32 -37
17 -32 -30
-4 -5 -21
31 -32 33
20 33 -71
-30 -32 64
9 -2 -39
-24 -5 -45
-33 -32 -63
-23 -32 -10
15 16 53
43 51 22
14 18 -87
-60 18 -91
-50 -12 -92
31 56 -64
-5 26 95
3 -5 -95
-19 -5 20
-11 2 -99
42 31 34
-39 -32 44
35 56 4
-4 -5 20
32 41 -93
-26 14 82
18 29 -105
37 -49 -102
23 45 -10
-30 13 -89
-47 -4 55
24 -32 -78
-1 1 2
-4 -5 37
42 -17 -55
7 -32 -84
-61 -20 -83
-42 -4 -13
42 0 11
-31 24 -107
-61 -24 1
-60 -17 62
8 -6 14
8 17 21
-5 -5 59
35 41 96
-49 -4 68
-51 -4 6
23 45 -26
11 3 73
18 -32 58
-19 -32 -81
43 0 36
34 -32 -66
-50 -32 -76
43 -32 41
9 -1 -74
36 -46 92
15 17 69
-30 -4 -67
14 16 -35
15 18 88
27 -12 92
33 14 -108
-59 -7 16
7 18 -22
-3 -5 -45
40 -32 -22
-4 -25 91
35 9 104
-59 -16 51
42 -17 -36
-19 -32 67
11 4 21
37 6 -102
-20 -32 -26
-20 -32 -69
-10 16 90
-35 -5 -95
-21 -32 85
1 6 -85
-54 -4 37
-62 -29 38
37 -32 50
12 -32 21
-10 21 -109
19 29 13
-56 15 108
20 35 65
13 -24 91
-19 -6 -94
8 -4 -27
42 57 -6
33 56 -11
42 57 -24
42 -22 -76
-62 -31 -83
24 47 31
24 -2 -96
-40 -22 91
2 27 102
38 -40 -85
42 -4 -85
-34 -32 -85
-2 -32 -16
42 -9 2
43 21 -22
24 -32 80
-26 -32 8
-9 -32 -29
43 18 73
42 26 60
-58 24 94
-4 -32 -84
-15 -5 70
6 18 -1
40 -14 -92
-59 -6 -69
24 -22 91
4 12 -108
7 -9 73
-16 6 100
-55 -8 93
13 14 108
-60 -15 -92
13 11 -6
-59 -7 72
4 13 11
-50 -25 -91
19 33 -60
-18 -5 -53
-43 1 83
-4 -19 -91
-51 -32 54
-2 -5 10
17 -32 48
-26 -32 28
42 2 57
43 22 100
42 4 -45
43 1 85
-46 -32 -27
42 15 43
42 43 -9
16 22 -14
42 17 -87
42 -21 38
-26 -5 58
-24 26 103
-59 -8 -30
-49 27 -100
13 11 38
-36 5 99
24 7 101
20 35 -41
-34 -4 -46
11 5 11
22 -32 0
-14 27 101
7 -14 -92
-61 -19 29
-61 -25 -19
42 36 85
23 43 4
-31 -3 95
32 44 84
19 12 -108
-61 13 89
43 38 -52
42 18 26
-39 -32 84
-51 -32 21
-31 -32 -42
-16 -32 48
42 5 -10
-40 -4 -26
-34 -4 7
34 -32 -15
-46 -32 -5
-2 -7 80
-39 27 -99
43 49 38
-44 26 96
-40 6 -76
17 24 6
-1 25 -94
-53 -33 86
14 28 98
2 -7 54
-59 -12 -50
-12 15 -89
23 26 108
37 56 58
-2 5 -101
-33 -25 -91
31 32 -105
-23 -25 91
-45 -32 64
42 33 10
-20 -32 -46
42 18 52
43 21 -99
-37 -32 -72
-19 -32 17
42 -4 -39
42 -10 -62
43 -29 -1
-59 -11 -3
8 27 -104
29 37 102
42 29 108
40 58 -55
-40 -32 -93
-52 7 101
42 -17 85
-50 0 -83
40 45 66
-51 -24 91
32 -24 -91
40 41 -96
-52 4 -100
-37 21 108
9 -1 -50
14 14 -60
-16 8 -85
15 18 -47
29 56 -42
21 38 48
-62 -27 -51
-26 -2 82
-54 -46 95
-22 20 -92
29 42 -73
7 18 -12
7 -32 -9
43 -16 74
32 -27 93
-42 -32 -57
43 34 -39
43 41 -62
2 -32 -66
-7 -32 -37
42 0 -25
-19 -5 50
-36 -32 11
-30 -4 -24
-10 16 108
42 -5 -6
-21 -5 11
0 -32 63
-2 -5 -13
-61 0 -84
-34 -4 -5
-5 -32 33
-56 -43 -95
-39 21 -92
-1 3 -6
-61 -25 84
43 -32 -48
-4 -32 50
42 25 -81
42 41 -20
-8 -32 4
-30 -32 47
-47 -4 -21
-18 -32 -90
-32 15 -80
18 27 -50
-61 -25 68
-61 17 -100
-57 -4 -38
22 -24 -91
-20 16 89
3 -17 66
43 -30 -83
15 19 44
-39 -14 92
42 -32 18
42 36 -89
-46 11 87
-61 -26 58
43 34 96
-10 -7 -79
-56 -33 -91
15 -16 -92
37 43 -81
0 -32 81
2 -5 -4
42 -11 42
-39 -4 38
43 -24 -27
9 -32 32
16 -32 -79
43 23 -13
42 25 6
-35 -32 -26
-12 -32 -5
3 -32 2
-24 -5 -8
42 -11 -17
-61 -32 -4
-25 -5 26
42 20 13
24 -32 -58
3 21 -109
-17 -5 2
-7 2 -81
2 8 102
-26 24 93
-37 3 -99
24 45 -47
20 33 -79
8 -6 22
22 -32 21
-31 -32 -10
42 34 20
12 7 -38
-61 -32 -34
18 -32 39
42 -11 21
0 -31 -93
-10 -32 67
42 -22 -9
42 -24 57
-54 -32 -66
34 56 16
7 13 -88
22 40 25
-43 -7 -80
5 -16 -68
33 56 50
-26 -9 93
-50 13 -89
18 29 38
-45 -1 75
43 -32 -66
40 0 96
11 5 -56
0 -5 -61
39 -32 79
-17 6 -103
-61 -24 -66
3 -9 -53
33 20 110
7 2 -2
18 30 -95
-25 8 -85
38 27 -108
-11 -5 -31
43 52 -41
33 48 -64
-41 -32 21
-33 -32 36
21 -32 -51
14 14 2
17 -32 -8
43 26 -36
-51 -32 78
43 26 69
-23 27 -98
43 -4 46
-18 -32 36
1 -32 -77
-42 -32 2
42 28 -67
42 12 -39
-59 -7 -14
-39 -4 21
35 -32 -57
7 9 85
43 -32 -92
35 -32 12
18 5 -101
-62 -31 5
-41 15 -108
-31 -4 -81
42 11 -107
-28 21 108
3 -9 93
31 -32 86
-20 0 75
-2 19 91
19 29 -22
-30 16 -109
-61 4 88
-6 9 81
4 -17 -42
-61 5 -95
6 20 -92
-54 -32 32
15 17 -78
8 -31 -93
43 12 105
-36 -14 -92
32 -1 -97
2 -17 28
-11 2 75
7 10 17
-49 -4 -67
17 25 -87
-8 -32 89
11 -1 -97
19 29 -6
18 28 68
33 37 -99
5 -16 -51
-49 0 96
40 58 39
-57 -4 1
-59 -11 31
-39 -4 -37
16 -32 85
-47 -32 -42
11 -32 -35
31 -32 -73
42 39 58
42 10 -29
5 -32 -24
-8 -5 -72
42 7 63
42 0 -77
42 11 -76
17 26 -66
-20 -5 32
-41 -4 50
43 7 27
14 -32 -68
42 22 85
-4 1 97
-49 -4 -52
35 -32 41
-35 9 -84
37 -35 91
43 51 11
21 20 -109
13 -31 93
9 -2 -66
-14 23 108
-46 12 -81
21 37 95
9 -2 -19
22 42 -19
42 22 -51
42 38 37
42 21 33
-57 -32 44
-39 -32 -13
42 38 -3
-2 -5 27
-51 -32 -56
37 -32 -30
32 -32 -8
-5 -32 -63
13 -32 -47
-25 -5 -35
-61 -20 44
43 49 47
14 -32 7
43 33 73
-25 -32 -1
-52 -32 11
6 17 90
-39 -4 -52
42 -22 28
-29 -32 83
-61 -21 -35
-59 -12 -60
38 -32 -42
22 42 -58
12 -6 93
-50 -4 -41
22 41 84
-38 5 75
-9 -17 91
6 -13 1
17 24 -32
-54 27 100
42 57 5
35 56 32
11 4 55
-19 5 -76
1 9 5
0 -11 -93
20 33 73
33 56 -21
43 -30 70
14 14 -27
25 49 21
21 39 -93
-23 20 -109
42 58 23
-7 16 -84
-12 27 -104
22 39 -6
43 -32 54
-34 13 81
43 37 -69
-25 11 106
12 8 -72
-25 -5 -73
43 -25 86
7 -9 -36
7 18 7
-60 -18 12
-40 21 92
-59 -11 78
36 -38 -92
-61 -32 -45
26 52 36
-62 -31 21
2 -15 -25
-41 -32 37
42 32 43
-18 -32 10
-55 -35 -82
-16 -32 57
43 9 11
43 11 -1
-42 -4 8
-7 -5 4
-2 -32 -43
43 48 31
42 21 -43
43 -8 54
42 11 50
43 31 -22
-54 -32 -26
-25 -32 -61
17 -32 -16
-56 -32 72
31 -32 65
42 5 -89
42 -6 73
-24 -5 43
42 -21 13
-36 -32 75
-34 -32 57
22 -12 -92
-49 17 -109
42 -16 58
16 21 80
-61 -6 89
13 12 21
14 15 60
41 50 -66
-60 -16 -19
3 -9 38
0 6 -15
9 -2 38
6 0 7
31 42 73
43 5 -97
-11 -5 -24
8 -32 85
-39 -32 93
-28 9 -106
25 51 6
0 -32 42
20 34 7
42 -5 -56
-33 -4 68
-44 6 99
-28 -5 -95
42 11 -60
42 31 27
24 -32 -85
12 12 -108
-20 -32 -19
7 -4 -81
7 -9 -11
22 42 -35
-60 6 100
33 56 -52
-56 -37 92
-10 -7 80
17 26 53
8 6 -10
24 47 61
3 -9 -76
20 33 20
-44 -1 -76
3 -8 -26
-60 24 -106
35 56 24
-24 -32 92
-25 -25 -91
35 34 104
42 44 95
-43 -9 -93
-13 10 105
-54 15 89
6 11 -20
-14 -5 -8
14 -26 -92
-51 -4 -15
-41 -32 -79
-54 -32 -6
-37 -4 -66
-31 -4 29
-18 -32 76
43 21 0
-4 -32 23
42 16 -67
7 -32 -53
-8 -32 -13
42 43 52
-61 -24 -77
-7 -5 -51
-5 -32 -22
42 44 6
-36 -4 -20
-34 -4 -60
-20 -15 -92
-49 -4 29
-46 -8 93
26 54 -9
21 37 39
3 -9 65
-12 -5 53
-21 8 77
-39 10 105
-29 -4 74
-23 11 -78
11 6 -22
9 -1 67
37 -32 60
43 51 -8
42 45 80
11 3 80
23 45 49
20 34 55
-61 -32 -19
-49 -4 -1
42 6 100
15 18 28
24 41 68
-13 19 -83
26 -31 -93
-59 -36 85
42 -11 67
-3 -32 8
9 -32 -63
-24 -32 -85
35 -6 93
-15 -32 -51
42 -5 16
42 -16 47
