90 138 68
176 92 217
73 164 219
176 164 133
176 92 17
102 100 156
153 100 95
151 164 211
76 91 16
76 91 219
128 136 15
176 103 155
120 158 155
176 138 55
73 137 123
125 116 220
121 100 53
101 100 101
73 138 176
135 144 109
74 138 23
176 145 176
141 100 180
109 157 196
176 139 98
74 100 58
135 138 66
139 100 136
170 134 15
162 100 55
176 133 215
139 138 182
116 100 16
73 101 183
74 100 131
90 131 220
150 139 147
176 109 120
108 100 194
176 111 188
101 138 101
73 119 94
105 138 38
157 158 79
96 138 147
147 106 15
176 115 77
150 138 40
127 149 220
176 136 133
94 119 15
148 100 219
96 100 40
176 164 197
160 160 110
127 100 83
140 165 135
121 138 133
99 100 73
163 162 158
73 114 158
109 100 128
103 138 176
73 125 48
150 131 220
176 118 36
73 121 201
99 105 220
130 100 109
76 156 195
99 158 220
134 163 176
129 100 158
176 128 158
115 138 80
156 155 188
144 100 39
73 112 28
145 138 87
130 100 202
171 156 220
78 100 109
157 100 197
100 138 124
73 137 151
162 100 173
176 164 91
175 100 97
75 100 82
154 100 118
148 100 73
176 146 77
166 113 220
106 138 15
157 138 67
88 100 202
82 138 88
130 139 157
115 138 57
152 100 154
73 141 211
94 100 177
130 158 198
111 134 220
152 149 127
73 124 74
141 162 156
165 100 33
176 131 193
128 139 41
116 100 175
76 112 220
152 148 168
166 100 136
176 113 16
174 165 176
150 136 15
176 115 57
176 148 116
73 116 120
173 138 36
176 150 147
96 100 19
116 154 176
93 155 185
176 120 104
114 120 15
85 139 41
123 100 34
91 100 122
87 100 146
117 100 215
166 100 80
105 148 160
117 138 115
116 165 216
130 153 125
88 138 165
133 118 15
73 124 138
73 120 179
75 138 105
176 118 136
73 138 61
118 139 187
127 138 94
92 161 202
119 100 143
151 147 102
150 149 220
156 156 142
176 111 170
141 100 57
176 147 204
76 100 40
110 148 142
138 138 129
176 109 206
82 100 163
132 132 220
87 139 187
160 118 15
175 165 114
141 116 220
91 138 25
110 100 85
101 100 56
130 151 141
133 100 20
84 150 220
174 100 66
135 164 220
78 123 15
144 157 115
176 127 175
119 138 170
82 138 138
176 130 85
99 138 53
117 138 28
176 103 47
138 138 29
148 138 115
73 104 206
133 100 219
176 131 69
85 100 95
176 128 120
118 100 98
109 118 220
82 106 15
73 140 194
108 100 30
161 100 19
162 138 49
163 158 204
176 155 161
160 160 174
73 127 218
161 138 27
87 138 116
126 100 186
139 138 51
117 100 71
142 150 191
136 149 167
97 138 85
160 160 94
143 100 166
163 138 220
163 100 214
73 127 33
112 150 220
98 143 220
73 118 60
73 106 146
85 100 67
133 100 69
162 161 130
176 164 150
115 138 152
128 100 127
99 100 138
84 100 28
176 150 132
176 152 103
142 100 85
73 123 107
73 107 170
89 117 220
88 100 52
144 100 194
153 100 139
87 100 216
103 146 189
129 148 181
87 165 215
153 151 155
105 110 15
173 100 180
109 100 112
176 116 150
73 129 163
176 156 186
75 138 75
173 100 196
176 129 27
137 138 143
110 100 46
144 100 107
176 123 206
73 111 73
176 128 47
114 138 95
166 100 107
116 100 158
176 141 161
172 158 79
176 103 27
89 148 174
111 145 129
120 157 188
73 109 194
176 111 89
176 129 145
133 100 46
103 138 74
146 138 161
121 138 68
94 100 191
147 122 15
102 100 209
151 144 183
162 165 218
173 165 211
142 155 143
151 146 78
73 157 207
166 100 121
128 100 171
88 138 102
98 100 88
91 100 109
73 104 97
142 138 100
164 100 157
138 100 149
165 148 71
154 119 220
105 100 168
73 130 85
156 100 43
161 100 69
88 100 79
176 150 91
146 100 206
176 105 141
137 148 152
73 138 43
118 162 203
127 138 56
166 163 141
147 160 200
90 131 15
146 100 25
73 111 50
135 138 80
139 142 220
102 164 210
128 164 210
107 156 183
176 106 219
170 164 101
176 145 219
165 162 193
153 100 186
73 103 120
176 120 219
150 138 58
142 160 168
81 100 192
152 150 91
125 147 164
125 138 145
120 100 115
166 127 220
88 100 133
103 138 113
176 109 107
143 100 121
82 138 52
123 112 15
104 150 174
73 125 189
105 100 183
118 100 200
73 112 136
73 111 85
136 100 98
176 141 187
176 133 109
174 100 167
80 139 220
73 151 218
134 100 32
102 138 136
169 139 65
73 122 149
117 138 43
115 153 164
117 131 15
103 125 15
98 139 158
148 138 136
134 138 171
132 159 163
138 153 133
171 123 15
147 138 173
73 112 39
164 100 96
138 129 15
126 143 122
120 128 220
176 136 204
83 100 177
176 120 195
110 100 62
119 155 144
73 101 156
176 100 130
151 100 174
159 129 15
94 100 164
73 112 110
73 131 206
153 100 83
73 102 23
176 127 59
123 138 104
139 164 210
133 159 149
171 102 15
74 100 69
154 153 116
85 149 190
121 149 132
82 163 206
176 123 94
84 138 155
82 138 15
92 138 132
76 138 166
152 100 58
126 147 152
73 116 211
160 155 220
166 163 120
73 120 168
73 133 96
80 138 32
73 148 202
164 100 186
176 121 184
175 100 37
88 138 79
129 155 172
175 100 86
147 138 71
138 154 176
138 150 119
160 100 147
155 100 31
156 100 105
96 138 43
100 133 220
166 100 204
129 100 138
73 134 134
101 139 28
143 157 220
151 138 29
166 163 86
176 119 24
109 107 220
175 100 113
175 138 23
99 121 220
167 163 183
175 165 163
176 110 68
99 155 193
97 144 167
176 113 46
161 138 39
127 138 31
73 128 59
93 138 177
176 119 114
125 138 82
137 138 119
176 121 68
97 100 29
176 140 151
131 151 191
73 124 128
176 128 37
166 100 43
153 100 129
176 155 176
76 102 220
103 145 150
111 151 153
108 138 65
147 100 49
151 110 220
73 132 114
129 160 136
73 122 24
118 100 25
108 138 167
128 140 187
161 138 16
74 133 15
133 122 220
157 157 165
130 146 131
141 138 18
176 155 212
120 157 220
176 120 164
109 138 49
176 137 170
117 100 133
83 100 116
176 158 141
110 100 150
105 138 91
103 100 120
109 138 145
73 110 16
115 149 190
124 140 220
147 138 125
176 157 120
123 140 179
99 100 200
176 137 123
166 147 220
156 100 207
125 105 220
123 123 15
174 100 212
116 138 125
156 155 198
112 138 179
176 102 57
162 109 15
121 160 164
81 121 220
98 148 181
154 153 176
138 165 144
136 109 220
98 139 187
138 138 154
161 161 149
174 165 188
150 139 96
108 160 220
152 100 164
108 100 141
134 100 119
120 100 43
130 100 56
127 100 96
91 109 15
79 100 49
73 136 52
82 138 174
113 143 161
137 158 123
76 147 189
148 164 220
135 107 15
152 148 140
101 160 201
176 163 220
73 129 178
137 138 42
176 125 131
109 100 76
83 138 61
100 100 111
116 100 189
78 138 184
96 138 109
135 100 210
142 127 220
73 132 143
136 100 188
140 153 159
176 141 69
127 100 148
87 138 146
119 100 87
82 138 124
114 111 15
109 100 94
83 115 15
125 165 219
97 138 15
176 100 77
105 100 19
176 139 85
73 116 189
87 100 155
99 100 147
80 158 220
73 110 182
125 100 16
118 147 140
123 147 174
117 112 220
124 156 179
150 139 105
141 100 15
129 140 113
151 147 111
176 111 130
84 158 198
176 142 139
125 100 209
111 100 209
176 133 180
73 131 68
176 149 168
93 100 209
96 138 94
176 150 193
89 100 170
94 100 61
167 100 24
133 138 136
157 157 102
74 100 197
138 147 143
78 100 170
109 140 187
138 161 202
175 138 47
147 161 139
115 146 173
176 161 106
112 138 134
169 164 203
166 163 166
144 100 95
121 138 159
108 142 220
176 113 158
98 138 65
176 114 97
144 100 65
176 158 204
128 138 74
114 138 107
135 154 220
146 100 146
84 109 220
92 138 36
88 100 43
144 114 15
114 138 36
107 100 216
119 138 19
157 147 72
159 159 120
138 152 111
74 100 31
136 158 183
113 161 189
89 147 183
81 100 128
145 161 148
110 163 206
94 146 189
77 100 16
127 139 167
168 164 111
127 160 144
111 100 104
176 148 155
141 100 158
103 100 38
176 109 178
152 138 48
98 100 48
176 152 83
112 100 166
73 112 100
90 141 220
73 114 128
73 124 116
79 138 114
176 128 77
147 139 220
176 141 111
120 100 106
73 132 196
73 125 100
73 113 203
94 165 219
176 118 175
135 100 80
176 110 31
176 115 211
165 100 62
93 150 220
169 138 29
134 100 165
127 100 28
132 100 89
82 100 210
80 100 150
139 100 202
102 100 80
160 100 89
176 142 197
79 100 91
137 145 135
116 147 148
176 100 204
74 100 140
151 100 19
85 100 19
133 138 104
73 138 89
150 154 194
156 156 87
176 159 168
124 146 189
168 138 55
159 100 77
80 100 101
90 100 33
89 100 185
102 142 143
73 118 44
98 113 220
176 156 154
176 103 187
138 100 128
81 138 96
176 109 39
141 100 74
165 100 194
73 106 163
123 100 61
82 130 15
157 130 220
94 138 118
134 138 88
73 123 66
143 138 79
176 120 122
73 122 86
120 100 165
119 138 87
73 128 155
176 149 124
151 146 119
107 138 82
169 100 71
167 100 148
94 164 209
117 157 197
156 157 134
166 105 220
151 157 220
110 100 53
172 99 220
141 100 219
132 140 220
176 138 77
130 141 150
169 114 15
164 156 76
73 134 32
162 163 210
135 164 168
76 138 158
108 147 167
129 144 141
126 155 151
151 141 156
101 118 15
111 150 181
106 138 154
135 145 159
127 138 22
153 114 15
170 100 53
155 160 203
73 142 219
132 158 130
73 164 212
119 151 154
139 138 73
169 164 130
102 165 218
142 139 62
135 138 96
176 130 97
112 100 119
83 138 25
176 147 97
111 100 37
160 100 132
132 138 48
76 138 83
121 100 123
133 145 123
111 138 74
176 127 200
129 100 193
112 100 183
176 130 167
91 138 124
73 113 149
156 146 220
73 134 214
155 100 215
90 138 88
102 100 66
108 100 175
141 138 168
176 145 212
176 120 49
80 100 136
105 160 189
79 131 220
106 124 220
73 134 188
74 119 220
176 128 18
168 138 21
74 100 213
137 142 188
152 148 148
151 146 133
167 163 174
73 131 40
176 159 128
73 107 57
176 137 62
160 160 183
158 158 156
107 144 137
135 147 176
129 139 127
73 131 24
153 138 21
176 105 19
92 155 194
125 155 195
173 164 84
146 144 188
173 151 74
73 106 66
170 164 156
126 162 203
151 146 175
73 104 88
176 106 83
94 100 152
144 138 33
92 100 141
127 100 40
119 138 51
176 125 109
99 131 15
93 139 58
73 118 19
176 107 52
108 100 160
83 100 85
73 118 143
97 100 127
121 100 78
176 122 82
135 100 176
121 100 154
129 158 220
136 139 58
80 138 69
73 106 44
155 138 34
73 106 78
156 100 178
103 152 220
176 121 145
144 138 110
162 138 61
117 138 140
115 157 182
96 100 216
78 160 201
151 146 161
119 149 169
172 139 220
154 153 76
154 153 109
168 138 41
141 156 195
137 100 111
73 124 209
176 155 113
120 147 220
92 107 220
157 112 220
109 100 202
166 100 178
176 157 195
176 105 161
106 138 56
176 107 148
129 125 15
102 138 47
176 111 200
97 100 184
81 100 184
124 138 152
173 100 123
176 148 109
176 141 92
120 138 97
124 100 179
97 100 118
128 138 64
146 100 114
83 100 36
141 100 47
176 133 154
73 132 171
130 141 178
176 157 88
155 104 15
154 153 97
110 143 150
107 139 130
123 156 136
73 105 127
176 100 174
142 165 216
163 162 101
176 137 16
117 144 132
116 120 220
91 142 171
168 164 93
118 164 210
155 156 128
100 155 183
73 104 105
91 138 158
173 165 142
74 100 189
78 138 131
176 161 182
156 155 149
172 100 140
169 120 220
108 138 29
176 107 96
91 138 139
116 105 220
176 127 138
117 139 220
146 138 179
73 104 113
146 129 15
127 127 220
118 100 207
73 130 106
110 138 42
176 111 24
145 100 152
87 100 59
157 100 158
144 138 142
154 100 50
97 138 73
101 100 193
98 111 15
146 100 137
148 100 32
165 100 164
73 140 204
82 138 106
110 130 15
156 137 220
176 124 213
120 138 61
92 138 51
80 165 214
176 109 59
101 100 176
85 138 131
151 142 88
152 151 84
73 106 34
168 164 220
161 120 220
119 142 165
112 138 15
153 100 147
176 118 89
124 100 215
128 152 157
166 100 128
127 100 119
126 100 69
176 120 42
73 118 53
110 100 69
166 100 87
90 138 15
176 164 97
147 100 180
160 100 140
175 100 104
121 138 75
96 148 173
135 160 139
110 155 189
160 102 220
105 138 183
73 103 51
112 148 136
141 153 151
129 151 135
161 161 137
79 146 220
160 161 85
73 102 175
73 133 78
89 100 101
142 138 93
73 123 41
120 138 33
133 114 220
176 123 30
176 127 187
73 116 69
100 138 170
91 100 92
143 100 212
73 119 30
93 124 220
163 100 115
157 100 123
176 122 155
135 100 196
138 132 220
129 111 15
127 100 103
176 123 169
143 148 220
159 100 25
152 100 194
138 100 91
73 157 214
143 138 46
176 112 139
176 118 203
135 134 15
150 100 104
133 100 183
118 138 147
109 138 116
102 100 130
165 127 15
137 164 161
