-13 11 -110
32 -55 104
37 50 13
-57 30 100
-54 -23 -6
34 -28 -40
45 31 100
-50 -53 101
12 -23 35
39 47 -65
-47 -55 -106
28 -55 -106
-62 -1 -69
-7 -6 108
-58 -13 55
43 10 -108
-12 0 -32
47 14 51
48 18 -25
1 -22 -76
-57 30 -106
-26 3 23
39 -13 90
17 11 4
-11 -31 0
-17 1 66
-53 -11 107
30 50 63
-49 -11 -110
-9 -55 102
17 16 -77
33 -30 1
5 31 99
-44 -26 -44
-9 -54 -106
17 -18 -110
38 -17 -76
31 50 -26
10 -23 72
17 17 69
17 21 -42
-26 3 -79
19 28 35
16 31 -108
-50 4 -28
-60 1 22
47 12 -60
-27 -24 86
48 16 17
-43 -27 29
-18 -21 -110
-44 -26 -81
37 -19 55
-31 10 94
17 -27 108
9 -23 -23
26 9 108
39 47 -95
-29 2 -6
-57 3 81
-18 -19 -55
40 -11 28
-17 -19 46
12 -3 -55
41 -8 -18
-35 3 -51
-29 31 -101
50 24 -84
46 10 77
14 2 42
21 29 -14
-54 -23 84
-28 -18 -23
15 -2 87
-21 31 106
-38 3 46
-3 -3 -5
39 46 38
2 -4 -94
26 41 87
45 32 -4
32 -32 -95
22 -31 -61
-30 -18 10
42 32 -44
11 -23 10
-46 10 -97
32 -33 77
-1 -1 23
-61 1 -3
-5 -29 97
42 -4 -42
14 7 -20
17 7 -111
-5 30 -98
-62 -7 -46
45 32 66
41 -5 5
-37 -17 67
-29 -17 107
-24 -19 -88
-62 -5 -91
22 32 10
4 -22 -46
37 -11 -100
21 32 -61
32 -32 28
-50 -32 -105
23 37 -83
-2 11 94
-7 0 -66
-48 11 108
-37 4 72
-55 -23 -63
-14 -20 24
-58 -19 15
44 4 -83
0 -28 -96
20 19 90
48 30 -104
-11 -20 68
-9 0 46
-58 -17 -28
44 10 98
-49 -31 103
-30 -1 -110
11 -55 100
-30 -55 102
27 47 -48
51 27 35
23 29 108
19 -30 53
14 -3 62
31 -33 -20
-38 -17 46
20 31 55
31 50 -6
-9 -20 -31
-58 -17 36
-43 4 12
47 12 -2
30 -13 108
-37 -17 -60
12 -6 108
-29 -54 -102
19 -25 -83
11 -3 -75
41 -7 71
-44 4 -76
9 17 -97
13 -3 -36
16 13 23
48 31 -63
-4 -1 80
33 -36 101
10 -54 -106
-59 1 43
17 -30 88
40 34 22
-6 -7 -110
40 34 -26
-16 -1 -94
42 -4 45
41 -6 -60
-53 3 63
24 44 28
7 -31 -6
-31 3 -24
22 36 -32
1 -22 54
-43 -27 -20
-37 27 94
-15 -1 93
33 24 -111
-40 21 -110
-14 0 9
-13 13 108
-29 -27 -5
9 13 108
-17 1 -49
47 13 -42
-35 -24 -108
41 31 49
46 8 34
-9 -20 -14
13 -6 1
49 30 84
16 14 -58
-45 4 -9
-29 11 -97
-21 -19 -71
-57 4 -108
32 -32 -76
-57 -21 -93
-53 3 -55
39 48 80
20 -30 -32
16 -31 -100
-23 -1 108
24 43 45
-12 24 94
32 -32 45
21 32 74
-45 4 31
-43 -27 5
3 22 -111
14 -3 26
-60 -7 93
0 -1 -20
-15 29 -110
36 -23 -61
40 35 -76
-40 -3 108
-5 -21 10
-12 -20 84
-24 -19 -40
-29 -18 30
-58 -11 73
-2 -1 60
-56 15 95
32 51 -82
-58 -13 -78
-1 -1 -43
33 -23 -109
38 27 -93
-44 -27 57
3 -18 108
-34 21 108
22 26 -93
-44 3 89
-13 -22 107
44 3 -29
2 -22 -61
-41 -17 -32
-6 0 -82
16 17 52
-62 0 -19
38 -17 13
-25 2 39
-5 -21 39
-16 1 -13
38 -17 -31
44 4 61
50 29 11
-29 3 58
16 5 -93
38 47 -39
-40 -17 85
-41 -17 -10
-7 29 108
37 19 108
34 -1 -111
1 -3 94
36 -22 -11
31 -33 63
4 -24 86
18 20 -25
-37 -24 98
-34 3 -66
3 6 -110
38 -18 41
-9 -21 -88
38 -1 107
-43 31 -101
0 -23 -110
19 -26 22
-42 -24 -95
49 19 65
-57 17 -100
-52 -24 70
19 -26 -48
18 16 -9
40 45 -16
-8 11 -97
-24 -19 63
37 42 94
-43 4 -110
-26 16 -110
19 -28 -14
43 0 87
26 46 -70
47 14 -95
-57 -12 3
-45 4 -41
-42 -19 17
25 42 -16
37 -20 -89
3 -2 9
-17 22 -97
-43 -27 -67
-19 -19 -1
50 29 -17
38 -17 -49
-47 25 108
-57 -21 -40
-29 2 7
-57 -21 97
-20 1 80
44 3 22
-14 1 30
35 -25 92
28 37 -2
37 -18 78
29 37 -96
23 -31 10
14 -23 -69
14 6 -46
-57 3 104
-31 3 -37
-24 -26 99
42 1 -97
39 46 54
21 33 -48
25 44 74
30 32 95
40 43 -52
15 10 79
44 4 -12
10 -7 -110
33 -38 -106
9 -3 74
-19 -26 -98
-38 4 -88
4 -2 36
40 38 9
15 -3 -12
48 17 88
50 21 -71
-62 -5 -31
2 -22 21
20 -30 70
-53 -24 48
20 28 22
-55 3 -85
-42 -17 107
-58 -15 -14
-59 3 9
51 27 55
41 -8 -88
31 -33 -53
22 22 1
-37 -17 -46
-43 15 94
-50 -44 -101
-17 -19 11
51 25 -35
21 20 -111
20 -31 -2
-37 -17 -77
-38 21 -96
40 43 69
-19 1 -62
-9 -20 -66
26 44 10
40 34 37
16 16 36
-42 -26 77
38 -16 0
-19 12 94
10 13 94
-57 -19 -106
22 -31 35
20 28 -76
8 -29 96
42 -4 -72
45 6 9
-18 -2 -110
-9 -20 -47
-24 25 94
32 -25 106
14 1 15
-5 -21 -2
-62 -5 64
0 -1 -57
-58 -11 24
15 7 -69
7 -3 51
38 48 25
22 -4 -111
-2 9 108
18 20 12
17 29 95
23 40 63
-27 -18 74
-18 1 54
-29 -14 -110
-49 3 2
-52 21 -110
-43 -27 -55
-57 18 106
23 -32 97
-59 -10 -61
18 22 -66
48 16 -13
-54 -23 28
-42 4 57
45 8 -72
-44 -27 41
28 -33 -9
34 -28 13
-9 -28 -105
-26 2 -90
11 -23 60
7 -22 -35
-57 -8 -101
12 -28 -110
28 11 -111
-26 -18 -12
18 -16 108
-58 -18 -53
39 43 -2
-37 4 22
-28 -18 42
40 33 78
50 28 -51
-62 -4 34
41 -7 55
-31 -18 54
12 -23 -57
37 -21 68
40 37 -88
15 9 61
-25 13 108
-47 -24 93
-57 3 -97
-56 2 -44
-49 4 74
30 50 -59
45 21 -110
-12 1 19
-62 -7 15
14 6 -82
11 28 -97
-30 -25 -98
50 29 24
5 31 -106
-38 -17 -20
0 -1 -32
-48 -24 -30
-30 3 83
36 -22 23
-37 -17 1
11 -23 49
33 -12 -110
32 51 47
-25 -18 19
27 47 -37
-46 -23 -108
44 2 -51
19 23 80
49 21 76
28 -33 88
40 45 -29
36 -23 -22
47 14 -81
21 18 108
50 22 -5
5 -28 107
22 -54 102
28 49 36
-41 4 -19
31 50 88
0 -22 67
11 -29 -89
35 31 -104
49 20 6
15 -5 -96
30 -33 -31
-17 -19 -22
-54 -23 -77
2 -22 -12
-54 3 94
-49 -41 99
-9 -20 55
40 31 88
-50 4 22
-61 -1 54
17 -24 80
15 6 -32
-44 -26 -5
-1 24 94
49 18 41
-22 2 -29
40 37 -60
1 -22 -87
40 33 -16
41 -8 17
29 47 -91
-17 -10 108
7 -22 0
3 -22 31
-14 -20 -78
-14 1 -73
-49 3 45
-37 1 0
4 -2 -67
10 -3 -26
47 23 105
-1 -54 -100
32 -33 -64
-36 11 -110
28 48 19
-52 3 -69
49 20 28
-14 -2 -1
-62 -9 43
-26 2 70
-49 24 -97
-1 -32 0
11 -3 -85
-39 -55 98
21 -31 -109
-54 -23 -19
-32 28 -110
23 -31 -90
5 -2 -11
-9 21 -111
-62 -6 83
-62 -1 -79
23 41 -58
51 26 94
-21 -29 0
-35 -22 -89
-28 -18 -52
40 -11 -8
14 6 52
-20 1 -39
36 9 108
19 29 46
32 -46 99
23 37 19
34 -30 -85
17 7 -5
15 4 108
-8 -17 -110
15 -3 -65
18 24 63
-15 -26 95
14 5 33
40 45 -82
-6 1 -97
-53 -22 106
45 6 45
-48 30 96
17 5 94
3 27 108
18 17 -90
-43 4 -58
-25 0 94
44 2 -2
22 30 87
38 -7 98
-19 -55 -105
18 23 -52
44 3 -63
-20 -54 104
-5 -21 -23
-3 -21 80
-41 -17 57
-49 -1 108
43 -1 34
35 -17 98
34 -28 54
34 28 108
19 -26 43
-28 2 48
51 25 -94
0 -55 101
21 -31 -71
49 30 -75
1 10 -97
-38 -6 -110
-14 4 108
41 -7 -28
-38 10 108
-19 31 -99
48 17 -52
10 -23 -81
24 -31 -41
-17 -12 -110
-43 -27 68
-1 -1 70
26 31 -108
33 51 -17
-6 29 -110
-36 4 35
-51 -24 9
43 1 77
39 27 2
-30 31 99
-58 -14 84
-55 3 33
37 49 -74
-35 4 -76
-14 1 -23
13 31 104
-2 -21 -38
-31 -18 -32
-14 -20 -40
-5 21 -97
-10 0 -57
12 -3 -46
-23 2 15
24 42 -25
7 -17 -110
16 16 -34
-51 4 -17
-7 -1 88
-37 -17 25
-61 0 -59
-60 -9 -7
-18 1 -85
35 50 4
26 -32 106
-40 -54 -101
-58 -17 46
15 -23 -7
6 -2 85
-20 -19 34
18 -54 -102
49 30 -27
-49 -24 18
-6 -27 107
40 -10 37
32 -46 -101
36 -22 33
19 24 -84
-56 -22 57
11 18 -111
38 -15 -66
-34 2 -96
15 5 -59
-38 31 102
-17 31 98
21 -31 -23
-28 -18 -62
46 10 -20
-41 4 81
14 6 71
44 4 -40
25 45 55
23 -31 80
35 -26 -70
-52 -24 -86
19 -26 61
49 30 46
-58 -15 -69
40 34 -35
48 31 75
23 30 -5
-42 4 -32
10 24 94
19 28 -35
22 36 40
-18 7 -97
-58 -17 66
-42 -19 34
39 -14 -40
34 -22 -100
15 -23 -41
11 -23 19
-29 -18 -77
-18 -19 -32
-21 -19 82
-26 2 -53
-6 -21 27
40 32 58
-53 -24 -49
34 50 70
-1 -1 44
24 -31 -79
-17 1 41
-7 -27 87
39 -12 64
-31 -6 108
-59 2 72
-26 19 -97
-41 -14 -110
27 -31 18
3 -22 43
23 0 108
0 17 108
-57 2 -32
-24 30 -109
15 12 45
-35 -25 2
40 -10 80
-44 4 65
17 16 -18
40 42 46
-25 -26 -105
40 2 99
-54 3 -8
40 2 -105
-20 6 -110
13 23 108
12 -5 94
22 35 28
-30 29 107
47 13 -32
-58 -18 -85
44 2 53
35 -25 -31
36 15 -111
-5 -1 15
23 41 -42
-47 30 -109
47 12 59
46 32 -83
45 14 106
-55 13 -110
3 -2 -83
44 32 -53
-6 0 -26
-42 4 -67
-6 31 97
-50 -24 36
30 -29 -103
-47 4 -84
-55 -5 -109
-44 -24 103
-59 -10 -22
-13 1 75
-19 19 108
26 -17 -110
-5 -1 36
-8 5 94
1 -5 108
22 36 -69
-51 3 54
-7 -16 108
-43 -27 86
25 45 -78
14 -3 35
10 1 -110
21 32 -24
-12 -20 76
-9 0 54
-31 18 94
-9 -20 -58
-18 -19 -63
9 5 -97
27 -31 51
-19 -26 88
37 37 -97
32 51 78
45 31 -97
-20 22 -111
12 -30 2
-33 1 93
51 27 64
-18 -19 71
-47 -24 -13
4 -5 -1
40 38 -8
15 2 5
-58 -13 -41
-37 -17 78
29 45 1
-50 3 -93
39 -13 47
21 31 -99
-35 -24 90
40 39 87
-35 -24 106
43 -1 -22
-8 -21 47
29 19 109
31 51 28
36 -23 7
-8 -1 4
31 -28 99
50 22 -58
16 -24 -26
14 1 78
46 10 86
-62 0 89
-39 -16 -67
35 -26 75
-15 -26 -90
-61 -1 -51
-19 -27 105
15 10 16
23 37 79
-50 -24 1
46 19 98
-11 1 -110
-22 -1 -2
-62 -8 51
-55 23 95
19 -25 6
-42 -23 49
50 22 -42
-62 -8 -73
-26 -18 2
-9 -20 17
16 9 -13
40 37 29
38 -7 -107
35 -26 -51
7 -2 28
-27 3 -70
23 33 -90
-11 31 -104
-41 -18 -53
32 51 -69
-56 10 107
-57 -20 1
-39 -16 9
27 -32 70
24 -32 -98
35 -26 40
9 -3 -18
36 -23 -82
-62 -6 3
-9 0 68
40 43 15
42 32 -67
-7 0 -48
11 -23 -14
-57 -13 11
6 -2 -51
-5 -1 -14
29 -33 35
6 -2 20
2 -22 5
46 32 33
2 -22 -30
-37 3 7
-12 -20 1
38 -15 -17
-35 3 108
-35 29 -97
-39 -16 -85
-59 -10 31
30 -33 7
0 -12 -110
6 -11 108
-22 2 -20
-11 0 -40
2 -29 -104
13 11 -97
-7 -27 -91
42 -4 63
1 27 -97
46 9 -50
-19 -19 -47
-33 -17 36
-35 3 -11
-43 4 108
37 -21 -38
50 29 -9
42 -4 24
-37 -24 -6
-36 -17 -38
-50 -24 -38
-57 2 -25
47 13 24
-59 -10 -52
-49 4 83
-7 19 108
38 49 -10
39 48 88
7 1 108
21 -7 108
37 -21 86
34 -29 84
36 31 99
16 -24 -76
24 -31 28
-10 -1 -9
19 -11 -110
30 3 108
-41 17 108
44 15 -102
11 -23 -49
-62 1 -11
6 3 94
4 -22 77
-47 -27 -100
-17 -19 -85
-56 27 -98
43 -2 -35
15 -1 53
14 5 24
46 9 -88
16 15 -47
50 29 0
37 49 -47
40 -11 -54
-57 -11 -92
18 24 53
-37 4 63
-19 -19 -14
-38 31 -107
36 -8 107
12 -30 102
-61 -1 -40
36 50 -89
17 14 86
-40 -28 -105
51 25 17
-35 4 15
21 34 66
47 31 -38
34 -28 -16
36 6 -111
-56 -8 101
24 -31 59
-58 -16 92
18 25 -59
39 36 1
41 -6 -79
-62 -7 -16
46 9 70
47 14 -67
-2 -21 -67
24 42 35
-17 -19 61
27 -20 108
29 44 93
17 21 46
-5 -1 -89
-7 -21 -77
9 -30 -99
-58 -16 -5
-47 -24 -61
10 -3 7
-30 -18 81
-50 -24 -94
9 -29 87
-42 -22 -75
-3 -1 51
-25 2 -46
18 13 94
-43 -27 -35
-6 -1 29
-36 10 -97
-6 10 -110
-44 11 -110
1 13 -111
-27 -25 106
-22 2 30
-24 6 108
41 -5 -2
29 -6 108
38 -15 -83
-1 4 94
5 -22 -53
-57 -21 74
33 45 -97
-53 -24 -70
27 44 -9
-46 4 -48
43 0 70
-47 -8 108
36 -22 47
-23 2 -13
10 28 -111
45 32 4
17 -24 69
30 -33 -46
-25 27 -97
-53 11 -97
18 19 19
-58 -16 104
38 -16 -95
17 16 76
26 45 81
-21 -17 107
-17 -19 53
10 -18 108
-43 -27 12
15 -23 0
-19 5 94
50 21 -19
38 -15 -24
-29 -18 -70
19 -26 -55
20 16 -2
7 -22 25
-15 28 108
37 50 -57
4 -28 -90
-56 3 1
40 -10 10
-12 -20 -7
24 -31 42
17 -30 95
24 -31 -49
45 6 92
45 29 107
-51 4 -78
18 21 -97
28 -55 98
26 31 101
27 -32 0
-23 -19 27
16 12 -28
43 0 -89
42 -4 -12
7 -3 -61
-57 3 -73
-57 23 -106
5 -22 13
34 -28 21
35 -25 -5
-9 -20 33
-50 4 8
-58 -12 -108
-52 30 105
25 35 4
-25 -18 48
35 -18 105
45 28 -110
-42 -23 -88
40 37 72
40 40 -46
40 39 52
-18 21 94
-36 3 -110
-6 3 108
4 -3 -110
-36 -13 107
