12 -18 26
-31 13 -121
-72 2 101
36 35 -54
38 28 101
-72 1 14
-25 -18 -47
39 -16 -111
-8 -18 89
29 38 7
39 -18 -27
-50 -18 58
39 -16 69
-25 2 -1
2 2 -85
21 28 56
37 29 -100
-28 -26 -101
39 -13 -68
-15 2 49
16 15 -24
-32 10 101
2 -13 -121
-26 -26 24
39 8 27
4 -18 -13
24 -8 101
-32 2 -77
9 -18 -51
-45 2 32
39 -17 7
7 10 80
8 -18 60
-72 2 69
-47 -18 96
13 8 8
15 13 -60
-63 -26 23
24 7 -120
-10 2 -32
39 8 -8
39 7 -43
39 14 75
-25 -26 -5
39 -17 40
-72 -5 42
-3 14 -113
-34 3 74
13 6 41
36 35 -24
-9 2 22
39 14 -77
-13 -18 -72
19 -18 -93
36 34 34
27 38 -78
-19 -18 65
-33 -8 -24
-72 -18 85
-7 8 101
-10 2 -57
-23 -13 -121
39 3 53
24 8 -95
-23 10 -98
-5 -18 -98
-43 -14 13
-4 -18 9
-7 -18 41
-53 2 86
-30 -18 45
20 23 24
19 -18 80
28 37 75
-26 -11 101
39 -9 -90
9 -18 -73
-12 2 72
-32 2 -43
33 -18 -47
-4 2 -6
-56 2 53
10 2 -40
39 -4 86
35 25 -121
18 -18 3
-4 -18 -33
18 -18 -29
-51 -18 37
19 24 -6
-37 -18 76
23 28 -39
14 10 100
30 -26 95
39 19 9
39 4 -108
4 2 59
30 -25 22
22 -16 -121
-30 2 19
-72 -15 59
-35 2 52
39 23 51
18 21 -81
-33 -16 -84
35 8 101
19 -18 45
-53 2 14
6 -14 101
-20 10 86
-33 -12 -65
-26 -26 90
-14 -18 -17
-32 -2 -107
14 3 -11
39 17 -24
26 -18 -13
39 18 -58
-13 2 -76
37 29 -7
-54 -18 80
39 -9 24
-26 2 36
25 10 86
22 30 -63
-62 2 30
-15 4 -121
-8 -18 -50
16 15 65
-72 -13 26
24 -18 -63
7 10 -100
-64 -13 101
8 2 22
-21 2 -18
39 -2 -22
-21 -18 10
4 2 -67
-47 -2 101
31 -26 -101
-12 -18 24
39 -14 101
37 29 85
-72 0 85
-21 -18 -32
39 2 -61
24 -18 63
-53 2 69
39 28 -39
18 22 40
-10 -8 101
29 -18 -79
39 12 -93
8 2 -121
23 28 -94
-61 -14 13
39 29 65
6 2 -24
13 -18 -108
39 29 -84
-29 2 -58
26 37 22
37 -4 -121
-39 -18 27
-32 -10 -7
-4 2 37
-5 -18 73
39 -2 10
-18 -18 -88
-63 -26 94
39 -11 -8
33 36 49
-7 -18 57
-35 -18 62
-64 -18 45
-18 -18 -108
39 23 25
30 16 -110
19 22 9
39 -11 54
39 0 -78
39 -8 -38
38 29 -70
31 -26 -2
23 31 -19
23 23 76
17 16 -45
-32 2 -92
-9 2 8
35 -18 84
-7 10 -97
-18 2 -45
7 -18 87
39 -3 40
-32 -16 -111
39 12 -120
39 16 90
-4 -18 -83
-24 2 60
-64 -18 70
13 8 -77
-21 -18 80
-72 0 56
14 12 -113
2 2 -51
39 2 69
-24 2 -33
-16 13 -110
16 16 52
-1 -18 -61
14 3 70
-4 10 87
-20 -18 -61
39 16 62
-14 -18 -1
-21 1 101
-18 -18 49
39 18 37
-33 -13 -37
9 -18 13
24 -18 31
-40 2 91
15 12 29
27 37 -6
20 -18 -44
-31 0 -120
-5 -18 -111
2 -2 101
-16 2 -88
-33 -9 6
24 33 38
26 -18 13
36 32 16
-32 2 -12
-41 2 63
-59 2 97
39 -9 -55
27 38 62
-41 0 13
-23 -18 32
-51 -18 22
7 -18 42
19 -4 -121
-32 -12 -99
-9 2 -19
-26 -18 -18
-46 2 45
-29 12 -109
23 5 -107
13 3 -90
31 37 -91
-35 -18 95
3 2 4
23 31 -51
19 -18 92
4 -18 0
-9 -8 -121
8 -18 -88
-32 10 84
30 -18 -35
-72 -10 75
29 37 -43
14 3 -52
-72 -15 14
27 37 -32
2 2 73
15 15 -12
14 4 53
-34 -2 101
-28 -18 -73
-2 2 -40
-8 2 60
-1 2 48
-33 -9 -48
39 1 -97
8 -18 -35
-32 -18 18
-40 -18 51
29 -18 74
-19 2 14
39 17 -36
-1 -18 31
39 -2 -2
-23 2 -70
39 23 -110
17 20 -68
31 18 -98
-72 -2 31
-23 7 76
12 -18 72
12 -18 -62
39 -2 97
13 -5 101
15 -18 -18
-62 -18 56
-16 -18 96
-72 -8 94
31 37 -66
24 -18 -104
-72 -17 36
16 13 18
15 12 -35
6 -18 -99
-3 3 -121
-61 2 41
39 -11 -79
-53 -18 69
30 -18 -92
3 -18 -24
17 16 -92
39 -16 -100
39 19 -2
-15 2 37
32 19 101
-31 2 -24
4 14 -121
39 18 -13
29 -18 53
-42 -18 86
36 -18 18
-13 -18 -40
-16 2 -8
4 10 95
39 -7 -106
18 11 77
-16 10 97
-9 14 -121
20 25 -28
25 10 97
-29 -18 2
22 28 67
-59 -18 31
39 12 47
1 -18 -44
-61 -18 89
39 4 -30
39 -7 75
39 7 16
-28 -18 72
39 4 80
-45 2 75
1 -18 19
31 18 81
-24 -18 -97
-31 2 8
2 2 -14
-2 2 -76
-36 2 41
34 -18 -60
-7 -18 100
-31 -18 85
35 -16 -121
-52 2 25
-13 -18 -119
16 16 0
1 2 15
-61 2 76
33 27 76
23 30 15
22 30 3
28 -17 101
-63 2 64
38 29 5
19 23 -57
15 -18 -7
12 -18 -119
15 10 89
-72 -18 96
-63 -3 13
33 36 -15
34 -18 27
-19 14 -120
-32 -2 -34
29 -18 -24
23 31 -84
-52 -10 101
20 -18 -74
17 -18 56
29 -18 40
-39 -18 40
-40 2 24
39 -3 -46
19 -18 -55
39 13 -67
39 8 6
7 2 32
-13 -18 -27
39 8 -19
-25 2 48
-26 -18 57
-4 -18 -8
-10 -18 -60
-72 -7 64
-8 2 -67
39 27 -18
2 -18 51
39 -8 64
-32 0 -68
39 25 -49
22 29 -73
15 -15 101
39 -17 -17
39 28 42
-51 -18 47
39 6 90
-1 -18 -71
-72 -15 49
-30 -18 -57
-32 7 -101
31 17 -120
14 5 -65
28 -18 2
33 23 91
20 -18 20
-40 -9 101
-20 -18 -9
39 7 -84
-50 -7 13
-12 10 81
30 0 101
39 24 -30
35 -18 60
28 -9 -121
39 28 -60
39 22 -94
-31 -18 -27
14 3 -29
23 31 29
39 -17 -39
-28 10 92
14 4 -1
30 -18 -112
19 23 -17
15 -18 36
-1 -18 64
39 -3 -12
-13 -18 14
6 2 -6
39 16 -46
17 -18 -83
20 1 101
-21 2 -79
39 18 -85
-19 2 -61
-2 -18 81
-2 10 77
39 -10 33
14 6 -104
36 35 -77
3 9 -92
-68 2 48
13 10 -122
30 -18 91
39 -13 90
31 -18 -71
-47 2 56
-37 2 83
-8 2 -49
-16 -18 -52
-20 -18 21
-15 -18 38
39 -10 13
-62 2 89
-72 -4 22
36 34 59
37 -18 -85
39 17 -101
-8 2 -83
3 2 -33
4 -18 -114
-31 2 65
-14 2 0
-25 2 -50
-5 -18 -22
-2 2 27
-31 2 29
39 4 -71
-21 2 29
33 3 -121
7 2 -58
12 -9 -121
24 34 49
-62 -18 22
28 38 -22
28 11 -103
34 35 26
35 35 -35
-29 -18 26
7 2 -77
39 8 -51
28 38 -58
39 14 -111
39 6 38
39 -8 4
39 14 21
-24 6 -121
-52 2 38
-2 2 -61
39 0 22
-1 -18 94
-3 2 -25
9 2 14
-72 -9 84
27 11 77
34 36 -1
39 -18 -2
39 23 -76
-33 6 -113
39 16 100
18 -18 11
39 -11 -46
-16 -18 87
-64 -4 101
-10 2 -40
3 -18 73
14 3 -19
-4 -18 0
-52 -18 89
15 13 -84
-66 -18 79
8 4 101
39 -10 45
-25 2 -88
-24 -4 -121
23 31 -11
39 23 72
31 37 41
14 9 59
-29 -18 -7
-72 -2 76
27 38 32
-14 9 -93
-7 12 -105
-32 -4 -17
-33 -10 -90
39 4 -116
39 -10 -23
4 -18 -81
-14 -18 -81
39 -2 -87
-37 -8 13
-16 2 64
-7 0 101
-2 -9 101
-41 -18 69
-47 -18 76
12 -18 -43
39 -4 -71
-30 -16 -121
39 0 60
39 -4 -30
-72 -9 35
-30 -18 36
-68 2 37
-69 2 92
18 21 60
-32 -1 -51
36 34 -46
30 37 15
14 9 -95
-32 -1 0
39 27 33
31 -18 -100
-32 -7 -116
-33 -7 -58
-24 2 69
31 -18 -6
20 21 -35
14 9 -45
-5 -17 -120
21 27 45
-59 -18 97
37 33 71
36 -18 47
-33 -5 -81
-25 -20 95
-40 -17 101
-72 -17 71
39 -18 -74
-64 2 19
-46 2 19
-13 -18 -101
-24 -18 -112
-15 -18 75
39 -11 81
-69 -8 13
14 -18 -99
1 -18 -105
-43 -18 33
12 -18 49
-9 -18 -89
-12 10 91
39 19 -117
-32 10 76
39 -10 -116
-32 -3 -99
33 -10 101
15 14 45
9 -18 79
-13 2 30
39 0 32
-10 -18 81
-30 -18 10
-19 2 -25
-14 -18 59
-25 -18 -85
-12 -18 68
-1 -4 -121
39 22 16
39 12 83
-9 -18 49
7 2 43
-19 -7 101
39 0 -54
-57 -18 42
-46 2 84
1 -18 -90
17 -18 65
1 12 -104
-14 11 -100
20 3 -100
17 17 34
39 28 92
-31 9 -94
18 17 73
39 24 59
24 31 74
-69 2 25
30 15 90
30 30 -95
-66 2 57
-4 3 -90
-25 -18 -104
15 15 -73
11 -18 96
-32 -11 -106
21 25 -46
-28 -18 -40
11 -18 -25
-41 2 98
-72 -7 49
-16 2 -52
-52 2 94
-23 2 21
-20 -18 -71
39 9 -100
39 11 -60
-8 2 51
-16 -5 -121
26 -2 -121
3 -18 8
39 0 -39
-8 -18 32
28 -18 83
39 9 -1
-23 -18 43
-12 -18 7
20 -18 73
-32 -18 52
39 20 -66
-21 -18 -2
39 -16 -54
-56 -3 101
16 16 -52
6 13 -112
24 19 -95
14 11 -18
39 3 46
23 30 -31
-20 -18 -40
39 9 69
23 -18 -112
23 -18 -35
-18 2 -38
-53 2 76
14 4 33
33 23 -106
17 4 -121
-33 5 90
36 30 51
-71 -11 101
20 23 -89
-25 14 -115
32 21 -115
39 25 79
25 34 -68
0 10 101
24 -18 -5
39 29 -93
-34 -13 101
-24 2 7
-66 2 83
8 -18 -6
39 -13 -61
39 19 45
39 -11 -32
-57 2 60
29 -18 -54
-45 -18 43
-47 -18 65
-19 2 43
-16 -18 -95
39 12 56
39 -4 54
-8 2 43
-15 -18 30
39 22 -43
17 -18 -68
-22 12 -105
9 4 76
37 29 -115
-32 -17 -46
-25 8 101
-4 10 95
31 37 69
-32 2 -85
28 12 -116
14 5 19
-10 14 -114
37 -18 95
12 2 59
-21 8 -91
39 -10 -16
39 -17 32
23 29 22
-15 4 101
29 38 55
20 25 31
-26 2 -40
-21 -17 101
21 24 16
-66 2 72
25 -18 -87
-1 2 64
4 -18 26
39 23 -8
-8 -18 -77
-21 -18 -23
39 18 30
-26 -4 101
4 -18 -66
26 37 -51
-29 -18 -92
-57 -18 18
35 35 -84
14 10 -7
-66 -18 35
-27 -21 19
-16 10 77
19 23 2
36 34 -63
13 2 -81
16 14 8
30 -19 20
10 2 -71
24 6 -114
14 10 70
35 35 8
9 2 -47
24 33 -45
23 32 60
-4 3 75
-72 -18 43
-66 -21 19
36 30 -30
-3 10 -122
-72 2 43
36 30 -13
39 -7 -97
9 2 65
-68 -18 25
7 10 89
6 -18 33
2 -18 -55
26 35 -38
-53 2 47
-7 2 16
-41 2 49
-56 -18 53
36 -18 -94
-16 2 7
39 11 -28
-9 1 -121
-25 -18 87
-7 -18 16
-7 2 2
39 -2 -114
-15 2 20
14 4 -59
-39 2 69
-59 -18 62
22 -18 38
23 -18 51
9 -18 5
-45 -18 20
-29 2 54
-7 2 -12
-67 -18 64
-23 2 -11
39 14 4
39 3 -14
39 12 35
-26 -18 -63
39 1 4
-25 -18 49
-18 2 56
23 -18 -22
-34 2 35
-34 2 59
13 10 83
13 -18 85
-58 2 22
-42 2 38
-54 2 31
-3 -18 25
-1 -18 38
34 -18 -106
-33 5 97
39 -7 101
-37 -16 13
33 -18 -17
22 -18 98
-33 -9 -31
18 23 48
-9 8 76
-36 2 16
39 28 11
-33 -2 13
24 33 -57
-30 2 -6
12 2 5
-66 -17 13
27 9 -109
24 33 -90
0 -17 101
-46 -14 101
-72 -4 101
17 18 -6
-30 2 -30
-54 -16 101
17 16 25
-65 2 101
6 3 -90
26 36 0
-67 -18 90
33 24 -100
-31 -17 -103
14 10 0
-33 -13 -54
14 10 35
-30 -18 100
-32 13 -115
-25 -18 63
-14 -18 -66
11 -18 -12
-35 -18 70
-41 -18 94
-68 -18 53
24 33 10
-15 -11 -121
39 -4 -60
22 7 101
39 -10 -2
2 -18 -32
-3 -18 -14
-52 -18 29
-72 -13 65
-15 -18 -33
-72 -7 57
7 -4 -121
-12 -18 -109
39 6 -90
-18 2 70
39 8 -78
39 -3 16
-20 -18 4
39 19 80
-46 2 69
29 -18 -119
28 -18 46
7 -18 67
8 -18 19
-53 -18 95
7 -18 -106
18 -18 -61
-46 2 26
30 -18 33
-39 2 30
37 -18 53
26 -18 -46
-62 2 49
-54 -13 13
14 3 101
8 2 -13
39 13 15
-7 -18 -70
27 37 -16
-5 2 69
35 26 96
39 29 -106
37 -18 -8
-31 7 -121
38 29 -24
39 23 86
38 29 -78
38 29 -54
39 -15 26
-33 4 -107
-33 -16 -70
18 21 -74
-33 -14 -1
25 17 76
-71 2 63
14 9 -54
-59 2 13
-28 3 74
-31 -18 -14
-7 -18 63
-41 -18 62
10 10 94
39 -9 95
19 10 96
3 2 53
-31 2 45
-59 -18 74
6 -18 -60
2 2 40
17 -18 -115
19 -18 -13
-20 -18 72
-23 -18 -77
39 -15 76
14 -18 -34
-37 -18 21
14 -18 16
28 -18 26
34 -18 78
15 -18 -50
39 23 3
-3 2 8
-9 2 -25
17 -18 30
-48 -18 15
33 -18 -29
39 20 -52
30 -18 -65
2 10 84
28 -18 68
39 8 -35
-19 -18 56
21 26 -81
-58 -7 13
39 14 -54
13 -18 -1
-13 -18 45
39 18 -72
-24 10 81
39 6 74
39 12 -13
-10 -18 -12
-7 -18 -40
-13 2 14
39 23 -36
-14 -18 -7
39 16 69
-25 2 14
-10 2 -6
-5 2 -35
36 2 101
-30 -18 91
-29 2 101
-51 2 60
-25 2 -27
-72 -5 72
8 -18 54
-1 -18 58
-47 -18 83
-18 -18 -114
-20 10 92
39 20 65
1 -18 87
19 -18 -108
-47 0 13
-31 -18 -33
-37 -18 33
2 -18 -38
-31 -18 76
24 -18 -70
31 -18 -85
-5 -18 -105
6 -7 101
6 8 -122
25 -18 -95
-1 -18 -77
-72 -11 45
14 10 -27
18 22 54
-59 -8 101
39 7 -65
-25 -23 0
39 23 -101
18 -9 101
24 33 67
24 34 -27
35 -10 -121
22 -10 -121
-33 -5 -72
14 9 48
16 15 -30
20 26 -12
-52 2 101
39 23 -24
13 6 27
14 11 -67
34 36 -71
14 9 -89
-72 -18 20
37 22 101
35 -18 -79
-32 -3 -42
-8 8 -91
-33 -4 -88
14 3 -96
-5 10 81
