-20 -26 -5
24 43 115
29 43 -114
-34 -33 -111
-42 -13 83
30 43 -26
30 -11 54
28 -20 -68
-40 43 113
-44 -13 -57
20 43 59
30 -11 -14
5 -2 99
8 -4 -114
-44 -11 34
19 27 -71
-33 10 -102
-3 -9 -41
-10 -26 56
8 -9 20
-11 -26 -79
-30 9 109
30 20 85
-7 35 102
-43 -9 -24
12 -31 79
30 5 -92
29 20 39
-2 -33 -108
30 17 -43
19 20 -9
-44 -15 -89
-16 -26 27
-44 -13 5
26 14 113
23 -22 -97
30 -9 83
-13 -9 79
23 -22 -41
7 -26 -18
-25 -26 -43
-20 -10 -114
-37 -21 58
-25 -33 79
21 43 -51
11 -26 40
24 18 -114
19 16 62
29 43 -89
29 -19 10
19 43 85
5 -9 -70
-20 -9 -62
-2 15 116
9 -9 68
-44 -10 -113
29 5 -65
-7 10 -101
-2 -9 -3
-20 -9 -23
-6 -9 40
-23 -9 13
3 -9 -92
30 -10 31
-2 -26 -56
30 -7 -114
-20 -9 -90
-34 -25 -72
-23 29 116
-44 24 104
-12 10 97
-2 -26 11
19 24 -95
-26 -9 45
11 24 102
30 41 41
9 -26 -81
-26 -7 95
-35 -25 20
14 -9 -27
-44 6 94
-31 -26 -23
29 38 -7
-10 -26 -31
29 43 -68
19 23 -28
25 1 100
30 30 102
13 -9 -52
-17 -26 -99
-34 -9 -41
12 -26 59
-29 -9 -5
-25 43 102
17 -9 0
-6 -26 79
19 -6 -82
4 42 116
12 -22 -114
30 34 71
-34 -26 39
13 -9 47
25 -21 70
-21 -9 63
11 11 -104
-2 -9 -21
-18 9 -114
14 -15 86
30 29 -56
30 29 54
30 -10 -53
18 -5 -100
-32 -9 -76
12 -25 22
-31 -26 -89
12 -25 2
5 -26 -38
30 19 -81
13 -24 -63
-32 -8 -101
30 -9 -32
-3 -16 -114
-43 -9 66
-21 -26 -62
-5 -9 59
-10 -9 -76
19 39 -101
-13 43 116
-8 -9 20
-40 -20 -10
13 40 102
-6 -26 40
30 33 -40
-10 -6 95
20 17 -56
-29 -9 29
24 -22 -24
3 -4 83
17 29 116
-41 -9 49
-20 -26 12
-18 -9 -45
-25 21 102
26 -21 41
30 29 -105
19 24 75
-2 -26 -5
-23 -26 65
30 29 -19
19 9 -76
-3 -26 -92
-5 -9 -58
-29 -9 78
-17 15 116
-36 3 -114
-34 -25 -55
22 15 97
-7 29 116
-19 -33 -112
19 32 36
19 29 90
20 -6 -65
-39 -20 -103
14 7 108
-8 -5 -101
-32 -26 2
-1 10 -114
30 -10 -91
22 -22 -9
19 40 -79
23 -9 18
-3 20 102
-25 -26 50
19 38 -18
16 2 90
19 21 49
-35 20 115
11 -9 -13
-26 8 96
-35 -23 76
-41 -19 -34
-20 4 -101
19 31 -114
27 -21 -111
19 42 -37
19 28 -47
14 -9 34
-11 -26 -17
-2 -26 26
30 19 -66
24 -22 -84
-44 -13 18
-44 -16 -73
21 3 -114
13 -24 -50
-8 -1 -114
-37 35 102
30 33 -77
-21 -20 81
-1 -26 66
30 40 93
-30 -19 -114
-12 -9 6
-12 -9 -12
-11 -26 -46
19 30 63
11 -26 -100
30 0 -79
-3 5 106
30 17 69
30 -9 0
-42 11 106
30 9 -106
30 30 -91
19 13 -89
25 -21 27
28 -9 66
-43 -1 -102
-3 -16 86
19 35 -61
19 -9 -40
-37 -1 87
19 42 71
25 -21 -56
30 16 55
-32 -9 -63
19 34 50
24 -22 57
11 15 116
-35 0 101
27 17 -19
-15 -9 31
-28 43 116
19 -9 75
6 12 100
-18 1 89
30 25 -5
30 42 80
13 -23 -29
30 19 -31
-22 -26 -75
-31 -9 -19
23 -8 92
4 -9 7
-18 32 102
2 1 -101
-1 -26 -72
-31 -9 56
0 -26 50
-13 -9 -33
-18 1 102
-2 3 91
-40 -20 -46
-2 -9 74
13 -23 70
-44 -9 -7
-13 -22 -114
30 1 89
30 16 -97
-22 -26 -32
-30 -9 -52
19 27 -84
30 -11 -76
19 16 84
30 43 -101
-39 32 114
30 43 104
19 32 -5
19 18 -40
30 -13 -104
30 42 52
-31 -9 -87
-21 -9 -79
-8 -9 -87
-12 -26 68
-17 -26 41
-27 -26 29
-18 -26 -87
30 43 -57
5 -21 81
8 -9 -41
17 -22 49
4 30 116
8 -9 -82
-29 -9 -31
12 -32 -109
28 26 112
-44 -9 -45
-39 -20 29
30 43 65
-40 -20 46
-17 -12 90
-38 -21 -81
29 43 -43
19 -22 79
-30 -14 87
30 32 86
-2 -9 29
-11 -9 50
19 -9 60
17 -10 -114
-22 -26 -17
19 6 -97
-11 -9 68
30 10 104
-30 -26 -102
-38 -21 10
30 -1 -102
19 37 -89
19 34 -28
-11 -26 -66
-40 -20 -21
-32 -9 68
30 -14 -43
3 32 102
3 -9 51
-10 -26 2
21 11 -65
19 19 -105
30 33 -66
-31 -26 -11
16 -22 -90
30 30 36
12 10 -114
-30 11 -113
28 -9 44
18 -22 -72
-44 -11 -100
20 42 43
0 43 102
-34 -9 16
-31 -9 5
14 -9 10
30 -8 -65
30 27 64
17 -22 11
18 31 102
-15 43 104
-36 11 98
-13 7 108
0 -9 93
30 19 -53
-42 -9 -34
24 -22 1
8 -26 -8
-27 -2 -114
-15 20 102
30 30 -29
19 29 -37
-17 -9 -3
-1 -26 -26
3 -9 -32
13 -9 -91
-16 -9 41
19 28 -19
-35 -9 40
19 29 -104
-41 -19 -113
12 -8 93
-15 -32 79
19 43 -113
5 -9 -60
4 -9 40
30 20 103
-21 -8 -100
13 -6 82
19 22 38
-41 -19 69
29 33 -114
16 -22 31
21 -9 -16
1 -32 75
30 11 -75
-12 -9 -52
-8 -26 18
19 42 -68
19 0 -90
-34 -26 66
14 43 112
30 24 75
-43 43 102
-39 -9 26
-44 -16 55
-42 -9 -81
16 -2 100
19 34 81
17 -22 -18
27 -9 -23
-7 -4 84
-10 -27 -106
19 18 -80
-29 32 102
19 27 -57
-20 -9 22
19 43 95
-40 -20 -61
30 -15 22
-34 -26 -40
7 -26 -91
-35 -9 -114
29 -17 79
27 15 78
14 9 96
28 43 -79
-34 -32 77
7 -26 15
7 -26 30
-40 -9 -16
-38 -21 -94
28 -20 -33
-44 -9 -66
21 43 -26
22 -3 85
30 4 -114
8 -8 -100
-27 -1 87
-34 43 107
27 35 112
30 -18 -7
-1 -9 -79
19 37 -45
-20 -9 52
30 19 -106
-26 19 116
-23 -26 -53
30 38 -17
30 35 -48
22 -9 -50
20 40 -9
24 -22 17
-36 -9 92
30 25 94
-25 -26 20
-23 -9 -13
-5 -26 -38
-10 -9 -66
3 -26 3
30 24 -74
-23 -9 36
24 -9 -7
18 -22 -105
-12 -19 83
28 -20 -16
-35 1 -101
19 16 72
-10 20 116
-29 -26 11
5 4 105
-15 -26 -56
2 11 -102
-2 -26 -16
-1 -9 -12
30 23 47
22 -9 27
8 -9 -2
-34 20 102
-30 -26 -80
8 -9 59
-18 -1 -114
30 -11 13
5 -14 87
29 -19 -91
7 4 91
-3 10 98
-39 -20 0
30 -17 63
4 -28 -112
-10 10 -114
8 -26 -72
14 -22 -41
-1 -26 -81
-11 -10 -114
8 -13 -114
-21 -9 71
20 3 -65
-21 13 101
-27 -28 -112
28 -20 50
23 5 93
-16 11 -104
24 -9 7
30 33 45
23 -9 36
-31 -26 -63
-5 43 109
-34 -25 49
3 21 116
-42 -2 93
23 43 -95
7 -9 30
-39 -9 -91
19 21 100
-21 -9 5
0 -7 -114
0 -26 -104
-3 37 116
-41 -9 75
21 -9 51
-3 -9 11
-20 -26 57
30 9 -85
3 -26 -65
-13 -26 49
-23 -26 2
30 16 95
-16 33 116
19 -2 -75
-35 -25 -31
-7 0 101
30 25 -46
21 21 116
-44 -2 -111
9 -26 50
-34 5 93
-44 34 107
23 -14 86
-40 -9 57
-21 -4 83
19 20 -63
-22 -22 -114
-39 6 -106
19 19 -21
-25 11 -104
-35 -24 -110
-44 -15 41
22 6 107
-42 21 112
-25 -9 -68
30 -6 -84
19 27 55
-17 -26 -38
-15 -26 -24
11 35 116
-8 27 102
30 23 -14
19 33 -96
-40 -9 11
-26 3 104
30 34 60
-29 -26 59
30 39 -34
19 29 44
-16 -9 -71
-10 -26 -87
-10 -26 32
-15 -9 15
29 -19 34
27 43 73
19 5 -84
30 25 -97
-23 -9 -38
21 -22 -63
23 17 44
18 -22 64
-25 -26 -96
30 35 -85
30 25 -37
-13 -9 60
30 21 -89
-11 -9 -26
5 4 -114
-37 -9 -50
22 -9 -29
5 -9 76
8 -9 -21
5 -26 -53
19 33 70
19 16 -97
-11 3 -101
30 32 -12
30 -9 75
-22 -27 -106
-27 -25 79
21 -22 -33
29 24 -114
13 3 -101
-44 -6 86
24 -14 -114
21 16 54
-44 -16 -15
-41 -19 18
20 43 -60
30 38 -108
-11 -31 -112
-44 -16 -107
-36 -9 -27
-10 2 90
27 -21 -48
14 15 102
7 43 107
24 -9 -58
-3 -24 -112
19 11 -114
3 -26 41
19 34 -72
18 -9 68
-11 -9 -43
-10 -26 -7
-1 -26 57
-36 -9 -4
-10 -9 -2
4 -26 -46
-3 -9 -51
30 27 -82
-27 -9 21
-2 -9 -71
-10 -26 -97
30 -2 -95
-12 -26 11
-3 -9 66
30 13 -113
-20 -9 -53
17 -22 -81
20 17 -47
19 43 51
-22 11 112
-26 -26 37
-17 -5 96
-11 -9 -95
30 6 95
-35 -6 82
7 -26 66
21 -9 44
30 34 79
7 -26 -26
-16 -26 20
-37 -9 -57
1 -8 -100
-1 -9 20
-1 -26 18
30 33 94
-6 -9 -33
-8 12 113
-36 12 112
30 -16 -62
-31 29 116
23 17 -33
30 -16 -22
-44 -16 -28
13 3 -114
14 -9 -77
-16 -26 74
28 -20 -102
-41 4 101
-22 38 116
-44 -16 76
20 -22 -114
-22 43 109
-25 -2 -101
19 37 -109
19 29 -12
30 -15 -85
24 37 37
22 43 -85
26 43 -19
4 -19 -114
-32 -9 -12
-2 -26 34
30 9 -99
19 23 -111
-26 -9 -94
4 20 102
-27 -26 71
12 -9 -66
17 -9 -9
19 20 90
-16 24 116
30 13 -91
11 25 116
-35 28 102
30 -4 -72
-35 -25 -17
30 33 -99
-41 18 102
9 -1 87
-43 -17 62
0 10 111
-44 -16 -51
30 -17 1
30 23 57
-36 6 106
-33 -19 83
-25 -2 99
17 -22 39
30 -16 70
-34 39 116
-38 -21 36
-34 -25 -47
19 38 90
-5 11 -108
-34 -25 31
30 -14 39
-30 13 101
19 38 65
-10 -11 90
-26 -26 -68
19 37 -53
-21 -26 32
-25 -33 -107
17 -22 -4
-8 -31 75
27 43 86
-10 15 102
26 17 -61
17 11 -108
2 -26 79
13 -23 -12
23 43 104
24 38 -114
-44 -16 -4
19 23 63
-18 8 95
-44 -16 10
5 -26 22
30 -18 -76
19 15 116
-26 5 -114
-43 -17 -95
23 -6 -114
22 43 -106
19 -22 -52
-29 -26 -34
-18 -26 -68
19 27 81
30 25 -63
5 38 102
19 20 -74
-8 -26 -60
-29 4 -101
-40 -9 -75
-23 -26 -82
-26 -13 -114
-17 -26 -12
-17 -26 5
-5 -9 47
19 32 -79
19 20 -86
2 -26 -32
30 21 -24
14 -9 17
23 18 -14
23 17 -26
23 26 -5
7 -29 75
30 16 46
-2 -4 98
22 -22 34
-16 -29 -106
6 -33 -107
-44 -14 -40
28 15 63
27 -3 95
-44 -16 -82
-32 -4 97
30 40 -95
12 -25 -22
30 11 -67
30 -17 -55
30 37 -24
26 42 -12
23 27 35
29 19 109
30 -14 -70
11 -26 8
-20 6 107
-3 -8 80
-6 -20 81
2 7 95
19 35 41
13 -21 81
29 15 89
-43 28 110
-42 12 99
-41 -19 -55
12 -26 -36
18 -22 22
30 39 -63
8 -27 -106
-39 -6 -101
30 -2 -66
-36 -9 34
18 -22 55
-22 -9 -29
18 35 116
30 37 -55
-25 -9 -46
29 31 -4
-13 -9 -58
-26 -26 -4
30 -14 -97
-20 38 102
16 -4 -114
-22 -9 30
-35 -9 47
-30 38 102
13 -9 76
18 -22 5
-12 -25 79
-8 -9 32
-17 -26 -80
30 40 59
-5 -26 -47
-8 -9 -19
5 -26 56
-3 -9 3
-3 -26 1
-5 -9 -96
-8 -26 -23
-15 -4 -101
-13 37 102
9 30 102
-35 -9 -33
-32 -26 -95
11 -9 41
30 0 -109
-3 -9 -65
-5 -9 -27
-11 -26 -37
-1 -1 -114
-1 -9 35
2 -9 57
30 37 100
-21 -26 79
9 -9 -34
-25 -26 -24
14 -9 -19
30 35 51
16 -9 26
19 33 56
-18 -16 -114
7 -9 -53
-44 -16 -66
19 37 -34
30 -10 60
29 -7 89
-2 -25 73
13 -23 -57
30 43 -50
-31 15 116
28 -9 23
30 -15 45
-38 -21 -74
-1 1 102
18 -9 -71
30 -14 7
30 18 -37
30 -14 -111
-6 43 102
-29 37 116
-35 -9 -82
17 -9 -57
19 30 76
-36 -9 -68
-23 -12 90
21 -9 -23
0 25 102
-35 -25 13
-8 -26 25
16 -22 -96
19 23 -34
3 -9 -26
-38 -21 -87
11 -9 5
16 11 112
3 -9 -45
-10 37 116
28 20 -9
30 0 -89
-7 -26 64
-5 1 -101
3 -9 66
30 4 -74
-6 -26 50
2 -26 -11
-2 -9 -89
-3 -26 -65
3 -9 -17
-15 4 -114
30 18 -74
24 -9 56
5 11 -108
19 30 -66
-27 -9 -24
-39 -9 20
-26 -9 52
-27 -26 -58
7 -9 46
13 -9 63
-23 28 102
16 -9 55
9 -9 -47
-23 -9 -85
19 27 68
4 -26 -85
-41 -9 0
-16 -26 63
-15 -9 -86
19 25 -77
-20 -9 79
30 28 80
5 -9 -9
13 -24 -76
-3 -26 -99
-8 -26 -53
17 -16 -114
19 6 -91
-8 -25 73
-15 -9 73
-27 -19 82
-40 3 91
28 41 111
19 -22 -46
-41 15 112
19 24 -41
24 -9 79
30 34 106
4 15 116
-30 -26 -51
-12 2 103
17 -10 91
-43 -9 -52
23 29 115
-42 -9 41
-39 -18 81
14 -9 -97
-37 -21 65
23 15 66
23 43 64
26 43 45
-44 -16 31
-36 -13 87
-39 -14 -114
9 -25 79
-5 42 116
13 -26 -110
-36 -22 -67
17 11 -102
-15 11 -110
25 -21 -77
0 14 101
20 15 78
30 -10 -5
-3 -32 79
-40 -20 -29
-44 -10 27
-42 38 112
0 -1 87
8 8 109
-25 3 91
-20 -16 86
24 43 79
24 43 -40
-40 -20 53
-17 -26 -112
27 17 -48
-34 9 -109
-44 -10 54
19 -8 -91
-16 11 112
19 16 -111
-34 -25 8
19 6 -70
12 -25 16
-44 -6 -105
27 14 100
-41 -19 -40
24 43 98
21 -22 74
29 -3 85
-39 25 114
23 36 -6
-44 -14 49
28 -20 -40
23 43 -65
-42 29 102
5 -4 -101
-37 -21 -5
18 42 116
11 0 101
-18 -31 75
24 -22 7
-35 -24 26
24 17 -42
21 43 -15
12 -25 65
-34 -29 -107
19 39 -95
-36 -22 70
28 -9 -41
-40 -9 -41
24 -9 -34
16 -9 -86
-23 -26 42
-27 -9 70
-20 -26 -46
8 -9 -75
19 27 -90
-6 -9 -82
-16 -9 -38
-11 -9 25
-21 -26 25
-6 4 -114
-17 25 102
-27 -9 -57
-29 -9 -82
-34 -2 -114
-26 -9 0
19 18 -91
0 -9 -56
-8 -9 13
-40 -5 -114
-7 -26 -12
-6 -9 -9
-7 -26 8
5 -26 -3
-17 -9 10
21 43 109
17 -9 -34
-26 -9 59
-37 -9 70
19 35 -13
19 39 79
27 43 -109
4 -26 -79
