159 87 45
74 172 235
169 91 182
74 174 25
73 110 121
167 176 110
169 175 230
83 81 219
72 85 28
161 173 23
111 131 179
169 105 112
107 131 65
140 118 234
163 168 170
123 131 123
163 141 69
137 128 24
72 94 169
121 162 219
128 91 153
121 90 97
76 128 214
72 93 77
118 167 37
166 80 228
85 129 24
124 91 202
166 125 154
164 131 199
115 90 35
77 131 155
76 130 89
154 138 105
105 113 231
167 90 145
169 103 76
153 157 136
169 121 36
100 91 133
80 148 54
131 90 64
73 111 50
134 131 156
169 134 230
162 164 201
135 148 56
168 169 54
142 91 125
134 142 197
127 131 89
95 147 202
93 131 129
102 90 70
76 124 184
130 91 231
169 105 210
150 161 86
150 91 95
157 147 34
73 100 201
145 148 223
110 139 30
74 105 231
95 91 184
140 173 235
142 90 177
115 134 216
101 172 235
100 131 102
153 143 173
72 93 142
144 102 28
153 131 130
105 131 154
94 103 28
169 175 144
148 91 212
167 116 177
90 88 47
81 92 100
92 142 226
91 159 35
166 121 93
118 113 28
106 91 222
139 175 31
169 113 134
116 91 174
105 148 50
74 151 216
146 131 47
167 99 28
166 117 58
79 131 112
74 116 71
159 101 231
168 169 77
143 131 69
167 154 223
122 131 47
162 150 155
130 146 34
146 155 116
89 131 46
102 173 24
119 91 123
86 122 235
72 108 28
98 91 162
152 91 65
136 90 43
132 131 177
73 112 100
149 91 157
72 114 142
120 127 235
144 131 213
91 162 219
93 91 204
76 144 33
88 131 72
165 91 125
163 157 105
113 139 197
163 146 121
165 125 114
148 138 86
157 130 24
153 168 221
73 92 55
154 90 193
73 113 164
94 131 187
169 91 91
135 131 108
162 148 190
120 175 233
169 106 156
154 81 28
153 149 53
98 91 91
148 139 147
169 160 36
108 131 84
144 160 40
102 122 23
124 109 231
79 139 199
162 172 127
169 102 47
169 123 215
89 94 231
94 131 169
152 148 207
74 137 229
73 106 183
107 150 216
74 162 39
72 93 118
165 124 76
73 127 39
128 143 225
90 81 28
163 149 89
106 90 52
166 87 212
169 116 231
94 132 212
117 131 104
165 91 163
77 131 137
169 91 61
125 131 69
163 171 93
140 91 81
162 134 53
145 131 188
169 110 194
110 131 137
155 166 150
118 90 75
107 131 119
162 157 64
152 135 231
132 131 137
75 116 200
128 99 28
118 131 163
76 130 61
72 87 230
149 131 163
124 173 24
162 132 183
150 91 140
162 91 107
87 91 63
106 131 47
119 146 60
137 162 219
169 165 184
130 91 137
146 90 230
135 91 104
137 90 193
164 138 215
168 169 215
163 141 141
101 128 235
95 143 33
147 153 100
73 107 85
125 147 210
89 174 33
153 157 165
133 91 215
124 131 191
139 131 123
120 128 24
72 98 41
169 136 39
117 150 42
93 145 61
73 99 216
151 116 27
169 92 198
160 91 79
88 175 227
155 167 113
107 163 224
169 81 30
74 167 221
116 91 189
163 132 167
134 114 28
73 103 152
157 168 37
74 92 189
129 132 212
156 121 235
130 91 168
169 107 93
91 131 150
155 174 234
138 132 233
162 135 85
162 154 177
99 91 148
89 109 231
82 95 28
76 125 169
86 131 99
113 100 231
142 139 31
144 131 98
131 162 35
118 131 149
113 138 229
145 141 115
73 113 218
110 101 28
100 91 120
73 118 231
136 139 45
154 91 171
106 162 35
120 91 221
93 131 114
100 91 28
81 92 128
146 142 62
76 84 41
150 154 152
169 103 172
78 88 209
139 102 231
139 144 213
150 91 113
128 91 181
142 90 56
91 145 47
155 80 221
169 105 61
95 131 90
74 122 24
163 158 127
93 90 217
154 155 217
73 103 68
131 174 225
168 121 23
90 117 25
73 100 106
158 145 225
91 131 60
154 131 75
105 91 208
169 93 230
100 134 198
135 133 59
147 131 176
72 94 90
165 131 102
167 171 158
77 131 125
138 91 31
94 151 216
163 165 140
162 159 48
149 171 24
83 142 214
130 91 118
154 131 62
162 152 76
169 115 104
145 147 43
117 132 59
169 99 136
138 131 84
153 145 129
166 130 128
113 90 87
163 145 166
151 140 197
86 131 178
165 120 165
150 109 231
169 134 26
127 90 53
154 132 117
79 138 47
76 129 75
150 90 38
86 83 231
168 116 121
76 119 129
110 174 225
168 116 145
162 151 201
139 91 145
163 137 155
137 131 198
168 174 34
169 110 30
73 103 136
163 146 45
100 100 231
168 116 204
117 91 162
169 92 41
104 142 62
75 116 111
125 137 29
76 120 83
163 161 86
151 150 81
162 169 64
107 148 204
82 152 42
169 122 48
101 172 35
156 100 28
169 114 84
84 90 197
169 103 185
128 173 35
168 148 35
163 160 160
76 119 60
169 113 69
84 134 232
99 134 27
82 154 223
154 163 100
138 91 159
165 129 65
100 131 142
169 113 220
157 136 43
163 146 109
106 112 28
108 131 191
72 88 219
74 133 26
76 129 195
105 149 35
156 91 182
166 123 137
73 117 36
76 122 99
125 148 50
115 148 224
98 171 222
104 137 215
111 141 45
165 124 190
113 175 31
116 91 210
90 91 73
118 91 137
165 166 225
145 131 140
72 93 156
139 91 205
150 141 158
155 91 129
84 107 28
100 141 43
73 116 175
129 131 166
127 134 232
80 168 32
89 132 199
163 147 59
128 91 36
160 139 205
105 144 225
154 154 41
169 93 115
169 96 101
148 91 28
153 137 215
114 90 65
155 90 204
163 149 212
169 144 224
156 86 231
129 142 62
155 145 95
84 148 204
108 131 95
115 131 72
169 105 127
124 131 112
163 154 142
128 131 100
98 131 79
163 160 116
131 123 235
130 153 217
160 91 153
169 91 72
143 147 201
138 91 92
121 146 200
152 90 53
143 174 225
135 131 187
169 106 228
101 131 178
119 91 113
162 142 177
146 160 223
85 173 24
73 140 218
122 131 177
162 158 190
72 98 30
90 88 36
155 134 95
169 112 42
79 95 231
169 124 226
163 89 28
86 131 159
146 90 186
76 123 144
87 131 140
74 128 234
123 99 231
163 137 114
141 90 67
134 154 41
164 170 44
163 148 133
122 141 43
169 106 144
155 166 123
146 170 36
119 144 33
118 91 152
153 90 222
157 80 37
169 177 119
146 132 25
163 160 211
159 91 89
153 144 140
99 154 41
80 80 33
76 121 157
162 167 105
122 158 35
108 131 108
87 131 84
169 96 216
116 115 231
163 91 190
160 138 30
79 139 60
165 124 235
165 131 145
145 131 152
125 119 24
153 131 198
120 131 134
73 100 127
129 131 147
98 131 69
73 108 195
169 116 157
95 117 233
120 171 222
76 127 51
167 89 50
122 131 79
169 110 165
114 144 213
144 131 59
155 132 142
165 125 176
143 120 24
146 144 104
145 131 112
73 116 187
125 91 191
168 82 40
168 177 133
141 91 135
155 166 134
85 147 34
118 91 231
114 159 40
80 89 50
73 102 115
169 102 201
162 143 78
169 101 85
109 131 165
159 112 231
139 150 35
134 112 231
136 91 223
129 162 224
100 133 59
75 153 35
159 110 28
169 86 221
72 96 178
135 149 223
81 92 89
163 91 173
120 133 199
99 158 223
99 91 230
105 91 79
153 150 121
161 159 151
160 175 227
85 172 235
75 175 226
73 102 164
148 148 90
79 135 207
163 139 194
140 131 167
162 142 101
162 158 95
120 103 28
109 123 235
146 90 199
110 171 234
80 146 224
133 91 127
110 128 24
93 134 232
169 91 81
120 152 216
77 131 102
130 174 234
153 152 174
109 90 42
144 91 167
76 124 205
169 94 156
74 144 43
73 123 222
161 91 136
85 137 29
169 101 36
86 166 38
132 131 43
78 80 227
81 92 77
97 142 214
162 163 71
132 131 75
120 131 94
81 131 147
146 139 228
72 95 224
152 146 216
151 147 164
164 131 93
72 107 207
73 110 130
88 143 198
73 117 209
145 127 235
76 124 118
132 148 205
163 171 117
148 159 107
73 107 173
74 158 223
134 170 26
163 164 178
73 110 60
169 110 54
96 90 53
81 117 26
159 159 35
167 116 187
73 135 34
153 131 183
163 139 129
73 103 93
81 113 231
73 107 76
93 170 26
155 149 104
81 166 225
84 131 131
163 132 137
149 139 43
81 92 143
72 102 51
159 131 191
113 149 54
160 138 61
149 99 231
114 132 43
159 91 120
160 131 211
159 120 24
157 134 161
144 154 217
167 165 193
149 150 35
153 152 143
113 138 62
165 119 196
73 92 198
169 132 219
148 131 82
155 169 142
109 91 231
156 87 214
169 170 87
162 171 149
162 156 169
167 153 42
150 142 32
157 131 151
145 135 198
116 171 24
87 81 40
86 131 214
152 175 31
166 130 46
154 145 61
88 86 223
138 91 115
156 157 82
169 94 206
92 95 28
84 131 170
163 139 93
130 131 129
166 123 106
99 131 121
86 131 190
106 131 76
73 101 144
110 131 147
163 132 77
162 161 56
94 128 24
162 90 56
102 90 36
138 147 48
147 141 94
161 132 233
128 130 24
109 152 42
137 136 214
82 158 35
117 131 116
169 99 192
169 99 69
72 95 208
131 131 116
165 125 86
108 154 223
103 131 133
127 108 28
136 90 185
125 134 60
146 91 149
156 161 223
130 135 198
113 160 218
134 138 30
137 167 32
106 90 62
152 137 167
90 149 223
150 124 23
155 141 89
148 91 72
72 95 69
98 149 55
169 171 26
137 131 148
163 141 185
124 131 155
72 95 98
87 131 120
169 173 99
112 92 28
162 153 54
95 166 33
143 148 57
74 116 90
135 106 28
94 171 231
158 91 144
110 118 24
150 162 35
169 95 170
168 167 206
120 95 28
102 101 28
152 175 226
138 142 62
117 136 27
149 117 233
115 148 205
127 117 233
144 113 28
148 170 232
169 146 216
157 142 161
85 87 214
169 92 32
153 91 82
169 161 219
163 172 235
124 152 223
136 142 226
121 90 83
135 167 226
131 90 199
133 121 23
73 171 35
161 90 197
142 91 218
147 136 104
147 91 102
166 120 68
163 174 140
156 163 90
165 119 128
92 150 35
153 158 119
109 168 32
162 170 82
111 91 216
164 165 33
89 167 226
144 90 44
84 151 216
141 172 24
157 155 158
159 144 151
155 136 82
73 111 227
83 145 47
159 139 170
156 91 161
102 131 162
76 129 176
73 100 61
98 109 231
115 131 87
79 131 163
166 127 162
169 129 35
76 122 192
130 91 207
169 103 220
94 131 157
163 153 120
75 81 218
73 119 43
167 141 32
149 158 94
104 134 232
165 91 99
78 131 43
73 109 109
97 134 47
76 124 108
169 91 136
106 143 198
101 175 227
82 161 219
169 169 68
149 145 151
129 91 221
73 104 223
125 166 33
87 148 57
88 138 45
166 116 77
147 91 131
156 153 94
99 148 223
157 135 177
159 152 223
125 151 42
79 176 30
154 137 136
162 163 41
150 90 179
147 131 126
154 143 45
116 163 224
165 131 119
101 164 220
164 87 231
126 91 174
72 92 48
169 100 121
79 135 54
134 131 95
113 131 123
163 165 122
159 131 69
85 131 107
72 114 80
117 106 231
169 96 51
84 101 231
78 102 28
77 131 187
160 176 30
106 145 43
73 112 42
73 116 28
98 116 26
165 123 206
122 176 30
120 91 40
72 88 36
96 162 39
120 134 232
113 130 234
145 131 89
116 131 193
73 99 185
102 155 217
143 112 231
137 99 28
169 115 213
169 98 177
169 99 147
169 114 95
163 146 95
169 96 129
169 112 115
73 110 157
116 131 142
73 108 147
76 119 150
162 166 50
163 159 79
129 138 43
163 83 217
146 143 213
157 159 172
146 149 113
164 128 24
162 171 221
138 90 74
84 131 62
95 139 197
146 148 50
86 138 62
103 119 234
104 144 213
163 144 52
168 142 43
169 98 92
79 144 208
157 91 102
81 139 228
137 91 172
163 150 183
164 139 228
150 149 157
155 157 106
152 85 34
169 92 107
92 136 27
111 165 38
100 131 192
100 91 98
161 170 134
153 154 127
117 151 35
106 133 26
129 90 44
160 144 199
142 142 197
156 131 106
161 157 217
148 162 117
131 91 161
72 93 126
140 156 223
94 131 97
98 131 149
85 131 92
101 131 94
144 131 133
169 106 135
76 121 76
162 157 196
100 131 113
106 106 231
169 106 105
139 131 174
134 131 68
139 131 76
162 142 86
154 160 147
137 152 216
128 169 222
165 119 113
161 83 28
153 143 122
76 125 130
131 91 144
76 129 95
110 146 60
87 157 41
127 142 215
139 91 231
98 176 28
166 130 58
111 167 221
137 90 51
74 151 42
146 167 221
109 174 24
90 91 189
99 147 43
163 160 223
127 158 41
152 89 45
116 121 23
162 149 173
157 153 151
73 100 194
163 137 148
118 131 170
82 88 28
151 143 81
110 132 59
106 175 31
139 91 152
169 173 152
108 131 198
126 147 58
164 80 35
152 159 156
88 90 53
169 110 201
163 165 155
108 131 214
151 138 62
81 128 235
125 90 61
151 152 223
158 150 163
73 143 225
163 174 102
142 137 45
83 90 205
165 124 54
147 147 97
162 137 106
153 129 234
163 156 135
139 134 26
166 130 206
169 110 184
162 167 209
162 168 57
147 134 118
91 145 212
142 131 158
89 110 28
96 131 135
131 93 28
165 122 144
82 131 69
169 98 162
163 136 123
123 131 140
152 109 28
166 125 169
107 131 127
