-44 -29 28
41 15 -116
35 66 72
-46 -27 -77
40 -29 -25
41 -34 72
-41 58 44
-10 8 72
-24 25 -111
15 -29 -80
-19 -9 -23
36 4 26
2 -32 45
5 43 44
36 18 72
-21 -21 -115
-34 -33 73
-10 2 20
38 -33 -116
-44 10 44
-13 66 73
8 -29 1
-15 -9 -64
40 -10 -58
-40 34 73
7 -29 -42
7 5 -109
-46 -27 -7
57 -12 49
-46 -15 -45
-48 0 -110
40 -26 11
24 -11 57
40 -7 -92
36 36 44
-42 -1 15
6 12 44
-22 -13 45
-48 -34 -111
-39 0 73
8 33 72
9 -27 -114
-1 -23 73
16 -9 -20
-24 33 44
24 66 44
-20 -29 9
-15 -29 -88
32 -35 44
-41 66 72
-42 0 -82
-15 66 44
13 0 5
-23 -29 -40
28 -9 -115
45 -7 72
14 -9 -62
14 -9 32
-16 41 70
41 -28 -76
44 12 48
2 29 -114
38 -11 -8
10 58 72
36 42 68
2 -9 -85
17 -35 64
-6 -29 -19
30 -29 -47
15 7 73
-9 -9 -2
-41 -26 51
-17 10 45
-2 -29 -66
-20 -35 52
-19 2 -109
-7 -9 -43
-29 -29 -64
33 -9 -34
-22 -14 73
-41 -10 -20
-1 -29 21
-29 18 63
22 -29 22
31 -29 -96
40 -16 33
-45 -16 -96
-28 -29 -18
22 21 -109
23 22 54
-22 -29 30
-30 -9 -2
-22 -9 -89
-36 -9 -63
4 66 53
-41 -9 34
24 -29 -13
-25 54 58
57 -23 68
-46 -27 -28
26 -9 -78
-41 37 53
-2 -9 43
23 47 54
31 -9 12
-31 -29 -99
12 -9 -39
14 -9 -99
-6 27 44
-45 -21 10
-25 -9 21
27 7 44
-7 -29 -104
-41 -7 52
-4 -13 -115
17 -19 73
-15 -35 72
19 -29 -63
-24 -9 -47
4 16 63
22 -29 -30
48 -27 50
-46 -27 -59
40 -28 -7
-41 -16 68
-38 -15 -114
40 -11 52
-45 17 -116
20 66 62
-4 34 59
-5 54 63
-35 50 73
-15 49 44
19 -24 48
40 -17 -105
-15 24 73
0 -9 -22
1 -6 72
31 -25 62
7 3 21
-7 15 -115
-46 -8 -1
42 -2 -112
35 64 55
-11 -9 -100
27 -5 73
26 -9 -50
-12 16 59
-8 -29 -2
25 5 -109
-15 -5 33
2 -29 -91
22 33 65
-9 -29 -51
-36 66 57
-41 16 72
26 53 73
26 -29 3
20 35 44
-28 35 62
-30 -29 -79
34 51 44
-34 -9 -34
-1 -35 63
7 -9 -7
40 -28 -58
29 -9 42
40 -2 -77
-42 6 -97
-31 1 45
44 4 62
36 28 59
38 6 -99
24 -9 -4
24 -29 -111
0 -9 -57
-37 24 44
-18 -1 7
-33 45 44
-24 4 72
-9 -29 -33
-34 5 -109
-41 8 59
12 -29 33
-10 -23 45
22 0 21
-30 -29 -2
-34 -9 -101
-16 -29 -73
9 -29 -19
-31 -9 -76
15 53 43
-30 -29 43
35 -29 27
-43 5 29
22 20 73
41 -15 -45
-12 66 58
-42 -29 -46
-28 63 72
10 -9 -115
8 26 44
11 36 57
-12 -9 -79
-32 -29 20
0 2 9
-41 24 59
36 -14 -22
-7 0 -115
-34 -35 58
-29 64 44
34 -17 73
-45 -12 -72
9 54 57
34 22 45
28 -35 72
35 15 58
0 44 70
28 -9 -100
17 -29 -96
40 0 42
-45 -13 22
-41 54 62
12 -9 -76
-11 27 -109
10 -5 44
10 18 -115
8 -32 73
40 -34 58
-2 59 45
-15 36 53
0 67 69
27 -29 -74
40 -15 -80
-5 -29 -79
13 45 73
11 -29 14
40 -28 -40
-30 26 72
-43 -29 -93
-18 54 69
-32 -28 -114
-28 16 50
-28 -6 33
-35 -29 -34
12 -35 52
25 -29 34
-2 23 72
36 54 64
40 -8 24
35 4 73
-19 -29 -104
2 -9 -99
-19 -9 -10
-46 -16 44
35 42 55
-45 -15 -32
0 -2 30
-6 -29 34
-48 -22 -109
33 -23 47
46 11 74
41 -28 39
-16 -8 -115
40 -21 -93
40 -13 5
57 -11 71
32 31 72
31 -9 -67
-6 5 44
13 -29 -52
26 -9 28
-37 -9 -89
-10 -35 46
41 -2 12
-32 -29 -52
-17 -29 -61
47 -25 64
25 -35 54
19 -23 59
-18 -29 -10
-24 67 62
2 -29 -9
-1 -9 -73
-20 -29 -28
-33 -9 9
-7 39 44
-14 -6 72
-9 -9 -30
40 -19 -67
-34 18 -113
18 -17 -115
9 19 73
-38 -29 6
-24 -26 72
16 -9 -88
-7 -29 10
-41 42 64
4 -21 45
-30 -9 -18
18 15 46
11 66 44
4 8 72
57 -22 56
-45 -1 41
-13 -22 72
12 -7 72
-18 21 45
-34 -14 45
28 -9 -16
15 16 63
-36 -9 -47
20 55 63
23 65 73
-45 -15 -85
-20 15 -115
-10 -23 -115
41 -12 -116
-46 -11 -58
-29 -9 -115
-41 48 52
-29 38 72
33 -11 64
-28 44 55
-41 -6 64
8 -29 -70
-46 -14 -10
-40 -29 39
10 -9 -51
-39 -29 -20
35 66 44
-14 -6 44
-12 55 54
-13 -35 60
16 1 -115
-41 -30 65
-29 26 54
-8 33 70
23 -1 10
24 42 72
-21 15 73
-17 -29 20
31 16 -111
-25 53 45
23 -9 -31
35 -5 33
-8 52 73
9 66 64
1 -29 -28
41 -16 -32
-4 16 47
-24 -35 67
40 -21 22
-25 -29 -90
20 -3 44
-22 -9 -37
14 -15 44
32 -29 -65
41 -27 -101
32 -29 -33
-46 -9 -116
45 -8 61
-36 -9 23
-19 -29 -50
-45 -6 -95
-19 0 25
42 -17 44
23 33 54
-29 -6 72
14 5 44
35 -3 -103
-1 -29 -114
11 -29 -104
1 -6 1
-39 -29 -67
-5 -33 72
16 -29 -5
36 2 -86
-45 -19 0
-41 17 52
6 -15 73
-35 -23 73
26 11 72
14 -9 0
44 0 52
-2 -9 -11
56 -23 46
1 -29 -55
-38 -4 -109
19 -35 45
45 -20 72
-17 -29 41
42 -23 -114
-43 9 -107
57 -13 61
-37 36 44
-40 -29 -107
12 27 -112
3 36 51
-21 32 70
-45 -17 33
-10 -9 -52
-21 66 52
-21 -9 -73
-6 66 50
20 -6 -109
37 -29 -88
-45 -21 -21
12 -29 -33
-33 10 73
32 -9 1
11 -9 -28
31 -29 -5
22 45 45
35 5 -108
40 7 34
-38 67 47
-19 -9 2
35 -29 -17
-7 16 67
32 -9 -87
26 -25 70
11 -29 45
40 -10 -72
26 -16 47
-25 48 72
6 16 53
-21 42 45
30 66 64
-20 -9 -102
-4 -35 53
-45 -20 -66
29 -29 16
28 29 45
-37 -35 45
-32 -29 33
1 -7 -109
41 -34 48
2 53 70
38 -25 55
14 2 15
3 -9 -44
19 11 -115
1 16 -109
-41 2 51
36 51 54
23 -29 -53
6 -29 -79
17 -31 72
-38 -9 -10
6 54 43
-41 -16 58
12 -29 24
26 -9 -41
-45 -11 10
-18 -29 -1
37 10 43
38 -25 68
16 67 53
23 22 64
-39 -29 -85
25 57 45
-29 11 -115
-34 -29 -10
-7 -9 -89
-45 -5 26
17 -29 -44
-34 12 44
-11 -9 -19
32 -35 63
4 -9 34
40 -28 2
-47 8 -116
26 -14 70
-17 36 63
-42 -24 -116
-45 -22 -52
-10 7 -109
11 35 47
-4 16 56
36 50 72
17 26 45
40 -25 -48
-46 -25 -101
-45 -24 -37
3 36 66
40 -19 -15
-14 -29 -43
-8 -29 -93
-8 -14 72
19 -9 -71
5 2 44
-15 -29 -21
2 54 52
49 -11 48
-40 43 73
34 -29 -110
12 0 28
-37 -10 72
-7 -9 33
35 -10 -50
-33 67 66
-24 34 53
10 -29 -61
-20 1 44
-28 47 64
3 -29 -101
7 -35 59
35 -8 73
4 -29 36
-6 50 44
8 -9 -68
1 8 -115
27 67 55
28 -29 -24
-21 -9 -57
40 -14 16
-11 -29 26
39 11 67
28 16 44
-10 -8 -109
10 66 72
-41 58 71
-45 -4 -73
34 -3 -114
-41 -9 44
-28 25 44
-24 -2 14
17 34 73
-41 58 53
-14 16 -109
40 -17 -53
37 -8 45
-41 -9 -40
43 1 73
-9 1 7
-41 63 64
17 -29 -21
28 -9 -58
-41 27 51
-4 67 60
-16 29 44
42 7 -114
-31 -1 -115
2 -29 12
-30 -29 -26
19 54 51
37 -29 19
-20 16 63
20 -2 29
13 13 -109
19 -13 66
-46 -26 44
-1 3 19
35 31 51
-11 57 44
-41 25 72
-40 2 -115
-31 -29 11
29 -29 -87
43 12 56
-30 -9 -94
26 -29 -40
-4 60 73
-9 -29 -10
0 -29 -38
-29 26 64
16 52 70
5 -9 -34
-40 -29 19
0 -29 2
8 -3 -109
-26 -6 45
40 -17 -3
20 -11 50
-41 8 68
40 -28 -67
-33 18 73
-42 -33 -116
25 -29 43
-19 54 50
23 47 65
-41 6 36
29 -7 21
-41 17 64
40 -9 -100
2 32 44
1 22 44
-31 -15 73
-23 -35 44
-20 -29 -114
-1 14 73
-25 8 45
-8 -1 72
-25 -9 -28
7 -9 -91
5 -9 -16
29 -9 -26
35 21 64
36 37 62
-17 55 60
32 59 73
-19 -29 -95
-45 -11 -102
-14 -9 -37
26 -25 52
32 0 44
14 25 73
-46 -28 4
-22 -24 45
-45 -24 -86
19 -9 -55
-37 -24 45
-8 41 73
-41 33 65
18 -9 40
35 -3 19
-31 -35 50
31 -11 50
-14 17 70
36 44 47
33 -29 36
-28 39 47
11 18 43
14 36 66
-19 67 68
-41 -28 73
-22 10 -109
23 -29 10
-36 -29 -74
-33 -9 -54
-36 -29 -59
-17 1 72
7 -12 45
9 0 72
-4 24 -109
-41 49 44
29 40 45
-41 1 -103
-34 56 44
-41 -2 -90
-37 11 -114
25 0 -115
55 -27 62
36 14 49
-12 16 51
-20 16 51
-28 55 69
-45 -7 -82
-46 -5 6
-48 -13 -109
35 10 -115
22 16 59
-41 -35 55
33 -35 52
52 -17 70
39 -8 -1
34 -9 -79
-29 -29 -107
36 -4 7
14 43 45
-16 48 73
-24 16 44
-46 -25 -15
10 -29 -94
25 2 72
48 -27 71
-24 -9 -81
-37 -9 0
-17 -9 -45
-24 -29 18
-38 -9 -78
-45 -23 18
-23 -9 -66
1 -9 -66
6 -25 73
14 -9 -9
23 40 50
-16 -29 -35
1 -29 28
-15 -29 33
-1 0 -109
1 66 46
-8 36 51
11 9 -115
-24 -7 -109
-16 1 15
35 21 54
28 -29 -104
-30 66 53
34 -29 -53
-30 -9 -41
16 -9 -45
26 26 72
-11 -15 -115
15 15 73
5 1 -115
-12 -29 4
19 -19 53
15 -29 -111
26 -9 -91
35 60 48
-23 4 -115
40 -24 30
-41 -16 50
40 -24 -82
-10 23 -115
-21 -9 32
-41 -1 33
-42 -12 -52
-1 32 72
5 55 64
8 -20 -115
42 -9 -109
-13 10 -115
5 26 70
19 -3 73
-41 18 44
0 1 73
35 62 65
-32 -35 66
-25 -35 57
5 -35 51
-34 -29 -42
16 -29 -73
10 54 50
-32 -9 -69
23 -29 -91
9 -9 -104
-29 -9 -9
40 -13 73
27 -16 -115
14 20 -109
10 -29 -11
-10 -9 -10
-32 1 72
-35 -9 -27
13 16 52
-12 -29 -66
17 -29 2
0 -29 -48
40 -20 -74
-41 -29 -1
-16 26 -114
-38 3 45
-23 23 70
-10 19 45
38 -7 -65
-13 -35 53
25 -35 64
-17 9 73
13 -25 72
-42 -29 -53
17 -9 -115
-15 -9 -89
-46 -27 -67
-45 -20 -73
14 5 -109
-18 61 73
-16 -1 -115
-43 -15 -25
45 -28 57
19 -11 73
-45 -6 19
-10 -15 45
45 -6 45
-11 67 66
-14 40 44
36 -10 -43
41 -24 48
15 67 68
9 50 70
-29 54 51
41 -28 -94
19 -4 2
-43 2 22
40 -35 -109
-46 -26 35
40 -20 9
-28 -9 15
-46 4 -91
-42 -6 -68
46 11 66
-19 61 44
-45 -12 39
40 4 -93
23 16 67
-7 -1 29
-29 15 -109
39 14 -109
40 -23 -35
6 42 73
-40 -9 6
-41 -27 58
29 19 72
40 -12 -87
54 -27 53
-9 12 45
16 61 73
-10 -35 67
-26 -29 -8
-41 0 60
-30 -29 -71
34 -29 -81
-16 -9 -29
-5 54 55
2 -29 -73
-41 48 67
-8 -9 -70
36 48 60
-38 -29 -28
23 -9 -23
-9 -29 41
-19 -9 -95
4 -12 -115
-11 36 59
-41 -23 65
-22 -9 -4
-46 -28 11
34 -11 56
31 40 72
11 -9 39
-18 -9 40
28 48 44
30 -26 -114
-21 -32 73
26 -9 5
-46 -6 -108
40 -11 66
-32 31 44
5 -2 4
40 -2 27
34 -29 9
40 2 -104
9 -5 33
20 -25 66
1 49 45
53 -16 46
22 16 51
-48 14 -110
-35 -8 -115
6 -35 67
33 12 73
35 -29 73
-17 -5 -109
40 -8 38
-14 35 73
17 35 50
25 14 -109
39 -35 66
23 37 59
40 -4 -85
34 -9 -97
-8 63 44
-41 -30 46
24 -9 35
16 54 57
-14 -29 -100
-12 58 72
9 12 72
-17 -27 73
-6 -9 -62
-1 -16 45
-12 -29 15
-8 -26 72
-10 -1 44
7 -29 8
36 32 66
28 -29 -59
-28 32 68
17 -35 56
23 28 59
-32 -9 -85
19 -29 -105
7 -29 19
9 -9 -21
-9 -29 -85
35 -9 -115
-36 -29 25
27 35 72
12 38 73
-26 -16 -115
-25 -4 26
-1 -9 -32
30 -2 -109
2 23 -115
-1 -9 -49
-41 -34 70
-45 -21 -28
-22 -5 -115
35 -7 -108
26 -2 15
-36 -3 44
-29 41 66
2 -30 73
-41 31 57
-45 -4 -101
-5 -9 -97
40 -25 62
10 66 55
-6 -29 -26
7 18 -109
40 -13 -94
40 -3 -98
21 -9 -62
-29 20 56
40 -14 27
14 -29 -67
6 -9 -59
26 -29 -67
-16 -12 73
13 -35 69
-19 35 47
6 -9 -78
37 -14 47
19 17 -115
-34 -9 36
3 -29 -109
43 6 44
44 -2 58
5 35 58
-40 -9 -99
36 -27 -116
-9 -4 2
-9 20 72
23 -22 -115
-41 31 44
-46 8 -102
-41 -29 -37
8 -7 1
40 -23 -62
31 67 49
-25 -7 4
-47 -30 -116
0 39 45
30 -9 33
16 60 44
40 1 20
35 24 71
13 2 21
17 41 70
-21 17 -109
-34 66 72
26 -3 25
56 -15 54
-41 -10 -33
40 -18 -26
-7 67 72
40 -7 17
0 -5 -115
40 -25 -13
57 -16 67
3 66 62
-46 -15 -17
-13 67 52
-41 64 52
-16 -16 45
-10 -29 -74
20 8 44
-29 -29 -32
-11 54 64
-23 -2 72
14 -5 -109
-45 -14 -78
21 -9 -101
-34 33 73
-32 -29 -93
-8 -29 -111
-23 -9 -17
-21 -29 -20
7 -29 -53
8 -9 -98
-32 -3 -109
14 -29 -87
32 -29 1
24 -29 -97
10 -22 45
-14 -29 -29
-26 -9 39
6 -29 -32
-45 -13 -65
-10 -9 41
41 -28 24
-17 -34 45
5 16 69
-47 -3 -116
-47 -15 -116
5 62 44
-30 -9 -106
26 -9 -108
-45 -17 -58
12 54 66
23 -11 45
-28 -33 72
-12 5 45
31 62 44
36 37 51
-8 -7 73
-2 -29 41
50 -23 46
-7 -9 -37
19 -25 72
28 -29 -18
-22 -29 36
1 14 -115
40 -20 3
-22 -29 24
19 -16 59
-16 10 -109
-1 38 72
21 -9 -16
-41 0 67
37 -15 -39
-9 33 45
36 -11 -27
3 2 26
-45 -17 -105
23 28 48
36 29 45
23 43 59
36 -30 44
40 9 -106
27 -4 44
-45 -20 -7
