160 100 140
50 228 111
86 154 152
141 160 111
211 64 112
97 195 111
201 114 111
121 124 151
58 185 133
97 146 109
192 70 152
133 117 109
171 137 112
179 83 110
73 169 109
158 103 111
74 213 113
119 178 112
116 133 125
141 117 135
53 197 111
211 90 112
79 171 134
192 72 127
103 138 145
180 87 140
98 155 130
68 178 152
147 109 152
171 94 124
186 125 113
58 178 115
155 149 113
194 72 109
88 161 116
116 140 109
143 108 121
167 86 151
177 77 126
130 125 124
125 132 139
53 213 113
67 169 125
106 147 121
134 115 148
156 102 126
79 169 151
126 130 110
67 169 140
85 204 113
115 140 152
88 162 140
185 70 139
107 186 112
130 169 111
179 78 152
211 104 112
167 93 110
168 85 134
146 112 109
107 148 136
152 110 136
58 186 147
77 161 125
198 71 140
64 221 111
98 155 148
94 146 138
113 131 141
211 78 111
85 154 130
185 70 117
158 94 151
94 147 121
70 178 118
70 178 133
158 93 118
121 123 131
171 94 144
103 138 130
149 101 143
76 161 141
106 148 151
189 79 145
130 116 130
116 140 135
79 170 119
159 93 132
140 108 142
61 186 122
186 79 133
133 125 142
180 87 121
57 176 140
112 131 114
168 85 119
103 138 115
138 117 119
98 155 115
57 177 126
189 79 120
53 187 112
153 110 117
94 146 151
177 77 138
121 123 119
80 161 109
198 70 119
114 140 119
107 148 111
58 177 152
88 163 151
188 79 109
88 163 129
66 177 109
163 143 112
125 132 149
143 117 147
201 64 110
134 125 151
141 108 131
168 95 134
134 125 114
69 169 150
180 86 130
149 101 114
134 125 132
89 155 109
149 101 134
193 119 113
122 123 141
70 178 143
177 87 151
178 131 113
67 170 115
125 131 129
151 110 126
122 133 118
131 115 140
154 102 151
116 131 152
148 155 111
176 78 117
87 153 120
172 85 143
96 155 139
158 93 109
143 117 126
101 148 144
113 140 143
97 146 130
75 171 143
167 94 152
81 161 134
152 110 144
161 102 119
89 154 143
111 140 127
61 185 109
162 93 143
140 108 114
186 70 109
76 161 151
149 102 122
162 102 150
78 161 117
75 171 127
172 85 126
114 131 133
174 89 114
95 155 122
130 115 121
63 176 121
118 132 109
54 222 113
185 70 130
105 138 137
191 72 144
107 140 152
162 102 132
54 205 112
121 123 109
163 93 125
108 140 109
61 178 134
141 117 112
82 161 146
100 146 117
168 85 111
71 171 134
63 176 145
197 70 133
187 79 152
183 77 115
69 176 126
120 131 144
128 123 136
127 125 148
151 106 109
198 71 149
191 75 115
182 79 143
60 184 140
85 161 123
167 93 118
140 109 150
128 123 109
184 77 125
113 182 113
185 70 149
174 85 136
88 163 109
106 146 129
79 208 112
103 139 122
91 200 111
136 117 126
124 173 112
163 99 109
210 97 111
136 164 113
74 173 115
80 168 112
137 117 141
206 109 111
73 169 120
102 191 113
92 154 152
145 110 136
91 154 135
192 72 137
155 102 118
58 186 116
156 102 135
146 110 115
210 71 113
176 78 146
157 102 145
109 143 115
91 154 127
191 72 121
85 154 114
176 77 109
100 148 136
69 217 111
128 123 118
118 133 138
94 147 144
64 181 114
210 84 112
96 153 109
66 176 138
180 79 132
122 125 125
100 146 123
188 78 138
132 115 115
110 138 133
146 108 144
112 132 120
164 97 115
158 94 138
118 136 114
59 177 109
198 72 125
151 102 129
76 162 131
67 169 110
101 150 112
127 125 129
92 157 115
186 70 124
71 175 110
175 85 118
64 178 127
204 64 115
81 163 152
108 138 119
59 224 113
83 164 115
112 131 147
148 108 131
100 148 151
143 117 141
58 185 127
94 147 115
167 86 140
67 169 131
136 115 133
127 125 142
149 108 121
170 93 129
121 131 134
182 77 110
141 116 152
178 85 145
82 161 140
57 176 121
125 132 123
107 147 145
113 138 114
199 69 113
143 117 120
85 155 139
108 138 146
193 70 115
183 77 148
173 87 131
137 120 114
167 85 128
57 176 146
134 124 120
164 93 148
140 115 130
149 101 149
180 79 121
54 192 113
128 128 115
61 186 151
174 85 109
152 109 151
181 83 115
121 131 113
154 102 140
164 95 130
68 171 145
88 161 135
189 78 128
182 79 137
152 101 109
169 93 139
124 123 114
115 139 124
190 70 132
79 169 140
140 108 136
140 110 126
158 94 146
161 101 124
81 163 127
171 94 114
85 155 125
138 119 109
74 171 149
88 161 146
145 108 126
79 171 124
134 125 127
77 163 146
93 155 146
112 131 109
164 93 138
85 155 147
163 93 114
80 163 121
134 125 109
117 133 118
163 95 120
158 93 127
137 115 113
173 85 148
115 138 129
62 178 150
168 87 146
63 176 114
171 89 109
55 227 113
160 99 114
120 131 129
107 147 116
133 125 147
76 162 112
103 146 109
186 71 144
122 123 146
149 108 139
124 125 136
96 154 134
111 138 139
140 110 109
106 146 140
187 72 135
68 178 113
175 134 111
125 123 122
130 116 145
103 146 148
154 106 114
189 123 111
76 161 136
71 169 115
116 140 146
94 147 126
71 169 129
167 140 112
144 157 113
57 176 135
191 75 109
182 128 111
129 124 152
177 87 124
190 70 111
103 139 110
124 131 144
120 133 150
120 131 122
144 110 148
131 117 135
90 160 112
152 110 131
78 169 129
170 87 115
143 113 114
106 140 126
180 87 113
112 140 149
180 86 136
139 115 145
146 108 111
159 146 111
113 132 129
92 154 119
170 93 148
169 87 123
101 148 129
195 70 145
93 157 111
163 93 109
135 115 138
161 101 144
79 171 144
131 123 129
98 148 148
189 79 114
105 140 141
131 116 152
91 155 139
98 155 143
105 140 133
139 115 123
67 178 122
197 117 112
140 108 118
84 161 111
134 125 137
173 87 122
103 138 150
58 178 131
60 182 113
98 146 141
112 138 109
158 100 152
167 93 143
140 109 146
93 155 132
158 94 114
70 178 148
115 133 144
125 132 134
122 132 109
152 152 111
183 82 110
174 87 141
62 178 140
167 95 127
65 176 131
194 70 123
53 201 113
70 169 138
186 71 113
67 171 121
97 151 115
63 182 109
91 154 123
189 70 140
113 133 137
189 72 117
185 77 120
181 79 128
121 131 140
85 161 132
160 100 136
90 155 148
159 93 122
150 102 138
112 138 122
196 70 128
53 217 112
178 79 141
66 178 118
61 186 144
96 154 127
132 115 126
107 138 113
153 102 123
148 110 147
125 132 115
66 176 143
84 161 119
66 176 148
69 178 138
85 154 134
166 93 122
177 79 113
137 115 152
176 78 134
95 148 133
149 110 111
76 162 121
126 123 132
185 77 142
115 138 140
116 131 112
73 171 139
104 145 113
188 72 151
177 77 121
88 155 117
96 154 152
130 123 144
61 176 124
94 146 112
197 70 137
129 123 114
61 185 130
112 131 124
170 85 137
85 154 110
185 80 113
152 110 123
88 163 125
160 100 128
54 210 111
151 102 147
134 117 144
180 87 148
155 105 109
100 146 112
79 163 138
154 102 132
197 69 109
102 148 139
75 169 131
82 166 109
75 172 111
197 72 114
156 100 114
98 155 119
176 87 111
138 115 109
102 148 120
77 168 115
184 77 129
150 100 118
134 115 123
132 117 119
130 126 111
115 136 109
158 100 122
79 171 109
170 91 115
110 143 111
188 72 128
196 72 152
61 184 119
134 117 129
166 96 111
80 161 114
139 115 138
180 77 118
189 79 149
76 171 121
193 70 148
178 87 117
68 178 129
134 120 110
149 108 115
104 146 134
94 197 113
125 125 109
84 163 136
125 123 152
98 150 109
117 131 148
167 95 147
65 178 135
69 171 112
77 171 137
187 79 124
106 140 116
109 140 136
140 118 115
188 72 147
117 131 142
180 77 145
143 117 131
70 171 118
149 108 135
125 125 119
143 113 109
69 175 115
105 189 112
58 185 137
67 169 136
159 100 110
71 169 143
84 161 150
117 133 131
177 85 128
163 95 134
98 148 125
116 131 122
172 87 152
89 155 152
70 171 124
180 87 109
144 108 133
161 102 112
159 94 142
123 123 128
122 133 125
94 153 115
113 132 151
162 95 151
193 70 134
88 202 113
176 85 115
171 87 140
152 102 113
79 161 149
190 70 124
121 134 115
143 108 152
183 77 152
77 169 148
85 154 143
133 167 111
157 104 114
105 140 148
165 95 140
177 79 149
60 176 138
73 169 147
187 77 112
106 144 110
82 206 112
143 117 116
159 100 148
115 140 115
177 79 130
170 93 121
185 79 139
103 148 124
127 123 125
130 123 139
122 133 147
79 161 128
176 85 133
142 110 117
106 146 125
119 131 116
149 101 125
110 184 113
193 70 140
61 178 111
88 161 120
98 155 111
171 94 136
134 124 123
133 122 115
145 110 140
210 74 113
158 100 117
58 186 111
95 153 148
69 178 109
75 171 134
85 163 147
76 211 111
122 176 111
181 79 114
189 78 135
202 66 113
106 140 120
127 171 113
58 184 121
167 95 115
148 110 118
186 79 116
209 107 113
210 101 112
161 95 116
98 146 120
211 94 112
126 123 139
125 125 145
60 178 143
61 176 128
160 95 129
182 77 134
170 87 129
172 85 112
171 85 120
143 110 129
152 109 140
147 112 113
54 225 111
134 117 113
153 110 110
109 138 124
67 169 148
131 125 134
153 110 113
181 79 148
103 139 119
141 115 118
88 155 129
185 79 145
158 102 131
85 161 143
138 163 112
156 102 149
107 148 132
76 162 109
119 135 110
79 161 142
161 95 112
122 131 137
83 165 112
135 115 116
71 215 111
198 71 144
113 138 132
109 140 130
138 117 133
203 112 113
58 178 148
94 153 143
89 154 114
85 163 129
75 169 124
89 154 132
116 140 143
98 146 150
170 95 110
60 176 119
125 128 114
109 140 143
187 77 147
99 193 112
116 139 112
142 110 113
82 163 143
86 163 112
71 173 113
174 87 128
113 133 117
131 123 111
97 146 137
193 72 118
104 146 118
140 117 125
122 125 116
144 109 109
171 94 152
165 93 133
82 163 132
58 184 142
61 186 113
170 85 109
94 146 148
171 94 133
185 70 121
131 125 115
171 87 146
111 139 152
60 178 122
69 171 128
145 110 123
76 168 112
113 133 112
177 85 121
92 154 109
160 93 149
151 108 148
195 70 120
103 146 137
124 131 120
148 110 127
140 117 148
98 146 133
188 70 137
122 131 152
103 138 126
140 109 122
131 117 148
167 85 143
94 146 130
75 169 119
86 163 138
104 148 142
167 95 138
130 123 120
112 138 135
73 173 109
110 138 116
172 85 116
197 68 115
103 138 135
58 186 150
78 163 134
109 140 113
84 164 109
115 131 138
152 108 120
67 219 113
188 76 115
116 180 111
158 94 135
137 115 128
103 146 127
88 163 132
198 72 130
99 146 145
143 117 150
60 184 148
161 145 113
76 170 152
194 73 115
204 64 111
112 138 118
186 79 136
134 115 141
156 102 142
106 140 130
188 72 132
63 178 137
185 79 109
82 163 123
96 146 118
131 125 149
167 86 115
68 176 136
121 123 137
150 107 113
79 166 115
179 85 151
94 146 141
84 161 115
167 86 137
102 149 109
101 148 115
191 71 109
195 72 142
161 102 115
184 79 122
161 95 140
64 178 124
181 77 125
149 108 143
91 155 143
180 86 126
131 125 118
142 115 143
80 163 117
112 141 111
185 70 133
172 85 134
188 78 142
164 95 116
164 95 123
88 155 123
198 71 111
143 116 138
178 79 124
161 95 145
62 178 130
125 123 148
108 138 128
132 117 124
79 163 124
124 125 142
112 138 129
141 110 139
144 110 145
119 133 113
66 178 145
95 155 117
122 133 143
98 155 136
97 152 112
93 153 138
76 161 144
98 155 124
193 70 111
193 73 111
86 154 118
70 177 121
78 167 109
120 133 135
176 87 147
104 146 151
77 163 115
162 99 112
72 169 152
195 72 126
84 161 127
87 153 127
185 79 149
146 110 134
169 93 125
80 163 111
126 125 112
97 148 111
90 158 109
165 93 129
70 169 122
107 138 142
170 85 131
81 163 148
180 77 141
189 70 143
150 110 132
75 169 140
141 117 123
79 170 148
129 123 132
109 140 121
178 87 143
190 70 115
145 108 117
170 93 118
127 125 121
183 79 131
98 148 118
197 72 122
154 100 136
190 70 128
122 133 132
143 116 109
143 115 128
211 67 111
116 140 127
154 102 143
77 163 127
85 163 116
111 140 146
87 161 149
103 146 131
141 115 133
137 115 136
98 146 114
183 79 118
59 176 113
188 72 121
166 93 149
178 79 110
87 160 112
147 108 124
200 67 109
122 123 122
188 76 109
61 184 134
155 102 110
161 93 119
120 131 110
53 190 111
191 72 149
146 108 138
160 95 124
170 90 112
141 110 133
149 101 140
131 115 112
195 72 132
79 161 145
178 87 138
58 226 111
185 70 152
125 125 125
195 72 135
104 148 112
123 125 130
62 223 112
168 85 148
69 176 131
176 77 151
121 123 113
65 180 111
60 176 132
154 100 129
114 138 144
95 154 119
67 176 111
188 70 119
116 133 135
210 88 111
107 145 114
133 123 139
71 169 110
140 117 143
61 184 115
189 75 112
121 123 149
159 100 143
101 146 141
142 108 137
88 155 145
161 100 121
104 140 112
168 87 131
149 108 109
67 170 151
162 102 127
90 158 115
146 110 129
68 176 119
65 176 150
92 153 149
118 133 124
187 70 142
70 171 148
93 155 124
144 112 112
