46 -58 -31
35 115 -44
-44 28 33
13 -40 53
-24 48 -51
-14 -91 3
15 5 -5
6 76 13
52 -31 16
-52 17 -19
-14 -38 6
-1 10 54
23 68 -34
27 -70 10
-14 40 -6
-9 91 -55
-52 61 -19
-31 -19 41
-24 3 8
26 -91 -22
34 -9 43
0 -63 -16
40 -54 37
55 -76 -5
-55 40 5
9 -25 -13
-35 77 -43
15 48 3
-4 69 -16
-54 5 10
12 -44 21
3 61 -56
0 24 14
-6 -65 13
22 90 -52
5 -16 13
54 -40 -11
-28 10 47
-33 35 -28
-5 -18 54
-3 46 -33
43 85 -36
13 -91 3
-8 -5 -14
53 -58 13
4 25 -16
-22 17 -13
-5 -30 32
-7 55 13
-45 -1 32
48 -84 -27
15 -50 -2
20 78 -13
34 -33 42
-15 78 2
-19 -16 21
1 -90 -16
-41 53 -38
-53 39 -17
-8 -42 -14
-17 68 -53
18 -20 52
-2 3 14
35 -80 -5
-40 14 -1
5 49 -15
-13 -23 -9
16 0 52
-15 -56 -2
15 28 2
0 -84 14
-12 -77 -10
45 -19 31
4 64 -35
14 -32 4
14 -71 -6
19 71 -52
-53 23 15
-15 32 -23
53 -58 -14
29 -54 20
23 -48 39
-20 -7 50
-14 20 5
6 99 -56
-50 40 23
-39 -4 15
45 -39 30
-10 38 11
4 81 -56
13 63 -8
10 -59 12
15 -15 -1
35 98 -44
-15 60 -6
-55 26 -5
-32 26 44
44 -70 6
22 106 -52
-45 24 -32
-20 -26 51
-55 54 -5
-4 -33 48
-19 39 -38
6 79 -3
-7 47 -49
31 79 -26
-15 -17 36
33 77 -45
9 -37 38
11 11 10
-7 12 -14
8 -9 -14
-35 26 -15
-4 -49 14
-7 -26 15
-15 -10 5
-46 68 -32
12 -75 9
5 39 13
9 61 11
-10 50 -20
55 -45 5
-31 62 -47
-29 -8 30
8 -41 -14
-15 17 52
43 -62 24
-40 13 38
-36 35 -43
12 -4 8
9 71 -22
-14 -75 5
-46 41 -31
-34 -4 43
-55 12 -5
-50 10 23
-24 81 -51
-8 69 12
17 -87 -11
6 -30 22
5 53 -44
2 -5 54
52 -72 -20
51 -47 -22
-4 38 -17
5 5 -15
55 -62 0
13 40 -8
-15 5 -6
3 -76 -16
45 -72 -33
0 -91 1
38 -91 -16
-2 -19 -16
43 107 -36
7 -28 54
13 18 -9
49 -50 24
-10 25 -13
15 69 3
-12 2 53
23 -32 49
10 -55 -13
24 -77 0
-27 10 -3
0 57 -25
22 -58 6
-9 78 -55
-11 -91 -11
-36 3 4
48 -84 -14
-11 78 -12
29 -21 46
-8 -11 16
-25 -1 20
55 -32 3
-15 48 3
2 -41 27
-10 58 -55
15 60 -47
-10 -54 -13
-7 14 13
33 -45 44
-21 42 -26
36 -91 -28
18 -54 25
-19 26 -5
-6 -23 42
-15 -25 3
52 -69 16
-26 32 -18
-51 49 -22
-40 -12 32
-3 79 5
-42 17 -12
-2 -32 -16
18 79 -26
27 -82 -14
-14 50 -37
12 -47 32
-15 -34 -5
-50 -5 23
3 79 -14
-13 -25 25
12 -48 10
-14 -1 13
37 -61 14
-34 49 -45
23 -9 50
-50 30 -24
-14 8 6
-55 19 4
37 75 -35
9 -37 13
52 -42 16
4 51 14
-32 21 -4
14 -38 -6
-44 6 14
-13 -65 -9
-32 25 -25
14 61 -30
8 -15 54
-6 56 -43
27 68 -44
10 61 -19
34 -76 5
38 -80 -16
-47 58 -29
20 -62 16
-4 -37 14
30 -51 32
55 -49 -5
-10 -84 10
15 81 -54
-48 21 26
-14 -64 5
23 -45 50
-38 66 -40
-25 -18 31
-55 43 -5
-6 68 -56
-15 -45 -3
-6 58 -15
33 -66 2
48 -29 27
21 -44 26
8 -90 12
-53 34 14
10 -26 11
41 -27 36
-8 -16 25
-15 16 -5
-14 61 5
-28 32 -37
-15 32 3
-12 -51 8
52 -76 5
-24 21 49
45 -77 -4
-13 -19 11
22 -66 -1
1 -50 -16
-1 46 -23
9 28 11
8 71 -56
15 -5 -2
-22 -8 13
13 30 -9
13 52 -8
5 15 -15
43 96 -36
35 87 -44
3 -68 14
-1 -23 24
8 -91 -9
38 -17 39
-34 6 14
15 -25 -5
-14 -9 -6
-23 39 -48
26 -91 -10
-20 59 -53
17 69 -42
-26 71 -49
-47 12 5
-10 39 -29
6 55 -32
-12 52 -10
13 79 5
-21 -16 46
14 -37 28
18 68 -23
13 91 -54
-37 -2 27
-17 -26 41
-7 -75 13
-14 70 -7
-24 31 -28
6 37 -15
-15 42 -16
-8 -7 54
14 71 -34
-10 -26 54
28 79 -37
-15 -85 -5
50 -63 -24
-10 28 10
14 -59 -6
22 -52 13
32 -62 24
-3 43 14
-53 45 14
-42 24 -21
15 17 3
8 5 54
46 -91 -33
-2 53 -56
4 -30 42
30 106 -47
-19 25 -18
-49 31 24
12 -16 -10
14 37 5
43 -70 16
40 -44 37
54 -67 -11
-32 17 -14
-6 -83 -15
5 -7 14
-55 28 7
16 -37 44
-7 -70 -14
-27 28 -10
13 71 -14
-23 13 4
-26 1 48
24 78 -51
-10 -15 -12
-17 -1 3
-55 49 5
-36 5 42
2 14 14
-3 57 -34
6 -30 32
-43 33 -36
-46 11 -7
-5 4 -15
7 -40 46
-29 41 -39
-41 44 -38
17 -84 -2
-16 50 -46
-46 3 6
-38 23 39
-19 8 51
-3 33 14
10 -81 -12
26 76 -19
-15 -16 -2
15 -63 4
-45 10 31
8 -65 -14
-54 14 11
-54 49 -12
14 -41 5
-31 -2 10
16 100 -53
-28 -10 19
8 64 -43
-3 79 -6
-16 85 -54
51 -23 20
-1 65 14
-33 16 44
1 92 -56
-53 26 -16
18 -69 10
0 -4 -16
15 56 0
13 -15 8
27 -84 -4
5 -48 18
-3 79 14
-28 -11 47
-6 -91 8
-15 -8 20
-36 -12 40
55 -54 4
-3 -18 16
-55 34 -9
53 -65 8
-15 69 1
11 1 -11
-24 20 -1
-14 -13 52
15 -55 17
14 5 4
50 -37 23
12 53 9
29 93 -48
-49 21 -9
2 -25 15
13 -47 -9
12 64 -55
-2 -26 54
-11 36 -13
-10 -34 -13
-36 58 -42
-5 -30 23
41 115 -38
-11 77 10
4 -77 14
33 -52 40
-13 48 -55
7 5 13
-33 13 4
3 64 -22
-46 49 -32
45 -59 31
38 -52 30
11 44 10
-15 -26 34
2 -59 14
-12 50 -28
54 -37 10
-55 33 0
-16 -15 29
14 78 -6
46 -50 -31
50 -59 21
-46 35 30
7 67 -15
15 -72 2
15 -31 52
12 -7 53
53 -77 -15
-52 3 17
53 -49 -13
27 -74 -7
-9 10 54
45 -90 -20
10 69 11
-20 33 -13
35 -69 14
-3 30 -16
-24 3 0
-8 44 -14
-38 27 -29
-45 19 32
-15 -73 -3
41 -35 36
-41 73 -38
3 59 -16
51 -55 -21
-30 42 -48
-27 24 -19
-15 40 4
15 60 -39
38 -73 -3
-43 61 -36
-50 38 -25
38 81 -41
15 34 -2
-5 48 -41
-43 -1 22
30 -58 12
29 84 -48
19 -87 -18
-55 11 4
-1 -91 -9
52 -50 16
5 53 -53
-8 -57 12
-8 -91 -4
48 -75 -27
-10 -45 11
27 -38 47
10 10 -12
-54 58 -12
-40 -5 38
11 79 -16
-16 76 -54
20 -80 -11
-22 -8 28
1 -33 54
55 -69 0
-25 41 -32
55 -58 -7
-16 43 -32
23 -52 30
0 -37 21
-2 84 -56
16 -40 38
32 -87 -18
20 63 -53
9 -83 11
45 -84 -7
-7 -22 29
-13 55 8
2 -12 -16
10 -67 11
23 76 -32
15 -54 6
2 -25 -16
17 -91 -4
-8 -62 -14
-1 19 -16
9 -37 21
-2 75 -56
37 108 -41
-2 57 -49
-33 70 -45
11 21 9
-3 -30 40
-15 54 -2
-5 -1 54
-51 16 21
-33 14 -6
29 -29 46
15 23 -4
-12 -31 9
15 46 -4
45 -82 -33
-41 5 36
14 -79 -6
-11 62 -12
-39 20 -5
45 -50 30
37 -59 27
-36 -11 27
-14 79 -5
-2 50 -17
54 -84 -10
-14 -51 -8
5 -33 48
-48 3 26
-34 -1 19
10 23 -12
-15 -84 4
-26 56 -49
-18 10 -2
52 -82 -20
28 -6 47
-5 76 -15
-54 17 -12
-11 47 9
-50 65 -25
55 -38 -2
-21 -5 7
-15 33 -5
-38 30 39
14 -24 5
0 -12 54
-14 -8 12
11 -32 -12
-9 -22 35
2 -20 54
14 -84 5
-10 7 11
-11 3 -12
-13 20 -11
-6 -3 13
1 -40 -16
-21 -19 40
-14 -20 52
-30 80 -47
-47 32 -30
53 -43 -17
17 -58 10
-12 43 -22
26 -46 33
37 -87 -22
8 60 -50
2 -42 15
1 53 -38
35 -26 41
9 -48 25
-10 -26 47
11 -22 53
27 100 -49
19 -44 43
29 -62 17
3 58 14
-29 7 3
14 -10 -7
9 57 -13
15 64 -2
-15 -45 4
-5 -26 -15
38 -66 7
26 71 -38
-2 -9 14
-19 43 -44
1 -33 27
49 -91 -26
7 -91 0
15 75 -20
15 13 -4
18 -48 22
26 75 -26
-10 21 11
10 -74 -13
1 68 -56
-10 71 -13
23 -66 6
1 43 -16
45 -65 -33
-38 20 -17
48 -68 -27
2 -53 14
-53 10 17
20 -39 51
-5 -10 -15
-51 14 -1
20 -26 51
-6 -49 -15
22 -3 49
45 -76 5
44 -58 19
-13 -44 -9
-12 65 -55
-25 63 -50
-38 34 -31
28 -73 4
-30 -9 38
37 -84 -11
8 -2 54
54 -30 10
-44 19 -19
-17 -2 51
-7 -22 21
6 -2 -15
-6 54 -23
-19 52 -53
54 -51 10
-20 24 -11
5 20 13
13 -91 -15
7 64 -28
6 79 7
-41 7 7
-48 24 -27
-21 -8 21
8 86 -56
37 -39 40
13 64 7
38 92 -40
-7 39 -22
50 -43 22
16 -47 16
29 -13 46
22 96 -52
-50 56 -24
26 68 -50
3 -57 -16
14 -13 52
10 -9 11
4 -34 16
-26 -15 38
-20 -1 16
-35 41 -44
15 75 -1
-18 35 -19
34 -53 25
3 30 14
-2 -91 14
2 3 54
-14 -19 5
14 73 -54
-8 79 0
-14 -19 17
42 -87 -27
34 -17 43
-49 3 12
48 -70 10
4 -84 -16
-27 17 -6
10 70 -29
23 -18 49
31 -87 -24
-34 -12 33
-12 13 -10
-17 21 -2
-28 4 13
18 71 -29
-53 55 -17
11 -32 9
53 -64 -17
5 69 14
-13 67 7
-42 -5 28
-6 50 -29
47 -44 27
-15 -50 1
-20 6 4
-15 -39 0
-23 13 50
-49 46 -27
-15 46 -5
-33 28 -20
33 75 -39
-54 21 10
48 -56 26
-55 25 1
8 -17 -14
21 -91 -13
-30 33 -23
6 -41 34
3 53 -21
-17 -12 15
-11 -85 -12
-1 -71 -16
-5 59 -56
45 -27 32
-26 -18 48
42 77 -37
55 -66 -5
18 -44 33
1 -33 38
32 -77 -1
-12 -71 8
-12 15 8
10 -51 15
-51 43 -21
-8 50 -35
-17 14 4
10 -44 15
44 -80 -12
4 -1 14
8 45 -14
13 -64 -9
5 45 14
23 71 -45
32 -66 9
-28 21 -11
29 -48 39
-11 46 -45
48 -22 27
8 60 -32
23 -80 -5
14 -7 4
-15 -67 -1
34 79 -31
15 -58 0
19 -73 -2
-22 -17 26
0 8 14
-15 2 7
23 -51 19
8 -38 51
11 75 9
-35 10 -2
-9 85 -55
-52 28 19
-24 35 -23
-44 10 -1
-12 -22 42
5 73 -16
-40 3 15
15 -31 -2
-24 35 -33
25 -58 16
-3 73 14
45 -82 -19
50 -73 -4
-55 29 -11
-12 -19 31
12 -41 33
-6 -30 53
-31 -4 23
27 -44 45
33 -80 -13
40 101 -39
-37 35 -37
6 -34 -15
-10 73 -55
6 -48 -15
-6 60 13
-6 49 13
24 -55 24
20 84 -52
32 69 -46
-29 -5 46
42 -21 35
35 -58 21
-17 39 -28
29 111 -48
-25 -11 32
29 -55 36
-47 26 28
7 -10 54
-53 33 -14
-5 28 14
-38 -5 21
27 -68 1
-40 13 -7
-7 -21 13
-11 32 -19
19 -75 5
11 -21 9
34 -74 -7
-17 46 -50
-22 10 -6
6 56 -27
12 96 -55
0 -30 21
-39 49 -40
-15 -91 -3
-24 39 -43
-13 -37 -9
13 -44 26
-12 -24 8
-55 21 -4
-31 53 -47
-7 -91 1
15 -21 0
-15 -62 -3
8 -72 12
-51 36 20
-9 -38 11
-32 2 44
-21 21 -6
-41 12 5
-18 7 9
-35 11 42
7 31 -14
15 -47 37
-15 26 2
10 63 -13
12 -5 -10
-55 34 6
-5 -42 14
-50 7 7
55 -45 -2
-11 -28 -11
20 79 -21
1 57 -45
27 -51 26
15 41 2
10 -37 43
11 68 -19
-15 -32 4
-18 -19 32
-32 -5 16
-55 47 0
-13 -7 53
-47 21 -14
-7 -76 -14
29 75 -30
52 -37 16
9 34 11
0 -91 8
-15 -22 -2
13 68 -8
24 -62 12
10 60 -26
-23 75 -51
-38 28 -23
28 75 -48
-29 14 0
-10 -15 19
18 71 -37
-10 -48 -12
48 -52 -27
-15 -10 -1
8 76 -56
-15 61 -54
-8 18 -14
-14 -70 -8
-53 45 -16
4 -41 19
-4 -25 36
14 -2 -6
-15 43 -38
-15 10 -7
5 -40 40
19 76 -53
46 -66 14
-18 -23 47
10 -87 -13
-21 -15 34
-41 19 36
0 -30 47
-45 54 -33
-44 19 -7
15 58 -5
-34 7 7
-34 31 -32
51 -32 22
-55 45 8
-54 43 -11
53 -63 13
-28 17 46
-6 -37 -15
-33 -9 44
55 -38 4
-4 94 -56
-14 31 -10
-12 32 8
0 38 14
15 -62 14
55 -60 7
42 -49 35
14 -1 4
9 -37 31
-47 63 -30
11 79 -2
27 -87 -14
-17 47 -41
-8 -22 50
-51 22 20
-23 5 49
21 -91 -8
-28 48 -48
-27 -1 15
54 -73 -10
-42 68 -36
-6 46 -19
39 75 -41
27 -59 21
-19 -13 51
0 61 -21
-36 21 -10
-18 -12 10
36 -55 33
17 -66 -2
2 61 -31
-38 1 39
-14 -18 -8
-7 -31 13
-10 -16 53
-15 -79 -6
54 -43 10
-28 28 -16
14 -19 -6
19 -48 30
-1 -3 14
-6 -91 -13
-12 -78 8
-14 23 -6
1 53 -30
24 -84 -10
-17 -19 25
17 -77 0
25 -24 48
5 61 -40
-47 25 -22
35 -70 8
-16 -5 8
14 59 5
-15 -3 -2
-5 53 -37
3 -20 -16
-13 -90 8
14 -31 -7
-12 -12 10
-6 -86 13
0 -81 -16
-6 64 -15
18 64 -48
-1 24 -16
38 -32 39
-32 34 -40
21 -75 -7
-47 15 29
15 -52 22
-48 -2 28
48 -73 3
-37 -8 34
16 64 -43
-19 19 51
45 -34 31
-52 34 -19
-9 31 -14
-6 56 -29
-54 30 12
-15 -55 4
11 -40 10
-2 56 14
34 -91 -22
-25 28 -22
31 -37 45
1 68 -16
14 -84 -8
12 -88 9
11 2 10
-1 -33 31
5 63 14
5 -86 14
-3 8 -16
48 -66 6
-2 53 -46
-27 -4 8
53 -26 15
-41 39 -38
4 57 -49
-12 -60 9
-13 7 53
-7 -18 -14
54 -46 -10
-54 38 10
38 -12 39
13 29 7
3 11 -16
-13 39 -34
5 -72 -15
17 68 -34
-45 -4 19
-36 20 42
-13 -4 -9
-3 -45 -16
7 14 13
6 56 -39
15 -41 48
55 -56 -1
31 -90 -12
29 -55 29
-55 52 0
-14 75 6
34 82 -44
-25 -12 16
-8 3 12
