96 154 166
185 65 34
186 122 122
34 194 135
133 92 79
157 122 187
52 181 187
132 124 135
132 63 35
186 92 79
71 170 133
186 128 161
153 111 105
121 134 187
159 74 59
105 149 133
155 128 156
70 170 164
34 194 166
116 134 157
79 158 186
159 128 125
159 92 86
184 123 187
180 111 97
133 74 59
186 76 58
158 63 34
52 183 149
137 122 172
133 112 115
86 158 146
101 146 187
175 122 142
35 194 187
134 102 97
169 122 171
145 75 44
122 140 137
171 74 43
172 110 115
150 88 70
169 86 70
114 146 172
51 178 168
70 175 183
137 128 152
104 146 151
149 122 140
58 182 133
141 128 187
147 117 124
80 158 168
36 188 151
69 164 149
149 104 90
154 128 172
169 99 97
127 134 168
93 158 181
172 128 155
43 182 135
172 99 81
170 128 185
93 158 133
173 127 124
45 188 177
185 98 92
134 87 66
186 110 113
147 81 59
186 128 135
162 128 140
64 176 152
79 158 134
181 128 174
158 119 115
183 87 66
173 81 55
145 98 79
140 128 125
157 68 47
86 164 157
48 188 161
186 74 43
70 164 175
142 116 107
61 170 141
106 140 163
132 74 44
186 127 147
146 63 39
173 63 35
127 134 147
61 182 177
129 128 180
114 145 187
145 122 163
165 110 101
104 152 176
115 134 173
179 69 52
158 86 61
166 117 124
96 148 142
113 140 146
114 146 157
88 152 157
143 104 105
161 104 88
161 93 75
106 140 178
79 167 142
177 121 115
132 120 124
60 171 171
96 158 152
61 182 163
147 122 178
175 104 105
161 122 163
79 169 182
132 123 162
146 110 115
34 189 176
52 188 140
163 122 151
78 170 154
148 122 151
128 134 157
123 140 178
87 164 174
139 69 52
175 105 90
141 94 88
156 98 96
70 176 143
176 86 79
78 170 171
141 128 142
105 151 161
132 110 105
144 122 115
158 80 70
43 193 144
143 86 79
166 65 43
178 122 163
70 165 187
180 63 43
130 134 134
141 111 97
149 128 132
175 116 106
61 170 181
88 152 172
69 176 173
186 105 105
43 182 145
51 177 139
60 182 143
161 122 177
170 128 134
120 140 165
132 123 145
112 143 133
78 159 155
43 183 168
45 188 187
40 194 157
179 92 88
154 87 79
55 176 157
151 74 53
144 99 97
96 146 175
122 140 152
137 103 88
177 93 71
142 80 67
105 143 141
86 164 137
166 80 63
178 122 131
97 146 161
164 75 50
52 176 178
157 122 134
137 66 43
142 93 71
181 122 154
160 110 112
51 188 170
105 152 143
168 92 88
177 74 61
150 93 88
138 81 54
140 68 34
179 116 123
154 97 79
168 120 115
88 152 139
86 164 186
43 193 168
43 182 154
142 122 132
150 128 183
170 128 164
178 122 180
132 122 115
174 87 62
186 122 168
157 110 97
115 134 136
169 128 145
134 122 185
89 153 187
61 170 162
166 87 79
156 120 124
61 174 133
156 128 147
70 164 157
60 177 187
152 69 37
139 128 165
132 96 87
178 101 97
34 189 142
132 134 186
166 68 34
139 116 120
168 128 177
183 128 126
88 160 165
78 159 178
105 146 170
141 128 176
157 80 53
70 164 139
186 123 178
176 80 70
96 150 133
96 157 141
184 116 107
76 164 163
145 128 157
182 99 83
34 188 160
43 194 136
114 137 182
164 116 107
170 69 52
163 128 169
161 128 183
150 104 101
178 69 38
141 86 61
52 188 182
123 133 139
158 104 105
132 134 175
142 74 61
166 122 131
163 99 82
186 71 51
153 122 167
56 176 146
117 134 149
124 132 176
186 122 140
109 140 156
152 75 61
96 148 151
40 194 180
78 159 142
148 126 124
132 92 71
147 68 49
114 146 141
177 128 147
128 128 152
84 164 150
147 128 168
96 151 183
132 131 141
186 93 70
186 118 115
173 108 97
167 122 141
154 63 41
59 182 154
70 171 152
181 81 54
114 135 165
112 146 179
161 74 43
153 113 115
179 110 111
49 182 174
181 128 141
46 188 149
162 87 69
133 128 126
93 158 159
166 122 183
87 153 179
61 179 170
156 128 163
121 140 144
146 122 185
137 99 82
112 146 150
107 140 185
179 128 184
151 87 61
79 167 134
177 122 171
152 122 116
168 102 88
50 182 157
170 122 149
133 122 154
136 86 75
148 128 146
70 164 168
44 182 181
157 122 142
133 116 109
183 86 75
138 122 139
154 128 137
163 122 121
162 104 99
186 123 130
133 129 169
185 80 69
91 152 147
132 69 50
182 80 63
51 185 133
169 74 59
136 80 63
132 110 97
65 176 164
172 93 77
111 140 169
88 152 164
135 80 70
105 152 184
65 170 147
110 146 164
127 129 187
36 188 169
164 128 160
37 188 183
75 170 147
163 128 132
170 122 158
186 93 87
153 75 45
147 110 102
140 110 110
141 122 148
153 122 180
93 158 171
175 75 50
39 188 134
102 152 154
179 128 157
179 74 43
71 170 178
138 75 48
139 128 134
184 105 89
68 176 133
168 93 71
157 116 108
154 122 159
35 194 147
152 80 66
174 122 186
147 99 87
143 104 93
86 158 133
148 116 111
61 170 155
133 69 39
42 187 140
167 106 106
105 142 133
124 132 162
150 93 76
138 122 178
171 122 178
172 116 119
107 140 147
84 158 159
173 63 43
80 158 148
174 128 173
179 128 166
68 170 171
145 77 52
63 176 145
162 69 52
105 152 167
85 158 183
179 94 79
112 140 176
132 130 161
85 164 143
148 128 175
156 91 70
166 128 151
154 101 88
140 92 80
160 122 170
50 182 163
112 140 139
41 188 163
80 164 173
97 146 168
143 69 40
166 81 54
165 80 70
143 122 172
137 104 105
177 128 134
78 170 161
141 122 125
76 165 187
164 98 92
143 86 71
121 134 133
132 134 150
183 110 105
153 122 173
176 68 46
155 128 178
120 140 172
103 146 178
70 175 159
35 194 173
85 158 175
50 188 154
173 122 135
138 122 160
186 104 95
83 164 168
97 153 159
63 176 178
96 157 187
150 63 35
123 134 152
34 194 157
59 176 139
42 194 151
97 153 174
172 110 103
73 170 141
157 105 93
77 164 150
42 194 187
116 141 160
154 81 60
132 123 177
166 87 64
183 68 46
148 122 133
118 140 186
163 116 118
165 92 82
185 128 154
160 111 105
97 152 146
83 164 179
132 76 52
136 128 181
88 159 139
179 63 37
177 122 122
143 122 156
137 122 120
186 128 183
34 194 180
123 138 160
149 128 162
164 63 38
44 182 161
157 122 153
101 146 157
169 122 122
184 122 161
55 182 171
115 134 143
52 176 152
182 122 145
137 98 93
185 128 169
141 104 100
126 134 182
166 104 93
178 86 71
174 98 90
180 74 55
79 165 158
158 92 80
161 128 176
150 66 43
51 182 143
66 170 137
139 74 55
126 129 135
88 159 152
108 146 156
186 109 99
180 114 115
170 116 111
143 116 114
158 74 53
65 170 186
163 69 39
152 92 82
139 63 37
143 128 151
171 122 165
122 134 170
108 146 186
55 176 184
167 128 124
172 69 41
116 141 153
42 194 174
161 128 154
146 128 139
160 122 129
45 188 156
66 170 158
153 122 147
74 164 144
136 128 146
151 116 120
133 129 187
52 188 146
179 86 61
155 128 187
74 170 185
45 188 133
76 164 179
52 179 133
186 64 43
132 63 43
132 97 80
128 129 146
139 110 104
176 122 147
40 188 147
177 128 178
132 103 90
151 111 97
186 85 61
173 68 35
50 182 180
148 86 78
54 176 163
148 81 70
166 110 114
180 104 93
101 146 137
136 122 128
52 188 176
146 68 34
160 80 63
140 122 185
150 98 96
102 152 138
60 182 184
150 106 106
137 119 115
61 178 159
184 116 124
133 116 120
171 110 109
137 93 75
147 110 109
43 182 173
42 188 171
65 170 176
70 164 133
58 176 176
138 112 115
167 71 43
101 146 143
160 116 123
158 69 35
96 158 176
55 182 159
132 131 155
117 140 178
186 79 52
144 128 129
154 122 129
162 122 145
152 68 51
186 128 177
141 122 167
139 128 157
98 146 181
169 104 101
147 122 145
168 128 139
164 74 56
69 176 149
161 81 57
103 146 163
186 123 152
103 152 148
91 158 176
70 174 168
133 68 44
49 182 137
150 116 106
138 71 43
165 127 187
129 128 175
148 74 58
129 128 165
152 122 121
55 182 165
93 152 142
57 177 134
142 81 61
132 129 132
61 180 148
109 146 174
45 182 187
133 81 58
93 152 153
179 99 88
164 86 74
153 128 126
107 146 137
39 194 164
144 93 75
43 190 182
137 89 70
163 68 47
167 97 79
76 164 169
93 152 178
171 81 61
89 158 187
173 117 124
132 105 101
144 128 180
158 99 85
166 122 155
152 128 150
180 122 175
148 122 158
163 122 135
117 140 140
174 128 138
137 128 172
173 74 55
151 128 142
108 146 146
117 138 133
183 104 100
153 87 66
183 122 116
105 140 169
132 134 165
183 75 48
169 75 49
174 122 152
38 188 156
155 104 99
128 134 142
142 98 91
164 110 109
164 122 126
65 176 140
175 128 163
147 122 128
155 110 111
142 68 47
177 110 105
184 69 38
158 65 43
83 158 138
122 134 144
112 140 163
93 152 163
157 86 71
128 128 158
45 188 167
178 81 59
186 86 70
132 123 169
186 128 142
116 136 187
37 194 152
142 63 43
39 188 175
147 106 97
52 187 165
81 163 133
87 156 168
69 165 180
93 152 169
149 99 82
183 75 61
146 87 66
143 103 88
100 152 186
69 176 154
78 159 163
96 147 187
183 93 75
87 153 133
81 164 138
132 126 149
137 122 152
144 63 34
56 182 180
60 171 147
112 140 185
47 182 149
144 72 52
92 158 143
92 158 164
48 182 169
163 91 70
132 125 140
152 128 167
143 122 138
64 176 173
145 92 81
163 116 112
34 189 137
161 128 164
177 122 158
114 146 146
166 122 166
168 128 170
96 148 156
158 128 133
71 164 163
151 122 186
61 181 138
177 80 65
155 93 75
132 87 78
175 104 100
161 87 79
168 110 97
170 80 70
135 86 61
147 92 70
123 134 157
179 123 187
186 123 135
162 110 97
171 87 79
39 193 133
178 128 125
174 93 88
39 189 187
123 138 183
175 116 113
161 128 149
78 170 176
152 80 53
132 134 180
168 115 115
164 128 145
70 176 138
144 128 134
83 158 153
148 75 49
177 116 118
54 176 173
60 176 165
186 98 86
65 170 167
135 128 137
114 144 164
116 141 168
182 128 132
147 98 92
57 176 152
93 158 148
166 93 76
137 116 124
168 112 106
117 140 148
96 146 137
133 129 177
181 90 70
135 110 111
153 98 92
162 98 96
171 122 144
111 140 150
99 146 147
173 104 94
158 75 48
87 163 169
173 128 130
165 122 161
141 122 143
180 122 126
168 128 130
75 164 137
84 164 162
174 122 128
167 99 85
42 188 151
138 105 95
182 98 96
67 170 182
127 134 187
184 116 119
87 162 178
118 134 181
127 134 174
69 168 145
137 76 61
159 114 115
132 134 170
181 92 83
157 69 52
180 107 106
173 86 74
60 172 177
98 152 178
186 98 80
138 84 70
96 154 136
34 194 142
48 188 137
132 132 146
175 92 82
177 98 79
73 164 183
59 176 181
66 176 186
65 170 142
172 122 115
163 122 115
49 184 187
74 170 157
133 86 71
185 87 79
83 158 165
164 122 173
159 97 79
183 122 182
182 128 151
154 95 88
176 80 52
72 164 152
137 128 129
180 116 111
186 122 157
91 152 183
46 188 142
147 122 168
181 69 41
146 114 106
76 170 167
159 123 124
139 99 97
181 122 140
56 182 146
118 134 139
132 99 94
112 146 136
38 188 141
51 177 147
120 140 157
69 172 187
81 164 153
53 182 177
87 157 156
169 98 91
155 69 43
123 138 168
137 122 146
137 92 85
186 69 43
145 92 87
163 97 88
99 152 169
43 192 162
169 124 187
79 168 147
44 182 141
143 99 83
78 159 173
153 118 115
78 162 183
160 122 183
186 126 124
145 66 43
136 73 52
129 128 140
136 114 106
133 67 34
75 164 157
34 188 147
166 128 183
158 98 92
153 122 138
133 129 165
155 74 57
34 189 185
83 159 187
184 63 39
137 122 133
143 81 56
166 122 147
46 188 173
147 128 152
175 128 143
136 99 86
159 122 159
158 63 39
158 128 142
175 128 183
120 134 174
101 152 142
168 86 75
148 69 39
152 118 124
93 153 133
168 64 34
60 182 168
180 67 34
132 125 182
176 127 187
132 94 83
170 116 106
186 115 111
145 85 61
158 86 76
87 155 149
61 179 134
87 157 162
132 123 131
137 110 99
35 194 161
176 112 115
96 153 150
179 104 88
56 179 187
60 173 158
79 167 167
151 110 113
172 90 70
114 144 176
77 170 137
52 186 160
114 137 152
158 110 101
125 131 169
173 102 97
126 134 133
106 147 141
92 158 154
128 134 152
186 128 165
132 80 53
132 83 65
153 81 70
96 156 183
96 158 162
183 68 51
158 87 66
170 87 66
98 146 133
51 179 160
170 92 84
148 81 54
34 190 153
105 143 183
60 175 148
60 182 172
186 80 65
184 81 59
164 76 61
146 122 123
54 182 153
150 79 61
115 141 136
74 170 174
132 134 159
163 78 52
132 117 115
160 125 187
168 68 47
153 104 104
34 189 166
186 128 129
157 108 106
143 116 118
185 122 174
95 152 187
149 74 43
141 122 119
121 134 166
173 99 85
148 116 116
169 106 97
168 74 53
168 69 38
141 99 87
97 152 154
186 90 75
137 69 37
167 122 178
