123 129 122
162 44 215
162 44 37
87 130 222
87 130 32
169 130 196
169 129 52
92 59 38
92 58 217
87 132 166
87 131 85
169 129 144
164 129 98
124 132 194
124 129 59
161 89 215
161 89 37
134 129 158
87 129 129
93 94 218
92 95 38
145 131 222
143 130 32
133 129 90
116 132 222
93 132 195
115 132 32
108 132 148
150 132 124
97 132 59
158 132 171
150 132 71
101 129 107
162 114 215
111 129 173
111 129 79
160 112 38
146 129 199
162 67 37
161 67 214
139 129 179
164 132 32
148 132 145
169 131 118
169 132 78
145 132 52
138 129 109
168 132 218
126 132 141
120 132 104
93 114 39
93 113 217
87 129 148
109 132 205
92 77 37
105 132 127
130 129 211
92 77 217
129 129 42
101 132 42
149 132 89
134 129 73
156 129 186
97 129 179
87 129 113
109 129 189
169 129 160
101 132 92
93 44 37
153 129 109
119 132 160
101 129 162
114 129 48
155 132 210
88 129 70
100 132 217
136 129 129
87 130 208
169 130 179
87 132 48
148 132 160
125 132 179
88 132 99
110 129 65
163 132 64
164 129 131
93 44 218
157 129 43
97 132 139
99 132 77
111 132 115
124 132 81
114 132 92
115 129 136
162 101 214
136 132 192
136 129 60
158 132 153
143 132 211
132 132 222
157 132 198
156 129 55
158 129 81
162 101 37
157 129 222
95 132 121
144 129 99
132 129 170
162 56 214
137 129 142
147 129 171
120 132 207
121 132 70
154 129 135
87 129 185
141 129 82
98 130 32
127 132 112
132 131 32
161 56 37
166 129 208
161 78 37
98 132 152
161 78 215
125 129 151
168 132 89
130 129 101
97 129 205
140 132 42
169 131 41
140 132 119
106 129 54
158 129 118
146 132 189
136 132 202
87 130 58
154 129 32
93 124 39
162 122 37
110 129 214
120 132 169
110 129 102
92 124 217
167 132 107
159 129 143
169 132 169
142 129 152
160 123 215
149 132 179
115 132 183
146 132 62
90 129 157
132 132 52
101 132 172
110 132 158
100 132 188
123 129 89
87 129 175
103 132 197
144 129 135
114 132 57
100 129 67
123 129 132
93 105 37
105 129 135
157 129 162
92 103 218
118 129 145
115 129 197
93 68 37
94 67 217
123 129 36
107 132 181
159 129 91
154 129 100
102 132 116
139 132 165
114 129 126
149 132 40
123 132 49
109 129 38
93 85 218
88 129 139
131 129 185
124 132 217
97 129 99
107 132 222
91 132 215
127 132 202
160 129 72
164 132 186
160 129 178
92 86 37
148 132 116
131 132 121
130 132 66
97 129 85
138 129 218
149 129 79
97 132 50
95 132 130
90 132 40
142 132 72
133 132 82
169 129 70
126 129 163
169 132 152
116 132 40
145 132 107
135 132 150
105 132 84
136 132 98
92 132 92
155 132 64
108 132 166
87 131 200
108 132 73
157 132 128
119 129 113
150 129 217
95 129 112
95 132 222
117 132 84
142 129 89
150 129 152
169 131 137
131 129 134
100 129 145
169 132 125
169 130 60
122 132 186
161 129 50
152 132 48
94 52 38
149 132 206
118 129 214
93 132 65
104 132 98
153 129 193
123 132 97
107 129 47
160 129 106
103 132 209
143 129 125
118 129 153
88 132 120
94 129 165
139 132 173
160 132 216
115 129 73
91 129 79
87 130 106
126 129 74
104 132 61
107 132 32
129 132 128
137 129 37
161 129 192
152 132 166
94 51 218
138 129 49
159 129 205
163 132 112
130 129 196
110 129 142
162 129 39
94 132 173
163 129 124
163 132 84
94 132 106
108 129 93
87 129 193
107 129 120
132 132 176
116 129 64
137 132 135
115 129 165
134 132 113
166 132 201
93 129 188
115 132 190
163 132 57
119 132 176
116 129 98
116 132 120
132 132 107
153 129 174
91 129 53
113 129 109
146 129 45
121 129 201
107 132 109
141 132 185
163 129 149
164 129 165
162 129 137
123 132 42
93 132 73
129 132 95
149 132 131
141 129 66
131 129 145
127 132 157
160 108 214
121 132 138
164 132 156
149 132 96
100 129 124
103 129 152
137 129 211
115 132 202
142 129 160
110 132 198
96 129 211
156 132 37
120 132 55
142 129 57
164 132 174
91 132 144
139 129 198
127 132 86
110 129 87
149 129 57
110 132 132
95 129 43
169 129 189
154 132 85
163 130 222
152 132 222
169 130 95
162 95 214
139 132 103
165 132 45
162 95 38
163 132 77
154 132 141
129 132 190
100 129 222
125 129 172
93 129 35
144 129 38
124 129 107
87 131 64
92 132 203
155 129 123
137 132 55
130 132 58
142 129 113
155 129 148
112 132 209
149 129 139
103 129 37
168 129 84
103 132 157
122 132 117
115 132 131
136 132 123
118 129 79
141 129 190
94 129 148
149 129 104
146 129 85
154 132 76
101 132 131
124 132 64
142 132 147
169 131 212
96 132 160
146 129 164
131 132 38
154 129 202
99 129 195
149 129 211
124 132 146
131 129 217
145 129 177
113 129 150
122 129 222
161 107 37
125 129 207
111 132 43
162 83 214
87 130 90
105 132 78
102 132 203
162 50 215
100 129 55
162 61 214
91 129 181
107 132 175
143 132 205
132 132 206
148 132 33
87 132 76
164 132 142
121 132 128
137 132 87
112 129 53
156 132 95
161 129 211
97 132 199
104 132 142
102 129 178
160 72 38
168 129 34
154 129 156
169 130 101
113 132 68
159 129 61
127 129 48
121 132 76
134 132 182
141 132 131
131 132 165
156 132 179
143 132 217
91 132 134
138 129 76
92 129 118
92 129 127
114 129 157
168 129 112
162 73 214
139 132 222
162 129 198
101 129 47
136 132 66
154 132 113
150 129 184
148 132 195
161 50 38
144 132 94
144 132 77
112 129 220
131 132 76
99 132 166
161 84 39
133 132 139
160 132 100
96 132 184
138 129 94
93 119 37
90 132 151
119 129 93
111 132 97
126 132 53
121 129 164
164 129 92
90 132 162
125 132 32
94 119 218
161 61 38
95 129 218
158 129 66
105 129 69
163 132 119
169 129 174
104 129 168
111 132 122
138 132 157
111 129 184
102 129 87
156 129 49
126 132 222
145 129 119
97 129 90
102 129 74
152 129 128
120 129 45
101 129 82
105 129 186
147 129 74
166 129 74
133 129 45
92 129 47
138 131 32
112 132 179
131 132 154
169 129 47
158 129 133
153 129 118
123 132 155
96 129 70
92 109 218
129 129 180
148 129 111
158 129 111
146 132 68
87 130 217
154 132 105
120 129 182
143 129 143
120 129 191
116 132 141
135 129 119
150 129 63
146 132 183
114 132 103
156 129 217
166 132 192
161 118 38
160 129 34
155 129 70
119 132 61
153 129 93
144 132 156
105 132 105
137 129 186
97 129 118
109 132 138
129 129 79
130 129 117
93 129 59
160 132 183
107 129 115
152 129 162
111 129 60
91 129 171
137 129 168
92 129 102
107 132 193
99 132 37
113 132 145
167 129 65
126 132 70
150 132 199
132 129 202
90 132 110
91 132 209
93 90 39
138 129 207
114 132 161
135 129 163
102 132 183
169 132 132
156 132 190
98 129 133
121 129 83
164 132 103
97 129 169
144 132 168
104 132 50
146 129 150
110 132 50
120 131 32
87 130 43
169 132 165
169 132 205
159 129 156
160 118 214
126 132 212
135 132 215
106 132 89
95 132 81
98 132 96
121 132 212
93 132 98
148 132 175
127 129 90
106 129 218
132 132 131
115 132 173
126 132 39
152 129 37
118 129 52
92 72 217
163 129 160
163 129 169
109 132 154
164 129 182
167 132 55
116 129 36
87 132 179
116 132 149
164 132 69
135 129 196
127 132 136
155 132 89
124 129 102
157 132 166
101 129 140
142 132 85
94 129 153
113 132 216
99 132 64
127 132 184
93 109 37
98 129 174
152 132 54
144 132 139
160 129 187
87 129 125
135 132 103
160 129 86
92 129 85
110 132 127
106 129 162
120 132 108
103 130 32
90 132 190
163 132 206
135 129 174
131 132 71
106 132 40
98 132 109
152 132 187
129 132 149
104 129 111
112 132 36
158 132 52
107 129 201
94 99 37
98 132 104
145 132 128
158 132 175
100 129 200
165 132 50
92 90 217
93 129 199
94 62 218
107 129 210
92 72 38
101 129 101
134 129 40
113 129 84
162 128 215
101 132 120
120 132 197
133 129 85
148 129 51
97 132 144
141 132 194
112 132 169
154 132 206
88 129 37
87 132 212
94 99 217
159 132 140
138 129 147
103 132 148
123 129 112
87 132 54
169 132 184
103 132 220
91 132 220
94 81 218
111 129 32
96 132 39
129 129 175
157 129 76
151 132 149
112 129 194
98 129 128
160 129 128
139 132 139
98 129 156
108 129 171
165 129 61
95 132 54
87 130 95
142 132 47
107 129 130
139 129 71
147 129 93
133 132 62
113 129 118
124 132 166
92 63 37
133 129 55
125 129 197
141 132 36
120 132 88
152 129 143
146 132 102
133 132 188
124 129 183
119 132 123
137 132 80
118 132 218
144 132 173
155 129 169
152 132 43
127 129 62
133 129 126
121 129 142
159 132 41
159 132 46
164 129 53
116 129 89
114 129 177
144 132 111
112 132 63
145 129 213
93 129 136
115 132 77
87 132 143
126 132 100
118 129 133
125 132 120
101 129 212
99 132 87
160 132 146
107 129 145
118 129 205
94 132 32
100 129 113
163 132 95
88 132 81
101 129 191
103 132 57
92 129 141
111 129 162
158 132 122
134 132 49
104 132 66
108 129 106
93 132 168
145 129 192
151 132 60
118 129 68
113 129 39
138 129 153
165 132 211
116 129 210
140 129 98
124 129 94
96 129 76
168 132 157
167 129 121
169 132 73
87 131 171
169 129 200
90 132 61
127 129 219
126 132 116
163 129 153
145 132 57
130 129 140
138 132 113
150 132 107
136 129 138
112 129 203
100 132 71
157 129 195
147 132 217
96 129 65
121 129 65
135 132 171
112 132 165
91 129 122
126 129 83
154 132 153
133 132 94
139 132 61
141 129 213
119 129 187
157 132 33
158 132 58
146 132 81
159 132 208
92 132 177
155 129 61
105 129 101
93 132 156
91 129 89
165 132 37
87 132 154
108 129 76
132 129 110
101 129 61
126 132 77
146 129 65
104 129 95
104 132 165
119 129 173
126 132 132
129 129 124
132 129 150
93 82 39
109 132 84
91 132 184
107 129 197
152 129 74
169 129 140
165 129 82
108 129 178
166 132 116
157 132 108
151 132 213
143 132 201
142 129 53
90 132 34
126 132 45
124 129 158
125 129 191
128 132 208
146 129 204
110 129 70
94 129 95
118 129 56
103 132 138
126 132 104
103 129 128
152 129 207
154 132 145
140 129 39
90 132 68
113 132 187
97 129 191
160 132 163
141 129 106
154 129 52
121 129 150
141 129 128
136 129 52
119 132 73
134 132 199
167 129 128
93 129 160
157 129 103
149 129 167
100 129 149
144 132 197
104 132 190
161 129 44
160 129 173
99 129 40
115 132 111
127 129 34
133 129 78
115 132 207
121 129 40
98 132 209
92 48 217
166 132 179
140 129 203
160 129 97
150 132 119
133 129 99
113 129 140
132 129 192
145 132 42
90 132 196
148 129 36
169 132 147
93 48 39
122 129 210
126 129 187
130 132 172
136 132 75
123 132 200
159 132 69
156 132 73
92 129 109
138 132 177
142 132 178
97 132 115
111 132 105
129 129 68
133 129 67
165 132 133
124 129 52
92 132 50
99 132 178
165 129 190
146 132 124
124 132 175
161 132 134
133 129 179
90 132 174
160 132 159
115 129 60
99 129 184
102 129 174
142 129 183
143 129 49
92 129 39
136 129 222
88 132 205
166 129 88
166 132 150
134 129 106
115 132 153
163 132 127
90 129 165
169 132 37
149 129 190
147 129 156
148 132 164
106 132 212
92 132 115
117 132 49
131 132 214
125 129 67
129 129 54
113 129 95
113 132 73
152 132 100
109 129 42
155 132 214
160 132 37
119 129 120
130 132 49
117 129 104
130 129 130
154 132 159
165 132 197
165 132 138
93 55 37
87 132 134
95 132 206
150 132 141
95 132 101
134 129 208
111 129 134
139 129 133
137 129 42
92 129 206
143 129 219
103 129 207
157 132 135
155 132 120
126 129 215
119 132 96
146 129 131
115 129 170
127 129 155
145 132 89
159 132 202
123 129 168
100 132 135
149 132 136
160 132 116
91 129 75
115 129 186
156 129 139
154 129 212
111 132 191
107 129 82
114 132 52
134 132 145
88 129 118
124 132 162
138 129 122
110 129 146
109 129 98
138 132 183
108 132 185
152 132 67
143 129 61
103 129 77
131 132 87
136 129 82
108 129 125
130 132 98
122 129 205
115 132 44
154 132 125
116 132 194
138 132 161
163 129 144
143 129 102
148 132 47
94 132 125
149 132 171
164 129 107
153 132 81
97 129 36
143 129 208
142 129 75
148 129 69
97 129 47
133 129 141
152 132 219
97 129 163
157 129 84
109 132 118
138 129 64
126 132 170
118 132 100
117 132 127
133 132 118
120 132 146
112 132 155
98 132 83
111 129 112
164 132 219
131 132 160
119 132 155
147 129 186
130 132 83
160 129 220
90 129 131
87 132 159
112 132 222
155 132 221
92 127 217
99 132 220
167 129 215
167 129 155
160 126 38
88 132 73
156 129 115
97 132 73
90 129 201
151 129 113
161 129 202
103 132 124
154 129 131
123 129 214
107 132 57
123 132 135
120 129 117
105 132 131
122 132 190
97 129 187
103 129 92
120 129 98
121 129 157
93 129 192
165 129 77
101 129 51
151 129 158
101 129 158
