117 134 204
160 32 49
89 145 71
161 31 202
167 145 124
161 115 48
93 71 50
93 62 200
94 126 138
163 93 200
167 145 180
134 128 89
127 145 45
130 145 155
160 74 55
89 144 177
99 112 50
98 31 53
167 145 73
95 102 199
106 145 108
136 128 125
152 126 205
158 126 151
97 31 205
89 144 210
157 62 200
163 126 99
138 145 185
157 145 44
114 128 175
118 145 73
99 144 44
93 127 91
145 145 106
116 145 134
95 126 194
143 145 66
106 142 155
167 145 208
149 145 140
150 128 174
138 126 52
93 127 115
137 145 210
121 128 108
89 145 126
116 126 48
93 127 163
109 145 187
155 145 161
103 129 72
154 128 80
158 52 54
123 145 95
93 92 54
98 82 206
163 94 49
159 126 128
126 128 144
99 52 53
103 145 88
166 145 93
109 128 125
113 128 90
161 130 61
163 127 189
146 145 86
132 128 168
129 145 117
89 144 147
88 145 100
167 145 147
121 145 173
149 128 112
93 128 56
134 126 202
163 112 205
129 130 72
154 145 195
113 142 56
143 128 142
146 142 124
133 145 135
93 145 194
115 128 157
157 78 205
107 145 210
125 145 195
98 129 178
99 48 205
109 128 142
105 128 104
104 145 171
157 46 204
167 145 57
161 138 109
127 133 183
148 131 96
139 142 168
98 117 206
146 131 159
100 145 137
131 142 83
141 142 48
127 142 61
163 127 166
89 145 55
104 145 68
92 145 162
152 142 178
152 144 210
98 133 206
137 131 106
105 142 122
92 138 83
155 128 49
118 145 147
96 133 150
161 138 136
142 134 75
167 145 194
122 131 132
158 141 83
163 127 115
154 142 57
93 145 114
116 129 77
124 144 210
136 142 97
143 137 201
118 142 108
105 133 50
163 132 201
133 131 155
144 145 152
142 133 183
97 133 128
127 134 50
92 132 103
167 144 167
119 142 161
115 145 84
158 136 121
155 142 98
161 63 49
93 126 78
97 83 49
107 127 201
163 127 72
161 131 177
102 131 84
111 145 199
98 142 184
163 127 140
105 131 167
117 145 122
115 145 44
147 131 131
125 131 119
158 137 70
94 136 169
163 136 50
123 131 95
98 137 62
161 136 157
157 102 204
111 145 96
153 145 114
128 136 201
93 92 206
108 135 183
157 83 49
163 127 87
93 41 50
133 145 72
94 102 48
133 131 136
157 106 55
93 72 206
161 137 187
156 145 127
111 128 114
126 145 183
130 145 106
150 145 74
121 128 166
161 43 49
99 145 99
110 137 72
159 121 199
154 131 143
93 120 48
93 135 71
101 142 78
89 144 137
154 142 151
132 142 145
146 134 53
158 138 170
167 145 45
93 135 48
141 145 195
127 131 82
92 136 120
99 62 51
129 145 166
144 128 86
107 145 145
139 142 114
101 142 199
163 71 201
161 136 93
148 142 187
93 145 90
145 128 121
101 145 54
161 136 146
167 145 104
167 145 157
102 131 119
105 128 157
127 142 126
112 142 175
124 126 204
122 136 75
137 142 57
154 131 164
154 137 201
163 54 200
94 126 66
93 112 200
105 131 94
167 144 83
136 145 124
159 145 64
123 142 139
89 145 45
92 125 204
159 122 55
94 133 186
110 142 165
92 138 200
141 131 173
97 145 151
124 128 155
131 145 203
107 136 204
115 131 102
93 40 204
148 128 150
150 145 169
92 136 159
157 145 186
131 128 99
94 136 111
136 128 80
157 88 206
154 128 104
135 142 176
141 142 133
94 136 93
88 133 127
123 145 53
133 129 177
144 128 201
154 130 90
117 142 192
119 137 179
144 145 161
113 145 65
167 145 114
99 57 205
163 83 200
163 103 49
132 128 114
107 145 131
140 142 80
147 145 203
123 145 81
113 128 134
157 145 106
89 145 185
167 145 134
157 90 55
92 137 143
140 145 141
117 135 53
115 143 208
137 145 89
101 131 139
100 125 51
97 145 209
97 88 200
151 136 75
151 135 183
97 142 130
156 145 90
99 108 205
135 136 50
136 131 147
144 142 94
149 145 49
154 129 119
117 129 182
110 145 115
160 145 142
118 131 148
153 137 50
164 142 201
99 94 49
93 107 55
120 145 202
122 131 175
109 142 138
146 127 48
94 126 155
93 145 63
92 136 134
102 145 163
146 142 59
144 145 179
138 128 163
107 145 48
93 126 172
97 126 107
162 39 204
96 126 124
98 133 77
109 142 79
161 139 128
113 128 165
106 129 177
97 142 175
120 131 87
163 126 107
139 131 96
98 118 55
136 135 204
127 128 126
119 131 140
157 98 52
122 142 115
158 132 195
134 145 50
158 145 73
99 74 200
97 142 107
98 128 97
93 52 200
127 126 53
93 79 54
120 142 64
122 142 88
157 113 200
113 145 157
92 145 79
136 137 72
98 136 195
89 145 202
132 142 195
98 98 206
103 128 132
128 131 106
163 126 48
158 135 102
163 126 158
97 141 70
160 145 173
157 66 54
98 133 163
98 101 55
161 145 52
107 142 61
109 128 151
140 128 114
116 126 206
127 128 162
116 145 183
158 135 78
93 80 200
157 38 54
117 128 120
124 142 152
157 145 203
110 128 83
131 139 183
93 136 180
144 131 104
97 127 145
93 57 53
95 145 143
151 142 64
158 117 206
160 125 206
161 140 178
162 83 55
163 105 200
161 145 153
154 129 135
153 142 134
93 138 55
97 142 122
136 142 65
99 128 200
91 143 155
126 142 71
89 144 107
113 145 104
99 70 54
157 134 55
139 128 134
99 88 54
147 142 113
98 66 206
154 131 155
105 145 178
106 145 194
129 145 92
161 135 85
147 131 166
138 145 107
161 132 133
93 145 170
142 145 73
127 142 175
145 145 210
159 145 210
146 142 145
138 142 157
158 139 195
167 145 64
111 145 73
127 142 101
109 126 48
99 145 190
158 130 68
99 133 105
161 65 206
97 120 199
102 137 179
158 132 110
101 138 53
162 128 79
158 114 55
97 126 185
162 141 102
98 44 54
93 49 49
117 142 168
149 142 81
106 142 102
158 131 171
161 134 165
123 129 75
160 145 122
138 142 150
149 145 156
163 99 206
150 128 125
126 128 137
139 128 153
110 130 72
150 129 73
157 54 205
94 132 86
163 126 123
157 109 205
162 53 49
93 128 48
163 127 196
94 138 102
114 139 201
127 131 90
101 128 113
160 126 183
162 78 49
112 131 108
112 145 150
158 131 206
129 142 189
122 145 131
158 131 187
148 145 131
98 142 93
99 132 172
129 139 53
117 131 114
89 145 119
99 75 51
145 138 179
96 145 202
116 141 50
93 104 206
157 71 206
158 121 48
158 71 49
97 126 83
162 141 164
139 126 206
94 65 55
160 126 93
93 113 51
133 127 49
138 141 204
99 95 200
157 96 200
97 44 200
157 59 52
163 98 54
141 142 102
117 142 99
133 142 162
148 142 102
113 145 143
97 36 200
161 133 125
110 142 88
124 140 204
94 132 199
158 141 115
104 139 72
97 127 167
121 142 186
161 136 63
114 142 128
100 142 144
98 142 115
112 142 110
93 33 49
118 145 59
163 142 77
162 141 88
95 139 206
103 127 206
128 145 141
137 135 179
157 145 167
124 145 121
123 142 166
117 128 128
106 145 203
110 136 50
112 129 53
97 129 62
151 131 201
165 143 187
148 129 180
140 138 53
93 126 130
158 126 144
138 129 72
121 127 53
163 145 129
98 37 51
162 87 49
158 140 206
129 130 204
122 128 102
105 145 95
92 138 149
160 145 195
150 142 93
152 145 121
92 140 75
151 130 53
88 139 129
99 145 63
155 142 144
121 139 53
161 132 151
98 142 156
107 145 55
157 86 200
99 113 200
132 128 143
158 107 48
92 133 165
96 132 156
157 75 200
167 144 174
157 127 199
136 128 119
125 142 107
145 145 53
123 132 201
117 145 115
138 142 190
162 44 200
111 131 95
120 131 159
102 131 145
143 128 78
163 130 53
92 130 145
157 79 54
163 145 110
129 136 75
142 139 72
124 145 157
159 45 54
94 145 52
97 131 68
93 121 55
93 69 200
93 126 180
92 130 97
93 93 200
101 132 183
99 142 168
151 142 87
161 133 141
121 145 102
144 145 171
157 142 156
117 139 72
93 87 52
130 145 56
148 140 72
92 131 205
120 145 47
93 114 206
139 131 90
138 131 141
107 131 77
141 131 126
94 131 121
154 131 130
163 76 206
128 145 78
146 128 136
132 145 182
114 137 183
136 145 77
137 145 200
116 145 78
136 142 130
167 144 51
102 136 201
154 131 149
94 141 136
148 142 165
148 131 82
130 145 130
133 142 170
158 135 181
150 142 199
110 129 182
94 86 206
157 91 49
162 126 65
157 95 206
163 142 61
118 133 72
163 87 205
147 134 204
92 141 96
128 128 174
163 142 69
163 107 54
158 132 116
99 92 206
166 143 140
157 40 201
163 60 201
98 95 55
162 49 205
98 138 188
99 132 93
138 129 182
93 98 54
163 119 205
97 127 118
92 132 79
130 128 132
128 131 149
158 141 48
163 89 54
97 56 49
102 131 100
130 131 122
163 126 133
102 142 133
163 68 54
98 131 55
95 145 180
123 142 145
97 127 73
109 128 170
161 145 183
94 132 139
117 145 154
127 142 134
117 131 83
129 145 67
158 129 97
99 136 72
114 128 145
162 135 206
118 128 201
99 65 200
158 130 74
138 132 50
99 120 48
148 140 204
97 140 48
158 130 159
96 131 114
145 144 44
163 127 148
139 131 83
92 140 173
99 82 55
117 131 169
144 131 111
98 106 48
127 145 86
107 128 110
130 128 78
117 145 93
122 128 124
95 145 84
112 134 201
138 145 119
163 61 54
110 145 180
99 123 205
96 132 134
100 128 161
135 144 44
124 141 179
158 141 190
149 142 54
99 47 50
94 134 175
100 128 79
97 57 200
105 142 113
100 145 83
146 142 195
154 145 80
98 82 200
138 140 183
118 145 140
161 145 84
138 145 173
158 139 141
99 132 49
158 136 152
163 106 206
98 75 206
158 127 83
124 126 48
132 143 209
151 128 160
163 116 53
145 145 79
105 142 186
159 145 99
131 145 98
152 145 69
109 139 179
146 131 91
108 145 124
148 145 97
93 98 205
107 145 84
101 142 59
158 145 134
108 142 171
151 142 127
107 142 150
141 145 128
148 142 135
119 142 125
92 142 189
162 145 116
137 145 145
94 134 59
138 142 137
151 142 192
144 145 116
104 145 74
149 145 148
154 142 110
101 145 119
135 142 104
161 136 116
157 133 48
107 128 90
108 131 132
94 138 164
157 67 202
89 145 93
132 131 93
117 142 177
162 41 54
93 56 205
141 133 204
155 145 139
161 136 174
138 128 102
158 139 59
102 142 206
99 69 49
130 145 124
103 142 127
160 145 57
103 131 124
108 140 201
128 145 161
123 131 113
131 128 83
126 145 200
102 142 151
117 131 96
92 139 88
139 142 85
154 130 178
136 131 172
116 145 164
93 119 205
93 92 49
132 142 114
150 128 86
158 126 178
114 135 75
98 110 55
166 143 99
148 131 141
157 107 200
114 131 139
93 126 149
110 127 206
93 79 206
163 65 200
117 142 198
95 35 54
147 126 206
163 77 200
158 126 58
149 131 117
92 134 153
98 40 205
90 145 132
156 145 52
98 142 87
128 145 50
163 98 200
158 32 54
133 128 163
162 142 147
99 99 50
163 125 201
163 109 49
92 130 110
96 133 99
159 126 163
157 142 182
156 142 173
127 131 166
112 131 119
110 128 100
106 131 162
142 131 146
117 145 52
94 136 66
99 52 200
97 145 196
125 145 64
142 145 187
158 47 49
161 140 95
112 145 192
134 145 141
158 145 177
158 139 75
107 128 137
110 128 161
97 145 165
119 142 83
106 128 115
141 128 167
97 106 199
127 142 113
145 142 140
163 117 200
133 130 53
122 128 80
137 131 112
95 145 96
107 127 53
136 131 131
138 131 158
105 131 153
92 130 73
118 128 134
92 136 98
141 128 107
94 61 49
93 145 103
94 138 154
156 122 204
162 50 54
161 110 199
138 145 165
110 142 133
94 125 199
143 145 136
90 143 166
158 129 124
153 145 102
115 142 62
117 142 88
102 142 175
105 145 80
148 142 119
158 137 132
128 145 147
158 127 102
108 140 53
158 37 205
158 128 139
149 141 183
151 144 44
164 142 54
95 126 103
102 145 104
93 46 201
132 140 201
119 142 135
163 129 206
148 145 175
92 140 107
156 132 200
134 142 154
142 142 120
92 140 124
142 130 53
93 76 50
163 127 175
89 145 86
141 142 200
97 127 206
162 144 45
159 84 206
127 145 206
93 44 53
93 126 120
96 75 55
162 145 206
151 131 100
117 131 177
161 58 205
167 145 78
94 137 127
159 35 200
92 132 91
101 142 49
149 128 106
119 145 210
156 127 54
125 129 180
92 131 158
151 145 107
138 145 179
159 126 193
135 145 193
114 142 119
92 142 68
162 145 104
88 136 124
92 130 127
97 142 75
157 75 50
156 116 49
93 119 200
93 108 204
161 44 205
141 129 177
104 127 49
106 131 173
120 145 180
124 145 189
154 145 62
93 128 189
138 145 94
158 141 123
137 141 50
124 137 183
146 137 75
99 133 123
159 145 78
105 142 167
93 142 58
153 131 169
122 142 58
146 142 157
124 142 77
97 145 58
151 145 186
94 66 49
117 140 204
125 140 50
93 87 200
161 133 120
161 131 101
158 133 63
103 133 204
157 142 68
161 136 74
98 134 199
92 145 151
97 126 134
91 142 182
145 137 50
156 141 199
154 142 73
103 145 183
146 128 155
138 145 68
95 145 134
123 135 53
134 134 75
