91 127 147
181 61 36
178 61 222
74 139 31
75 61 224
182 139 101
136 139 222
93 61 39
150 132 31
182 127 171
112 139 86
73 128 210
141 139 136
177 111 220
124 127 179
73 135 106
180 103 46
93 103 40
152 127 75
112 139 45
76 127 69
182 139 56
176 127 135
91 139 181
162 139 198
113 127 119
83 95 217
105 127 223
140 139 103
151 139 169
182 139 223
118 139 153
178 128 31
113 139 201
135 127 55
161 127 114
73 139 132
73 139 162
170 86 217
178 127 78
102 127 67
139 127 200
159 128 223
96 127 101
95 127 32
182 127 196
160 127 53
89 139 52
156 127 149
127 127 32
94 127 201
132 127 86
161 139 92
84 82 35
85 139 85
90 127 124
173 84 38
135 127 159
73 128 188
182 139 152
103 127 165
123 139 68
164 127 180
86 139 223
105 139 136
125 127 137
139 127 119
120 139 105
183 139 121
73 128 48
81 114 221
122 127 213
162 139 131
166 139 70
110 139 180
138 139 186
101 139 115
82 77 217
168 139 42
172 126 212
137 139 42
73 127 90
73 129 147
85 127 170
178 139 184
168 139 165
139 139 76
124 139 125
151 139 61
98 127 84
92 139 159
99 139 213
170 127 99
117 127 58
150 127 97
147 139 208
141 127 175
90 139 69
132 139 170
83 139 199
151 127 131
109 127 191
181 139 206
143 139 153
111 131 31
174 127 62
118 139 222
74 127 121
108 127 146
103 127 48
118 127 77
167 139 146
84 118 38
130 127 103
130 139 202
112 127 99
151 139 115
182 127 111
172 127 157
182 127 46
164 139 214
170 139 112
88 139 139
143 127 217
153 139 45
132 127 70
153 139 184
76 139 177
154 127 202
103 139 58
173 116 39
85 139 114
121 127 164
76 139 59
98 139 92
182 139 85
140 127 145
164 127 35
108 139 72
73 139 77
108 127 206
127 139 54
146 127 45
98 139 41
87 127 215
81 127 135
128 139 92
182 139 71
168 101 214
182 139 138
124 127 198
171 71 215
159 127 163
124 139 187
119 139 139
109 139 166
150 139 222
96 127 186
104 139 150
152 139 82
163 127 84
91 127 57
118 127 43
101 139 191
81 104 33
130 127 224
174 102 34
167 127 197
103 127 128
171 127 122
87 127 91
164 139 56
80 61 36
132 139 146
87 127 77
94 139 127
171 61 45
182 139 41
122 139 32
83 62 213
83 127 108
75 127 223
152 127 188
85 139 38
145 127 64
182 127 94
154 139 144
123 127 151
177 127 224
73 104 218
137 139 122
75 139 93
159 139 157
134 127 188
109 127 177
181 139 165
178 72 42
126 127 122
80 127 199
182 127 147
82 128 31
73 127 168
79 139 212
90 139 102
99 127 115
112 139 119
179 127 183
73 139 118
153 139 102
160 127 66
113 127 134
147 127 108
137 127 133
139 139 58
82 127 158
163 127 134
162 139 31
73 139 222
88 127 45
164 139 178
120 127 89
127 139 214
83 127 181
108 139 103
149 139 127
96 139 171
147 127 157
145 139 197
170 127 169
139 127 34
171 139 81
85 94 39
75 139 44
87 71 40
97 139 81
127 139 81
130 127 44
143 127 85
153 127 174
131 139 158
117 127 223
106 139 223
79 139 147
142 139 88
170 139 99
171 139 125
134 127 210
95 139 202
170 127 48
84 139 168
111 127 158
138 127 96
75 139 190
182 130 214
174 139 31
176 95 218
182 139 194
127 139 114
94 127 136
117 139 57
175 62 211
167 61 220
170 136 223
73 138 202
141 139 175
168 127 144
151 127 119
131 127 170
173 95 42
135 137 31
182 127 124
78 127 58
156 127 213
122 139 176
183 128 69
82 102 225
104 139 31
183 128 160
73 129 38
126 139 43
120 139 165
83 139 128
170 139 204
121 127 110
159 127 103
94 127 223
76 85 219
167 127 73
109 127 110
98 127 156
170 127 110
83 105 214
174 127 88
101 127 214
182 127 57
175 139 215
140 139 162
175 139 174
117 139 96
110 127 86
110 139 210
171 139 156
89 111 34
174 139 50
85 127 66
118 139 77
172 139 61
93 137 31
83 67 221
77 127 99
96 139 223
74 127 79
170 119 218
170 104 43
172 139 137
90 139 148
132 139 134
153 127 87
132 127 113
105 127 39
156 139 72
114 139 129
146 127 207
170 104 224
164 127 206
147 139 38
87 127 191
89 139 209
177 103 212
74 127 178
73 129 158
88 61 30
97 127 176
161 139 113
114 139 191
119 127 68
84 139 189
181 139 112
177 78 217
137 139 208
101 139 181
81 139 157
80 139 102
104 127 95
127 127 61
104 127 137
112 127 215
151 127 57
74 127 112
77 139 69
171 62 36
78 122 215
85 107 41
143 139 67
121 139 206
131 127 145
110 127 72
124 127 52
134 139 69
159 127 125
122 139 197
117 127 186
155 127 140
170 139 189
148 127 166
114 127 199
182 127 205
128 139 102
153 139 193
101 139 162
112 127 169
142 139 49
142 127 191
141 127 73
181 108 38
96 127 42
132 139 179
92 127 163
132 139 192
103 127 198
183 134 130
82 127 118
150 127 224
168 127 224
154 127 38
126 138 223
182 136 32
170 110 214
103 139 125
108 127 60
98 139 67
88 139 93
155 139 212
161 127 95
101 139 49
151 139 93
83 139 76
73 129 136
81 127 146
176 127 40
89 101 31
180 61 45
161 139 79
93 127 70
170 139 89
111 139 146
84 127 206
177 139 145
112 139 32
138 139 114
161 139 189
161 127 44
154 139 202
110 139 158
163 127 189
84 139 60
160 139 168
162 139 101
91 127 113
148 139 74
76 66 216
73 139 141
81 127 127
162 139 122
104 139 202
102 127 75
87 127 100
182 127 102
99 127 146
159 139 223
73 137 153
85 63 43
183 130 85
139 131 223
94 139 110
121 139 86
119 127 128
84 139 176
163 127 155
119 127 143
138 127 107
126 127 79
111 139 63
73 133 195
147 127 181
81 126 39
83 124 222
179 102 222
119 127 32
92 139 192
174 127 176
108 139 112
73 136 52
119 139 40
97 139 140
156 139 175
162 127 171
154 139 54
178 139 92
110 127 52
103 131 31
181 134 176
73 136 170
91 122 38
90 88 37
178 90 38
153 139 32
73 133 62
90 77 35
176 127 191
182 135 48
159 139 39
175 110 44
182 139 215
73 133 127
77 72 221
177 122 216
176 127 200
73 127 202
145 139 216
105 139 84
132 139 61
182 131 138
137 127 46
136 139 95
98 127 59
104 127 103
78 139 112
148 127 142
175 127 71
168 127 56
127 127 96
126 127 190
142 127 53
83 139 45
151 139 159
173 67 222
175 139 198
170 127 185
119 127 205
80 127 50
135 127 179
110 139 53
108 139 92
133 127 127
159 127 195
148 127 198
147 139 107
73 135 184
94 127 49
122 139 146
135 139 83
136 127 79
118 139 183
155 139 135
90 139 120
147 139 188
180 100 38
89 68 34
174 76 37
177 68 36
157 131 31
95 139 59
81 132 223
142 136 31
134 139 107
116 127 150
139 139 145
118 127 174
78 139 86
160 127 74
91 127 180
90 127 155
122 127 102
80 139 137
170 127 130
89 127 131
143 139 96
174 139 71
152 127 49
81 127 83
183 129 38
73 131 218
178 121 43
147 127 149
136 139 153
77 110 216
154 127 157
164 139 48
104 127 186
96 127 193
166 127 216
183 135 188
117 139 215
179 80 41
73 135 99
183 136 77
122 132 223
73 134 71
87 102 219
177 127 143
169 130 31
138 127 169
179 127 154
107 139 187
151 127 68
93 127 212
164 139 140
106 139 42
123 139 159
73 135 88
170 127 82
178 139 159
133 127 203
80 139 121
136 139 199
175 127 116
145 127 135
116 139 113
79 139 184
93 139 216
160 139 66
140 127 154
97 127 91
112 139 173
78 139 38
119 139 48
130 139 37
88 127 140
153 127 112
148 139 178
161 139 149
96 139 151
147 139 146
171 109 37
78 98 221
111 132 223
80 127 175
182 134 116
182 134 107
143 139 223
177 68 215
80 136 31
86 61 219
127 134 31
176 127 55
87 121 33
177 134 222
78 108 224
82 89 221
182 134 64
135 139 53
126 127 207
146 139 119
119 127 157
126 127 160
98 127 122
93 139 86
116 139 69
123 139 133
120 139 119
147 139 55
142 127 162
166 127 104
141 139 203
84 139 216
116 127 105
127 139 151
154 139 122
167 127 117
139 127 60
93 139 134
142 127 101
93 139 45
176 127 105
175 139 104
155 139 88
182 135 146
81 81 222
175 115 215
84 100 41
75 127 130
92 134 223
182 127 131
172 67 41
154 133 223
98 127 107
101 139 99
80 127 164
171 139 181
92 127 172
132 127 194
124 127 73
142 139 129
123 127 116
123 139 59
101 139 131
128 127 215
124 127 172
174 139 118
131 139 120
166 127 62
81 139 205
150 127 215
162 127 142
166 139 172
170 127 150
112 139 135
149 139 137
132 139 75
168 139 195
182 134 92
170 79 218
83 111 36
73 139 215
176 87 220
178 127 164
80 127 212
76 127 142
177 127 128
177 121 36
169 63 214
110 139 218
147 127 34
89 129 31
183 127 188
175 139 44
179 139 62
96 127 129
117 127 49
98 139 74
92 127 83
73 129 55
145 127 91
80 127 190
166 139 62
167 127 89
146 139 81
80 127 90
111 127 79
107 127 153
92 127 106
73 135 209
116 127 192
88 127 198
135 127 217
108 139 130
107 127 118
112 127 127
175 87 43
104 127 55
94 127 76
104 127 172
162 139 86
91 139 79
73 133 116
182 139 173
170 93 217
78 120 221
180 61 216
78 100 215
179 139 132
168 139 131
73 139 126
105 139 143
83 139 70
175 139 168
77 127 154
83 67 38
182 131 201
182 127 219
182 134 157
169 127 40
76 127 43
171 99 219
78 139 50
73 136 39
182 127 117
83 119 218
90 110 40
89 81 40
88 127 52
146 139 44
150 127 103
137 127 140
105 127 83
113 127 64
89 98 38
167 139 119
131 139 208
146 127 122
116 127 113
122 139 92
132 139 46
83 77 38
140 127 128
133 127 92
143 139 168
103 127 179
126 127 89
128 139 140
127 127 130
182 134 219
167 139 219
93 139 38
108 139 78
157 127 81
106 139 172
89 139 202
147 139 101
147 127 79
81 127 74
108 127 44
124 127 41
130 127 155
113 127 91
84 127 151
169 127 162
164 139 107
151 139 69
170 110 221
82 85 217
106 127 217
180 127 63
174 139 38
135 131 31
86 139 31
79 139 164
181 133 168
77 93 219
178 127 98
82 70 216
73 133 77
84 89 36
85 139 106
101 139 175
108 127 131
77 139 198
167 136 31
128 139 129
97 127 207
155 139 163
142 127 113
164 127 148
104 139 107
112 139 107
151 139 216
136 127 149
94 139 116
124 139 170
83 139 143
154 127 219
176 73 220
172 121 41
85 72 34
75 127 195
83 61 224
73 130 32
180 66 41
175 127 206
178 108 215
159 139 217
89 116 37
84 107 221
98 134 223
88 129 223
180 101 216
180 127 176
183 129 76
121 133 31
88 127 37
177 139 84
78 116 216
122 127 220
141 127 40
113 139 101
169 127 191
151 127 43
91 127 63
80 139 96
155 139 111
169 139 212
130 139 86
119 127 136
114 139 163
135 139 101
98 139 33
94 139 164
82 139 55
170 127 139
177 139 127
130 127 181
145 127 58
145 139 60
138 139 64
139 127 68
91 127 206
85 139 133
159 139 58
176 127 171
166 139 184
88 139 154
108 127 163
108 127 67
156 127 169
97 139 197
156 127 59
73 133 93
138 139 193
90 66 39
120 127 97
92 127 89
105 139 63
141 127 212
95 127 217
169 139 75
170 139 56
75 133 223
183 134 55
76 127 106
181 134 72
182 139 180
97 133 31
78 81 216
90 105 35
182 134 100
183 139 201
84 110 216
73 129 173
139 139 34
171 100 39
134 139 217
179 113 39
143 127 223
86 94 34
174 99 214
78 67 222
180 139 46
74 139 103
73 127 63
80 139 222
148 138 31
73 137 83
77 127 218
176 118 220
173 131 223
134 132 223
174 102 47
92 62 34
174 127 217
182 134 194
169 105 218
173 72 42
172 104 212
73 136 158
176 139 209
109 127 185
107 139 47
109 127 201
167 139 160
110 139 141
109 139 153
92 139 74
87 127 162
151 127 208
97 139 157
73 135 175
138 127 205
131 139 185
109 127 139
86 123 41
157 127 187
88 127 71
171 127 93
116 127 163
75 103 224
130 127 53
125 127 144
121 127 121
127 139 175
133 139 115
122 127 185
134 127 61
122 127 60
152 127 125
182 135 162
143 139 113
165 139 205
134 139 141
167 139 37
107 139 37
176 139 98
159 127 179
168 127 68
159 139 47
79 127 170
97 127 162
140 139 82
106 139 98
176 139 150
176 127 148
169 139 106
94 139 208
73 135 57
105 139 197
101 139 218
99 139 87
149 139 151
169 127 205
164 127 126
125 127 68
121 139 111
124 139 73
145 139 158
73 134 189
176 127 47
73 138 147
75 127 74
179 139 34
77 127 206
176 105 219
78 139 79
84 65 33
77 62 213
83 99 34
180 127 210
183 128 52
178 84 38
174 82 221
76 139 206
179 104 34
77 127 185
73 136 136
90 139 63
91 127 188
88 139 163
166 127 174
95 127 151
157 139 105
165 127 110
73 127 95
141 127 78
104 127 110
93 139 93
148 139 88
117 139 90
90 139 176
124 139 181
138 127 90
98 127 54
73 137 113
104 127 157
97 139 186
93 139 144
153 139 76
137 139 172
166 127 96
159 127 205
113 139 74
136 139 159
126 127 107
133 127 75
136 127 39
128 139 66
