6 12 -39
-42 -90 81
42 23 89
-43 -90 -81
37 -76 13
-46 24 45
39 -58 -80
33 -49 81
-46 22 -89
42 24 19
42 23 -89
-39 -28 81
-47 22 -15
-37 -33 -74
-13 21 89
-7 12 15
35 -78 -36
-2 21 -84
17 12 55
0 -78 76
0 -78 -76
32 -16 -74
42 21 -22
39 -90 75
-32 12 -51
39 -13 74
-43 9 76
38 12 -55
35 -72 46
33 -90 -74
-15 24 54
-40 -59 74
-14 24 -17
-42 12 15
17 24 -2
-43 -4 -74
-43 -62 -76
43 23 60
15 24 81
15 24 28
15 24 -62
-11 24 -59
-27 12 34
36 -72 -12
-25 13 -79
35 -72 -60
24 -72 76
-24 -76 -76
36 12 39
-24 -75 78
25 12 -79
-45 24 -67
-3 12 69
-31 24 -31
-27 24 3
-2 12 38
38 12 1
21 12 -23
33 10 74
34 -37 -74
-28 24 71
26 24 -41
20 -72 -78
-15 12 -40
-32 12 55
4 12 -12
-38 23 89
24 12 16
-29 12 -15
-46 24 -44
-37 -10 74
-47 23 64
38 -31 81
40 24 -70
1 12 -68
-14 24 27
39 1 -74
-5 24 1
3 24 -25
37 -74 64
25 24 66
3 24 56
16 23 -89
-40 24 28
-27 24 -64
-25 12 17
38 -75 -81
36 -78 30
24 24 45
38 -65 80
-46 24 2
7 24 13
42 21 -38
-43 -75 74
19 12 -51
-43 -42 75
-40 -19 -81
-18 23 -89
-18 12 -4
-37 -48 -81
30 24 30
-20 12 65
30 24 -12
-42 12 -30
-23 24 -47
-3 12 -52
-40 10 -81
-36 12 -1
6 12 23
13 12 69
-19 12 -25
15 12 38
-5 24 -41
32 12 59
-30 24 43
-42 -76 -74
2 24 89
-13 24 -73
-14 24 73
41 24 74
27 21 88
9 24 -48
29 24 -59
10 12 3
10 24 -75
-19 12 -66
31 24 10
-35 24 -80
-42 12 37
-5 12 -29
-5 12 53
31 12 -34
15 24 -33
42 24 45
-33 24 16
6 24 40
-37 12 -65
-16 24 14
-26 12 79
21 12 -9
37 12 25
-16 24 -32
-15 12 43
-46 24 78
15 24 -19
29 24 -25
33 12 -68
42 24 -5
28 24 -85
4 24 70
37 -78 81
39 14 -80
32 -3 81
0 24 26
17 12 -68
-7 24 43
-27 12 -37
-11 -72 -77
21 13 79
-33 24 -10
24 12 29
35 -78 0
-27 24 58
-33 12 68
37 12 -12
35 -27 -81
-8 12 -17
-27 24 27
13 -78 76
36 -72 -47
18 12 -37
36 -78 -23
-37 24 -56
-12 12 -79
23 24 -70
-12 -72 76
5 13 79
5 24 -7
25 12 3
8 12 -24
1 24 -63
9 12 -57
-35 12 25
40 24 -51
-46 24 16
-23 24 82
-46 24 -29
23 24 19
-11 13 79
-7 24 64
5 12 60
-13 12 31
-17 12 -52
33 -47 -81
26 12 48
15 24 52
-25 24 -22
-20 24 38
13 13 -79
42 21 32
6 12 48
43 23 7
-3 12 -1
-42 13 -42
38 12 13
36 -78 -69
-42 12 -18
-40 24 55
32 -66 -75
-37 -68 81
-27 12 5
-21 12 53
14 24 64
-43 -2 80
-37 -49 81
38 -8 -81
-46 21 -78
33 -23 74
-25 24 -76
-2 24 -52
34 12 -23
39 -41 75
-42 13 62
-22 24 -9
33 24 52
39 -56 74
-31 12 -26
-36 17 80
30 24 76
29 12 -46
-16 12 7
19 24 -50
11 -78 -77
-28 21 -88
18 24 9
-5 24 13
28 24 -1
-36 -70 -80
35 -78 55
-42 14 50
-41 -17 81
-32 12 43
-37 -81 81
25 12 -61
-4 24 77
28 -78 -77
38 15 66
-4 24 -14
9 12 14
-32 24 -44
38 16 81
-42 -39 -81
-36 -82 -80
-8 12 -63
4 24 -36
21 12 63
-19 24 64
-42 17 71
-37 24 6
-36 -9 -80
-1 24 -72
-4 12 25
-42 19 -6
-15 24 2
-19 12 -14
-5 12 -41
-43 -28 -81
-29 12 -70
-36 24 65
-35 24 -70
17 12 23
-15 12 20
42 24 -61
-46 21 -54
-43 -52 -74
-28 12 -60
-9 12 62
33 24 -34
39 1 74
0 13 -79
38 12 51
-37 -39 81
32 -69 74
42 24 -80
-42 14 -72
-40 24 38
16 24 42
-11 24 -49
33 24 39
20 24 -11
-42 14 6
33 24 -77
20 24 -80
1 12 9
13 12 -16
38 17 -29
38 15 -46
-42 13 -57
-37 2 74
32 -1 -81
37 -73 21
-37 24 -89
32 -87 80
-36 -22 74
-39 24 -20
-7 24 -30
17 12 9
24 12 39
22 24 36
-28 24 -54
-22 24 48
-24 12 -46
12 12 -46
-32 12 12
6 24 -17
9 24 4
33 -34 74
39 -83 -76
30 12 -6
38 -19 80
7 21 -89
-42 20 -37
-36 2 -79
33 -53 -74
-6 24 52
-32 -75 76
36 -78 40
-13 24 -8
-20 24 -58
-11 21 -83
-25 24 17
-8 24 34
23 24 54
7 12 32
32 24 20
8 24 21
34 24 67
6 24 80
-36 -24 -75
-27 21 89
32 -58 81
-42 18 21
29 24 -50
13 12 -7
-24 12 43
7 -72 78
-46 23 89
35 -78 -54
15 12 -29
-37 12 -11
18 24 73
-36 -89 -75
39 -45 -75
32 9 -76
38 7 80
35 -78 72
12 21 89
-43 -14 -74
40 21 -13
-40 -85 74
-37 -43 -74
39 -67 -80
9 12 -71
-33 15 -79
-1 12 -22
-33 24 33
-36 -57 -77
29 12 66
-36 24 74
-27 12 -7
17 12 46
-17 24 -66
-42 -32 74
-11 12 -70
38 -23 -74
27 12 -15
5 -72 -77
35 -72 -29
33 -39 81
-42 14 29
-19 12 74
19 23 89
35 -72 35
29 -78 78
36 24 1
-38 24 46
25 12 -69
-13 12 -32
-25 12 26
31 24 60
17 12 -59
34 -6 -74
14 14 79
13 21 -82
32 -14 81
-42 6 -74
36 24 83
38 16 -62
-3 12 78
-47 21 34
2 24 48
-15 24 -42
-7 12 -8
16 24 -43
4 12 -48
17 12 1
-24 24 -29
-28 12 62
24 12 -30
-30 24 81
-6 12 45
-6 24 -23
7 24 32
-31 -76 -76
-7 24 22
25 24 -32
-13 12 54
-34 12 33
-31 24 51
5 24 -56
-34 24 -2
38 16 -72
-43 -67 76
22 24 81
16 24 19
11 24 -25
-39 24 -48
-34 12 -42
39 7 -80
-42 16 -50
38 17 57
37 24 -43
35 -19 -81
-37 8 81
-17 -78 78
42 24 -31
-20 21 -82
36 -72 5
35 -6 74
38 -38 -81
39 -90 -80
1 24 6
-15 24 44
16 24 -70
-19 24 21
3 12 -29
-8 24 -68
-11 12 -47
0 24 19
38 14 -37
-4 -72 78
-43 -54 81
-14 21 81
-5 21 87
31 12 9
-39 24 -27
35 21 -86
35 24 -18
-16 -78 -78
39 -73 76
30 14 79
32 -30 -75
6 18 -79
-37 -65 -74
-19 12 -74
32 -72 -79
2 24 -45
0 12 18
-11 12 -1
-31 24 -19
-12 12 71
22 24 -23
-13 24 -25
27 19 -79
42 21 52
32 -45 75
30 12 22
37 -78 -7
-7 24 -89
32 -61 74
23 21 -89
-40 17 -81
-38 -61 81
16 -72 78
38 17 7
38 -8 81
32 -86 -80
-36 -5 80
-46 21 57
-42 20 10
32 4 78
38 16 -6
-43 -70 -76
38 19 15
-43 -86 -75
-43 -15 74
-47 23 24
-42 19 -62
39 -49 76
36 -72 -40
-20 24 89
38 16 45
-1 12 -61
21 24 -64
-15 12 -59
22 12 -44
19 12 71
21 24 26
8 24 -65
25 12 57
-26 24 -36
15 12 30
-10 12 -24
-27 24 36
27 12 -53
11 12 -64
8 12 40
7 24 63
-41 -49 74
39 -32 -77
-42 -55 -81
38 19 25
-43 -24 75
10 24 46
33 -73 81
0 24 36
19 24 61
-11 24 8
-5 24 -78
32 -12 -80
-25 12 -54
33 24 -65
-25 12 -22
-31 12 19
-26 12 -30
30 12 35
-33 12 -33
39 -13 -75
-43 0 -80
-43 -10 81
32 -27 80
-43 15 80
38 13 32
35 -72 -73
35 -72 57
36 -72 -19
20 -78 77
39 -29 74
37 -72 -3
-37 -63 -81
-43 -35 81
-36 -44 74
-27 24 -14
-2 12 63
-2 24 -6
-3 24 69
-36 24 -36
-34 12 -20
16 12 17
-21 12 -36
11 24 -3
5 12 -2
-43 -45 -77
-45 21 -22
-24 24 10
-45 24 71
34 21 89
-6 16 -79
39 -83 76
-42 -74 81
-7 -78 -77
32 -59 -78
-36 10 -75
5 12 66
-43 -21 -74
9 24 -41
16 24 35
-22 24 71
36 24 -25
-20 12 31
-36 -17 -75
-33 24 26
-4 12 -73
-28 21 -81
39 13 74
-38 -33 -81
19 12 -74
-42 18 42
35 -78 -43
39 -51 -80
-43 24 -83
35 24 -6
-9 -78 78
-43 -9 -80
35 -72 28
-43 -81 -79
-43 -6 75
39 -62 -75
-38 24 81
1 19 79
32 14 -80
-43 -45 81
32 12 -59
41 24 38
-36 -34 75
33 -52 74
35 -78 -61
-43 -83 81
42 21 68
-41 24 -11
14 -72 -76
-42 13 -5
-37 10 74
-3 -72 -77
17 -78 -76
-38 24 20
-5 12 6
-41 24 -73
9 12 -33
-9 12 39
-35 12 61
19 24 -28
14 24 -53
-13 12 -11
30 12 42
-19 12 14
-23 24 -68
-27 12 71
-30 24 10
-37 2 81
-36 -87 80
12 24 58
38 19 -56
2 24 -79
-37 24 -63
43 21 80
-37 -65 74
26 12 74
35 -78 47
-42 -39 -74
-32 12 78
-37 -72 -74
-36 -3 -75
37 -72 -66
-44 21 51
32 -16 75
32 -43 -75
38 -44 81
-27 19 79
-40 -75 -81
4 24 0
21 24 3
-20 24 -2
-11 24 -37
-6 12 33
2 12 73
-1 12 -34
9 12 55
-15 24 -54
25 24 -16
-15 12 -19
23 24 -55
27 12 -39
-36 12 48
-19 12 38
-41 24 62
-31 24 -75
10 24 -12
14 24 13
11 24 76
24 24 -6
-41 -28 -74
34 -80 -81
26 19 79
32 1 -75
-36 -28 -80
38 -90 81
38 17 -18
39 -59 80
43 21 -45
-18 -72 78
-37 -80 -74
-36 12 6
-13 24 19
1 12 55
-13 24 66
32 -22 -76
-25 12 -1
-29 24 64
-14 24 36
15 12 -22
19 12 -15
-23 12 59
-34 12 -57
28 12 -25
6 12 -18
-28 24 -4
9 24 -31
29 24 -72
-40 12 56
-42 17 0
35 -78 19
-37 -49 -74
32 -83 75
33 -84 -74
-18 -72 -76
-42 18 -14
-43 -33 -76
39 -64 74
38 -1 80
32 -90 75
17 16 -79
-36 -41 -80
-37 -80 74
32 -36 -80
35 -78 -29
38 0 -81
-47 23 -61
-43 21 83
32 -20 79
-17 16 -79
27 -72 -76
-33 21 86
39 -35 77
-37 -53 74
-41 12 68
-41 12 -36
32 24 45
38 13 19
-20 24 28
1 24 62
24 12 -3
0 12 32
-19 24 -25
-1 24 -31
-1 12 -7
-3 24 -58
-2 12 -16
16 12 63
27 24 -66
-30 24 -25
-9 12 -57
13 12 -52
12 24 70
24 24 14
22 12 10
-38 12 -52
-13 12 13
-27 12 52
-25 24 42
-19 24 -75
24 24 72
12 12 47
37 24 11
-38 -10 -74
-42 15 -67
-36 -29 74
-42 18 -44
38 -19 74
36 -78 -18
-47 23 -4
39 -55 -74
39 20 64
-37 -16 74
-33 24 58
-46 21 -72
-37 12 19
24 12 23
34 12 -28
-19 24 59
30 24 83
-20 24 -17
33 -53 -81
-25 12 -66
-6 24 58
15 24 4
9 24 52
43 22 13
37 -73 70
33 0 74
32 -29 75
-19 18 79
7 -78 77
8 24 -83
38 17 37
37 -73 -53
41 21 1
-7 21 81
10 21 83
42 24 27
-37 -90 75
-38 12 42
-38 -72 74
39 -76 -74
-15 24 -80
-25 24 -85
38 18 71
-38 -22 81
-19 24 7
-8 24 -4
10 12 74
-30 12 28
38 24 55
-20 24 -39
-8 12 -36
-18 12 48
-31 24 -59
31 12 51
27 24 25
27 24 39
-34 24 -51
0 24 -21
-22 12 21
-5 24 29
-42 17 34
-22 24 54
18 24 67
-31 12 -65
-8 24 72
-22 12 9
20 18 79
38 19 -68
-42 17 -27
39 -89 -74
-42 5 81
-37 -90 -80
37 -75 51
-38 24 12
-27 -78 76
39 19 -77
5 12 -76
41 21 -84
-36 -74 80
3 21 84
38 -53 80
-36 -55 80
1 21 -89
38 12 60
35 -78 24
33 -67 81
38 -14 -81
18 24 48
-42 17 57
-8 12 21
-32 12 -5
3 24 -68
-30 12 1
-29 24 19
-27 24 -71
0 12 -44
15 24 -7
33 12 -42
24 24 -76
17 24 -57
11 24 -58
10 12 19
13 12 -37
-42 -91 75
-37 -13 81
38 -68 -74
29 12 -73
-42 18 63
33 12 29
-38 -3 -81
33 -33 81
-46 24 -35
37 -77 -48
5 -78 -78
35 12 -50
37 -77 61
39 10 -75
-46 24 39
34 12 69
32 -8 78
-43 2 76
-43 20 5
37 -25 81
-46 24 -50
29 -72 78
-43 -80 75
37 24 -82
1 -72 78
-43 19 76
-42 13 -24
34 19 -81
-37 21 -84
35 24 -55
-42 19 16
37 24 -61
35 24 74
4 12 -63
30 12 1
-35 12 -69
-24 24 76
27 12 62
-26 24 -59
-6 24 -63
27 24 -21
19 12 41
-18 24 -49
19 24 31
-5 24 -35
34 24 25
-18 12 26
19 24 -17
21 12 53
-28 12 39
-20 12 -57
-11 12 47
-24 24 63
-42 13 23
-19 12 -44
17 12 -5
-18 12 2
20 24 -34
34 24 -70
35 24 -49
-25 12 -13
-38 24 -41
-28 12 -44
19 12 -27
-42 24 -58
18 24 15
-27 12 12
-13 21 -88
8 12 8
10 24 -69
10 12 62
-41 24 -3
38 19 -34
38 17 -51
24 21 -83
32 -7 -81
42 23 -17
-25 -72 -77
36 -72 40
-41 12 1
43 21 -55
-42 13 -13
-43 -64 81
39 -14 79
7 22 89
-47 21 -9
-36 -77 -79
-42 24 33
39 -4 -75
42 21 -66
-43 -15 -79
-15 24 85
30 21 -89
37 -77 35
33 -32 -81
-46 24 10
-40 -57 -74
-36 -22 -79
35 -72 -34
-41 24 -33
39 -72 -77
19 24 -86
33 -11 74
33 -40 74
38 12 7
-32 24 -87
-12 -76 -76
38 18 52
-8 12 66
27 24 4
-17 13 79
-43 18 -75
-3 24 -46
2 24 11
-12 17 -79
12 12 -2
6 12 -7
-1 12 46
38 16 -23
30 24 -45
-40 24 -68
12 21 -87
-12 24 62
20 12 59
17 24 -75
4 24 -73
26 24 62
-10 24 -79
35 24 31
28 24 55
29 24 -7
35 12 -18
-18 12 -30
7 24 -22
3 12 -53
-13 12 25
-33 12 38
17 12 -45
-31 24 -37
-17 24 49
-31 12 50
8 24 27
35 12 44
-35 24 39
-41 5 -81
24 24 -27
32 24 -39
-11 12 8
15 24 -48
-6 12 -46
-32 24 5
-6 24 -73
-42 24 -78
-24 12 -70
-1 24 41
10 24 -36
-9 24 87
32 24 15
-42 13 45
-42 19 26
12 -72 76
-21 24 33
-42 19 -70
38 14 -67
35 -77 67
-47 22 29
42 24 -25
