-8 7 71
41 -73 -98
-43 7 -51
43 -71 96
43 6 -10
-43 -69 96
-43 -65 -97
26 7 -96
-43 3 15
43 -11 97
41 7 46
9 6 -48
-39 -14 -98
-43 -18 97
3 6 13
43 -31 -94
-19 7 -20
-43 0 54
-10 6 -82
42 0 -63
13 4 97
9 7 44
13 7 -17
-26 7 97
43 -41 93
-19 6 34
27 7 71
33 7 18
-42 7 -79
36 7 -37
-17 6 -56
-40 -40 -93
-42 0 -11
-39 -43 93
20 7 -71
-43 7 78
-21 6 5
43 -7 -97
-28 7 -97
4 0 -97
-38 7 -31
43 7 85
39 -51 -98
-23 6 56
-7 0 96
-41 7 35
21 6 1
-4 7 -6
-9 6 -37
42 7 -84
43 0 64
10 6 64
2 7 -65
26 6 35
-43 1 96
28 6 -54
-26 6 76
-25 6 -72
43 0 30
-5 6 54
25 6 54
19 7 -34
30 6 -21
42 0 6
31 1 97
-13 0 -98
-1 6 31
8 7 81
6 6 -82
-27 7 -43
-12 6 19
17 6 22
40 -26 97
-40 0 -66
-43 3 -94
-28 7 21
40 -56 97
43 0 -26
-4 7 -22
-35 6 1
24 7 86
43 7 -51
-13 6 85
-36 7 66
40 7 -98
34 7 -71
5 6 -34
-31 7 -59
-30 6 -12
-43 -55 97
29 6 -83
-29 7 42
-43 -52 -93
-39 -31 97
-43 -26 -97
-4 6 -50
7 7 1
-43 0 -40
15 7 -59
-33 7 86
-8 6 42
-11 6 -67
-23 6 -85
33 7 -3
13 7 -94
-26 6 -30
2 7 92
39 -18 -93
41 0 76
23 6 -11
-17 6 -6
41 7 97
-8 6 5
-43 0 26
-43 0 -23
42 -61 -93
12 7 33
-19 6 66
-34 7 54
36 7 58
-18 0 94
41 0 19
20 6 -45
-5 7 -98
43 1 -75
-35 7 -87
41 0 -43
-40 -9 93
-16 7 -45
22 7 13
-32 7 11
20 7 43
-30 7 32
39 -40 -97
-18 6 45
-43 0 42
-43 0 65
-40 0 85
38 7 35
39 0 -90
-2 7 -75
-33 0 94
30 6 44
5 6 -11
3 7 72
6 6 54
-43 0 3
20 6 63
37 7 68
10 7 -71
6 6 23
39 0 52
17 6 77
43 7 12
19 7 -86
33 7 81
13 6 11
-34 7 -21
39 0 -16
37 7 -59
39 0 90
40 0 -4
-37 7 23
-14 7 -92
-43 7 -5
-34 0 -97
31 0 -97
-42 0 -85
34 7 7
22 0 93
20 7 -24
-14 7 -29
19 0 -94
27 6 -64
-37 7 -44
-43 7 -61
-34 6 -73
-11 6 29
-11 6 -15
-39 0 74
4 7 -92
-22 6 88
41 0 40
14 7 -6
41 7 24
-2 6 64
34 7 -13
15 7 52
-14 7 58
-13 7 97
-43 -5 -98
-26 6 -3
-42 7 48
43 7 -69
-21 0 -93
-6 7 -59
0 7 47
43 7 1
28 7 -32
1 6 -43
-20 7 14
-1 6 80
34 7 91
5 7 -24
4 0 97
35 7 -46
-39 -73 -94
29 6 26
-3 6 20
-42 7 89
38 7 -25
-40 0 -55
39 0 -34
6 6 -56
-20 6 25
-16 6 75
-25 6 -51
14 7 89
-41 7 8
43 -63 93
-19 6 -64
34 7 -92
40 0 -53
28 7 63
-42 0 -75
-34 7 76
-43 7 61
-4 7 -89
-27 6 65
-40 7 -13
-4 0 -94
-43 7 -70
-39 -62 94
21 7 97
11 7 -40
-3 6 -30
3 7 39
42 -19 93
43 -50 93
15 6 -78
-30 6 -79
-14 6 -75
-43 7 70
39 -34 97
-43 7 -87
28 7 -40
-36 6 97
-43 0 34
12 0 -97
42 7 74
13 6 -28
-43 -45 -98
-2 7 -14
-33 7 -37
43 -1 97
43 -46 -93
-18 7 -36
-36 7 -98
43 7 -18
-20 7 -98
-43 2 -32
43 0 -83
43 7 54
-5 6 88
-33 6 -51
-42 0 -48
-39 0 -4
-39 -58 -97
-6 7 13
-39 -33 -98
-39 -24 92
-5 7 96
2 6 5
43 7 -35
-35 7 -65
-22 7 -12
35 7 -78
9 7 -63
-41 7 -38
25 6 20
-27 6 -21
-14 7 1
43 0 -97
39 -25 -98
-12 7 49
-43 -20 -93
43 0 83
-43 7 -25
22 6 27
-27 7 -65
-43 -37 95
15 7 69
24 6 -77
43 7 62
-29 7 4
-9 7 80
32 6 51
-43 7 28
26 6 -4
43 7 -91
27 6 7
-19 7 -79
-37 6 16
-11 7 -51
-35 7 -6
7 6 88
15 6 -52
19 6 36
-8 6 -44
14 6 4
-26 0 93
-14 7 10
-29 6 49
-43 -48 97
-1 6 -82
43 0 -11
-27 0 -98
39 -46 96
-8 7 62
-41 7 55
12 6 -86
-39 0 48
42 7 -42
-30 7 59
39 -6 93
39 -68 -94
10 7 17
29 7 96
25 6 -89
-23 7 40
-13 6 36
13 6 58
-39 6 42
18 6 -65
39 -12 -97
-20 6 95
-19 6 81
-39 0 59
25 0 -98
-39 -9 -93
19 7 -98
-39 -16 93
-18 7 52
21 6 -18
26 6 78
43 -31 93
-16 7 -85
-10 7 -7
39 0 -69
43 1 57
-43 7 20
-13 7 -61
11 7 74
38 6 -5
8 7 95
5 7 32
1 6 -1
21 7 -52
-2 7 -37
43 0 12
-39 0 -17
-35 6 47
33 7 73
27 7 -70
-13 7 -22
4 6 -17
-39 -72 93
39 -57 -97
36 7 -19
-27 7 83
35 7 -53
-32 7 71
42 7 -77
-11 7 -98
43 4 36
-43 7 -45
2 7 -98
-39 0 11
10 0 93
18 6 83
43 4 69
7 7 8
25 7 48
-40 -2 -93
-4 6 -68
39 4 80
43 6 -29
43 4 -57
8 7 -98
-26 6 27
29 6 -48
-25 6 -37
-27 6 -91
39 -67 96
33 7 -28
36 6 41
39 -35 -94
-42 7 96
31 6 -97
-6 7 25
39 7 18
39 -15 97
20 6 91
39 1 24
-36 6 -82
3 6 -72
-32 6 26
18 7 8
22 7 -39
-23 7 71
4 6 60
0 7 -55
-3 6 74
-11 7 90
34 7 30
17 6 16
14 7 39
43 2 48
-32 7 -30
38 6 -65
-41 7 1
-4 6 37
-36 6 31
-39 3 -71
-39 -55 93
-26 6 11
-41 0 19
-39 4 81
17 7 -11
32 7 36
-37 7 60
39 2 -80
-39 -22 -98
-21 6 -92
43 -53 -94
29 7 -9
37 4 97
33 6 -62
-43 -32 -93
3 6 -51
-1 0 94
29 7 12
-10 6 -88
-20 7 -28
-5 7 0
-16 7 -69
9 7 -5
43 -16 -97
19 7 -92
-14 7 70
41 6 7
-40 -5 97
-43 -11 97
-13 1 97
26 7 -26
43 2 -49
39 -3 -96
-39 4 -26
39 -64 -98
35 6 24
22 7 -61
-39 -46 -94
-39 2 -37
43 -23 -94
37 7 86
-27 6 91
-21 7 -40
-43 0 -61
-8 7 -27
-43 2 90
-43 4 -17
-43 1 78
-18 7 -50
-39 -49 93
43 -40 -94
-35 7 37
11 6 -23
-13 7 24
29 6 87
-22 7 -58
1 7 25
37 6 -85
0 7 52
39 4 -73
-38 6 72
36 6 47
-22 6 62
10 6 27
22 7 -30
31 6 67
37 6 2
-1 4 -93
-40 6 -56
39 1 -59
-39 1 39
-43 -63 97
39 1 -22
-39 0 -80
43 7 29
29 7 -16
-26 7 -16
-33 4 -93
-25 7 46
5 7 67
-8 7 -76
-16 6 -13
-39 4 -88
-29 7 -86
8 6 -77
41 6 91
39 0 46
-39 4 -61
-36 7 91
43 7 40
-40 7 -74
8 1 -93
20 6 -5
39 1 60
9 6 39
-30 6 37
-39 -65 -94
-43 2 71
-43 -38 -97
39 4 -46
37 7 12
-25 7 -77
21 7 74
-22 6 -46
26 7 1
31 6 58
16 6 -40
39 3 -39
-12 3 -93
-5 7 49
-17 7 89
-32 6 -45
21 7 58
37 6 52
-31 4 97
-39 3 5
25 6 41
-43 -71 -97
-21 7 -1
39 3 15
43 -25 93
17 0 97
13 6 -35
39 3 31
2 6 -87
-31 7 16
39 -40 97
-13 6 41
25 4 93
43 -12 -94
-39 -25 -93
0 7 -25
-14 7 64
15 6 -69
-8 3 -98
6 7 -43
-3 6 9
-6 6 -12
-14 7 80
43 -55 93
39 -8 -93
-42 -31 92
39 1 71
39 3 66
-43 -25 96
43 4 -3
-43 4 -65
16 7 29
13 6 81
39 4 -12
39 -72 94
-25 7 16
35 7 63
-38 6 -51
11 7 -10
4 6 78
-43 7 -32
43 1 -20
-40 -2 92
34 1 92
-39 1 31
-39 0 -30
-9 7 -93
-13 6 -40
3 7 86
24 2 -93
-39 4 27
-43 -10 -97
-8 7 34
39 -31 -97
-30 6 79
-39 3 52
-43 3 -80
1 6 97
43 -36 92
-40 4 65
39 0 35
34 1 -93
-6 4 93
-22 0 97
37 7 77
-40 7 -19
40 -62 97
-40 7 84
-29 7 -71
5 7 49
-34 7 5
-16 7 31
14 2 -93
13 6 -46
-18 7 39
6 6 -68
-39 -22 97
-14 4 93
21 7 -82
4 6 19
-6 7 -17
1 6 -8
39 4 -28
-31 6 -2
-43 4 83
-34 6 -16
-26 7 -8
-40 7 -94
43 -6 97
43 2 -68
-40 0 -98
39 1 2
-39 -36 97
4 3 93
9 7 -29
-3 7 69
1 6 -60
27 7 -59
14 6 43
-10 7 55
43 3 23
12 7 -82
5 7 -38
11 7 -56
-40 4 -9
2 6 -29
23 7 -67
-35 7 -26
-25 6 32
10 7 70
-5 6 -81
-27 7 -55
-10 7 -56
3 6 -78
14 6 63
-43 4 -1
43 1 -30
39 -21 97
43 -14 93
-43 4 23
43 7 -23
39 1 84
43 -70 -94
-42 7 15
39 0 10
-43 4 32
43 3 43
-42 -50 -98
29 6 -89
-6 7 -64
-42 -62 -93
41 -50 97
10 7 51
31 4 93
35 3 -98
-21 6 75
20 7 69
-11 7 13
-43 7 -10
-39 2 -42
-39 -43 -97
43 2 -89
-39 -51 97
-28 0 97
21 6 80
24 6 65
25 6 -43
17 6 -22
-23 7 -24
-26 6 -60
-36 7 10
31 6 3
-14 7 -79
-10 7 -31
-10 6 -2
-34 6 20
30 6 -36
-22 3 -98
34 6 -7
-9 4 97
-39 -67 93
43 0 88
42 -34 -98
-43 0 -6
-43 4 37
20 3 -98
-27 7 -26
-21 7 -69
31 6 -77
-19 7 59
-34 7 -77
42 -68 -98
43 4 -80
-17 6 17
-10 6 67
22 3 97
39 -47 -95
-1 0 -98
-39 4 91
-43 1 -52
39 0 -48
43 -66 97
-43 4 -74
-39 -46 97
43 0 1
-39 -57 97
-43 4 9
-39 -17 -93
42 -43 -98
-39 3 -21
-41 4 75
41 4 -62
17 4 93
43 -45 97
-15 4 -97
38 6 -92
43 6 79
43 -69 93
-43 4 44
-43 -44 -93
-39 3 -14
43 0 72
13 7 -74
9 6 -90
-34 6 -41
-25 6 2
-8 6 -71
-41 4 -48
-36 7 -57
43 3 16
-29 7 -34
27 7 16
37 6 -33
43 4 -39
-43 -17 -98
-43 -33 97
31 7 -58
-40 7 -67
29 6 40
-10 7 75
-24 6 80
23 6 -56
-6 7 83
23 6 8
-3 7 42
-2 7 57
9 6 -19
-43 1 49
-18 7 85
39 -4 97
-30 4 -98
-43 0 -71
-23 6 21
37 7 -74
-43 7 40
-39 3 -76
-43 7 -97
43 -58 -97
-11 0 93
-43 3 -28
39 4 -19
-26 4 -95
25 6 60
29 7 22
-27 7 55
-14 6 -34
-18 6 -24
27 7 31
-21 6 -7
14 7 0
43 -19 97
-40 -15 97
33 6 97
39 4 -53
43 -36 97
8 1 97
-39 -34 93
9 7 58
7 6 12
-42 -55 -98
20 6 48
-1 7 16
-9 6 -22
-39 -55 -93
18 7 -28
-6 3 -93
37 6 -43
-3 3 97
-43 0 -91
9 7 -52
-30 7 75
-39 -63 -98
39 4 20
-39 4 0
-43 -13 93
9 6 -36
39 -29 94
-12 7 -46
21 6 32
1 7 -21
5 6 -61
13 7 93
43 4 -14
43 0 93
-35 7 -93
-39 -70 97
-41 -13 -93
-21 6 48
18 6 55
-43 4 52
-14 7 -17
42 4 -94
37 7 -10
39 -18 -98
42 -9 93
-41 4 87
12 4 -98
-39 -8 -98
39 4 -1
25 6 -50
-39 2 15
39 -43 93
-39 0 -51
39 0 80
13 7 -63
-30 7 -93
31 7 78
-25 6 -82
-37 7 -38
14 6 48
-21 6 -53
-7 7 21
-17 6 21
4 7 45
1 6 35
-8 6 58
-35 7 -11
-5 7 78
-15 7 6
-40 4 69
39 4 49
-11 7 8
11 6 -67
-39 4 35
-30 7 -75
-30 7 -19
26 7 82
-37 0 95
31 4 -94
-39 3 -92
-24 4 95
39 -55 -94
-43 3 -57
39 4 76
40 4 88
-30 7 -8
-18 6 -75
26 6 -21
1 6 -47
43 7 66
33 6 -67
-34 6 41
-4 7 -45
10 7 21
1 6 -34
7 6 73
24 6 -34
-20 7 10
34 6 -82
-32 6 64
39 0 -76
-39 -34 -93
-41 4 59
39 -8 97
43 -65 -93
15 6 -90
-39 0 66
43 4 27
43 -4 -94
40 4 56
41 0 -38
4 4 -98
-43 -41 97
43 3 -7
-40 -20 92
18 4 -94
-43 -58 -95
-43 3 -45
39 0 -30
10 4 -94
-35 3 93
18 4 97
16 7 -83
40 7 -56
-39 6 -84
33 6 -24
28 6 51
-5 7 31
-9 7 86
43 4 -44
-39 -10 97
-26 6 59
-43 4 4
-33 7 94
-40 0 -26
-40 4 97
28 4 -97
37 0 95
43 3 8
-39 3 44
43 2 79
-39 -27 -97
5 4 97
-40 4 21
-40 4 11
40 4 -87
39 -23 -93
41 7 50
-10 4 93
-14 6 -65
33 6 -17
20 7 -14
-26 7 -47
-42 -68 -93
-21 6 -15
7 7 35
-26 0 -94
-43 4 -88
37 7 82
-39 4 -97
-40 0 -89
43 0 52
-28 6 70
0 7 88
25 7 91
-19 6 -88
18 7 40
-22 6 -62
20 6 20
42 7 -60
-30 6 -63
-25 6 52
37 6 -50
-4 7 60
-1 4 93
-3 6 -62
1 6 43
11 6 -2
-8 6 -48
-12 6 -11
-32 7 90
37 7 96
-37 7 -61
-35 7 82
28 7 -79
-9 6 37
-43 -54 93
43 -35 -94
2 6 56
41 7 -14
-30 4 93
42 7 -47
-16 7 48
26 7 -85
-30 0 -95
8 4 93
-40 4 48
-39 0 23
-43 4 -21
-43 0 59
-43 -3 97
42 4 59
39 0 -12
-18 2 -93
29 7 91
-24 6 -66
31 7 -51
21 7 17
27 7 57
30 6 31
-29 7 -50
25 6 -16
-36 6 -69
7 7 -14
-28 7 8
5 7 -7
-11 7 -71
1 7 9
-23 7 -33
-38 6 -35
-43 0 7
39 4 45
-41 7 -42
43 7 35
-4 6 -55
-39 0 2
-17 4 97
43 0 34
43 -27 -96
-24 7 -97
19 7 -78
-23 7 84
13 6 -14
-2 6 -78
