38 4 90
-43 -83 -86
41 27 -55
-44 -85 78
-51 11 15
-47 12 -86
43 -57 -87
43 -84 85
-39 12 91
41 -9 15
-11 -1 -35
-2 20 45
12 -9 -84
-36 -36 77
-35 -36 -80
9 22 0
43 26 49
41 -40 77
40 -9 -29
-3 -9 82
-51 11 -42
-36 -1 51
-12 18 -70
30 25 -92
43 26 -16
-18 -1 6
41 -9 56
41 -9 -66
9 21 91
12 22 -38
38 24 16
10 -1 24
-32 -9 -63
-32 14 -17
34 -85 -78
16 -7 -47
18 9 64
-15 17 73
13 -1 -18
34 -28 -86
-26 15 30
15 22 -67
-15 -6 -85
43 27 76
-44 -10 77
-42 -60 86
2 19 -92
37 6 35
-10 -1 56
-26 13 -50
39 1 -89
31 9 -2
15 23 26
-39 -60 -78
-8 -9 -59
-42 -12 -87
-4 17 -21
34 -63 78
-51 10 65
-24 16 -90
-6 17 17
21 -9 82
43 -16 78
-43 -1 -3
42 6 -47
-51 10 39
-24 -3 84
16 -1 45
-34 -1 -35
-23 16 53
-10 -1 32
-45 8 -64
28 9 -29
0 9 -51
12 -1 3
20 23 46
-32 14 8
-13 -1 -14
29 23 91
30 9 -72
19 23 -18
38 9 67
-38 -1 25
42 27 -75
39 -9 -6
36 26 -35
-50 9 -20
4 9 -76
-17 17 -4
43 7 -17
2 20 65
-10 16 91
-33 14 69
20 8 -87
30 25 62
8 6 79
21 -9 -65
25 9 15
-10 18 -38
23 9 -53
34 24 34
-43 -9 -49
16 23 75
-27 9 -67
-23 -9 -48
29 9 50
-24 -1 66
41 -42 -78
26 24 4
43 7 11
-31 2 -82
-2 9 -1
43 -73 -87
-3 -1 14
24 9 81
-25 15 -32
1 -9 -73
35 -28 86
-35 -1 -18
32 -9 -47
26 24 -48
39 -9 40
42 27 1
21 9 32
-38 -22 86
30 -8 -78
8 9 -29
-51 9 81
43 -14 -87
-35 14 43
-24 -1 41
5 9 54
-11 16 33
-8 8 -87
-26 15 84
-45 -2 -76
-36 -72 77
14 22 -83
28 -1 -13
-44 -45 86
40 -52 86
42 6 -61
-43 -49 -86
8 9 13
4 -1 -39
18 -1 -33
-23 -1 20
31 23 -66
-7 5 78
3 9 32
-28 -1 -5
-41 13 -31
11 9 -63
16 9 -8
-51 11 0
5 -1 67
35 -64 -78
-35 -1 9
30 -1 25
32 -1 75
-45 -25 -81
-40 -1 66
-23 -1 -26
-14 17 -55
-38 13 21
-18 -9 -69
0 20 -60
-37 13 -76
-35 -71 -86
-9 18 57
43 25 90
-35 4 80
-12 9 47
-3 19 80
30 25 -9
30 -1 61
35 -77 77
43 9 -77
-21 14 17
-14 9 -26
-44 12 53
0 -1 -10
-44 -1 40
30 -1 8
15 22 58
39 14 -88
30 23 76
43 7 -33
-3 19 -80
-39 11 -51
15 20 13
29 25 -79
43 7 55
-46 -5 -62
1 -1 -23
12 9 -45
5 -9 -59
-31 -9 -76
-36 9 -6
-17 9 63
41 -71 86
43 26 63
25 22 -30
-17 6 -79
35 -10 86
20 -1 71
-5 19 -8
-36 12 -92
10 22 39
18 -1 14
1 -4 -85
-20 9 -14
33 -1 -37
13 -1 57
-9 18 5
9 21 -26
43 26 -92
-2 -9 -48
-38 -51 77
43 6 78
15 20 -52
-15 9 -47
26 25 21
41 -8 69
-49 11 27
43 7 24
3 20 28
-22 -1 53
4 -1 43
-25 15 -77
-32 9 58
43 7 -4
-2 9 -37
8 21 -12
14 1 -78
41 -8 27
-44 -33 86
-12 18 -92
34 -52 -78
-21 14 41
30 -1 44
9 -5 84
-36 -10 86
43 -24 -78
-45 -75 85
1 20 -42
41 -5 -18
-44 -72 -78
43 27 27
-45 1 -27
27 9 -41
-45 0 -41
-36 -81 -78
-16 7 86
22 9 -18
-9 9 -63
2 9 -15
-13 9 10
-49 9 -75
33 23 -22
-4 9 67
-24 9 74
29 4 -82
-13 9 24
-22 9 3
25 -1 -24
2 20 9
13 -9 -73
32 25 46
-15 -1 73
38 -2 -55
-14 -9 84
41 -4 5
20 21 -7
6 8 -87
18 9 52
43 -36 -87
-41 9 6
-44 -25 78
-9 -1 44
-7 0 -78
35 -49 77
43 -7 -78
17 9 3
1 -1 55
-42 -1 -87
41 1 46
-37 13 32
-35 14 -61
-33 9 -41
-35 -48 -79
-9 9 -14
6 21 -73
-35 -27 -87
38 15 88
-45 1 14
35 -39 86
41 -28 77
20 21 85
24 -1 34
-12 -1 -3
-1 9 43
-31 -2 -46
1 -1 4
14 9 42
-15 -2 -46
-46 9 -10
-44 12 73
43 27 -44
34 -18 -82
38 1 -71
18 -1 -6
-44 -3 86
-27 15 -7
22 22 34
-44 -65 -86
36 1 -25
32 9 26
-35 -18 -80
43 -5 81
7 9 67
-44 -42 -78
-13 15 -82
-26 -1 30
-2 9 10
-10 -1 -24
20 9 -69
9 19 49
36 2 17
43 -85 -84
-45 2 -55
2 -1 32
31 -1 -3
41 -8 -40
24 -1 -43
-36 -57 -87
34 -74 -82
29 9 72
-26 -8 -85
-25 9 -23
34 -44 -85
-36 -81 86
-45 -66 78
-23 16 -60
-35 -16 78
-50 9 91
-2 17 -31
43 26 38
6 21 75
21 -2 -85
-41 10 63
42 -56 77
-51 9 -30
-23 -1 -15
8 -1 13
9 9 23
-3 9 23
32 9 -17
-40 9 -19
27 -9 -57
-14 17 -16
6 19 18
43 26 -28
-6 19 -50
-45 0 -13
-33 -1 37
31 -9 -68
12 9 -17
35 9 -54
-6 9 56
-23 -9 -58
24 22 55
23 22 -86
-32 9 -30
43 -61 86
1 9 85
-32 14 -84
26 22 -58
-12 9 -36
43 -47 -87
-36 -42 -87
-45 1 77
-24 7 -86
-36 -69 86
21 24 65
35 -80 86
24 9 41
10 -1 -27
-6 -1 23
34 9 7
7 9 -4
-4 -1 70
38 0 -9
43 27 -64
5 19 -52
29 0 84
-2 17 -69
25 -1 52
-36 -40 86
-45 5 33
3 -1 77
43 -33 85
34 -36 -78
-36 -60 77
13 20 -92
-44 -16 -78
-36 -50 86
-8 -9 -77
34 26 7
43 -69 -78
20 23 -75
-45 -35 -84
-22 9 -40
-11 9 1
41 -2 62
-19 9 31
-38 -9 -70
37 -19 86
15 2 84
-26 -1 11
-7 9 -72
19 9 23
32 9 -63
-36 -6 77
-48 11 -55
-6 -1 -44
-7 19 69
-3 19 35
-35 -27 79
37 24 -84
41 -78 -78
-16 17 -31
-25 13 65
27 9 63
0 9 -62
34 9 83
1 18 0
41 -71 77
34 -57 -86
36 26 84
37 24 56
-33 14 78
-32 -9 -54
19 9 -29
-3 9 -25
14 -9 -59
-42 12 -41
12 9 32
7 -7 -47
-17 17 8
-20 -1 -35
21 24 -38
39 25 -7
34 -1 52
-36 -1 -9
35 -10 77
-30 9 15
-29 7 86
5 21 -84
36 -67 -86
0 19 91
41 -2 34
-45 -16 85
43 9 42
-11 -9 -50
22 -9 -75
-22 -4 -78
-26 9 24
-7 -1 84
-13 17 46
-18 9 -71
11 20 82
-45 -41 78
-45 -1 49
-16 17 25
7 -6 -78
-5 19 26
13 9 -36
19 9 74
19 -1 27
-41 10 82
-16 -1 25
43 -23 -87
-26 9 46
36 9 -38
-31 14 91
-43 -85 -78
-36 9 50
8 9 -55
5 9 5
-18 9 -59
-8 9 -54
9 -1 -5
21 -1 6
9 21 -61
25 9 -10
12 -1 74
-13 15 81
-6 9 31
6 21 57
26 -1 17
13 20 66
33 23 -54
33 23 -1
40 -84 77
-5 -9 -67
-14 9 71
-2 -1 -33
-18 -1 35
-34 -1 60
36 0 -63
-27 -1 76
-12 9 38
-19 16 89
-43 12 42
30 23 -40
-45 3 60
-15 0 82
41 -1 -33
35 -19 77
-36 14 1
-18 17 -48
34 -36 77
-1 4 -82
-44 -57 77
35 -58 86
-2 17 53
-19 9 -5
43 1 -81
-43 12 14
-27 9 -58
-45 -54 -80
-11 -1 12
2 -1 21
12 -1 32
32 -1 36
35 9 57
-23 16 -69
-51 10 49
27 25 12
22 4 -78
-39 9 -85
34 24 69
42 27 10
-35 -80 78
43 -44 86
-44 -76 77
-43 -33 77
41 -8 48
-23 16 -17
17 21 -28
14 -1 -41
-19 17 -39
-34 -1 1
-29 9 -1
32 9 42
36 9 -28
22 -1 60
-16 -1 65
43 -12 85
-42 -9 -57
35 24 -73
-23 9 11
35 9 -80
43 -58 -79
-29 -9 82
-7 8 86
35 -81 -86
10 -1 -85
-36 -81 -87
38 0 26
43 -6 -87
-24 9 57
39 9 -69
-45 5 69
-36 -72 -78
36 -2 -47
-33 9 37
-36 -6 -87
35 -9 -58
15 23 5
-11 18 -25
-17 17 63
-41 -20 -87
-45 6 -2
-8 19 -61
6 -9 -67
15 9 -77
5 -1 -16
14 -1 66
-45 -7 -82
-44 -84 86
34 -68 86
-19 16 34
34 -26 -78
29 23 28
43 -65 -87
-21 9 -31
-45 6 23
38 0 69
6 21 -33
-22 4 82
-5 -9 -85
-14 15 17
-5 19 -89
-2 -1 48
20 9 -44
34 9 -9
41 -8 -51
-12 1 -85
30 -1 -30
-25 -1 3
5 9 -22
-7 -1 63
-33 -1 69
33 -8 -85
-41 13 -69
-22 16 76
36 26 -60
-38 -11 -78
40 -17 -78
5 21 -19
28 23 40
-28 15 20
28 -7 82
-37 -25 -78
36 24 25
41 -50 -78
41 -34 -78
17 21 -60
22 2 77
-25 15 1
32 25 -29
-17 -9 -78
9 6 -81
1 -2 84
-34 9 27
26 22 -15
12 9 85
17 21 -44
-44 -1 29
41 0 12
-31 14 52
-37 -1 86
-45 8 -25
-8 18 40
-33 9 -72
-49 9 58
42 8 -87
24 24 -23
-41 -32 -78
-31 -1 44
-9 9 -79
-42 -1 7
-38 -35 -87
16 9 -55
4 18 -7
43 -78 80
5 9 -39
-29 15 -26
7 9 47
-19 -1 -5
24 9 5
41 3 3
20 -1 -16
-17 -1 43
-50 9 8
-44 -53 86
-51 9 72
-40 13 -12
-45 5 -71
35 26 -44
0 18 -15
42 6 -24
22 -1 41
-24 3 -78
-45 -6 -70
-4 -1 36
-30 -1 -29
29 9 -49
-25 9 35
36 9 20
7 9 -69
43 -22 82
10 -1 39
-30 -1 17
22 -9 -51
38 -4 20
-45 6 -49
-45 4 -83
34 -26 78
-38 -1 16
-1 17 73
-16 15 -75
-50 9 -92
-26 15 -39
-17 15 -23
23 22 77
41 9 85
-29 9 -13
-37 -31 86
-35 -8 -47
-45 7 -34
13 9 57
36 6 49
22 9 -2
8 -1 52
-26 -9 -71
-16 -9 -55
-17 9 52
-20 -1 -85
12 9 72
2 9 72
-8 9 15
24 22 -66
41 -1 -41
36 -4 -77
-7 9 -47
-8 -1 -9
18 9 14
25 9 -64
-16 17 55
-15 8 -87
-43 -72 -86
-42 -18 77
-28 9 -77
15 22 33
26 -7 -85
-44 4 86
33 -1 -19
-45 -26 85
39 -9 -72
34 -49 85
36 -2 86
35 -45 -78
-36 11 -24
-36 -50 -87
-35 -64 -86
23 -3 -78
0 9 -69
20 9 -37
-43 -42 -86
18 -1 -24
43 26 -35
13 8 -87
-33 -1 30
37 26 41
-39 9 -58
9 21 7
-42 -1 -21
39 27 -22
3 20 39
33 9 -86
33 23 -15
31 5 78
15 20 91
5 1 -78
-32 14 -67
-38 9 69
-19 14 -85
26 22 70
-7 16 -14
-45 5 53
12 20 -6
-2 -6 -78
34 -42 80
-41 -3 -47
38 2 56
10 19 -47
20 21 18
-3 19 60
-32 14 -52
-36 -15 -87
-29 15 40
-35 11 85
-35 14 15
-45 -78 -82
19 -8 -82
41 -4 -2
-6 17 -1
-36 -58 86
17 21 52
36 25 91
41 -1 76
-42 9 28
14 20 -76
-37 -1 -41
-11 -9 -70
-31 9 65
24 -1 0
-31 -3 84
-20 -1 14
-16 9 18
26 9 56
-28 9 6
-39 -1 34
-21 -1 60
25 -1 66
-44 -48 78
34 -70 77
12 20 -17
-32 14 -34
-8 16 -75
32 -2 -82
1 20 -26
-25 -1 -43
13 22 19
-43 10 -91
14 22 46
5 -9 -84
34 -85 80
-21 9 -51
21 24 9
4 -9 83
43 9 17
-11 16 11
-18 9 79
-17 15 -11
26 9 -86
-4 -1 77
41 -9 76
-44 -1 -33
38 0 40
26 24 85
37 6 75
5 19 -67
-8 16 85
-26 15 12
-13 15 1
28 23 -73
34 -15 82
-45 12 -79
38 -9 33
-36 -45 77
-39 13 57
43 26 82
41 9 61
-41 13 -4
43 7 71
26 22 49
43 2 86
-29 9 79
37 24 75
36 3 -33
-36 2 -87
3 18 -78
4 21 86
-2 4 82
38 -9 9
38 -9 62
-13 9 -9
35 -13 -78
-30 -1 55
-43 -1 21
-37 9 -36
-18 -1 -22
-13 9 58
29 9 20
-3 -9 -55
18 -1 53
-4 -1 -19
-2 9 51
-34 14 62
-4 -1 0
-7 -1 7
26 22 -3
16 9 -22
28 9 -57
-42 -66 -78
26 -1 -35
-18 15 -92
38 3 -77
-27 15 71
38 5 -13
-35 -75 84
39 -9 -14
-36 -54 -78
-50 11 -50
-43 -10 86
-37 -1 42
31 23 17
40 -63 77
-24 -9 -65
5 9 41
-30 9 -86
0 9 16
-45 -4 -53
-31 9 -48
-25 15 47
-50 11 -62
16 23 -2
7 19 33
8 19 24
-19 14 83
-32 14 34
42 27 69
-22 14 25
-9 16 75
36 5 -4
21 21 40
35 -1 4
-35 9 -65
-31 9 -20
-51 9 -81
41 -5 -61
-45 12 36
20 23 -49
-50 9 33
21 21 27
39 -19 -86
-16 15 -61
43 -34 77
21 7 86
23 -4 84
15 3 -85
26 9 -79
39 -9 2
-45 7 11
-8 18 51
0 18 19
40 -85 -78
-43 -9 -75
-39 -85 -83
-21 16 69
-12 18 -10
-14 15 -43
-8 16 63
8 21 69
43 -80 -87
43 9 34
-30 -4 -82
-21 -1 72
-29 -1 23
-19 9 -22
-43 -9 -65
-8 16 -31
-4 17 -41
-45 -69 84
-28 -1 -36
8 -1 -44
-2 -9 -61
19 9 -63
-44 -48 -79
-12 -9 -64
-39 9 75
-12 9 78
16 -1 38
29 23 -86
-5 17 11
42 -77 86
-24 13 90
-10 -1 77
-29 15 -58
9 19 -79
17 6 79
9 22 13
36 -70 -78
26 -6 -47
-32 14 -77
-1 9 37
36 3 -57
-12 -1 3
21 -9 -59
36 9 -44
-40 -1 72
-29 -8 -47
23 22 -80
-20 -9 84
41 -46 77
37 6 29
-45 6 -41
-36 -66 77
-32 -9 -69
-40 -1 60
-29 9 -7
-12 9 32
41 -2 -26
-32 14 -11
4 18 45
-23 16 -23
-9 -5 -82
36 6 -91
-47 12 85
-9 18 22
39 22 -89
41 25 32
-32 14 -43
-20 9 44
31 23 83
23 23 91
37 26 -68
43 -30 -87
-17 17 -67
-45 2 3
43 -51 80
-41 13 48
-38 13 38
-17 15 49
-35 -64 83
-23 14 -44
-45 12 -47
-19 14 3
17 21 -13
-48 9 -69
-39 -85 83
-31 14 -2
-29 9 52
38 24 48
-50 9 22
29 8 86
-1 9 -86
37 -57 -78
-14 17 38
-36 -21 -87
-34 -1 -78
42 9 2
15 9 9
24 9 68
-21 -9 -74
27 9 36
19 9 45
-33 -1 -24
12 9 64
26 9 25
