42 1 40
-43 -104 -63
-20 19 -67
-43 -103 61
-50 16 67
40 -56 -56
38 -83 55
47 18 -33
-45 -3 -3
-45 -39 -58
-38 -43 56
4 19 1
2 18 68
39 -104 -62
37 -11 -67
37 -37 64
-20 0 33
8 -1 -35
-50 16 -39
42 -5 0
17 19 -65
-50 18 27
12 16 35
-43 -6 -65
-36 -72 -55
-17 19 -25
47 18 68
-39 -12 57
-2 -6 -65
-35 -74 55
-26 19 8
47 17 -65
45 19 16
-24 19 56
-11 -5 60
24 1 61
31 19 -7
-31 -2 -33
-3 19 -48
-47 19 -68
-43 19 -15
-14 0 -3
21 4 15
33 -2 -26
33 -80 -57
-43 -6 21
45 -12 62
24 19 -42
7 19 -23
42 -35 -66
33 -59 56
-3 4 17
32 19 50
42 1 -47
-41 8 46
-28 19 -46
15 2 -8
-10 19 35
40 -104 59
-48 19 6
40 -7 20
-29 19 28
-12 3 -35
31 19 30
16 0 -62
-24 1 -62
-48 -27 65
-31 4 -14
22 19 66
23 -1 33
-42 1 -48
-1 16 -68
-47 4 -25
-28 3 63
47 18 38
-12 19 -6
7 -4 63
-41 -24 -68
33 7 -61
0 19 50
-37 -55 -62
12 19 18
28 19 -24
47 18 -15
-30 2 5
-2 4 -15
29 19 10
-9 19 12
43 5 56
-37 -89 -57
4 1 33
-33 19 -30
40 19 -50
43 11 2
-41 -60 59
32 4 -10
-13 10 63
16 19 51
1 1 2
-29 4 21
-45 2 62
-34 18 68
-33 15 -61
-38 -89 59
-47 4 10
17 4 -23
43 7 25
12 16 -52
-36 0 33
-30 19 -6
13 13 -35
-17 4 -19
14 19 -10
-31 19 43
-4 19 -33
45 -21 -60
-48 19 53
-49 16 -54
45 -26 59
-15 16 -55
-38 19 16
-24 10 -35
47 18 52
43 -5 -15
32 3 7
10 10 59
33 9 -35
-43 -6 -17
34 19 -67
-1 19 25
-52 9 -3
-50 18 -26
-16 4 16
23 0 -35
-15 16 47
-11 4 -61
35 -46 -63
0 19 -12
27 19 -55
43 7 -22
35 19 62
41 -48 58
-39 13 33
33 -67 -55
-17 19 24
16 19 6
43 -1 -34
4 4 -61
-9 7 33
-14 16 -42
-50 16 40
35 -92 -61
30 4 23
9 4 22
-41 8 -36
37 -70 59
-45 6 -65
23 19 40
-3 5 59
35 -5 63
-47 5 24
-48 -17 -61
-39 12 -48
-43 -5 -32
-20 12 33
-36 16 53
43 4 13
-1 1 -28
-41 -7 8
43 -5 -58
26 12 57
43 8 -9
21 1 2
-45 -1 51
37 12 42
-45 -39 63
-47 -15 64
-41 19 -3
-6 19 -22
-47 4 -12
1 19 37
31 8 33
-21 18 67
35 -94 56
43 12 -42
3 19 -58
-24 19 -16
2 19 13
38 -21 66
-10 19 57
10 4 11
-34 1 -65
-47 -29 -60
34 16 20
31 9 -24
-21 -2 -30
36 19 -34
43 -3 30
31 13 2
-24 19 -58
-47 13 17
34 6 63
-6 -2 26
43 4 -64
-39 19 -39
45 19 -5
39 19 -22
-41 -63 -56
22 19 19
-24 2 -7
-40 -31 59
18 19 -21
14 4 33
-40 -35 -66
23 7 -65
0 9 -35
-11 14 -65
43 -6 -25
43 11 -56
-8 2 6
47 18 28
40 -5 54
40 -6 10
-45 4 36
-36 4 -25
13 9 -65
-16 19 4
38 -23 -68
13 19 62
6 19 -39
38 19 6
19 19 -30
20 12 -57
-45 12 59
17 19 28
-40 -21 59
-36 -2 59
-9 18 67
33 16 -43
-12 -5 -63
22 19 -2
-40 -1 -57
-6 19 2
-35 1 -4
-21 2 5
23 10 -35
32 16 -16
-22 10 59
-39 -79 -61
4 2 -8
36 -37 -59
24 4 -15
-38 -45 -62
-36 9 63
-27 6 33
-37 4 12
-21 10 -65
-42 -50 61
-45 -4 31
0 10 33
-26 19 19
-10 4 -25
8 16 45
-39 19 26
-50 16 -9
-26 4 -23
-2 15 59
8 19 -68
19 4 25
15 -1 59
34 -2 15
-38 18 -69
-39 19 -54
-36 19 7
-19 1 63
-2 -6 62
34 -2 31
-47 12 -18
-41 8 -57
-15 3 26
9 -5 -65
34 -2 -2
-36 -65 53
33 -3 -65
10 4 -17
38 19 35
38 -28 -60
-24 19 37
-41 -82 54
-6 16 43
-40 -15 -67
44 -36 57
12 0 1
31 10 13
33 -60 -61
35 19 -58
14 19 -42
-33 19 -20
43 8 -31
25 17 -70
-23 19 -33
-6 16 -57
-23 19 47
-45 1 -39
-38 4 22
43 10 35
-42 -95 -60
43 12 62
-3 7 -65
-40 19 61
7 19 28
45 -16 -67
-37 -54 54
33 -2 -35
-27 -2 28
39 14 54
-39 19 40
-14 19 -33
28 14 -62
16 4 -35
24 13 33
20 10 63
23 19 -12
43 13 11
37 -73 -60
-7 3 -8
39 2 49
47 17 -24
42 -44 -58
25 3 -27
-43 -51 -58
37 2 -17
-29 19 -67
-44 -7 63
-19 19 14
-40 -97 56
7 19 56
-12 19 -17
37 -30 59
-33 7 -35
10 3 -27
-45 8 -44
42 0 63
36 -41 56
45 19 -57
37 -13 59
43 2 4
47 18 5
-11 -1 33
38 19 26
25 16 50
-18 19 -48
38 16 -7
-21 19 -7
-41 7 54
-47 4 2
43 -14 -59
40 19 46
47 18 -45
-15 4 -11
-40 -10 -58
-30 13 59
39 2 -55
-8 19 20
-40 19 -23
27 19 -33
-30 16 -36
-12 11 -35
31 11 -7
0 4 9
-18 19 60
-45 -4 -24
-47 10 30
43 2 -4
12 19 -59
-47 10 -30
-27 19 -25
19 19 -49
-45 19 34
10 19 -31
17 16 44
37 12 29
-45 19 -60
-24 4 15
38 -86 -56
33 -77 58
-45 2 44
39 4 -40
40 11 -65
4 4 63
-36 8 -65
12 19 -1
-36 -65 -61
39 9 19
29 16 68
35 1 56
-45 15 47
34 -53 60
35 12 -50
30 0 -18
-41 -2 -10
43 1 22
-43 19 -46
43 10 47
-5 -1 -35
39 -5 -8
-8 1 63
35 -8 -58
-3 16 -40
-30 16 36
30 16 39
19 16 59
-41 19 -31
-25 3 -35
-22 4 22
39 -64 54
-40 -70 59
7 14 -62
45 -20 63
-48 -21 -67
-17 16 39
44 -34 64
-36 19 -46
31 7 -17
-47 -11 57
-10 19 28
-21 19 30
-36 19 -10
-11 19 -48
46 19 60
39 13 -17
33 15 -29
-10 4 -16
22 2 -6
-46 -1 17
2 19 -28
-3 1 33
-47 -13 -67
-1 19 -4
41 19 -39
-29 6 -65
40 -55 56
28 19 3
25 -1 26
44 -33 -59
-42 -23 -60
45 -28 -65
-47 -33 58
-8 16 50
-23 19 1
40 -21 58
0 3 26
-22 16 -42
-24 16 -51
34 -51 -57
31 6 -1
40 16 68
41 18 -69
-40 -33 -59
-48 -23 59
-40 -26 65
36 19 14
4 16 -45
-40 -17 65
14 -1 26
-17 19 -61
-38 0 -35
39 3 -27
40 -98 -59
-47 14 -2
-45 -41 57
-47 -28 -67
-43 2 -20
26 19 56
-39 4 -13
-45 19 13
-36 13 47
40 -50 -63
-6 13 33
20 19 12
8 19 -14
-50 18 -16
39 3 29
-30 19 62
26 16 -49
5 13 63
-6 0 -65
37 -45 62
35 -2 23
29 4 16
-47 1 -32
-48 19 61
-47 12 6
-28 13 -56
-44 -42 -65
39 -63 -56
-17 -1 -61
23 19 -61
20 -2 -28
-32 19 -52
43 7 -51
30 11 63
7 19 -6
-14 -2 -29
-6 19 -64
43 -26 66
-39 1 2
39 2 -10
39 7 8
-20 16 52
37 -88 59
-46 19 22
-36 -2 26
-45 0 -62
33 -71 54
-49 18 -33
-39 -42 63
16 3 6
-13 3 59
-30 19 2
-7 19 -12
10 19 7
34 19 -49
-41 19 50
40 -2 -65
28 19 22
-28 16 49
24 6 33
3 4 -23
16 16 67
38 -13 65
-43 13 -65
11 -2 33
-37 -6 -63
24 19 31
-36 19 34
-18 6 -35
-32 19 22
19 13 -65
-24 0 0
9 17 68
38 -17 -61
-45 -2 4
34 5 -30
-41 -70 -60
-45 4 -55
-16 4 9
40 19 -15
-39 -56 -56
47 16 44
0 13 -62
28 6 59
5 4 16
35 13 -58
37 19 -2
27 19 -18
-5 10 63
31 13 25
41 19 -63
-37 13 -35
37 -30 -66
-11 4 21
44 16 22
19 16 37
35 10 58
42 -42 62
-38 -2 -28
-24 4 -13
-46 -35 -63
18 7 -61
14 4 17
17 19 -55
-15 9 -65
-45 10 40
14 19 -26
-42 13 -40
44 -9 -66
16 19 -36
-8 19 -28
-5 0 -3
36 -2 4
-43 18 67
43 13 -49
18 4 63
-9 19 -39
37 -39 -66
11 16 52
1 1 -35
7 2 6
33 -74 -56
28 4 -35
39 8 -4
-15 7 33
36 -66 -61
43 13 -27
-18 4 -25
-43 -6 15
35 -47 56
41 19 -30
43 -40 -64
24 4 21
-31 4 14
-27 0 -28
22 1 -62
17 4 -14
-47 1 29
-41 -60 -61
36 -99 60
-41 -34 65
43 -10 56
9 1 59
-38 -79 58
-37 -53 61
39 -5 -32
-50 18 -46
-28 16 67
-5 4 -21
34 -64 59
-21 -1 26
-47 6 -6
1 15 -35
-33 19 -40
-34 4 59
43 7 -15
-42 7 63
39 7 40
-45 10 -50
-33 7 33
2 16 -51
-43 -50 55
37 2 19
34 6 28
-39 -101 -59
10 1 -61
27 0 1
-25 15 -65
43 2 34
-14 16 67
4 15 34
-42 12 52
-47 -21 66
43 15 31
47 17 -39
38 -60 59
12 15 -65
-37 12 58
-39 -39 -59
29 19 44
39 7 -46
29 19 61
-19 16 -37
-15 19 54
0 19 -18
-13 18 -69
-6 12 -35
39 7 52
7 9 33
-30 19 -12
7 10 -35
-16 19 33
-30 1 33
15 10 33
-47 7 16
34 12 -65
13 19 12
-37 -50 -57
30 14 -35
43 1 -20
36 -54 -62
-8 -2 -28
-12 -2 27
30 1 63
-1 1 63
37 4 0
-2 3 -61
-1 19 31
-21 6 33
17 -2 33
14 -2 -28
35 19 56
17 19 22
47 17 11
1 19 56
-41 1 7
-41 19 3
7 19 62
-18 7 63
-47 13 23
30 19 -39
21 19 47
-49 16 -63
-7 16 -51
37 13 63
12 19 42
-47 -11 -60
37 15 49
-26 13 54
-45 4 50
37 -77 53
-31 2 -8
19 16 -43
34 16 9
-50 16 12
5 -2 -61
-46 -1 -15
34 -85 -61
-45 -17 58
29 2 -6
-39 -83 -56
30 1 -61
-36 -60 59
-24 12 -60
34 -2 -12
-37 19 -63
-39 -11 63
5 9 -65
-41 -88 -61
-12 19 0
12 19 25
-2 19 8
37 13 -35
43 -17 58
4 19 21
6 -1 -28
-39 1 63
43 15 -12
-18 14 63
-30 10 -61
38 -81 -60
-15 2 4
43 -3 16
4 8 59
31 16 55
-31 19 54
0 19 -64
-2 19 44
41 19 53
-36 19 47
39 15 18
33 -65 53
9 1 -4
39 -17 -68
-7 4 11
-10 14 60
-39 12 42
-41 -60 53
14 -2 -35
-44 -45 61
38 -77 -56
39 -31 65
34 2 -65
-16 13 -62
-31 4 -21
-6 11 -61
-43 -1 36
6 4 -13
29 9 -65
25 12 -56
-45 3 56
25 13 63
13 6 63
35 4 -35
-6 19 -6
-4 19 14
13 19 -18
-28 19 13
-45 19 -9
-5 19 37
-3 19 63
29 3 33
-45 19 -36
28 19 16
-18 19 -2
-25 14 33
-33 3 26
34 15 33
-47 -23 -60
34 -59 -56
-44 -45 -58
-46 19 -21
28 4 -22
-23 19 62
39 13 -2
-35 -63 -56
-26 8 63
35 -2 -21
-26 19 -40
22 16 -52
21 13 54
-10 19 45
7 -2 28
-45 -7 -10
10 16 -40
27 -2 -31
-19 3 -65
-44 -6 55
-1 4 -9
-18 -1 -35
35 0 -58
-40 -27 -63
-45 -2 25
-42 3 26
-14 -2 63
38 -36 57
-8 7 59
-36 -73 -60
9 19 -49
-46 15 -49
-39 15 -57
-25 14 63
-45 14 36
-41 0 13
-43 3 20
-50 18 45
-43 -50 -63
38 8 -57
46 19 -51
38 -71 -55
-39 -103 57
-38 4 -57
43 -1 -28
-45 10 -60
16 8 59
28 19 -66
-37 -6 56
43 -1 56
-23 1 60
-15 13 33
43 1 -14
-37 19 -16
-30 0 -2
40 -49 -57
43 4 -58
-45 -3 60
34 16 -11
-5 19 56
35 -7 58
-37 15 63
31 14 -23
-28 19 -31
-33 19 12
-35 19 1
37 -12 -61
-12 19 -59
-25 3 26
-7 18 -69
-50 16 32
16 13 63
-20 16 44
-42 19 -66
17 10 -35
43 14 -61
-39 -38 57
42 -43 56
-18 19 -12
43 -22 -68
9 16 -56
40 19 60
43 9 -37
-44 19 43
-30 7 59
-40 19 10
-13 19 63
38 -17 62
37 2 8
37 19 -45
33 16 -3
4 16 51
43 19 41
-40 -74 53
34 4 -21
39 -2 12
38 16 -55
-39 -76 -55
-37 1 56
-50 18 17
36 -42 -58
-42 -5 1
-37 -49 56
38 -23 -62
41 -5 25
3 0 59
-37 14 -65
29 14 33
-44 -28 58
-39 19 56
-21 16 -55
-13 19 16
10 4 -35
13 19 31
-47 9 11
-21 16 57
-9 8 -65
18 19 -6
7 19 13
31 10 7
3 16 46
0 10 63
35 -88 55
8 19 38
43 -5 5
38 7 33
-22 19 23
-4 16 67
9 15 59
39 14 23
-13 19 -64
31 7 19
-4 4 -35
-40 2 -7
-47 19 -3
43 15 -19
-7 -5 63
-33 19 -58
-33 6 -61
-29 2 -61
35 19 -27
10 7 -61
4 16 -67
27 6 -61
-19 7 -61
-45 19 28
25 16 44
34 -2 10
-47 12 -13
-41 6 -50
43 12 41
43 6 44
-36 15 -51
-34 19 28
27 19 -2
-47 10 -25
-42 4 40
42 -2 -54
-36 2 6
33 16 45
18 19 62
37 1 63
-5 4 22
18 1 -4
42 -6 -20
2 4 21
43 5 19
-42 4 -44
-26 16 41
-9 16 -43
-9 19 -54
-22 4 -19
-3 19 -55
-15 19 42
-2 16 53
-15 16 -48
14 4 23
11 -2 63
-31 16 -48
-32 1 -28
0 -2 29
-50 16 57
21 -2 28
34 -52 55
21 19 56
37 12 -45
-38 -94 -58
39 -60 -60
19 3 -65
-20 1 -4
-39 -10 -66
17 17 -69
-50 18 -58
-33 13 33
43 -8 63
-7 -4 -61
36 -99 -62
-43 -12 65
-42 -54 58
33 5 13
-40 -14 -60
-39 -88 54
40 19 20
45 -27 -60
-45 13 -34
39 -2 34
-35 -69 58
-45 5 -36
33 -82 55
31 13 16
-19 19 -30
40 -99 57
-25 1 33
-38 5 33
21 19 -16
22 19 25
42 -17 66
32 19 1
39 15 9
28 19 -12
24 8 59
-12 19 -23
43 8 -61
-37 -84 -61
4 4 -18
-37 -50 -63
10 4 -10
-22 19 -63
7 3 -65
-34 16 59
47 18 33
38 -91 -57
-45 -7 -57
37 -33 -63
-51 7 1
33 4 -6
39 12 6
37 16 -41
-43 -30 -67
39 -94 59
30 16 -53
35 16 2
-43 2 -25
-37 -83 59
-47 1 -2
-16 19 -39
27 16 -43
43 15 47
