88 113 162
197 131 25
59 89 26
197 181 195
192 109 124
120 126 78
58 182 195
158 108 194
127 170 193
59 111 103
135 137 136
144 108 27
93 132 30
174 113 74
180 143 162
58 89 194
129 95 112
85 158 165
58 135 194
62 125 61
116 128 192
99 126 116
190 90 30
195 90 191
130 108 162
196 132 194
159 149 193
62 126 138
163 126 108
164 113 147
57 132 26
93 180 195
140 157 164
88 113 81
195 110 162
149 126 57
114 113 47
163 181 190
108 138 154
165 132 27
85 108 194
89 143 192
195 111 52
191 126 98
132 126 105
124 132 27
59 117 170
111 113 140
148 113 85
150 129 166
76 113 40
114 158 172
145 113 126
173 126 181
184 155 192
142 129 194
75 135 159
170 113 43
98 107 28
79 113 124
90 126 56
129 107 187
191 126 143
70 159 193
168 162 175
111 113 97
126 135 171
67 126 85
129 108 67
109 113 172
89 126 141
195 108 84
112 150 194
77 126 181
172 126 129
59 112 195
182 108 192
120 126 124
76 126 106
135 151 184
191 126 71
61 108 150
60 107 73
190 111 30
106 113 69
131 126 45
148 167 187
119 108 27
109 108 192
61 110 26
160 146 157
175 113 95
126 126 151
144 131 31
96 164 181
173 126 59
94 126 95
59 109 124
175 113 164
60 107 51
185 126 43
194 107 104
192 123 177
100 128 180
126 147 150
126 107 127
149 113 177
162 126 83
143 113 148
78 113 64
188 126 117
138 126 74
130 111 90
112 180 190
175 113 114
75 126 27
145 113 106
168 129 157
62 125 42
148 131 147
193 108 142
160 113 62
156 133 183
162 111 27
94 113 44
168 165 193
143 113 45
178 145 179
108 123 27
75 179 192
96 113 131
90 113 108
63 126 120
140 182 191
108 126 57
77 113 143
75 113 95
82 141 174
180 178 194
159 126 42
101 154 161
180 126 85
109 113 118
94 128 157
114 126 107
155 126 131
95 126 74
125 126 62
92 113 179
124 111 108
147 126 95
190 126 160
62 126 155
177 121 27
155 113 162
91 125 193
116 134 140
192 109 68
174 137 193
145 148 151
129 138 193
160 113 120
80 157 181
114 126 163
101 113 152
73 141 192
129 107 51
195 108 178
136 126 122
125 107 145
165 113 178
86 165 193
130 126 183
106 165 193
163 123 193
160 113 95
182 158 165
89 145 157
196 165 191
72 113 162
69 113 183
141 142 167
83 110 27
122 126 93
178 126 105
179 113 142
196 115 193
143 110 194
83 126 41
106 126 133
103 126 43
80 126 72
113 113 82
180 113 58
146 113 70
104 138 192
62 125 99
145 144 194
107 126 87
82 126 87
87 126 124
125 162 181
117 140 184
135 120 27
152 156 172
70 113 113
62 126 181
192 125 56
149 126 112
117 126 39
196 147 193
126 152 164
117 113 157
63 109 88
93 113 61
181 125 193
136 126 166
75 126 54
74 113 79
134 113 174
167 126 143
155 113 136
184 132 30
98 113 91
180 131 171
104 126 147
114 127 178
75 126 132
58 148 191
76 126 147
139 137 183
180 167 185
130 110 36
139 162 177
155 123 27
135 113 136
161 113 79
58 166 191
80 113 174
168 113 132
81 126 167
154 113 38
117 113 61
114 151 158
59 112 137
167 126 71
75 120 193
94 155 193
136 113 78
167 150 167
193 121 85
146 126 43
105 121 193
128 157 193
143 126 135
139 113 59
126 119 193
192 125 129
186 113 43
64 101 192
135 113 118
61 120 75
107 126 70
151 126 71
179 126 151
71 113 54
103 113 106
118 113 184
170 111 191
84 113 53
89 113 148
171 152 192
124 150 176
68 126 170
92 149 169
189 113 94
129 139 160
129 126 132
145 126 182
108 113 36
62 109 38
180 113 130
149 126 83
195 122 35
196 103 192
160 113 49
185 113 152
187 113 113
146 156 194
89 135 183
87 126 111
92 121 27
152 180 195
185 113 174
140 132 156
122 113 170
105 113 57
160 166 183
124 182 195
80 132 192
96 111 191
171 126 117
155 135 156
101 158 172
72 114 27
170 126 38
151 120 193
165 141 186
156 113 109
123 112 76
196 101 28
174 109 29
102 136 164
77 146 162
158 126 119
136 126 86
137 126 59
60 108 162
137 127 147
58 123 192
83 126 156
63 120 32
136 164 189
180 156 181
109 165 182
69 130 193
171 126 96
67 112 65
179 126 69
162 126 60
117 161 189
104 113 182
81 151 193
101 113 79
140 113 165
183 144 192
74 126 94
161 128 166
182 126 136
139 139 146
120 136 152
139 151 173
69 113 132
120 122 27
193 120 107
152 153 161
86 135 162
78 113 106
176 113 181
61 120 109
117 113 128
101 113 165
152 135 193
186 113 79
110 126 118
96 169 193
77 126 118
168 113 105
129 126 34
169 113 57
157 126 149
135 113 100
59 119 53
118 136 164
165 113 167
74 156 165
157 126 98
133 113 151
99 126 63
125 126 114
111 126 97
102 149 189
172 139 156
195 118 118
77 166 187
89 160 175
195 119 153
157 164 193
140 113 184
68 126 70
195 119 167
192 124 189
73 109 194
92 113 121
145 113 138
147 126 124
79 113 153
150 113 57
121 151 186
60 107 114
124 126 165
172 113 154
61 120 90
89 113 98
95 126 85
178 126 162
73 126 42
69 113 173
104 132 25
174 152 159
66 173 193
195 116 133
59 101 30
171 139 166
136 132 25
146 113 95
136 152 155
67 132 30
106 128 157
187 170 193
121 108 194
82 132 30
121 144 193
59 118 146
88 113 70
146 120 27
145 173 194
94 126 133
117 126 134
165 122 27
59 113 179
121 126 48
93 126 39
85 126 99
117 170 192
115 132 30
103 179 194
113 116 193
100 144 156
175 131 25
167 113 87
125 137 136
119 145 169
62 119 130
136 118 193
150 113 117
195 119 45
163 126 182
132 143 178
180 113 105
136 130 177
84 182 191
59 117 158
190 125 26
194 107 42
170 175 192
121 113 95
188 113 185
132 129 193
135 126 96
165 126 51
70 113 150
179 113 85
89 113 34
165 134 192
195 117 63
93 135 193
78 113 187
186 134 193
121 113 119
107 151 169
128 126 74
178 126 50
160 158 165
195 116 76
183 113 69
74 126 159
94 113 140
152 113 150
122 113 136
181 113 33
81 147 181
194 156 191
82 113 115
112 126 143
188 182 191
147 126 157
92 127 166
155 142 187
183 126 126
179 164 193
134 113 44
116 113 71
184 113 162
83 121 27
182 126 182
158 126 140
95 126 104
66 182 190
195 117 144
110 112 27
131 110 27
156 132 29
158 113 185
82 126 61
135 146 193
139 126 111
193 108 152
171 126 83
104 113 44
118 126 68
131 135 144
174 113 65
116 113 105
147 139 155
97 113 114
92 153 161
153 107 28
86 113 131
138 113 34
100 126 30
174 136 180
156 113 171
104 126 78
59 110 60
119 113 147
109 133 183
89 126 181
62 116 44
67 150 193
60 108 171
117 113 36
65 126 51
162 172 193
181 135 159
125 108 177
164 113 36
83 113 90
66 126 147
187 117 193
195 108 116
60 156 195
131 180 190
67 112 142
85 145 166
179 126 34
172 113 122
154 113 73
102 126 124
103 113 143
111 126 48
99 137 185
134 148 165
68 113 102
91 126 66
177 118 193
164 157 192
118 157 164
121 126 185
129 108 82
174 150 173
82 133 177
147 140 186
122 133 179
154 126 188
132 129 158
127 107 101
113 139 193
110 145 187
128 107 117
137 136 192
156 162 176
122 113 49
60 108 186
178 113 46
133 113 127
136 154 192
62 125 164
139 113 87
182 113 121
125 126 85
69 126 112
97 126 49
136 172 193
108 113 130
145 126 103
137 126 40
71 113 122
185 126 63
77 113 133
164 126 133
195 117 26
124 108 59
59 119 118
191 109 170
115 129 155
103 157 190
108 113 161
186 126 77
122 113 86
142 134 165
81 141 157
157 150 168
175 113 173
104 130 193
123 126 104
135 109 194
180 126 118
186 126 104
66 121 193
82 126 49
156 126 158
194 107 59
63 141 191
85 117 193
174 129 192
63 109 80
91 126 150
106 126 107
193 108 134
185 118 27
187 113 139
195 117 181
136 138 172
85 126 133
92 113 170
170 126 165
186 126 167
134 126 67
126 126 176
190 96 191
121 145 157
195 115 100
116 164 178
110 126 186
146 152 168
123 168 186
133 158 182
107 128 166
84 150 175
151 111 190
124 141 178
173 166 182
148 113 32
66 126 131
88 166 185
154 126 180
182 107 28
174 158 165
98 113 100
81 140 193
121 135 192
82 152 159
124 115 27
86 174 192
139 113 156
192 139 194
73 113 71
94 113 158
153 126 89
103 126 93
185 113 51
137 113 66
184 126 55
163 137 156
128 104 109
96 126 187
100 113 121
132 113 111
85 126 79
162 126 34
171 113 139
187 126 149
121 154 193
98 113 72
85 113 140
118 126 56
85 113 182
134 147 149
129 107 134
166 113 116
80 160 193
72 126 187
77 113 48
79 126 139
110 126 34
173 126 137
153 126 36
59 116 66
103 118 27
132 126 54
75 126 77
108 146 157
162 113 155
59 174 191
90 137 156
125 108 44
153 136 164
195 108 95
94 135 162
59 122 26
89 151 190
99 126 164
168 113 96
191 126 47
125 111 152
111 137 147
59 116 188
147 161 176
101 166 187
130 134 130
164 142 193
152 113 45
68 113 35
180 139 174
122 152 156
64 95 29
95 158 165
168 126 188
124 126 41
104 134 148
152 173 192
124 127 193
122 132 160
136 113 144
108 156 163
152 113 128
142 150 189
179 151 165
154 157 190
150 147 157
152 113 100
127 124 27
141 113 115
123 112 65
195 115 174
70 113 89
166 150 158
134 128 140
144 121 194
118 126 117
75 126 66
111 113 148
161 113 128
137 126 30
144 126 143
83 126 147
75 126 86
91 113 89
180 126 92
151 150 193
163 126 90
97 142 192
62 118 100
100 113 176
101 126 56
145 126 50
162 159 172
184 126 175
91 107 28
149 132 183
63 109 96
111 134 161
112 113 54
195 115 89
67 126 77
109 174 194
177 160 187
145 136 194
110 126 125
174 145 193
147 113 156
61 120 83
155 126 108
160 115 193
195 175 191
172 144 185
98 181 190
116 113 89
65 126 92
168 132 182
190 110 194
66 113 194
86 126 33
81 126 188
143 165 192
81 113 33
173 182 192
174 113 36
94 163 188
101 113 34
195 113 37
166 134 164
102 113 136
63 109 131
70 126 59
99 113 50
151 113 64
165 113 74
133 113 166
168 126 103
126 150 193
79 126 126
156 126 66
141 113 176
153 126 51
130 126 90
121 113 162
99 126 142
112 126 75
133 155 162
60 120 177
103 112 194
192 108 77
140 144 186
110 113 185
189 126 35
64 126 189
110 160 189
170 121 193
73 167 192
119 121 193
82 113 76
74 152 192
195 93 26
176 170 192
187 162 193
130 132 31
121 126 33
110 133 192
66 113 48
131 113 72
86 141 184
116 152 169
186 113 101
104 113 95
125 107 30
123 138 143
189 113 130
117 115 27
92 113 51
88 131 25
152 113 143
151 126 143
65 126 27
136 126 186
130 126 125
134 126 116
174 126 146
89 126 89
188 126 85
144 153 159
190 150 194
175 160 178
66 126 34
64 93 193
161 131 159
119 182 191
189 112 59
84 134 169
88 113 188
87 113 155
151 131 25
70 107 28
179 113 155
82 152 167
82 163 181
176 128 175
100 151 167
165 149 189
66 112 159
175 144 171
175 153 185
138 126 160
157 129 193
192 126 64
166 156 163
123 176 192
163 113 135
128 107 168
192 123 135
111 113 110
81 126 174
123 126 136
193 121 93
150 113 165
62 126 106
162 126 127
162 113 56
144 113 53
124 111 183
181 126 99
138 113 109
142 126 88
116 113 168
138 126 52
59 113 109
137 107 28
164 126 151
63 163 195
93 126 122
168 126 44
167 180 195
195 113 108
148 182 191
88 157 193
194 107 188
167 113 67
147 113 40
153 113 92
171 126 27
62 126 174
58 99 194
77 113 58
175 158 193
156 126 74
69 126 100
115 113 176
160 113 142
109 113 63
94 113 84
143 126 36
69 126 139
122 161 193
184 126 111
68 120 27
151 113 79
176 126 123
114 126 62
124 126 54
157 113 85
58 106 192
91 114 27
188 113 146
156 117 27
129 164 192
87 135 192
79 168 193
77 146 193
167 166 187
195 121 195
66 112 167
93 141 187
65 135 191
148 158 165
195 119 71
181 127 27
190 96 29
171 113 146
79 132 25
133 113 56
66 112 72
128 158 165
191 127 195
173 113 81
121 126 157
95 113 147
78 113 167
149 130 193
142 165 183
131 126 146
150 126 134
176 126 78
172 126 152
104 126 187
146 141 149
161 113 69
140 113 74
196 107 27
166 126 78
168 126 63
142 126 129
142 126 152
76 126 193
143 126 79
106 126 63
85 113 169
98 122 193
97 126 148
71 126 180
62 108 144
143 113 80
89 126 160
194 120 160
176 132 166
107 128 179
134 113 184
92 113 76
85 113 120
120 157 174
107 145 193
158 178 192
80 133 156
148 132 160
82 113 98
145 126 189
107 163 177
94 113 38
180 134 193
71 126 118
88 113 44
155 126 83
59 116 124
165 126 119
100 163 192
59 113 34
98 113 57
188 113 85
196 125 29
177 130 157
62 119 152
195 119 52
136 138 164
195 120 125
95 161 175
117 167 186
115 136 156
130 142 148
118 113 140
117 146 187
65 111 58
189 113 73
126 107 74
62 123 69
96 135 156
134 130 171
111 122 194
177 111 191
192 126 170
118 131 25
137 145 173
166 116 193
71 131 25
60 126 31
