10 21 -63
-56 31 111
53 -91 66
-52 -91 -67
55 33 52
-53 -90 65
53 -87 -67
-58 32 10
-8 -61 -1
-57 31 -109
-5 -21 69
15 32 111
57 32 -16
55 32 -111
-5 -44 -69
5 33 17
-50 26 -50
-33 26 60
0 -75 71
-5 33 -110
5 -91 -70
57 31 -63
-12 33 -24
11 33 61
57 29 99
14 -71 -35
14 -62 34
-17 -7 -69
-21 33 95
-26 33 -78
19 -16 -66
43 26 17
24 26 -29
18 -46 69
30 33 -88
-29 33 27
-24 -75 -66
-19 -50 65
19 1 69
-14 -75 42
-58 31 79
-43 33 -18
-58 27 40
19 -63 -64
-14 -59 -40
32 26 83
-57 26 -79
-10 9 69
23 -91 67
-24 -91 65
-18 26 -51
24 33 -2
28 26 40
-22 26 1
13 -75 9
5 26 87
-10 26 45
36 16 -68
-31 26 -110
0 33 -85
20 27 -111
47 33 -40
-9 -75 -22
-11 -59 23
14 -61 -12
28 -86 -65
18 -23 63
-13 33 72
55 26 -86
1 26 -6
4 33 -44
19 -40 -68
-35 16 -65
57 27 76
-11 15 -71
29 33 -54
-3 -67 -68
39 27 111
-6 27 111
14 -66 57
33 33 62
-42 26 95
5 0 -69
-3 -23 -64
57 32 32
-32 33 -36
8 33 38
-19 -70 63
-52 33 60
-58 31 -32
57 27 4
-44 26 -95
24 33 21
-6 33 -66
-31 27 111
-39 26 11
-9 -75 12
39 26 -13
-18 33 -96
-19 -56 -66
-3 -40 67
-44 33 -67
-19 -7 65
33 15 67
-14 -91 -71
39 26 -103
-8 -60 51
-40 33 44
-33 -91 -68
-19 -33 -63
21 33 -72
6 26 -27
-6 -91 63
-12 26 20
-35 33 77
8 -60 17
8 17 72
10 -59 -49
-10 -75 -47
15 26 -94
-19 -32 68
-29 13 71
38 -82 71
-58 32 -8
39 33 -72
3 -6 64
-38 -81 68
4 -56 69
19 -75 71
8 -75 44
-45 19 70
12 -75 -54
26 33 98
-48 26 26
-14 -60 -17
8 -75 -19
-27 33 -13
-34 33 -54
19 7 -63
11 -76 -71
17 33 78
44 33 40
41 33 95
-24 33 46
-12 -75 -6
-4 26 60
-57 33 95
7 -53 -69
7 -89 71
38 26 3
43 33 74
-39 26 -5
16 26 -13
43 26 -58
18 26 -45
16 26 9
8 -60 -27
-13 -75 27
-12 33 -8
-57 27 -63
2 33 100
14 -60 4
47 26 -27
-3 -81 -63
-12 26 -38
-58 32 -93
14 -72 23
56 33 17
-19 20 63
-39 26 -79
-10 33 6
49 21 65
-23 26 82
22 18 -71
8 -73 -5
7 -30 69
8 -29 -69
57 27 -49
-6 33 33
36 33 28
-22 21 -65
-10 -60 69
17 26 50
-11 26 -79
-10 -59 -54
-44 26 -34
2 33 74
-9 26 93
33 33 -40
40 -83 -71
15 33 -58
43 26 54
-20 26 34
-44 32 -111
0 26 -97
-15 -83 71
-5 -10 -63
49 33 -5
6 33 -72
-5 26 -54
-8 -73 55
-19 5 -64
50 21 -69
-27 33 12
-14 -60 39
19 14 64
-18 33 110
-16 -21 -69
-17 27 -110
-32 33 -96
50 33 -99
5 7 63
-14 -75 -35
8 33 -108
54 27 111
15 -85 -63
-18 33 60
23 23 71
-8 -64 -29
12 -13 69
25 33 -101
16 -61 69
51 26 88
17 26 31
-6 6 -63
9 -59 48
41 26 -85
27 33 -18
-24 26 -24
-49 20 -69
-45 26 83
-42 33 106
36 33 -28
15 26 98
-48 33 72
5 -14 -69
11 26 -82
51 33 65
-17 -19 63
28 33 110
-41 -82 -68
-11 -76 -71
-22 33 -62
-7 22 71
-14 -72 -58
2 33 5
2 26 46
-12 -59 11
-4 26 -18
-48 33 -85
19 -34 68
11 -79 63
-9 -4 69
2 16 -71
-3 -54 -63
-46 33 3
21 -75 -65
57 29 -33
50 33 -77
-26 -78 72
7 -45 63
8 -43 -63
6 33 -16
7 -66 -62
-9 -30 63
32 32 -111
-54 26 -18
4 26 29
-21 26 -86
19 -30 -63
34 33 12
-44 26 55
47 33 9
-19 -44 -67
-57 33 23
-31 26 91
12 26 -2
46 26 28
19 -52 -69
8 -73 33
-3 33 -34
-38 26 32
-19 4 63
-15 -83 -63
-34 -91 71
-57 27 69
35 33 48
-7 -33 -69
-28 33 68
-6 33 82
13 -4 -63
-33 33 -69
30 33 73
24 26 -63
16 33 -33
27 26 -79
-3 22 -64
28 -78 65
22 33 66
-56 26 51
8 -61 -38
8 -75 -43
-35 26 -24
-10 33 102
4 33 -58
6 10 -63
-32 33 101
-39 26 -44
3 -66 65
46 33 105
4 32 111
-26 33 -46
36 26 -49
19 33 -84
-3 26 12
47 33 -51
19 -90 -71
4 -21 63
-23 12 -71
-54 33 -41
54 26 40
40 22 71
40 33 -94
-43 26 -58
-35 23 71
-33 33 1
-18 -67 -69
29 26 54
43 -91 71
-5 16 63
-39 33 20
-8 -67 34
-23 26 -36
-7 -80 63
-14 -60 60
-32 -79 -71
-4 -52 63
30 -78 -71
-32 33 38
-33 26 -88
-21 33 21
13 12 -71
-10 33 54
15 23 63
26 26 12
13 33 88
29 26 -10
-13 -43 69
-13 26 -62
-16 26 -16
-15 33 -72
38 -91 -65
-23 -90 -65
-52 26 -101
47 33 -18
45 32 -111
-54 33 -72
-23 24 71
8 -74 55
-14 -66 -8
-9 26 -103
-24 33 -105
-10 33 -88
-11 -72 69
-49 33 17
-14 -67 17
8 33 51
8 -67 7
-3 -91 -63
34 26 98
11 33 26
10 26 -52
10 26 -38
-8 -66 -45
-40 33 62
41 26 -35
-7 33 -46
-50 33 -25
-1 26 -74
-29 26 -60
57 27 -101
-16 33 84
-14 -68 1
-58 32 -52
-45 -88 71
6 -78 -63
5 21 63
-51 26 100
24 33 88
0 -76 -71
14 -66 -21
-35 26 50
-46 26 37
-49 26 -6
8 -63 -4
16 26 40
24 26 -93
34 33 -63
13 24 -71
33 -91 66
2 -84 64
41 26 82
17 26 20
24 33 32
7 33 -93
16 26 -23
-31 26 20
-20 26 52
7 -22 -63
10 -72 69
-10 26 -1
27 13 -65
18 -53 63
-34 23 -71
-57 26 31
-5 -2 -69
-18 26 102
57 27 -77
8 -71 -28
10 26 78
-50 26 10
34 24 -71
-58 28 1
-19 -62 68
-12 -50 -63
-49 33 90
-40 33 -101
10 -2 69
24 33 46
-4 33 67
-11 -39 -63
-3 -13 63
-1 33 90
14 -68 42
-8 -67 -17
16 -84 71
-4 4 63
14 -59 -58
55 26 -8
-22 26 -8
-43 -91 -67
-46 27 111
-5 -86 71
-15 -91 66
-51 33 -60
47 33 -63
8 -75 16
45 -91 -71
-7 -17 -69
-5 26 26
24 33 -36
14 -67 -44
36 26 37
28 26 -45
-8 -68 44
-13 -13 -63
4 -38 -69
30 23 65
-35 16 65
14 -68 15
8 -63 26
-23 -83 -71
46 -84 65
-39 33 -90
-16 26 9
-39 33 89
14 -69 1
-22 26 -73
35 33 -4
-17 33 40
8 -59 60
36 33 104
22 26 -55
47 33 -88
19 -71 63
41 26 64
19 19 -63
2 27 -111
-7 33 -97
12 -36 63
55 33 -24
30 26 22
47 26 96
0 33 54
15 11 71
-4 26 -40
-45 33 -77
36 33 -80
17 26 -102
-16 33 -44
-22 33 -30
49 26 -105
35 26 -22
-50 33 50
-43 33 -49
8 -68 -50
57 27 63
-8 -69 23
-13 1 -69
-7 33 16
57 26 23
56 33 84
-40 33 -29
32 26 -97
8 -68 -12
6 -8 -63
-6 26 -29
29 33 5
49 33 22
-15 17 71
-13 -24 69
-15 33 31
-32 26 -10
-13 16 -63
54 26 -40
7 26 104
-5 -72 63
-12 26 79
18 26 84
-31 33 54
-15 33 -56
35 33 88
-54 26 87
52 26 12
12 33 4
-4 33 -12
46 33 49
45 33 87
51 26 57
22 27 111
-13 23 -71
17 -86 63
10 -62 -69
29 -84 71
-20 -82 64
-21 11 71
-22 33 74
-29 33 83
1 23 71
-31 -84 65
38 33 -55
-45 33 -40
-11 26 37
-16 33 0
-51 33 32
56 33 -93
-11 -10 63
11 -85 -71
3 -32 -63
-8 -75 4
19 -15 63
-10 -62 -69
-4 26 102
43 24 -71
12 33 -44
7 26 9
-14 -62 31
18 1 -69
-3 12 71
-11 23 63
-13 14 63
-5 -90 -71
-47 26 65
6 26 -103
-20 26 -102
-29 26 44
-8 -67 11
7 33 -5
-15 -36 63
18 33 13
-1 26 79
15 -22 -69
-29 26 33
-31 33 -22
50 33 -32
-27 26 -94
12 -51 -63
-14 -68 -50
-18 26 89
-29 26 -51
-8 -61 -11
-28 22 65
14 -74 -13
-8 -67 -61
-11 -58 -62
14 -68 -57
-42 33 28
-10 -28 -63
-52 26 -90
-29 -84 -65
56 33 106
40 33 59
22 15 71
3 -60 -66
8 -91 -63
11 -23 69
-51 27 -111
-8 -68 -36
-50 26 44
13 33 71
-17 26 -28
32 26 -33
-38 26 -106
3 -46 -68
-14 -60 -32
19 26 -6
-45 26 -13
17 -7 -69
-10 -50 69
19 -7 68
12 -35 -63
0 33 -51
-46 26 -22
-14 -75 -15
-14 -68 -25
-6 33 42
-5 33 -78
8 26 21
-49 33 -97
-15 26 -93
-4 26 -89
-26 33 -88
-40 33 -10
24 26 102
23 26 3
5 -40 69
-15 33 -106
32 -90 -71
23 26 61
-3 33 -23
11 33 -25
21 33 39
-14 -68 56
-11 33 -33
-27 20 -71
23 33 -46
-58 32 -23
-34 33 -78
-27 26 102
8 26 56
45 26 -97
15 33 -8
18 33 55
0 33 24
32 33 35
-34 26 82
8 -63 40
-54 26 20
57 26 48
-17 -13 69
-43 26 -86
2 26 -34
-3 -38 -64
-7 -63 62
45 -84 -65
47 26 -13
-48 -86 -71
-1 12 -65
-8 -75 33
12 -46 -69
35 33 -17
51 33 93
57 32 -2
-57 33 46
-4 -30 69
-57 27 -47
-11 -59 -24
41 26 104
-18 -75 71
57 32 70
14 -75 50
35 26 -90
51 26 104
21 33 -23
-1 33 -102
19 -79 64
13 33 45
-50 26 77
49 26 -82
18 33 94
55 33 -71
-5 -66 69
-31 26 -30
-20 -89 72
-5 20 -71
-22 26 13
-44 26 17
-11 -5 -63
-57 33 -101
47 26 77
13 14 -63
-16 -36 -69
-35 33 -16
8 -68 50
-28 26 -82
-26 33 107
-37 26 -36
-21 26 -44
-8 -68 -4
14 -61 12
-1 26 95
-14 -61 4
11 33 -101
-10 -10 -69
5 33 67
32 26 -57
-23 33 88
-5 26 5
-7 26 -8
29 26 90
-10 -77 -63
13 33 -74
-7 -51 -69
10 26 -18
54 33 -45
-40 -91 65
39 26 24
46 26 44
44 33 32
-1 33 -2
-51 26 -30
5 26 1
45 26 -2
-10 -22 63
-3 26 35
50 26 -56
-48 26 -80
32 26 107
-35 33 -110
11 33 101
-39 33 52
-58 31 102
13 -75 38
35 33 -100
-18 33 -83
10 -49 69
-4 26 87
-51 33 -15
-50 26 -39
2 -84 -71
15 -69 -69
6 -79 71
-16 -91 -63
-17 0 69
-41 18 -69
10 -91 65
6 -73 63
-8 -74 -30
38 27 -111
-52 21 70
23 -82 -71
22 11 -71
-38 26 110
3 -31 63
-16 9 -69
57 33 10
-14 -61 -47
-4 33 107
19 33 105
12 26 -110
41 33 13
43 33 -102
29 21 -65
5 23 -71
-14 -72 -43
-13 -75 18
43 26 -21
-11 26 -47
7 33 -80
1 26 20
-32 26 -43
-40 26 102
-18 26 45
4 33 82
-29 26 -102
-23 33 -69
14 -64 -28
32 26 29
-5 33 -58
-50 33 83
-31 26 -17
13 -29 63
-12 33 65
11 33 11
-23 33 -55
-43 26 48
19 33 5
8 -62 69
1 33 40
44 33 67
12 -41 69
2 33 33
6 33 91
25 26 -72
24 33 79
10 6 -69
16 33 -51
32 33 -73
-45 26 -102
8 -74 3
23 26 -19
-23 33 -21
40 33 -41
-13 33 23
17 26 -36
46 26 -44
-16 26 27
-38 26 23
-48 33 -33
-12 -45 -69
12 -15 -63
18 6 63
-49 33 105
-50 26 -64
5 -52 63
-43 26 76
8 26 -45
41 26 10
26 26 -105
8 26 42
-58 31 -85
-18 33 12
11 -17 63
-35 33 12
2 26 -55
-17 -24 -63
4 26 -86
14 -62 22
38 23 -65
-14 -71 10
-8 -69 -54
-56 26 61
13 -59 -33
8 -59 -19
57 27 -56
7 26 -96
54 33 77
-17 -63 -63
57 27 91
46 26 111
-34 33 -46
-28 33 61
-4 26 -82
-38 26 39
-37 26 -95
-42 33 35
46 26 35
-19 -43 65
8 -75 -36
11 -10 63
-33 26 5
8 33 -33
-22 33 31
18 33 26
16 33 -17
-32 33 -6
5 4 69
-38 23 -65
-50 33 40
55 33 -83
-22 33 5
29 17 -71
23 26 95
-38 26 65
57 32 42
-18 -4 -63
19 -47 -64
35 26 74
-57 27 -71
-7 -25 -69
40 26 -78
-8 -61 -36
-44 33 98
-12 1 63
-15 33 -63
17 33 -96
-33 33 94
35 26 60
38 26 90
38 26 -6
14 -61 43
3 -16 68
7 3 -63
12 0 63
15 33 33
-47 -84 66
-42 33 9
-58 32 87
-6 33 96
-43 26 5
10 33 -66
-38 33 -60
3 -47 68
22 33 -107
14 -68 31
29 20 71
-14 -66 24
-39 26 -18
34 33 79
-54 26 -56
-18 33 -12
6 26 -12
2 14 64
8 -6 -69
38 33 6
12 26 -30
7 33 -50
-14 -60 48
-24 26 23
18 26 -88
-5 -10 69
27 33 -64
-10 -36 69
17 -19 69
-9 -79 71
33 26 -83
-3 -58 68
57 32 59
5 26 -62
19 -56 -63
-13 26 57
-3 -47 -63
3 -72 -64
8 -60 7
-13 26 72
-26 13 65
13 26 72
-14 -67 39
-58 32 55
57 26 -22
8 -62 -55
-14 -74 60
-21 32 -111
52 -86 71
42 18 -66
-48 26 -73
25 12 66
8 -60 32
-17 -79 -71
-55 33 71
19 -91 -64
4 17 -63
16 -30 -69
-19 -14 -67
-4 -61 -63
-12 26 107
-8 -60 17
-57 27 -37
-40 33 -2
27 33 -94
15 -91 71
-35 33 67
-13 -75 51
-9 9 -69
17 26 -62
50 26 3
-26 -91 -71
-39 33 -83
17 20 71
50 26 -93
2 33 -29
32 -80 -65
-27 26 9
-1 33 -71
51 33 39
28 26 -2
36 33 40
23 26 -40
-11 33 89
12 26 15
-10 -16 69
-15 -55 69
13 33 18
-51 33 -5
-12 33 46
-33 33 -29
13 -59 -43
-12 -51 63
-44 33 78
29 33 -80
43 33 -13
-8 -74 -40
3 8 -69
41 33 -33
-38 -88 -71
27 -85 65
-28 26 52
-49 26 1
-29 21 -65
32 33 20
29 33 -32
-11 -44 63
14 -66 49
-14 -66 -35
-10 26 -23
-15 26 -7
6 10 70
34 33 -47
32 33 55
14 -64 -6
-19 -71 -64
-28 33 -110
-26 12 -65
43 33 111
-7 26 54
-30 13 -71
-10 -69 -69
-34 33 110
-21 27 111
-3 -16 -63
-52 -86 71
16 -58 -69
3 -84 -63
34 26 15
18 -68 70
-57 26 93
16 -46 63
-14 -72 34
25 -78 72
-6 -4 63
-28 26 76
-13 9 -63
-9 27 -111
19 -9 -63
