100 158 60
134 104 253
180 104 137
76 105 162
176 104 41
136 171 186
109 104 13
148 163 113
115 104 99
180 107 204
89 137 217
92 150 126
125 104 190
76 107 59
156 158 54
176 127 91
152 142 223
167 146 155
131 117 54
134 104 143
92 151 174
76 105 118
94 104 242
124 172 147
82 136 89
78 104 201
128 173 82
148 104 15
163 104 171
151 104 105
96 129 37
120 159 217
166 104 237
167 146 191
159 104 71
172 139 123
117 128 237
101 104 140
154 131 35
116 168 112
136 104 221
174 133 58
161 153 85
85 104 88
108 104 68
79 127 140
127 162 47
109 104 213
180 104 109
79 127 182
86 104 32
99 104 179
103 160 87
83 137 61
133 104 79
151 104 197
101 159 197
176 127 174
112 104 40
100 159 150
115 167 171
148 163 208
174 132 212
148 163 162
116 139 51
149 104 41
154 160 138
144 122 239
122 104 164
81 131 116
118 104 123
154 104 129
180 105 83
117 104 235
142 138 54
176 126 144
82 116 222
116 123 28
158 119 54
87 143 195
82 133 161
142 104 173
133 172 126
96 104 111
92 151 105
158 104 217
145 165 72
106 119 54
131 104 27
119 170 200
179 110 61
129 143 228
163 124 229
108 163 131
78 104 141
169 142 103
144 165 93
155 159 182
108 142 225
98 125 231
77 120 74
78 124 204
178 104 184
180 107 157
162 112 28
178 119 121
77 120 99
118 170 63
93 104 51
140 121 24
152 104 155
90 149 75
165 149 211
82 121 47
102 104 160
166 147 68
76 107 181
176 127 193
132 172 168
162 104 90
88 146 145
96 104 200
163 141 47
136 104 124
133 104 97
151 106 247
98 145 47
89 104 71
175 110 223
131 172 103
141 104 61
166 147 173
100 114 24
161 153 123
173 121 45
95 153 212
136 170 58
117 104 253
143 152 45
140 167 144
121 104 58
116 168 94
128 104 206
126 104 10
178 123 72
166 148 139
117 104 140
106 114 243
165 104 54
127 117 245
102 160 115
167 104 120
141 124 42
115 138 35
133 169 212
139 155 219
93 104 218
117 104 83
176 127 108
113 153 46
158 156 103
132 104 43
101 104 86
173 137 77
89 104 125
111 165 186
77 118 128
108 163 73
146 104 87
158 156 198
76 104 101
175 131 158
111 104 195
135 104 238
77 117 152
166 104 148
97 131 54
91 150 90
168 104 195
113 166 156
151 104 230
141 136 231
117 122 44
141 139 39
84 138 130
130 147 54
103 160 166
108 163 210
115 108 26
80 107 45
113 104 177
77 119 171
77 104 215
84 105 231
139 104 188
105 104 228
158 104 184
88 104 155
88 117 36
143 104 209
76 105 73
77 117 192
120 171 133
86 104 172
88 146 161
143 166 175
125 104 111
120 104 222
166 104 103
105 162 101
99 158 184
87 104 188
131 128 238
179 117 184
164 137 220
98 104 37
77 118 113
179 115 98
78 123 60
157 157 72
109 105 54
103 104 125
123 172 180
180 108 171
90 149 61
144 165 130
138 104 155
115 104 153
111 104 112
177 119 213
85 140 175
130 132 54
146 164 191
141 110 33
139 104 109
84 138 102
147 104 74
162 104 41
172 138 179
149 104 141
170 104 211
123 104 71
130 172 69
97 156 138
158 132 54
159 155 162
132 172 199
180 104 125
176 128 129
151 107 54
136 170 156
169 142 88
141 112 47
153 121 27
164 123 36
77 115 85
86 142 117
105 104 249
86 134 49
114 164 52
106 152 218
148 104 117
166 104 132
159 115 237
171 140 146
82 134 73
155 159 150
154 153 215
170 104 76
83 138 205
127 172 116
139 163 48
89 115 54
143 126 54
166 148 113
152 144 42
142 131 30
154 104 26
179 115 148
90 114 232
120 117 54
179 118 166
176 104 98
146 164 61
83 128 217
153 133 229
108 147 54
122 171 162
179 114 132
84 104 110
172 137 199
179 118 201
134 171 92
132 172 138
155 159 93
99 104 19
139 114 246
76 113 209
138 104 11
118 137 231
117 148 224
83 136 148
90 149 186
141 167 104
94 104 96
80 130 194
151 147 54
151 104 167
103 138 39
171 140 166
119 170 75
128 104 178
98 157 73
170 113 37
117 128 54
168 104 159
89 104 138
178 121 60
79 126 83
107 131 232
121 154 54
126 104 245
169 142 56
77 115 140
123 104 35
127 104 154
117 169 211
76 105 129
125 172 55
115 168 124
154 160 126
96 154 159
169 127 221
150 162 81
97 144 219
165 149 96
103 123 28
176 104 53
113 165 140
171 104 32
140 168 83
148 114 21
90 148 205
178 120 83
105 104 102
140 104 134
96 134 225
116 113 36
169 131 46
129 153 221
138 169 117
125 104 90
160 104 206
129 104 133
171 104 63
81 130 172
179 114 112
80 129 105
116 112 16
93 152 116
110 164 199
138 146 225
113 165 84
85 141 80
112 104 166
104 104 28
177 113 49
88 104 60
157 104 61
143 104 25
94 153 195
174 134 98
171 139 135
80 128 128
105 104 238
129 104 229
99 104 60
107 129 54
145 104 239
77 104 151
133 104 197
155 159 170
167 113 231
155 104 81
133 104 68
108 104 79
89 104 209
163 150 53
146 156 54
162 152 183
121 104 19
95 104 232
180 107 193
117 115 246
141 167 200
99 157 128
149 162 102
77 104 190
173 136 114
94 137 43
89 144 52
135 104 166
98 156 98
90 126 225
102 154 50
168 104 181
130 104 53
109 118 23
89 104 41
122 172 190
78 123 159
163 104 226
176 128 183
158 156 115
170 141 207
117 105 48
180 107 74
179 107 214
143 104 97
109 131 32
84 138 187
145 165 152
174 133 68
111 145 41
76 113 67
88 126 41
109 164 63
112 104 131
94 104 167
78 114 52
109 104 90
161 154 133
124 104 101
151 104 178
175 104 148
94 104 79
105 104 188
89 147 135
146 104 220
100 111 54
153 124 235
80 129 96
176 128 119
160 134 41
102 104 47
172 104 230
160 154 143
176 128 203
171 125 54
76 104 172
86 142 70
161 153 61
167 146 77
140 167 165
119 104 209
166 116 54
177 123 153
97 104 152
130 161 216
76 104 89
158 104 98
125 172 93
141 163 214
122 171 102
166 147 201
91 110 29
94 152 148
83 104 52
94 153 82
133 172 178
98 115 238
176 128 80
135 104 88
158 104 111
100 104 211
128 104 216
96 104 190
123 104 198
139 104 51
158 104 239
156 104 35
174 104 165
141 111 16
87 143 94
79 125 151
142 107 250
104 161 174
80 128 53
162 104 24
115 104 244
106 110 19
158 104 143
140 104 39
105 161 141
157 104 48
127 136 233
172 118 223
89 124 54
130 104 18
79 120 215
141 121 33
137 170 74
156 158 208
124 172 171
154 160 191
116 134 43
151 139 54
151 104 206
106 104 152
179 117 175
148 104 188
128 173 155
143 104 197
146 150 220
171 139 188
93 151 53
77 116 183
124 172 125
87 143 153
147 163 182
179 114 69
127 172 207
170 104 85
109 164 120
170 104 110
116 128 35
158 104 162
141 148 52
138 104 230
102 104 220
153 160 64
106 162 54
96 121 32
106 124 236
135 121 242
80 105 223
119 170 83
178 122 136
168 145 127
76 113 121
85 140 166
90 104 105
112 104 204
124 140 54
114 104 228
121 104 173
105 104 201
146 104 160
114 166 102
135 158 54
141 131 46
146 164 140
166 148 147
91 146 213
76 111 105
174 134 85
174 133 167
76 113 77
76 110 94
166 147 164
104 161 190
128 104 119
179 112 86
166 134 54
99 139 54
117 113 46
174 133 139
79 127 69
106 162 156
109 164 109
126 110 250
116 168 179
140 167 66
82 115 42
78 122 121
156 104 18
122 123 241
135 124 54
123 104 147
81 104 64
85 141 138
178 122 102
143 165 121
141 129 236
151 124 54
86 104 163
109 104 142
97 122 54
89 104 196
170 141 68
77 115 160
159 111 54
131 166 54
141 120 49
148 136 36
155 111 23
160 147 216
150 162 198
95 104 25
98 156 172
117 104 11
178 122 113
114 121 241
87 143 125
88 104 180
131 104 35
179 115 157
84 104 96
89 104 117
159 104 119
150 115 54
179 109 144
174 104 130
97 104 70
103 160 79
88 104 147
123 104 27
140 113 24
180 104 117
174 104 176
96 154 65
93 152 166
161 153 170
171 140 158
88 145 105
171 104 188
168 104 47
104 104 133
133 140 54
96 104 121
170 104 93
161 104 198
111 104 61
124 124 54
146 104 48
166 104 218
104 104 115
163 130 224
85 110 36
147 116 242
83 104 130
110 164 163
117 146 52
103 158 213
151 154 49
135 171 148
76 111 167
180 105 91
119 161 47
87 119 227
117 169 148
144 146 41
111 104 21
159 140 54
104 149 45
165 149 104
175 104 199
147 104 127
168 104 140
179 111 179
149 104 213
177 125 163
146 158 215
102 160 107
178 104 65
77 120 135
130 172 190
162 152 153
117 104 183
124 110 54
125 104 235
110 104 32
142 104 81
162 104 155
151 104 65
163 104 65
133 104 184
179 111 163
178 120 193
141 114 39
126 104 253
146 125 28
82 135 180
167 141 214
158 137 224
126 172 63
145 142 226
159 118 30
123 172 109
156 148 48
179 110 121
94 153 203
167 146 180
142 166 54
101 159 67
176 127 66
154 112 242
79 104 83
144 104 33
102 160 134
100 147 54
100 158 205
89 105 236
133 104 211
118 104 113
104 104 174
92 136 54
110 104 220
85 104 202
126 104 80
163 124 54
140 104 180
134 104 60
138 104 117
114 166 69
159 104 232
138 104 203
113 104 73
154 104 223
144 104 147
84 104 216
141 129 37
139 114 54
97 156 88
127 172 132
167 146 120
124 104 48
81 133 80
113 109 248
77 115 201
110 158 216
141 140 46
178 120 53
151 161 120
173 136 129
174 133 148
82 133 212
164 104 34
87 143 182
79 110 219
109 140 54
87 104 79
164 104 189
84 139 110
77 104 111
118 104 190
155 104 90
157 157 80
135 140 230
119 170 54
163 152 196
140 168 135
89 146 84
179 112 208
92 151 140
149 162 174
141 104 68
93 104 86
76 110 195
179 112 104
128 157 54
92 104 225
103 104 94
167 126 42
121 104 129
120 104 41
116 104 216
82 104 121
139 104 215
152 104 148
175 104 218
116 117 25
171 140 95
133 110 249
154 160 161
105 162 94
132 172 110
127 167 212
110 158 50
78 123 193
88 145 170
150 162 54
149 129 233
165 116 33
85 112 229
176 128 98
101 139 224
134 133 234
174 135 107
116 168 191
122 153 221
82 135 136
82 135 198
141 167 208
174 135 206
89 131 221
137 170 99
104 146 221
153 160 110
155 104 191
149 162 89
115 104 106
160 154 94
137 104 21
121 133 54
122 144 227
109 104 182
162 152 79
178 119 92
116 120 37
179 111 79
78 122 105
96 154 110
90 148 112
169 135 216
141 167 181
117 104 63
178 121 129
161 104 177
77 106 52
124 104 137
95 104 44
92 104 35
92 104 132
144 104 232
111 112 54
77 114 175
140 167 193
151 161 74
147 136 229
97 156 121
151 162 145
173 133 52
102 128 33
174 115 43
94 104 143
80 104 209
147 104 110
138 104 102
131 104 159
170 141 173
122 172 140
103 109 245
134 171 83
131 148 225
93 110 237
77 115 60
114 166 78
81 104 167
139 169 128
116 130 29
110 137 229
122 132 235
175 104 207
82 119 54
81 131 153
104 161 124
154 136 39
159 155 188
117 140 44
83 137 120
110 164 180
151 161 155
157 127 231
79 127 210
111 165 147
178 123 207
77 120 81
87 143 63
86 141 212
119 170 117
117 147 43
91 150 98
168 120 39
89 147 120
84 122 221
110 104 46
116 132 49
159 104 136
152 104 123
102 104 167
82 104 182
174 104 155
120 160 54
129 104 172
144 109 54
135 104 149
96 104 159
86 141 87
115 168 205
89 147 68
170 141 81
101 159 159
89 107 54
78 124 167
85 140 56
116 105 33
95 153 132
123 172 69
157 124 32
110 124 27
116 163 214
79 125 175
177 113 217
77 121 187
80 130 63
116 168 164
98 157 190
76 112 128
163 110 237
98 156 144
132 172 119
161 153 69
170 104 224
102 105 53
83 104 104
92 120 230
149 104 94
121 104 157
141 167 158
169 143 114
99 104 225
136 104 30
150 104 135
130 104 127
174 104 124
132 104 113
170 104 69
166 104 126
93 104 173
155 104 41
95 104 206
125 172 196
139 104 243
97 104 135
164 104 97
163 104 212
79 126 112
172 138 61
135 104 177
105 104 41
166 147 60
134 104 191
80 129 201
83 138 95
95 153 182
170 104 40
112 104 123
161 153 177
159 104 125
83 104 71
111 104 189
108 153 54
80 129 90
153 104 71
157 141 43
159 141 220
157 157 87
174 110 54
160 153 212
174 125 217
76 109 188
162 119 233
82 133 143
84 128 47
179 117 75
89 132 44
113 166 59
143 166 111
145 111 246
165 148 132
109 137 36
179 113 192
165 149 83
95 116 28
99 141 43
116 109 41
146 119 24
131 110 54
119 170 156
107 162 204
136 171 204
93 141 47
97 155 104
99 104 245
174 133 191
82 105 38
107 163 169
134 151 54
79 104 135
104 104 63
146 120 54
110 104 157
143 104 121
137 104 73
120 104 95
168 144 143
174 132 124
168 140 51
179 111 199
83 104 193
102 104 148
147 104 201
174 104 136
114 104 56
115 167 134
178 121 146
115 117 32
177 123 181
105 162 148
149 104 21
126 172 186
112 133 54
116 121 51
149 162 95
145 164 78
91 122 36
131 172 55
87 143 201
82 134 108
134 171 132
76 109 150
167 121 226
157 104 169
