-73 -27 70
100 -30 -72
7 64 -11
75 -32 71
-100 -30 -72
0 -33 -50
-76 27 -5
81 18 0
4 14 58
33 -33 13
-40 -33 7
43 21 -56
-31 27 -53
-103 -33 -6
-34 53 31
45 51 33
100 -33 20
55 -33 -39
-78 25 51
-19 -33 70
80 19 55
-47 -20 -70
-83 18 -58
28 -32 71
97 -18 -25
51 49 -16
-40 57 -19
-98 -13 34
-66 -33 -31
-40 5 61
84 9 -61
7 39 -46
-3 -33 31
34 -17 -69
-4 -33 -10
6 55 29
1 4 -63
44 8 60
-93 -1 -25
64 -33 34
66 -33 -3
-47 -33 43
73 27 -33
-64 40 -38
96 -15 49
-33 -33 -38
-74 -33 13
66 -26 -71
26 -33 -23
-100 -33 -39
-65 39 25
-91 -1 64
-23 30 50
-103 -33 62
-91 3 6
-16 64 8
72 29 27
92 -2 22
26 33 48
27 61 10
5 -14 67
-18 -18 -69
35 45 -41
-75 -8 -67
26 -33 41
-20 48 -38
82 -33 -48
-51 32 48
-49 52 7
-54 13 -60
-46 -23 69
54 30 50
68 -4 65
-78 -33 40
56 -1 -65
-78 -33 -56
57 44 10
-82 19 25
-97 -10 -52
-81 21 -31
88 6 -28
101 -32 70
-64 -2 64
97 -16 0
50 -33 57
28 -33 -50
95 -12 -54
-28 4 -63
8 -19 -69
30 60 -22
-98 -33 18
-18 -5 65
-45 -33 -16
-24 -33 47
19 19 -58
66 24 -55
58 43 -42
2 35 47
-18 -33 13
-61 43 -14
3 -33 53
-16 63 -16
10 -33 8
68 34 -9
79 -33 -22
-53 -33 -51
26 -6 65
0 55 -31
-11 -33 -31
-43 46 -40
83 -33 49
-70 -33 -9
78 -33 17
46 -14 67
5 64 10
-10 25 -54
89 0 63
46 -33 -16
-56 -33 24
-90 6 40
-14 45 39
-101 -33 41
89 3 42
101 -32 -40
-26 -33 -9
35 3 -63
-34 -33 -60
50 -33 -61
53 -33 15
-65 -31 -72
-98 -13 -10
79 -10 -68
90 1 -9
-57 16 58
101 -32 40
-33 -33 29
25 13 58
101 -33 -12
24 49 36
-85 -33 -25
22 -32 -72
-65 27 -53
-6 -33 -70
42 54 0
-86 12 -10
-89 6 -42
-19 13 58
-61 -33 57
86 -33 0
25 -33 -4
83 15 23
62 13 59
-98 -14 11
61 41 36
46 -33 38
18 50 -36
-67 38 7
-13 57 25
-34 59 14
-18 -33 -49
81 19 -18
-98 -14 52
7 -33 -31
82 15 -45
-77 9 60
-31 61 -4
-51 50 27
-46 -2 -65
10 -31 70
18 -33 24
-102 -25 -23
-87 -33 -1
62 -20 68
95 -16 67
18 -1 -65
-35 40 44
-93 -19 68
-66 38 45
-93 0 23
-48 30 -51
71 30 7
-89 2 -64
39 24 53
71 30 45
97 -17 28
83 -27 -71
29 32 -50
68 -33 56
-30 -19 68
65 -33 -52
-83 -30 -72
-83 -33 56
44 -33 0
23 63 -7
-36 21 55
97 -33 -56
62 -33 -21
11 -33 -15
-49 -33 -32
-96 -33 -55
41 39 44
-78 -11 66
-72 32 -22
-69 6 -62
-39 -33 58
-56 -33 0
46 52 -32
52 -19 -69
42 55 17
41 -33 -32
91 0 -45
-84 17 8
-10 -19 68
-3 0 63
80 -33 33
-33 -10 -68
-55 48 -28
20 -33 56
-91 -13 -68
14 -33 -58
-74 29 34
65 38 -25
69 10 -61
80 19 38
-15 -3 -66
90 1 6
-15 37 -47
14 25 53
43 -29 70
-99 -16 -35
101 -30 4
46 36 -48
93 -16 -69
13 2 62
-15 11 -61
-62 -15 -69
-29 -33 -23
5 22 -56
-9 23 54
-24 -32 -72
-28 56 -28
-63 -33 38
18 59 22
100 -33 54
-82 -33 25
-9 -33 45
34 -33 27
-2 -33 16
39 -32 -72
80 -16 67
-18 -33 29
-77 26 -45
-47 -7 66
-61 -19 68
-4 -33 66
-37 15 -59
73 -33 -37
19 -19 68
35 -33 58
13 42 41
-88 -33 69
-66 -33 -47
16 60 -22
9 -33 38
-84 -33 -43
96 -15 14
-54 44 40
-7 65 -5
55 13 -60
96 -15 -39
98 -33 -27
52 48 23
43 -33 -46
65 -12 -68
-75 28 17
-4 -13 -68
90 -2 -65
-16 -33 -18
-28 38 -46
-15 56 -28
-52 -33 -66
-93 1 -10
55 1 63
56 -32 71
-57 46 -2
-45 54 -5
59 43 -7
-56 -32 71
96 -13 -13
32 -19 68
33 57 26
67 35 -48
-63 27 51
89 -33 61
14 -33 -42
-80 22 -16
35 57 -10
-6 45 -41
-101 -24 29
77 -33 -61
-82 20 40
-39 -31 -72
79 20 -57
63 40 22
-37 -32 71
-15 -33 -2
-57 -33 -20
-63 -33 -59
-103 -29 7
-88 9 52
-34 -7 66
74 7 61
34 -33 -13
94 -7 38
-87 12 -25
39 -3 64
87 -33 -32
-30 -33 16
-16 -33 -61
21 -15 -69
-26 -33 59
65 -33 13
7 -32 -72
14 30 -51
44 -5 -66
-73 31 -34
26 -33 -36
30 14 -59
-6 62 17
32 -33 -63
55 45 -29
24 41 -44
17 64 5
-101 -22 -57
-25 58 23
55 29 -52
-69 18 57
86 -33 -12
56 -33 44
-73 -33 -21
-43 -33 -45
-71 -33 50
94 -7 -30
-95 -4 -39
-89 -33 35
-51 50 -15
-52 -33 13
90 -33 12
-91 -33 -12
-45 -33 -4
33 53 -33
-94 -3 48
85 11 12
51 20 55
6 -7 -67
-68 37 -6
-88 10 20
54 -33 -7
-3 -33 -22
2 45 39
-29 -21 -70
87 6 31
75 25 -45
-2 62 -19
-43 55 -30
11 10 -61
-61 -2 -65
-19 64 -4
71 -33 44
-96 -33 53
74 0 -65
38 -33 47
86 9 53
-97 -11 -22
-76 -20 -70
-25 47 37
-27 62 -16
-56 47 17
-43 -33 23
6 -33 -4
-26 17 -58
52 -33 -27
52 -33 27
-3 35 -49
82 17 -30
93 -4 53
-28 2 62
-35 -33 40
-63 41 -25
56 -33 4
-30 -33 -49
86 9 -15
-43 55 18
-98 -12 22
-101 -22 44
-100 -21 -2
-54 45 -41
-22 39 44
91 -33 34
57 -10 66
-58 35 -49
7 -33 24
-22 -33 -32
3 25 53
-70 -33 29
74 -33 6
51 43 40
67 22 55
71 30 -21
-44 47 37
52 48 1
-93 1 -54
-9 9 60
45 8 -62
53 -32 -72
88 -25 69
46 45 -40
54 -33 -51
-16 -33 54
-42 37 -47
93 -4 -19
99 -23 -51
-46 17 57
-84 16 -42
35 47 37
-34 30 50
-39 57 4
63 37 46
67 35 -37
-7 52 33
-101 -24 -46
-31 46 -40
99 -23 60
-8 -9 66
77 24 -7
-97 -10 0
-65 8 60
-10 32 48
90 -33 -65
-83 -23 69
-94 -2 34
-71 16 -59
-74 -33 -66
7 65 0
-49 -33 61
3 -33 -61
-21 30 -51
-70 35 -48
35 15 58
-101 -23 16
72 -33 -12
-75 -33 -37
-24 -33 4
-4 65 6
80 20 12
101 -29 30
-76 -1 63
99 -23 -63
63 39 2
-26 62 6
89 2 -55
-45 8 -62
8 48 -38
43 -33 17
-55 -33 -41
-88 -33 -61
-49 -33 32
86 -33 24
-56 22 -56
-103 -31 -61
16 -33 45
-46 20 -57
-87 12 32
1 -24 69
61 -33 -65
86 8 -39
-101 -23 -12
-96 -6 -63
28 -4 -66
60 42 -17
42 55 -23
-25 -33 36
94 -8 5
16 -7 65
19 -33 66
68 34 36
29 3 62
-79 3 -64
99 -25 13
-8 -23 -70
-97 -10 65
-26 21 55
-64 -33 13
0 -33 -40
86 9 -4
99 -23 -14
-76 27 5
29 24 53
-87 -33 16
89 -33 -22
92 -33 44
-88 -33 47
79 -33 58
95 -33 -4
-7 -33 7
-44 -33 -56
-74 -33 60
41 -33 -57
68 34 17
-63 41 35
-100 -20 -69
-87 12 -51
-102 -26 69
-56 3 62
99 -23 45
-56 -25 -71
52 -23 69
-43 -11 -68
-87 12 0
-95 -5 13
43 -23 -70
29 -26 -71
15 13 59
78 -3 64
-3 17 -59
34 58 3
-36 -1 -65
-31 11 59
39 29 -52
65 -33 -31
-91 -33 -33
25 -33 7
-37 -33 -11
-24 -7 -67
92 -33 -43
24 8 -62
-53 -11 -68
-102 -25 54
27 41 43
74 -19 -69
-94 -33 -22
-39 -16 67
68 -33 25
17 -33 -32
0 -33 42
-6 -33 -58
34 -33 -42
-19 53 32
-91 -24 -70
-103 -33 -18
-103 -33 -29
-97 -33 29
-90 6 -19
74 -32 -72
-18 62 17
-3 -4 -66
-46 39 44
-19 -23 69
9 -33 61
6 -4 65
15 43 -42
-72 32 48
85 10 -52
83 15 46
45 53 -9
10 56 -28
35 -33 4
65 -33 65
-11 -33 36
-25 -33 -58
-37 -33 49
-43 -33 -25
-82 19 -5
68 -14 67
53 47 32
-103 -33 -49
75 26 35
-21 -13 67
99 -23 -41
1 59 22
-58 45 7
-83 16 57
16 64 -13
-74 23 -55
-52 25 53
16 -33 -3
73 -33 -47
17 -33 15
23 -33 -61
-57 -33 -9
-65 -33 65
-69 -33 0
-36 -33 -2
-13 -33 21
-82 -33 -11
-56 -33 44
23 -33 32
-69 -10 66
50 49 12
-28 -33 69
-90 6 -33
17 53 32
34 32 49
83 -18 -69
-9 52 -34
17 33 48
62 -33 -12
-87 -11 66
-18 -33 -40
42 55 26
65 0 -65
99 -23 35
24 55 -31
13 63 16
-35 59 -12
82 17 -9
79 21 -37
7 61 -21
86 -9 66
-54 -12 67
-67 -21 -70
48 -4 65
-6 42 41
4 5 61
55 37 -47
36 37 -47
14 -26 -71
97 -24 69
-21 60 -22
17 -33 -22
19 -33 -51
27 -33 22
99 -24 -6
88 -33 -55
60 -33 21
-14 -32 -72
-84 10 -61
-83 -5 -66
36 -8 -67
51 12 59
-44 54 30
-19 5 61
91 0 -34
-85 7 61
-68 37 -15
-69 35 18
-36 47 37
34 23 -55
-97 -10 42
96 -16 40
-63 41 14
-7 58 -25
30 -33 50
-8 -33 -47
35 -33 39
-94 -33 3
65 -33 -40
-4 -33 57
23 -33 -43
28 60 19
28 60 -14
24 55 28
54 21 -56
-49 52 -23
-104 -32 50
-96 -7 -31
94 -8 -45
95 -10 -4
-26 63 15
-100 -21 62
101 -32 -63
-98 -14 -43
61 -19 -69
-36 51 -35
-43 29 50
85 11 38
71 14 58
63 3 62
-98 -15 -61
-102 -25 -32
89 3 16
-59 44 27
0 -25 -71
77 23 -25
-91 -33 -69
-80 23 13
43 -13 -68
94 -9 27
39 14 -59
-94 -3 -17
64 39 12
-77 26 42
-52 39 -46
82 4 62
40 55 8
-71 33 0
75 25 51
-79 23 32
64 30 50
-86 14 -33
-17 21 55
94 -7 15
79 21 21
21 35 -49
5 29 -52
-39 25 -54
59 23 54
21 21 55
-48 1 63
80 19 29
101 -30 -49
-64 -33 22
36 -33 -5
54 -33 -19
24 -33 -15
-45 -33 51
-65 -33 -18
98 -33 62
-58 -33 -29
-39 -23 -70
75 -23 69
-6 17 57
63 17 -58
-86 13 41
10 50 35
48 -33 -34
-36 -33 -30
84 -33 40
2 -33 -14
-81 -33 8
48 -33 8
-1 -33 0
37 -12 67
-63 17 -58
3 12 -60
9 3 -64
-45 -33 69
-80 -32 71
12 23 -55
-53 2 -64
47 27 -53
92 -2 0
74 27 -53
-17 18 -58
27 -24 69
26 49 -37
-83 19 48
-13 39 44
53 -8 -67
92 -2 31
-98 -33 70
-95 -5 58
8 -33 16
94 -9 64
-25 -33 22
-37 -33 -20
32 -33 -30
44 -33 62
-72 32 11
99 -23 23
11 -33 52
11 -33 -50
90 -33 53
-12 -33 65
41 -33 9
57 -33 58
48 -33 49
-64 -33 45
-44 -33 15
-70 -33 -55
-83 -33 -36
56 -33 35
72 -33 32
-91 4 16
-101 -23 36
-93 -33 63
99 -24 -30
82 -3 -66
26 23 -56
-47 -28 -71
-99 -17 -28
47 15 -59
-61 7 -62
-69 36 36
-21 54 -32
-48 50 -36
34 -33 -21
59 7 -62
-88 10 12
-12 -33 -10
-100 -21 6
74 -33 -2
46 -33 -7
-95 -4 -47
83 -32 71
-89 -33 8
-92 -33 -43
92 -3 45
-12 -12 -68
73 28 -1
-30 -33 8
95 -11 -63
3 -33 67
89 3 -17
67 35 28
-103 -33 33
-83 19 -23
-84 -20 -70
93 -5 -57
30 60 -3
-24 43 -42
-12 -1 63
-83 -2 64
48 35 47
98 -22 52
-34 33 -49
-63 -27 70
-34 59 22
-69 -5 -66
72 17 -59
-20 -25 -71
-22 9 -61
37 -33 67
95 -11 -21
-18 3 -63
72 29 -13
87 -9 -67
101 -32 12
8 58 23
37 4 62
0 65 -7
-51 50 -4
-40 14 58
42 17 57
16 -8 -67
-99 -16 -16
-96 -7 29
-94 -2 -3
91 -1 -26
37 53 31
53 47 -37
42 -33 -65
17 -33 5
-81 -33 33
-63 -33 -38
-42 -33 36
68 -33 -61
-25 -33 -43
77 -33 -54
71 30 -43
85 10 4
-10 -33 14
36 57 -18
-90 -33 25
41 -33 31
42 -33 54
83 -33 -39
52 48 -8
-60 -33 31
-26 53 31
44 45 39
20 27 -53
12 64 -6
-2 25 -54
44 29 50
34 58 13
-84 16 16
23 62 2
-90 6 -3
6 40 43
-30 35 47
8 -23 69
99 -23 5
-59 39 45
96 -15 -47
-70 -13 -68
-74 30 -12
-13 46 -40
-35 58 -25
76 24 5
-76 9 -61
-6 10 -61
-71 33 29
-69 36 -28
-91 3 30
2 45 -41
-25 24 -55
-77 -19 68
-50 51 16
-40 -33 -65
60 42 -35
-70 26 52
-6 56 27
-28 -11 66
93 -28 -71
21 -1 63
53 -16 67
-77 20 56
-102 -27 22
73 28 18
43 54 -16
57 44 2
-59 44 -34
78 7 -62
-81 -33 63
95 -33 -15
101 -32 -20
-58 45 -22
50 -33 68
83 13 58
-76 -33 21
-79 -33 -30
61 -33 50
37 -33 -50
42 -33 -22
96 -33 25
73 -33 62
50 2 -64
19 -33 -10
84 12 -21
-78 -33 -5
-96 -33 -6
-16 -33 -25
-61 -33 6
6 -33 -46
-74 -33 5
-57 -33 -70
-93 -33 41
73 -33 -27
2 -33 11
-44 -33 -37
58 43 17
99 -25 -21
96 -14 -31
-77 26 -21
-62 42 -6
-45 54 -14
42 41 -44
60 -29 -71
-63 20 55
-31 -28 -71
89 3 50
-25 -4 65
-61 43 21
10 20 56
86 9 19
47 52 7
-53 -25 69
69 -29 70
-56 -6 65
48 -27 -71
57 44 27
62 -6 -67
-58 -33 17
59 -33 -58
-2 -33 49
-9 -33 -38
9 -33 -22
-84 -33 -54
93 -33 -34
-55 -33 -58
27 -33 58
63 -33 6
-22 -33 -15
-81 -33 49
59 -33 -29
-10 -33 29
70 -33 -19
19 63 12
-49 -33 -23
-27 -25 69
39 55 -29
-82 20 -51
23 -14 67
57 39 44
-91 3 54
65 37 -16
21 28 51
21 62 -18
-12 -26 69
59 42 -24
-14 64 2
-75 -28 -71
-11 5 -63
97 -16 21
-10 64 12
-37 58 -5
17 6 -62
-91 4 47
-21 36 -48
-21 64 -12
-40 -1 64
-35 6 -62
-34 -33 65
-56 29 -52
-29 12 -60
18 48 37
-81 21 2
-54 10 60
-8 63 -15
-75 28 -29
95 -33 69
34 38 45
64 38 -4
47 51 20
-90 -26 69
-100 -19 24
36 -24 -70
88 4 0
83 14 -37
11 36 46
-45 10 60
99 -24 -70
-8 -33 -3
-98 -33 -13
-19 -33 -7
41 -33 -12
-101 -33 2
-2 -33 -29
8 -33 44
-52 -33 -15
-54 -33 56
-30 -33 48
71 -33 18
