148 108 103
72 219 197
181 176 193
124 55 191
121 54 35
105 141 33
97 141 167
135 219 152
98 54 118
83 132 98
164 128 46
155 54 138
122 184 198
154 142 156
157 57 79
106 97 65
121 94 149
89 195 153
157 220 197
76 171 197
120 139 124
164 186 153
98 54 72
128 116 185
171 140 89
144 88 51
152 147 198
111 221 186
126 172 153
116 54 153
129 74 106
134 117 26
108 106 108
180 216 168
114 148 198
85 129 60
160 135 121
136 85 182
159 111 73
148 54 169
139 117 135
100 80 90
153 189 198
82 168 166
147 54 50
95 198 198
126 54 85
83 220 169
132 99 78
157 57 108
83 142 194
172 159 171
74 194 178
124 143 155
185 212 197
105 218 151
128 54 126
104 114 42
115 81 44
141 141 38
155 83 88
94 111 86
137 84 130
95 126 121
132 210 198
138 121 161
161 211 151
120 198 152
150 221 173
133 72 155
101 141 141
126 106 50
158 140 68
117 121 146
179 192 173
140 138 179
100 170 198
122 54 61
104 54 95
168 121 103
175 151 194
101 174 153
140 142 136
149 168 153
140 167 198
92 142 80
116 88 120
149 111 47
111 61 174
125 138 22
115 134 178
118 111 165
103 74 61
142 196 152
127 111 118
135 73 39
152 72 64
136 54 103
94 220 197
100 59 139
128 221 173
164 141 179
119 97 186
128 101 100
161 166 198
119 70 136
105 55 49
100 141 56
112 102 86
98 141 108
136 54 146
173 126 75
75 199 197
173 196 198
153 127 30
146 103 122
112 121 26
137 104 150
95 113 65
121 75 189
128 54 170
78 157 183
108 156 154
112 118 128
98 121 102
125 86 165
113 207 198
159 142 103
81 127 79
145 61 123
70 213 180
142 104 63
74 205 162
88 214 151
116 61 114
130 91 40
134 102 175
140 54 72
121 165 198
102 221 170
172 221 184
100 141 189
152 91 73
132 146 198
92 128 42
161 111 90
146 72 102
130 101 132
149 120 117
114 89 103
173 176 166
91 156 158
138 153 154
140 89 103
136 69 175
152 141 52
163 157 157
146 103 87
151 60 153
138 135 153
139 56 185
173 201 161
87 184 198
102 84 75
165 221 164
143 221 188
138 56 37
122 117 38
80 186 166
114 131 160
131 70 125
84 144 176
117 136 140
105 192 152
159 204 198
167 121 61
98 142 125
112 72 103
137 195 198
74 179 183
126 125 129
111 108 56
121 221 159
142 133 123
119 68 160
111 54 129
101 98 96
98 65 85
183 201 186
93 221 182
91 155 198
120 100 69
157 61 93
141 135 24
119 85 136
155 54 64
164 126 88
119 54 98
135 90 144
109 192 198
119 135 35
155 141 137
146 69 49
112 94 50
153 95 100
179 170 180
149 183 153
170 213 199
115 67 40
115 54 74
134 97 117
136 115 41
120 220 198
128 132 184
120 107 143
94 141 94
165 141 193
132 54 50
133 73 140
129 186 153
138 124 175
120 84 178
124 157 154
114 181 153
150 220 152
100 122 53
133 98 189
92 127 90
138 82 116
155 73 78
106 60 161
103 108 76
87 125 110
99 61 106
156 199 152
108 132 122
140 127 35
156 112 59
101 114 117
155 140 38
104 142 154
85 209 198
158 127 110
165 171 156
90 181 154
150 124 43
144 138 166
104 133 45
93 124 72
175 164 197
151 175 198
122 54 138
152 141 185
138 61 163
135 61 114
118 101 117
182 186 185
165 138 55
158 113 109
134 73 188
73 186 196
130 221 189
127 103 158
117 122 172
164 146 164
125 211 151
108 206 152
87 141 65
185 213 184
84 156 170
137 62 133
102 96 81
101 129 31
146 54 92
138 103 46
126 82 148
166 185 198
115 221 172
129 54 157
170 141 76
168 134 108
118 108 180
121 197 198
157 56 122
124 123 21
107 218 198
138 129 134
172 188 162
141 183 198
123 77 119
90 137 116
106 54 63
111 124 39
87 118 97
147 124 129
111 176 198
101 112 95
145 99 111
150 84 62
174 215 157
173 149 180
151 154 154
139 110 114
108 72 50
120 74 170
109 142 132
107 54 84
119 54 49
127 87 191
139 208 152
172 130 95
130 142 143
128 64 35
79 220 183
119 96 128
148 104 74
155 95 88
138 125 146
134 142 125
138 174 153
161 136 83
88 167 198
116 54 182
151 138 114
120 64 125
130 175 198
98 183 198
123 110 131
99 71 98
105 141 176
96 206 152
124 77 38
106 86 60
117 139 189
102 87 100
143 221 162
124 54 109
115 104 99
100 66 69
130 134 33
120 99 43
118 65 147
137 112 172
84 140 88
170 135 66
135 118 124
117 109 154
180 206 175
93 221 162
112 167 153
114 132 22
91 137 51
181 187 196
160 118 50
129 102 60
148 158 198
103 54 151
146 54 109
106 160 198
147 117 33
145 218 198
99 129 110
161 221 180
149 142 126
126 99 88
127 107 38
103 61 125
161 133 96
132 110 140
151 63 57
143 54 61
168 117 82
71 206 189
79 216 159
146 138 145
125 106 189
109 54 109
138 54 85
132 159 198
77 160 194
119 66 182
135 127 19
123 65 106
117 111 46
87 141 103
156 72 91
132 80 172
119 80 109
162 152 198
138 221 178
97 141 43
97 164 154
102 209 198
141 141 193
94 145 198
148 95 63
126 54 73
103 149 198
94 133 64
137 66 105
82 125 90
117 112 116
80 196 163
87 117 80
141 103 97
84 136 74
113 54 166
129 64 190
124 142 134
116 120 156
142 79 45
89 124 52
130 54 94
145 113 127
121 221 182
149 199 198
155 133 58
125 92 173
113 141 27
178 181 174
103 64 59
129 90 156
146 61 144
149 61 133
112 130 133
110 221 161
162 121 74
101 104 88
179 220 195
163 142 113
134 73 165
89 147 167
158 123 120
103 124 127
76 169 180
129 105 110
155 103 109
117 95 139
154 141 167
100 73 77
177 158 184
98 54 88
117 133 150
151 85 101
112 54 141
132 199 152
131 221 163
100 221 189
130 123 34
74 215 170
136 110 162
129 82 138
112 103 74
118 118 136
94 131 101
123 153 198
166 199 153
125 80 129
169 164 163
135 107 186
112 140 40
173 133 82
105 109 64
143 61 174
77 179 173
150 210 152
100 112 55
85 204 156
124 115 28
123 125 180
169 141 99
136 66 147
145 134 43
113 57 40
126 68 116
149 136 30
156 115 100
96 116 77
137 94 126
101 90 89
139 163 154
181 202 197
124 142 31
90 172 156
166 220 153
126 78 159
155 63 71
70 219 188
74 209 197
143 54 159
128 139 192
128 106 168
161 176 198
132 54 61
94 141 181
159 127 38
92 117 112
142 54 136
106 61 115
112 142 147
99 109 105
106 139 164
95 134 74
154 221 187
155 103 80
135 142 30
87 194 198
116 54 87
98 61 95
110 115 35
139 129 165
139 184 153
157 102 94
152 132 128
133 144 155
136 54 120
138 92 45
99 54 130
138 106 131
110 84 51
101 121 36
162 133 74
70 206 171
146 109 56
107 142 119
121 73 152
173 175 198
115 61 135
115 136 168
156 132 48
109 121 119
126 54 148
161 141 90
156 68 100
151 54 101
120 54 121
116 93 111
99 149 154
145 144 155
87 141 186
163 129 64
89 119 60
144 97 54
140 64 41
159 178 153
164 121 111
175 169 171
97 187 153
135 220 196
84 124 68
72 193 187
173 144 190
169 180 159
148 54 78
149 61 114
138 92 135
108 142 195
95 218 151
136 81 106
157 112 82
115 219 152
130 54 184
121 90 41
122 209 198
120 99 176
112 54 56
141 152 198
152 108 118
91 132 83
98 134 37
117 62 167
171 221 171
165 130 115
87 164 161
135 115 180
137 117 145
168 145 172
133 92 176
97 131 53
92 114 102
131 133 126
94 210 198
110 61 146
122 99 80
89 116 71
169 120 94
131 54 137
131 185 198
135 139 187
85 220 196
106 78 102
153 212 198
142 61 153
164 196 198
102 221 179
180 167 189
103 121 113
136 54 174
97 196 152
107 54 120
156 65 82
130 100 69
149 140 174
156 162 154
96 142 65
151 130 119
149 74 56
97 118 46
159 149 156
83 178 162
151 108 94
120 104 105
153 80 73
176 208 164
121 120 125
131 82 39
125 101 122
108 95 101
158 121 58
96 117 91
76 200 170
85 187 159
168 129 54
141 101 77
119 88 185
180 220 176
181 177 185
144 119 41
107 133 27
159 141 45
116 103 62
161 126 101
110 112 122
120 124 35
73 203 179
116 210 152
80 162 174
119 75 179
98 61 78
104 199 198
121 117 180
147 54 127
115 151 154
97 142 158
147 113 112
167 159 198
79 150 188
157 54 87
157 221 167
86 221 188
183 193 191
155 78 97
163 221 191
161 142 76
143 135 132
154 117 42
104 182 153
82 133 85
136 76 181
124 54 178
144 54 42
76 188 173
137 104 105
98 54 101
159 221 158
138 221 169
105 135 130
138 101 142
144 122 26
118 112 124
138 114 33
110 141 185
156 142 59
178 200 169
84 175 198
143 215 151
121 144 198
133 80 124
86 135 109
116 88 129
134 104 55
107 115 50
86 118 88
118 127 127
110 132 38
115 63 106
149 59 161
150 106 65
127 99 40
125 75 140
137 61 125
138 54 111
121 188 153
122 71 128
142 117 120
139 142 148
178 159 192
154 120 110
131 74 132
137 102 122
117 119 164
154 89 94
100 83 83
114 102 49
152 54 56
171 127 65
154 141 192
118 101 91
117 102 150
181 197 179
105 114 108
156 56 130
103 94 72
81 150 180
138 134 145
109 100 58
73 179 191
96 142 117
168 153 166
140 209 198
158 139 128
134 83 189
112 61 121
150 61 106
169 210 154
174 183 198
165 127 78
110 54 101
116 157 198
112 197 152
130 199 198
155 191 152
131 78 113
165 116 67
143 54 178
131 62 121
108 107 96
107 62 106
127 219 152
94 121 84
106 61 134
167 204 198
148 54 70
136 54 166
111 168 198
104 142 47
131 163 154
123 133 128
120 142 147
113 117 43
138 126 127
122 106 172
131 54 41
184 219 189
143 142 30
134 138 22
118 113 33
138 121 153
142 110 43
118 67 175
144 96 103
173 126 85
159 133 104
139 95 109
147 142 43
153 92 81
161 118 87
116 61 156
96 121 64
138 90 116
76 164 186
99 73 87
105 68 102
144 141 185
144 54 146
114 144 155
117 221 190
95 164 198
94 189 198
132 54 80
160 141 188
130 152 154
126 191 198
113 80 103
133 56 191
149 221 192
93 148 160
131 97 154
108 109 116
156 54 72
153 140 148
125 96 190
166 142 65
157 54 96
137 132 182
102 136 112
123 131 19
154 142 120
146 141 119
157 126 52
123 101 134
134 100 94
169 146 198
99 131 126
153 119 50
161 120 96
79 221 191
118 173 198
122 54 160
112 199 198
103 177 198
92 141 174
151 54 149
135 54 129
135 66 186
149 54 86
123 165 154
146 160 154
105 122 30
84 201 198
90 220 156
110 65 45
94 117 55
115 97 103
118 82 124
85 123 102
104 102 72
147 139 159
123 88 144
155 115 117
152 98 70
130 122 179
93 221 170
151 119 124
104 89 67
115 127 167
84 132 67
102 221 158
80 149 195
98 139 132
117 60 186
97 119 119
169 127 108
154 54 114
163 115 103
152 61 125
88 137 58
116 126 178
175 194 165
96 138 100
145 189 153
170 171 162
89 128 116
120 133 183
178 212 198
104 123 47
76 220 175
104 54 77
175 183 167
163 210 198
115 214 198
93 141 87
106 54 166
114 111 39
130 117 38
147 61 48
176 162 177
131 209 152
151 102 115
76 179 197
103 80 66
84 139 96
96 126 59
159 135 41
158 117 64
108 92 56
73 185 186
141 71 43
101 73 68
148 142 136
135 107 41
154 83 81
139 54 94
136 97 183
149 182 198
91 177 198
110 54 176
111 142 139
132 168 198
153 168 198
142 202 198
109 221 177
146 191 198
101 54 112
124 111 43
137 63 171
78 201 158
151 54 157
83 159 198
184 207 191
85 142 82
114 61 180
81 190 198
109 54 155
129 76 147
139 54 55
100 60 65
132 178 153
154 154 198
135 190 153
117 82 117
121 221 168
122 54 91
137 54 155
119 54 80
119 119 25
99 158 198
168 141 185
116 173 153
147 80 54
129 78 191
122 70 37
140 134 38
123 68 190
129 64 110
69 212 195
100 111 81
117 141 35
145 177 153
141 77 103
180 187 178
139 127 158
126 107 137
114 101 111
129 83 155
72 220 181
90 141 192
157 108 104
125 80 170
113 142 125
133 90 189
97 157 154
115 117 121
140 107 52
171 220 197
140 61 109
122 181 153
81 215 198
161 118 80
149 142 34
171 135 73
98 54 80
146 125 122
158 184 198
155 134 110
168 221 178
116 54 108
168 170 198
148 54 120
114 189 153
131 54 112
116 142 133
162 221 173
101 141 182
157 197 198
110 54 69
144 54 99
103 201 152
134 108 48
118 60 37
117 126 151
140 137 172
124 97 154
128 220 197
138 122 168
127 116 123
169 120 71
176 218 163
136 66 154
94 135 90
107 79 55
155 109 67
122 112 185
118 54 129
156 206 152
131 142 134
93 142 111
116 192 198
101 115 102
116 89 45
174 204 198
111 183 198
100 218 198
141 159 198
89 118 105
157 106 88
180 195 197
136 221 187
163 141 172
180 220 183
149 54 134
140 174 198
159 141 161
102 118 123
93 221 188
118 115 144
146 127 39
141 142 125
165 132 86
74 172 186
119 92 180
147 91 57
139 136 160
91 114 92
169 194 157
101 111 70
122 107 161
129 80 165
184 213 177
115 134 123
102 57 59
101 114 62
106 105 81
116 125 22
