97 183 145
160 49 213
154 83 36
199 172 212
84 179 26
198 179 86
84 65 127
63 115 212
185 92 129
74 102 53
160 160 18
139 125 213
57 159 91
128 183 83
170 182 149
92 53 201
90 181 213
143 49 97
74 125 149
192 116 72
133 49 158
185 99 190
110 127 16
144 183 199
110 64 59
198 142 128
57 167 174
65 110 103
171 146 181
76 81 169
176 75 81
124 83 213
166 181 56
66 147 49
172 65 165
126 181 35
57 178 132
90 182 103
174 122 34
80 74 86
99 136 213
137 183 125
196 131 213
58 156 213
116 89 27
192 152 52
78 181 65
160 49 132
184 120 155
199 172 172
135 183 163
95 50 164
92 153 181
164 182 98
117 49 123
198 179 126
143 112 19
159 92 213
146 62 63
83 85 213
59 139 121
128 49 198
159 154 213
198 145 94
124 161 213
112 183 188
106 53 90
117 159 11
193 115 105
61 129 75
178 95 52
72 94 141
75 128 185
177 182 192
86 147 25
173 68 112
175 71 196
84 182 172
67 156 148
153 49 181
93 81 43
91 110 30
66 180 198
106 182 58
184 90 161
181 172 34
108 109 213
191 152 153
137 139 13
71 101 190
139 178 11
170 121 213
195 178 58
117 183 107
139 182 58
74 86 114
63 180 105
184 90 100
131 71 42
193 156 192
173 182 123
183 125 190
175 71 141
67 103 78
83 156 213
63 115 127
155 181 34
157 183 174
71 105 165
59 165 65
141 65 213
112 60 213
80 72 192
128 54 78
70 156 192
186 121 129
184 92 213
176 147 30
104 183 83
165 182 213
66 180 154
67 175 44
198 159 74
157 49 156
114 183 212
76 126 39
199 165 107
101 49 141
110 49 183
88 72 64
158 132 20
79 182 125
160 58 84
83 68 150
184 154 213
108 180 20
165 74 54
80 144 164
199 178 149
94 53 110
72 136 213
108 183 165
114 183 130
186 95 78
161 103 30
86 114 213
139 49 120
63 180 83
139 103 213
153 183 76
177 182 80
59 137 97
188 130 49
57 163 116
143 183 99
150 183 143
195 136 67
137 93 25
191 110 207
185 181 106
139 147 213
119 141 213
104 89 213
121 49 103
104 165 213
199 176 192
98 163 17
75 87 70
158 50 112
179 181 167
186 156 173
138 159 11
86 182 194
144 170 213
179 132 170
179 78 178
85 64 175
128 183 143
185 109 172
90 181 45
92 128 24
112 74 40
114 107 20
76 162 33
121 49 143
66 129 55
82 69 109
172 156 197
166 74 213
58 148 76
103 145 16
72 89 95
186 105 143
130 183 183
82 142 199
186 112 54
199 161 127
69 97 212
178 139 201
70 140 135
95 67 213
148 49 198
115 49 165
128 49 178
155 136 213
72 172 213
97 183 120
167 58 185
95 61 78
128 121 15
60 141 201
81 182 85
196 128 91
141 49 143
155 112 213
155 183 120
74 126 167
141 83 213
182 174 213
128 61 61
188 135 148
57 161 134
168 176 23
79 182 143
73 156 175
183 181 138
196 128 116
198 147 207
57 167 192
190 107 120
178 82 65
77 80 132
122 176 11
124 118 213
121 183 65
81 86 55
94 155 200
174 107 40
101 96 29
134 183 213
86 98 40
101 183 201
149 70 49
178 77 125
68 100 120
87 62 95
191 110 89
166 58 99
74 86 198
168 91 40
63 117 87
170 63 127
163 65 70
66 180 178
94 51 184
126 183 198
161 183 196
199 163 89
104 181 36
72 122 200
121 101 213
139 49 213
97 183 181
190 167 47
167 58 147
57 163 158
74 86 154
150 147 14
61 126 112
71 114 178
96 49 126
173 105 213
180 181 65
153 183 158
198 147 109
71 107 149
141 181 43
182 84 145
139 180 27
199 163 145
65 117 65
175 71 96
144 55 81
114 183 149
57 174 212
112 49 203
75 145 36
170 143 213
74 125 134
122 136 13
63 180 60
82 140 181
182 84 194
101 50 213
111 58 72
89 58 140
92 182 69
74 140 151
79 111 40
92 101 213
110 125 213
146 49 167
108 49 109
57 152 105
86 182 156
163 52 169
170 180 40
198 174 72
164 53 198
155 174 16
130 105 19
57 172 145
190 180 181
115 183 92
159 117 24
185 100 64
172 161 26
101 71 51
178 77 158
61 141 63
143 183 175
115 181 45
184 144 163
143 126 16
102 115 22
81 71 210
198 157 166
130 49 132
170 165 213
57 174 94
136 81 32
77 181 109
199 178 100
121 183 169
128 60 213
86 132 213
184 159 38
186 95 114
132 183 109
166 182 163
166 182 71
182 134 213
72 90 179
195 147 140
190 125 201
196 163 61
150 182 213
188 181 203
186 181 154
168 60 210
67 106 202
59 180 118
184 90 176
182 180 51
180 134 36
199 161 203
97 150 213
106 76 213
97 123 213
157 167 213
185 112 185
198 157 180
90 56 153
67 102 92
179 181 94
153 182 54
71 116 50
103 83 34
57 161 78
75 123 213
71 107 136
124 174 213
164 182 85
155 65 213
197 138 80
104 183 103
68 162 44
71 156 162
186 121 213
182 86 87
150 183 187
69 103 65
150 96 27
180 80 210
123 78 33
166 146 22
184 124 141
192 125 61
121 49 213
69 97 107
61 124 97
57 176 163
70 152 213
77 180 51
94 176 19
135 183 71
181 83 114
60 128 210
90 167 213
112 154 213
128 49 114
108 49 154
90 182 134
79 182 205
115 183 76
173 182 178
122 66 50
57 152 123
197 134 105
181 156 186
146 183 87
79 154 201
128 50 92
162 155 189
199 176 114
87 166 24
60 156 199
185 103 158
184 121 177
71 92 83
59 157 185
75 181 187
185 181 120
62 156 56
72 90 128
63 130 128
70 181 94
133 74 213
126 180 22
164 182 132
182 119 44
130 182 49
169 132 27
124 183 118
126 183 98
75 181 163
195 180 163
146 183 112
187 98 202
101 49 194
155 49 143
82 136 30
79 75 119
99 66 62
58 178 72
173 182 107
155 52 100
61 143 213
193 138 201
184 155 201
109 167 13
189 103 105
146 49 109
184 145 40
148 49 132
78 77 98
191 134 134
67 154 136
167 58 116
83 68 164
124 148 11
68 181 136
170 65 85
85 69 77
153 78 213
75 109 213
95 81 213
128 130 213
108 183 116
77 78 144
57 170 105
159 125 213
135 114 213
170 87 213
92 182 89
95 183 167
146 167 12
75 180 36
138 67 50
72 136 201
172 85 51
137 58 70
173 67 178
124 183 156
188 180 74
182 133 159
163 80 44
90 76 53
157 67 60
130 167 10
79 75 179
69 135 46
199 174 138
86 63 189
63 168 53
64 112 116
82 156 186
197 147 71
195 124 80
177 136 182
190 107 78
92 181 56
144 74 40
177 182 205
104 49 172
101 181 47
95 152 19
152 59 74
85 122 31
148 94 213
82 69 138
81 96 213
148 183 132
128 150 213
106 156 14
137 159 213
137 183 152
199 165 156
146 49 154
139 49 181
157 183 109
85 150 173
155 182 65
99 52 100
185 114 196
195 159 213
86 63 204
192 141 54
89 149 192
168 113 31
72 94 163
173 67 154
106 49 120
58 145 89
72 116 163
171 144 193
133 94 213
108 143 213
86 143 213
110 98 213
199 170 183
168 132 213
73 181 75
97 112 213
115 49 134
144 136 213
71 114 190
59 157 167
119 49 192
150 49 120
199 156 100
117 74 213
126 49 167
199 159 116
86 182 183
148 154 213
148 56 213
104 183 71
71 103 176
88 60 117
64 114 76
185 105 132
177 143 172
70 147 201
187 97 89
59 180 187
184 103 213
199 152 83
190 141 213
117 51 92
159 49 190
57 165 205
167 57 136
72 96 152
197 139 116
127 91 25
149 136 16
101 183 212
179 80 100
93 90 37
80 77 71
115 183 201
78 135 172
114 54 82
188 178 43
59 134 87
170 72 65
173 182 138
66 180 212
117 117 17
108 183 141
70 181 118
93 56 213
195 126 127
153 183 96
59 155 68
185 101 178
74 95 61
192 180 213
95 57 89
74 84 188
59 137 111
184 120 167
97 136 19
162 154 200
184 94 147
66 163 213
183 90 69
74 133 143
181 83 169
78 77 156
193 117 123
76 81 207
180 80 136
79 137 190
101 105 26
148 180 20
142 102 22
184 89 203
112 98 24
66 180 167
188 181 89
71 96 199
198 179 204
122 99 22
179 134 192
173 68 207
152 123 19
171 156 184
57 178 174
114 183 176
113 145 13
177 74 169
124 57 70
97 183 192
112 170 213
133 167 213
135 49 190
133 49 147
115 87 213
101 183 154
164 101 213
57 167 125
166 182 187
133 138 213
117 180 27
132 183 134
157 183 205
117 182 56
175 182 158
81 182 98
57 170 83
199 170 80
85 89 46
77 78 109
84 157 26
175 180 29
97 49 152
170 63 194
135 183 203
81 176 213
109 49 100
185 114 147
139 52 88
112 69 49
148 183 167
137 183 91
77 132 156
77 171 32
65 139 54
62 119 203
139 49 203
163 52 123
155 181 43
149 159 13
137 49 105
189 112 63
121 183 190
75 83 89
157 143 18
92 100 33
195 124 100
80 96 48
154 107 25
179 114 213
71 96 71
148 118 213
104 183 174
186 145 201
66 130 201
57 174 198
79 165 213
101 124 20
188 139 46
104 183 127
128 107 213
121 183 136
164 182 143
199 152 123
97 180 29
84 182 116
164 167 20
67 105 128
70 111 57
166 122 27
88 182 78
178 77 190
199 170 96
153 76 42
130 49 210
197 154 134
168 60 172
72 118 141
73 153 38
62 119 105
134 130 14
181 103 50
89 57 164
195 145 61
181 181 183
75 181 176
81 80 62
91 57 102
141 183 143
59 180 141
168 101 36
160 90 35
154 54 91
101 61 71
193 180 143
91 55 132
188 152 162
141 150 12
63 143 128
77 80 79
175 156 213
110 49 145
132 183 172
119 49 152
184 96 138
199 163 194
153 103 213
124 183 207
104 63 213
188 181 190
194 127 69
185 99 169
117 49 112
112 134 213
95 183 112
139 49 134
119 49 176
58 150 114
199 165 136
126 183 127
184 165 213
173 176 213
144 183 74
144 74 213
146 49 190
106 183 91
95 159 213
57 174 154
57 161 100
95 92 213
193 180 172
172 65 103
150 127 213
77 145 213
63 126 64
182 145 213
163 52 181
119 109 213
124 183 74
157 180 25
121 72 41
59 157 151
88 182 147
137 183 80
112 183 67
88 180 36
168 182 203
88 182 203
75 89 213
130 179 10
103 56 82
194 119 207
178 77 89
70 147 146
153 49 207
59 138 76
114 80 33
72 116 152
193 117 96
71 116 131
184 132 201
76 135 37
185 112 163
173 170 27
167 57 156
79 155 168
174 69 120
189 159 45
66 180 52
115 181 36
181 92 61
197 137 89
110 49 213
61 156 142
193 115 114
104 49 203
182 84 154
75 181 196
184 90 185
128 49 123
155 145 213
68 181 127
79 182 134
190 180 98
93 52 144
104 156 213
114 183 158
157 176 213
137 49 167
81 71 201
163 181 47
146 182 65
130 182 58
196 154 61
193 152 201
199 170 203
194 119 87
183 181 129
107 135 16
175 75 72
91 55 176
75 83 122
86 65 86
66 107 211
172 78 58
65 110 94
177 147 201
78 153 31
186 105 196
188 122 53
135 181 35
175 151 176
188 141 154
182 84 123
61 123 123
158 74 49
188 180 65
162 51 147
74 125 158
75 146 158
189 102 96
71 124 47
83 181 58
73 181 85
85 107 36
144 183 159
110 178 12
73 123 192
59 157 176
95 154 189
74 86 141
83 156 194
72 121 174
95 116 25
133 150 11
173 97 44
74 86 163
82 69 100
180 80 201
96 49 117
102 173 15
75 83 178
199 165 165
118 169 11
199 157 157
197 155 148
177 75 109
83 68 184
75 109 47
87 63 213
135 180 18
136 63 58
67 103 112
62 156 159
139 183 183
190 180 134
72 89 171
70 94 115
68 155 201
154 165 15
197 134 125
194 170 56
188 102 72
145 65 56
148 176 13
188 100 125
173 139 29
71 134 130
169 67 75
180 125 39
90 56 191
183 127 149
91 66 72
120 62 59
94 144 20
171 64 138
143 183 209
72 92 187
75 118 43
168 61 92
183 88 78
58 147 207
135 113 18
199 172 123
61 150 61
195 180 107
66 180 69
88 60 181
153 56 82
87 61 147
80 103 43
71 181 103
58 179 205
181 83 185
66 155 48
61 124 86
138 170 11
139 183 116
121 67 213
106 183 194
183 181 146
181 180 36
146 183 149
166 114 213
164 138 213
57 172 118
130 49 100
57 167 165
177 98 213
121 49 129
161 81 213
108 176 213
100 77 43
57 172 181
57 167 138
199 176 178
150 163 213
168 182 116
144 109 213
139 176 213
119 125 213
175 127 213
124 49 158
101 183 136
124 49 185
72 152 154
121 92 213
153 183 198
146 181 31
106 118 213
95 183 158
72 180 58
153 49 163
99 172 213
99 182 63
141 49 161
119 180 18
193 180 196
119 150 213
168 182 91
170 181 63
161 183 181
159 183 91
60 132 105
161 183 156
58 147 98
135 183 190
71 99 134
181 181 198
75 181 149
157 183 138
90 182 125
166 180 34
190 180 114
84 182 71
68 123 128
63 121 72
195 180 78
177 182 116
146 182 49
159 61 76
191 132 56
57 154 83
119 183 85
71 101 158
198 141 100
66 107 86
161 56 93
70 144 42
67 108 72
71 103 143
197 139 210
66 180 145
71 107 183
135 54 81
87 146 183
106 62 65
143 84 30
199 174 156
173 78 213
163 52 161
190 172 213
66 123 213
97 49 134
184 92 194
185 112 136
185 167 39
71 109 172
161 58 213
