11 -31 -80
-51 98 64
-1 -85 57
45 27 32
-35 13 -13
-27 -84 -25
-29 20 66
29 98 65
34 20 -38
10 -33 13
-11 70 16
-27 21 -77
25 -85 -57
25 -86 -1
-18 -33 -35
23 18 -89
-15 -85 -88
12 50 67
38 75 22
0 15 20
-51 53 38
-6 -37 57
25 -22 -30
-24 -83 19
51 63 60
-12 98 49
-45 95 24
18 10 58
-8 -3 -102
13 -60 -27
-6 22 -39
32 6 -2
-26 61 67
-25 -19 -71
-39 17 30
-24 -62 -60
34 -6 -62
8 -68 26
17 47 18
-40 3 -47
-15 -14 -4
9 98 17
15 -66 -84
54 98 42
-11 -15 31
44 31 65
-4 -72 -3
22 -44 -53
-4 -85 -46
-26 44 20
-5 21 -9
5 79 67
-11 -52 -85
5 22 -66
-11 -42 -4
-9 9 49
25 6 28
-47 41 62
21 -85 -29
-53 72 57
-14 -60 -28
-3 21 -92
19 -8 -92
-31 -11 -25
50 53 35
28 98 36
-17 98 18
-11 -62 44
33 20 -64
15 -15 -5
53 88 65
-27 87 67
4 -13 53
-5 31 67
-39 69 23
20 -84 43
-25 6 11
20 21 -17
15 71 16
-3 -39 33
29 69 67
-26 -1 -87
35 -1 -26
-20 -85 -64
10 -52 49
-2 -86 -23
-35 98 45
9 -38 -15
-26 21 -54
3 -85 -74
-21 -40 -58
-6 -85 33
-56 90 43
-26 -81 -3
10 98 49
54 74 41
-4 39 17
23 -64 -63
3 -54 10
-6 -21 -89
-37 3 -69
40 14 51
26 -23 -51
-30 -19 -50
-26 21 -32
-45 22 49
24 26 21
10 -15 27
11 10 -104
23 -85 22
6 -81 -95
23 31 67
-10 -27 12
14 1 11
17 22 -49
-25 -72 -42
-2 98 66
36 44 24
45 94 24
-26 41 67
6 3 36
-21 8 34
10 -31 46
18 -42 -34
-6 -8 13
37 49 66
-18 -82 48
24 -68 -41
38 1 -45
-14 -34 -77
27 90 17
-9 -71 18
-20 23 21
7 -86 6
-47 35 32
-4 60 67
17 -48 -75
49 40 49
23 -18 -74
21 -82 -76
-2 98 32
-8 -27 -15
-53 74 35
32 2 -79
-7 -68 -92
3 -57 -11
1 -64 59
-20 16 -94
-44 59 65
14 -79 -13
-29 85 19
-27 11 52
1 14 64
9 14 -1
5 -46 -88
-19 -66 -76
-9 -44 -24
-39 9 -30
4 22 -25
-10 -25 44
-2 85 15
-27 -2 -7
-22 -52 -41
10 -70 44
-10 14 6
-12 75 67
43 98 56
19 -32 -65
32 16 66
30 13 13
-4 -56 30
-10 22 -77
-39 76 66
-13 -86 6
1 55 16
-10 22 -55
36 84 67
-41 52 25
34 12 -16
9 21 -82
9 -85 -58
-22 98 33
-19 -49 -71
-8 13 -105
-12 3 21
31 61 21
4 -32 -2
27 -9 -13
-17 21 -19
-3 -70 -20
-15 -86 -13
8 -6 -101
22 8 43
20 82 67
6 -70 11
-6 -5 42
17 22 -33
15 -85 -43
-22 -22 -21
-15 12 63
-49 41 47
-28 59 20
-19 -85 -47
-4 -42 16
-35 98 60
-9 -52 55
-34 -8 -59
-34 32 24
-13 -85 -33
14 -24 -17
34 14 37
5 -17 8
16 14 19
-1 -1 59
-9 45 67
-37 19 -44
-19 -15 -86
-16 97 66
9 -46 0
33 -11 -36
8 27 19
-42 26 65
-26 14 -2
10 -86 28
25 98 50
-21 -85 34
-6 -85 -61
9 -18 -90
39 7 -58
2 -86 -8
14 98 34
15 67 67
9 28 67
-38 14 -61
-13 53 17
22 21 -75
54 80 54
4 -28 27
12 98 66
10 -17 41
-51 52 54
21 5 -97
48 81 29
-53 84 64
-4 -35 -86
5 -3 21
-17 -2 4
-7 -73 53
11 -74 -25
9 9 48
26 -85 -16
-26 -76 -55
46 75 65
33 -12 -50
49 49 59
52 61 46
-47 98 37
24 -58 -50
12 85 16
4 22 -52
48 67 31
-34 -11 -40
-30 -7 -75
45 27 49
-15 -73 -26
12 -85 55
-8 -45 44
-47 82 27
-15 84 16
-32 9 -80
30 21 -51
48 40 35
-19 2 -98
-22 -32 -48
24 44 67
-26 72 18
-32 98 21
-19 21 -67
-27 -21 -32
21 -2 0
-5 -23 -2
14 -29 -29
-30 7 24
-21 -82 -77
6 -85 -33
-41 89 67
-3 -56 -22
-37 48 66
-31 14 40
-8 87 68
6 -44 58
7 -58 -90
4 -49 37
17 22 -62
15 -80 15
-10 -73 38
37 98 45
-38 14 60
42 56 26
-53 65 44
-4 -53 -1
-3 -86 21
22 14 -7
32 14 -77
13 20 -97
-3 -85 -85
-5 98 20
-19 21 -42
9 -46 -26
-49 98 49
3 67 16
-15 33 19
39 9 -32
12 -85 -85
41 60 66
26 -81 -42
21 -29 -42
-24 75 67
4 39 67
3 -28 55
-46 62 29
24 -75 -66
-24 -24 -59
2 -85 42
39 13 -47
8 -61 36
-18 -45 -32
35 31 25
-23 98 57
-1 -14 -97
3 -48 24
-34 0 -22
55 94 53
22 98 25
27 -8 -81
6 22 -37
27 73 19
-54 78 47
-8 -50 -12
22 -50 -42
34 37 66
-19 26 66
25 -71 -52
22 -52 -62
27 -19 -63
28 15 51
18 58 17
32 19 -25
-25 -61 -48
-24 -14 -13
-7 -26 23
25 39 20
-15 14 -5
2 3 -107
9 -7 3
-53 90 31
-14 -10 -96
17 18 66
3 -64 2
-14 22 -30
6 14 10
-15 64 67
21 57 67
-1 98 52
-23 -71 -67
1 20 -103
-16 -74 -84
-25 -85 -36
6 -73 54
4 -26 -11
10 -22 18
56 87 35
11 -86 -22
32 19 26
-19 -32 -67
-7 -33 3
-15 14 17
5 -2 46
39 98 33
28 8 -88
-6 -5 30
-22 -43 -48
-24 98 46
-30 20 -21
40 95 66
15 -79 -2
-57 88 54
-15 -23 -80
24 -19 -19
8 21 -9
-11 -85 -73
-35 98 34
-13 -63 -85
20 -59 -35
-3 26 19
20 -80 31
-45 24 36
24 -85 11
4 -69 -93
7 42 17
3 -72 -11
33 98 22
-11 -32 -24
-6 -13 2
20 -62 -73
28 -21 -40
-6 21 -20
-36 35 66
-22 51 67
-8 4 36
14 6 28
36 2 -69
22 -75 -33
21 -32 -55
-37 42 24
18 -85 -66
50 50 48
-12 98 28
15 38 67
-8 -80 -94
-8 -75 7
13 -54 -83
20 -16 -84
6 -75 1
-4 -20 54
28 51 20
-47 31 56
3 -26 37
-36 -2 -35
51 98 63
-8 -86 -5
-32 20 -68
-18 9 44
-22 -50 -61
-21 -79 8
-6 -35 42
-16 37 67
2 98 42
24 21 -42
-12 -85 55
-21 -67 -34
32 1 -16
-10 -16 41
7 -42 10
8 -49 -16
-14 -86 17
20 14 3
53 70 51
-9 -43 7
42 18 60
10 -76 34
-11 -77 26
-38 1 -57
6 -19 -4
37 88 20
4 -38 41
-12 21 -87
-10 98 39
3 -38 21
-1 22 -82
-9 -18 17
-25 3 1
-23 18 -10
25 5 6
3 -58 23
-2 -53 -91
6 89 68
-5 -36 -10
16 -38 -73
-1 14 -1
-37 14 48
-31 20 25
3 -27 -87
-27 15 -87
30 -12 -70
-17 -21 -11
-25 -86 -12
-48 68 65
-48 45 32
-2 72 67
9 -64 52
-18 63 17
6 -7 34
2 -53 59
47 41 64
0 51 67
56 87 45
21 81 17
-11 20 67
-47 30 43
-36 -7 -48
-3 -62 10
-40 80 19
20 -42 -65
-52 62 57
-8 -79 -16
-5 -11 50
21 98 59
21 -40 -44
10 -80 43
3 -78 -19
-6 -65 27
18 93 16
30 -13 -27
-11 20 -99
-36 17 -34
-4 22 -63
43 19 37
5 -85 -49
9 59 67
17 -27 -73
50 98 31
-35 64 67
17 34 19
-8 -63 56
-17 83 67
-15 43 18
10 -77 24
-5 -44 -88
9 -36 54
24 6 18
28 89 67
19 -71 -77
-31 12 7
-8 -54 40
-37 90 20
17 -77 -84
-24 32 21
6 -12 18
25 -1 -89
-28 98 66
-32 4 -14
-5 8 57
-23 -26 -39
-13 -86 -22
9 10 60
17 -85 -52
18 -51 -32
-29 -7 -16
7 -26 8
42 37 29
-6 61 16
31 56 67
18 98 44
40 66 23
-25 -14 -79
-3 -53 18
7 -86 20
24 16 24
7 76 16
-40 11 -39
-6 -86 48
-30 12 16
12 -85 -73
-35 12 -72
-3 -63 -6
4 -61 -25
31 13 4
-5 -1 50
-22 52 19
-10 -31 51
10 -43 49
-11 0 11
-41 29 29
36 13 -69
-15 -85 -55
-13 53 67
47 98 48
15 -2 -99
2 21 -16
-4 22 -48
-3 74 16
-1 -86 1
11 21 -18
-22 14 6
45 84 66
23 -79 -22
-6 -64 -26
20 93 67
34 25 66
47 33 43
-20 -58 -71
15 8 38
-24 14 62
27 17 -13
-17 -40 -71
-21 -40 -39
11 -32 -21
-10 -43 52
-21 -7 -3
-24 92 17
19 -19 -12
8 -38 -84
-33 7 -2
48 56 65
22 -9 -6
-31 -13 -65
12 -12 -95
-16 -55 -79
19 -67 -31
36 -2 -34
-26 8 -91
-18 -79 -7
-18 10 53
-26 -85 -53
-38 15 -52
12 22 -71
-43 98 57
9 52 17
-6 -19 10
47 35 57
24 14 63
33 13 -6
-3 -28 32
-15 8 -102
5 -8 10
16 -86 6
28 -1 -8
-10 -40 -83
-7 -76 -24
18 -86 -7
25 21 -29
22 -79 4
9 -35 5
-15 -80 38
35 75 67
5 98 58
20 14 -96
10 -43 -8
-13 -51 -28
45 46 30
-10 -36 13
-10 -38 -17
-36 14 -24
-20 -79 -16
-55 96 56
-44 22 58
-7 47 17
-31 -16 -57
7 -20 49
-7 -11 24
13 -86 37
-38 60 23
2 94 15
-4 -35 22
-19 21 -80
32 -4 -72
36 11 -24
28 9 37
-9 -28 -83
-46 73 27
-27 8 43
4 -65 18
9 15 66
50 90 28
-54 98 40
8 21 -90
52 65 39
-29 21 -41
38 24 28
36 -5 -54
-52 65 36
31 -8 -21
-6 -2 22
-23 -51 -51
-4 -47 37
-17 -26 -26
-42 15 37
-6 4 -106
22 -79 -11
-9 -77 46
-10 -65 35
12 3 18
-21 -4 -93
-9 -20 -8
12 -46 -83
13 -23 -81
3 -47 15
31 20 -71
-6 -21 34
-7 20 20
-23 -60 -40
4 -5 54
26 -80 -50
-28 14 32
8 16 21
3 -64 -14
-2 14 9
1 -85 -57
2 24 67
24 22 66
-10 -85 -81
-12 -85 -41
-5 22 -31
14 -85 -34
9 22 -59
56 87 58
-18 22 -50
5 22 -75
12 64 17
35 -7 -44
20 14 11
-1 -62 -93
-32 72 67
-19 -53 -34
6 98 34
36 19 -56
-10 22 -69
-20 -74 -77
-25 -70 -50
11 -77 -91
4 -52 -4
10 -38 -27
-32 1 -78
-14 -79 1
0 12 -107
-49 53 63
-15 -86 30
28 81 67
53 80 62
3 35 18
-25 14 23
10 98 25
5 -78 -6
-50 45 40
43 83 24
-24 -78 -33
-4 -50 8
-5 -86 8
-46 81 66
39 13 -39
17 -81 50
-32 49 21
-15 -48 -78
-7 12 64
22 21 -56
24 66 18
-7 92 15
12 -21 -9
18 -80 23
12 22 -27
-19 -85 -28
-2 -85 -68
-16 76 16
-18 98 41
-22 -81 27
52 72 61
-23 -86 4
45 73 27
35 14 45
17 21 -85
2 -86 -16
14 17 -7
7 -58 57
-34 82 67
23 -25 -58
36 20 -46
35 98 61
-10 -78 14
19 -25 -23
39 4 -38
-16 6 29
-12 98 60
-31 -14 -33
-28 -21 -42
10 -72 19
45 26 59
8 -20 34
-3 -47 29
7 -86 -2
-4 -65 20
30 -17 -56
-12 -7 2
47 67 65
-25 -79 -62
13 79 67
8 -29 21
17 9 51
9 -85 -66
-4 -29 -7
27 -84 -35
-41 36 27
-25 21 -62
-20 98 25
-11 -55 47
28 19 -81
-7 -59 -90
-4 -69 6
-18 3 12
3 -33 33
-27 -7 -82
2 -37 57
-12 -16 -90
8 17 -103
-28 6 31
17 25 20
-11 8 42
-15 20 -8
49 44 43
1 -86 27
45 24 41
-51 51 47
17 -86 -16
36 14 58
-27 -83 -43
15 -86 19
6 -8 26
-4 -75 -12
18 -33 -36
4 -34 -9
9 -86 -10
9 -78 7
-19 -24 -72
3 -43 31
45 48 65
54 79 35
4 -56 30
-17 -79 -23
10 -67 35
-18 44 67
-33 98 52
-2 83 67
-6 -85 -31
16 26 67
-20 -44 -65
-26 28 66
37 68 67
7 0 14
-54 91 63
43 21 53
-33 14 -6
-37 57 66
-9 94 67
16 -8 -1
-23 -79 -69
30 98 43
-46 53 30
-19 -86 -3
-7 -18 48
3 -53 -23
-43 98 43
-36 22 65
-35 -3 -64
-21 68 67
13 22 -39
-33 14 54
-29 98 38
0 -19 -91
0 -85 -37
1 98 24
3 -67 -5
-11 -85 -49
-27 -14 -20
0 -75 -95
2 7 61
-10 -70 46
22 -80 17
-25 -24 -48
-48 89 26
42 17 44
-33 21 -52
-21 -32 -60
4 -51 3
24 97 18
-49 45 53
4 -85 -89
29 13 32
11 -85 48
-52 57 43
-10 -86 38
-52 77 64
19 -55 -73
-25 -69 -59
-21 92 67
3 16 -6
22 -24 -66
-13 -26 -20
23 -51 -55
6 -81 56
-6 3 44
-16 -80 22
13 86 67
5 -1 30
21 98 32
14 4 -103
-27 -18 -26
-19 -86 41
-15 92 15
-31 68 20
-3 -61 -17
31 45 67
-19 21 -89
-21 -19 -78
-6 -86 -13
8 -85 -42
28 80 19
-11 22 -47
-23 14 13
-5 -85 -53
15 98 54
-6 -9 36
-26 -78 -48
-8 14 16
-41 98 29
39 14 32
25 -76 -59
-4 -28 39
12 -53 -27
-48 38 54
-4 38 67
16 -79 -21
-53 71 50
-1 90 68
3 21 -96
-3 -48 58
10 -24 43
37 0 -59
26 21 -66
39 98 26
24 -83 -64
10 -63 44
6 5 42
6 -14 1
-49 98 29
-37 95 66
-33 -13 -49
-34 20 -61
-55 84 40
-33 20 -28
51 60 34
-7 14 -5
28 33 22
11 -69 -89
-28 -13 -73
-34 77 21
22 -68 -70
50 54 54
-37 -2 -42
30 -18 -48
19 20 -9
4 -25 1
5 -9 47
-4 -5 55
-4 -55 -14
20 -85 36
-1 -6 -103
-36 23 27
0 -85 -97
-6 2 29
-5 -26 4
8 -38 -3
-34 -8 -32
9 -22 25
6 47 67
31 -12 -63
20 -26 -31
33 98 29
35 6 -20
-29 16 -15
12 98 41
-39 7 -61
54 81 42
-45 48 65
40 40 66
1 -40 -88
21 -57 -67
10 -43 -21
-37 7 -22
-55 96 49
-30 6 6
-20 21 -57
-29 47 67
-54 81 58
-16 -67 -29
19 21 -26
28 62 67
3 -85 -82
-7 98 55
9 1 -104
41 25 65
5 5 52
-21 -33 -41
18 -86 -23
-44 20 43
-8 -24 51
-29 4 -7
-10 -74 -91
-6 -79 -4
9 -53 42
-49 37 38
-36 0 -29
30 8 22
-27 -82 -17
-23 21 -22
7 -44 42
-22 -38 -52
-27 -19 -64
-7 -50 -6
-30 4 -85
-24 2 -93
23 -52 -48
-12 -38 -28
26 2 -1
32 8 -81
-20 17 66
47 33 36
-25 79 18
20 1 6
25 -79 -5
-24 7 19
-14 27 19
-11 -42 -12
52 71 35
-52 80 33
-40 11 -47
37 14 -62
-23 -23 -27
35 18 -32
27 21 -19
15 98 20
23 -85 -46
27 14 -1
-41 15 54
21 -37 -51
