95 137 93
177 224 195
132 52 192
90 163 196
139 53 45
102 52 117
165 148 172
108 224 151
154 133 44
159 119 110
118 108 155
154 53 139
106 86 74
79 218 197
135 191 197
103 134 42
154 69 90
118 170 155
154 208 155
117 103 114
106 56 159
125 141 184
143 100 65
131 93 190
139 141 137
99 143 133
167 145 81
89 193 168
171 186 184
119 224 188
121 52 77
126 78 138
95 148 165
134 52 110
115 116 66
103 194 197
124 81 48
149 172 156
146 159 196
134 71 166
134 112 91
147 225 195
129 119 40
106 77 102
80 224 169
119 198 154
139 87 106
137 118 175
137 112 131
90 143 66
159 118 82
111 57 51
161 145 120
174 224 168
105 110 90
131 146 34
147 71 63
119 135 157
116 170 196
134 224 162
122 52 138
99 122 119
142 143 163
101 53 92
117 127 134
89 169 173
148 52 162
169 163 192
144 52 77
120 72 185
150 96 87
93 122 76
155 202 197
147 121 61
152 145 63
156 52 104
126 92 168
170 137 102
82 198 188
117 99 136
172 201 169
89 140 114
105 224 172
113 53 180
105 146 190
127 52 158
135 122 153
104 64 74
119 108 180
115 97 58
129 71 118
101 223 198
151 126 128
138 116 111
97 207 155
135 99 148
100 180 157
156 180 196
137 91 126
166 130 67
101 54 137
157 224 177
166 172 171
120 146 133
124 208 197
148 146 182
138 59 130
121 52 96
110 75 59
120 126 175
131 184 154
128 154 155
95 127 58
158 189 158
106 146 56
174 206 186
136 206 153
87 147 184
121 85 108
110 143 173
131 106 52
106 95 101
131 112 73
149 103 104
118 134 31
120 68 151
85 179 191
126 52 59
94 120 100
142 57 178
141 69 106
165 146 191
136 224 182
89 222 154
126 63 43
109 120 50
140 59 148
151 52 121
138 174 196
152 224 159
140 84 55
121 119 120
129 158 196
105 143 151
148 54 60
108 103 75
116 65 107
141 144 47
116 59 123
141 132 33
112 117 105
117 146 43
83 209 175
154 146 136
135 83 178
150 109 120
148 85 71
157 159 161
125 220 150
98 165 160
137 52 94
120 89 124
137 134 177
102 178 196
90 224 186
169 130 87
149 117 94
128 85 153
135 101 177
152 84 98
102 69 88
139 68 49
124 113 140
132 223 198
119 65 171
119 112 86
128 52 175
166 219 155
91 208 197
85 135 80
135 127 129
104 144 118
118 192 197
131 111 189
110 156 156
161 218 198
154 52 89
119 87 183
134 69 186
147 146 149
148 111 75
146 143 122
96 146 80
141 118 47
124 146 167
104 94 86
99 131 107
164 131 116
119 148 196
142 221 150
129 112 163
132 168 155
104 161 196
138 101 111
152 65 76
123 120 53
120 224 162
110 52 69
171 197 196
88 146 101
144 190 155
102 64 101
159 146 104
159 129 97
107 119 76
144 158 156
119 146 147
126 113 106
125 105 124
138 143 190
104 129 130
86 131 104
126 180 196
114 185 155
99 124 87
141 212 197
116 130 45
110 209 197
120 66 135
151 81 84
118 119 163
178 219 183
154 132 58
120 122 149
130 133 40
122 98 148
110 59 147
127 94 51
123 78 173
165 143 68
97 193 158
133 70 147
116 52 112
169 179 195
127 135 135
115 210 153
168 161 178
154 146 160
78 219 181
121 59 188
135 135 148
98 132 69
87 160 182
152 146 194
116 69 49
136 125 165
93 224 166
134 146 174
86 181 177
133 91 138
154 123 71
168 188 172
142 130 46
107 52 81
127 128 185
126 52 121
152 128 116
141 110 58
117 109 56
165 201 158
90 193 197
157 168 196
167 224 188
149 190 197
106 52 104
112 138 126
87 126 90
137 110 154
146 59 111
91 149 196
106 124 61
154 145 48
131 81 191
110 119 126
161 135 77
136 60 162
116 224 175
109 143 139
87 145 88
117 52 165
171 212 171
122 52 45
153 65 101
129 85 118
104 134 54
131 145 129
107 62 61
113 146 160
103 82 85
130 116 61
129 100 159
122 100 189
84 213 164
92 182 165
94 132 121
135 119 142
152 123 51
159 177 161
138 97 55
170 172 186
160 145 90
130 52 85
109 114 116
154 108 90
149 52 150
132 69 131
108 106 102
113 224 198
91 157 171
81 210 187
126 74 158
130 195 154
94 140 56
138 59 119
129 52 147
171 208 197
125 61 113
162 190 197
111 59 134
111 87 62
148 99 77
131 52 69
143 123 119
137 100 133
125 118 130
161 119 93
158 136 125
149 144 171
101 146 179
110 140 36
150 59 131
161 157 196
122 119 184
139 52 139
132 79 109
136 106 121
148 120 108
108 198 155
140 114 101
84 195 178
141 143 36
144 52 103
101 142 65
155 139 111
156 112 102
142 113 85
119 134 142
136 108 143
106 52 127
117 96 106
97 146 109
85 169 187
113 143 184
116 87 54
106 146 44
123 89 135
105 76 72
135 136 159
102 115 106
128 80 127
102 86 94
150 75 73
162 224 164
166 126 78
115 52 155
120 96 178
140 201 197
126 208 153
91 221 198
103 224 188
118 75 107
123 218 198
158 146 76
87 133 70
91 203 162
127 105 171
136 65 176
139 123 39
133 146 150
108 170 156
126 64 125
95 134 79
170 140 90
144 119 131
108 128 120
100 218 152
160 140 55
104 120 95
112 107 65
126 127 33
109 58 169
111 139 49
140 224 171
101 152 159
148 94 102
151 211 197
101 205 197
131 119 121
148 135 132
135 78 49
85 137 95
121 113 171
118 133 168
153 119 120
94 143 123
133 123 48
116 114 75
106 123 111
109 59 116
99 118 70
121 112 97
111 85 104
146 78 103
148 141 55
144 58 52
172 199 178
157 123 60
118 121 40
132 135 30
155 138 69
166 126 104
138 139 127
120 143 34
135 69 157
111 129 37
118 106 144
92 175 197
154 197 156
115 183 197
167 139 111
119 52 66
129 111 83
145 81 63
129 224 171
151 56 69
110 52 95
163 162 168
132 142 43
136 90 115
171 224 177
136 52 170
102 126 48
139 52 63
98 128 96
118 52 87
93 124 112
167 212 162
79 225 189
151 224 169
128 83 166
84 189 188
100 115 82
154 217 152
158 131 106
105 144 164
109 115 59
119 60 179
101 59 85
125 224 180
97 224 180
146 180 197
131 146 161
135 151 196
167 146 98
134 63 109
168 150 182
119 135 180
155 111 111
159 127 86
155 56 113
128 52 131
144 52 127
154 53 79
159 146 184
119 61 157
142 115 70
126 171 196
132 120 184
140 52 155
126 113 47
101 135 115
122 146 157
141 150 156
119 110 120
135 129 141
134 52 182
83 206 196
141 52 86
143 59 168
119 161 196
135 214 151
91 213 156
125 146 176
150 118 82
143 91 62
123 188 154
162 136 86
100 57 108
86 155 191
89 148 175
109 146 131
169 178 177
114 52 142
121 136 40
153 146 127
126 68 190
96 141 101
119 60 145
152 182 156
119 52 54
145 205 154
125 127 130
119 159 155
109 94 70
134 52 52
151 101 95
144 224 185
150 90 79
146 63 59
121 80 189
134 62 44
171 188 194
117 52 130
129 224 190
159 138 95
146 105 113
104 99 93
112 136 135
126 89 143
164 191 164
154 61 84
145 59 139
97 135 49
135 101 186
178 215 194
159 126 121
149 139 40
126 72 45
116 105 105
131 94 175
146 146 133
117 126 126
136 61 140
118 100 123
144 110 126
117 95 116
152 71 82
111 115 96
109 200 197
102 76 94
126 52 103
126 78 149
143 224 160
167 126 95
110 52 60
102 54 73
96 175 162
112 154 196
129 108 135
84 221 160
116 118 112
139 139 171
124 127 44
170 217 198
133 224 154
105 187 156
102 56 146
137 166 196
132 77 173
132 214 197
91 134 61
95 119 92
117 224 150
148 128 40
154 122 99
128 91 159
131 136 183
103 70 80
121 122 140
129 146 191
138 183 197
118 116 47
125 52 112
139 118 58
140 132 136
172 194 188
108 207 154
122 72 166
147 52 95
134 90 51
121 102 54
135 52 77
126 87 175
132 146 137
152 74 100
119 126 158
99 145 51
119 52 173
100 149 196
170 135 79
122 70 142
118 178 155
151 105 81
114 52 103
151 116 66
143 52 118
164 182 167
163 133 57
162 154 166
98 140 74
138 97 120
112 115 87
116 141 167
128 116 114
142 76 54
135 126 176
84 224 176
88 132 112
158 130 51
153 78 91
87 201 169
150 134 51
143 128 126
92 125 68
108 69 104
108 61 106
100 125 78
157 224 152
147 143 140
149 152 157
161 211 156
149 133 123
136 117 163
173 208 178
107 185 197
146 93 69
98 213 197
127 177 154
95 143 87
112 224 159
122 138 129
122 52 150
119 114 147
148 224 176
106 216 198
88 145 77
136 110 178
106 93 79
106 115 66
138 95 105
160 224 193
85 176 183
99 135 127
115 120 57
153 144 117
149 64 67
121 92 189
92 166 167
135 88 185
152 91 95
111 64 54
118 62 46
97 225 155
161 146 62
147 52 135
141 143 145
154 52 129
93 121 83
106 105 82
146 59 120
162 175 196
157 125 78
119 139 150
157 146 176
103 59 121
147 58 157
106 137 122
136 64 169
131 70 110
138 124 136
124 110 188
168 132 108
113 52 121
136 112 52
157 167 160
155 57 95
88 128 77
103 113 97
150 58 145
122 68 109
131 72 139
139 138 41
161 146 111
116 145 127
144 52 173
122 105 134
111 146 194
123 115 65
138 76 106
135 130 154
126 111 92
154 121 89
127 52 92
123 200 197
143 123 54
139 158 196
128 188 197
129 53 41
133 52 118
111 162 196
108 174 196
153 219 198
118 118 127
133 127 33
144 146 193
83 225 195
126 163 155
100 168 196
106 120 103
124 113 124
142 172 155
110 124 42
130 60 119
113 122 118
167 225 195
91 201 197
139 52 70
132 112 98
157 131 65
147 213 152
131 109 127
163 199 197
118 94 129
119 60 131
129 101 191
148 198 197
165 123 88
87 127 98
118 60 114
111 59 155
146 63 105
160 119 101
124 52 181
169 172 195
141 146 182
164 138 62
154 136 118
128 71 125
95 145 95
100 60 95
118 141 138
136 52 103
85 186 195
163 138 119
109 130 51
150 118 74
93 189 163
95 156 164
97 138 108
144 69 55
89 145 108
146 52 142
165 224 173
152 224 183
98 156 196
116 205 197
137 97 141
134 52 126
95 133 87
107 72 65
125 146 38
108 80 64
77 217 190
125 52 189
110 178 155
138 181 155
163 125 112
144 116 54
97 146 117
120 131 149
125 76 110
101 144 140
119 126 167
125 112 76
102 126 68
118 80 50
133 104 155
141 114 76
155 153 196
123 103 156
126 95 154
84 198 196
104 120 55
137 131 170
84 134 88
153 59 106
115 53 46
111 100 66
140 103 60
135 77 186
161 138 102
120 93 140
161 123 69
121 143 191
138 59 184
160 147 165
102 117 113
154 161 196
122 113 163
131 52 138
137 52 161
113 224 169
146 146 42
146 122 45
116 59 167
120 88 116
126 71 135
129 58 189
102 130 61
142 102 104
119 114 104
103 123 124
116 124 50
113 81 56
146 104 73
128 82 143
150 52 111
114 215 198
108 113 109
125 139 31
130 119 55
135 118 43
113 59 175
132 63 127
125 122 125
110 144 123
87 170 196
133 69 45
124 130 179
106 118 88
129 85 135
110 215 151
144 107 120
118 116 157
96 146 62
110 52 150
107 52 141
167 136 70
104 59 129
85 186 181
104 84 101
139 219 198
129 99 169
145 109 68
110 52 135
129 86 125
118 217 150
93 146 72
134 114 146
106 112 74
92 224 173
139 143 155
130 112 170
101 141 46
171 132 97
138 146 41
124 59 121
111 146 152
128 52 48
142 146 171
132 99 52
106 224 157
100 121 61
142 52 148
109 192 197
127 224 160
109 224 192
171 192 180
107 224 165
136 130 43
151 87 87
168 151 194
82 204 183
129 52 164
162 148 196
89 186 170
144 171 196
135 174 155
107 52 88
162 171 165
136 224 193
152 172 196
169 166 184
126 201 153
162 224 156
148 118 126
153 125 109
95 146 183
108 52 113
127 52 75
101 198 156
112 224 181
146 114 61
120 93 52
96 224 193
111 164 156
156 194 197
129 82 159
128 78 119
151 144 155
114 131 129
90 209 161
105 60 67
119 117 178
152 120 57
142 52 57
134 146 185
115 104 59
132 114 106
147 86 102
119 205 153
119 127 34
116 138 174
129 76 166
120 72 173
119 76 179
106 154 196
100 172 158
156 115 92
144 206 197
98 224 161
133 138 135
95 120 107
119 65 183
120 146 183
137 196 154
169 196 173
121 70 158
150 166 156
114 136 43
154 138 63
94 146 172
128 75 190
147 117 100
148 143 164
100 54 124
136 63 155
152 224 190
137 100 126
104 146 157
114 109 112
159 143 126
158 129 72
97 118 77
126 146 150
117 113 92
106 118 121
125 170 155
157 153 161
135 115 65
87 215 198
101 139 58
154 139 129
148 221 150
144 119 114
138 122 124
148 128 53
142 138 47
139 60 111
129 86 49
103 146 129
134 87 121
165 146 106
135 89 178
110 145 49
128 87 191
91 224 159
113 123 131
156 118 74
160 219 152
145 144 177
120 132 133
126 140 42
109 126 56
152 124 64
123 108 52
136 140 181
102 125 105
139 125 49
114 80 105
157 146 53
169 205 164
91 156 196
143 139 132
86 138 103
108 52 164
159 204 156
161 132 91
135 114 183
159 146 68
154 146 167
101 66 94
143 52 166
116 191 154
86 190 175
88 140 73
153 111 84
137 118 118
100 57 102
136 91 133
89 127 108
136 107 56
106 140 41
87 174 176
