148 93 107
78 221 192
181 215 148
118 33 191
136 141 191
103 140 37
119 34 41
82 162 150
118 33 120
166 139 60
91 123 97
138 206 192
135 90 46
129 83 161
175 156 151
107 213 147
127 133 137
105 69 83
101 176 192
145 45 81
158 140 104
178 186 185
137 180 148
125 140 73
95 102 56
138 35 155
82 140 184
109 94 117
141 127 32
174 147 189
145 220 157
138 63 130
160 102 71
108 33 77
180 222 190
78 198 162
138 62 189
85 140 67
147 173 192
113 137 167
151 136 161
127 60 58
109 222 191
117 140 107
147 75 77
151 118 125
107 181 148
116 56 153
116 63 110
115 111 36
167 186 148
146 33 55
102 122 125
98 96 89
79 222 148
120 156 148
160 115 95
80 172 175
83 195 191
93 220 171
138 42 106
111 81 58
106 148 192
118 78 139
118 78 184
152 110 46
156 220 180
141 68 101
150 140 80
92 140 149
121 220 167
125 140 47
116 35 167
138 59 164
179 205 172
151 159 148
126 110 123
138 34 131
138 36 179
87 118 74
130 82 118
114 41 98
90 124 51
101 140 84
122 184 192
116 54 181
132 203 148
141 140 120
117 33 144
107 52 65
176 169 171
172 140 168
106 140 59
166 204 192
160 207 148
107 200 192
116 56 131
144 140 60
167 124 76
86 160 191
127 163 192
96 138 112
153 152 192
130 33 69
153 132 141
155 139 41
169 168 192
87 182 148
113 82 97
149 88 61
129 136 156
119 131 29
167 220 161
106 33 56
81 151 167
139 140 100
100 110 109
110 140 126
112 137 148
137 76 145
135 108 37
144 51 62
153 92 86
136 220 178
136 78 179
116 93 43
163 119 58
101 159 148
75 214 174
100 88 73
178 189 164
149 191 192
107 50 84
157 140 179
116 70 168
138 52 147
137 75 61
131 140 174
97 198 148
169 140 149
134 33 89
124 219 147
93 210 192
158 124 110
122 140 91
130 45 191
84 132 83
166 137 87
96 140 171
134 42 47
127 219 193
116 198 148
177 173 153
138 49 122
122 173 148
146 61 85
102 123 38
180 222 172
78 189 176
85 177 191
119 140 186
117 74 122
90 140 97
111 68 67
143 105 121
115 46 52
149 192 148
156 136 120
135 153 148
116 47 113
80 206 149
89 140 52
147 220 193
176 198 149
142 81 92
122 64 191
96 220 155
131 140 30
160 171 148
134 123 127
146 34 70
92 102 76
79 177 160
126 33 106
138 67 116
107 220 175
153 123 40
117 126 128
103 131 137
157 221 148
92 111 89
164 219 193
104 106 44
126 140 123
139 130 145
111 62 96
138 53 178
117 75 153
154 110 108
140 140 45
112 111 123
138 82 106
116 51 167
97 190 192
175 154 166
121 203 192
165 187 192
134 33 118
80 221 162
103 96 104
125 81 52
108 140 96
157 102 57
179 205 186
128 120 32
141 159 192
132 82 132
153 207 192
119 86 110
145 143 148
127 190 148
163 128 98
131 77 191
95 171 148
145 63 71
142 52 95
175 158 179
99 161 192
115 170 192
107 84 84
97 123 111
136 140 87
116 33 66
116 42 155
134 167 148
122 220 180
144 140 180
120 140 60
95 140 188
142 133 132
167 140 73
147 95 48
163 140 191
162 111 82
139 93 117
181 214 161
86 140 161
97 220 184
103 91 55
77 202 180
102 140 157
138 44 165
169 220 180
89 116 61
147 171 148
116 39 179
148 212 147
83 149 150
154 101 98
113 140 77
138 70 157
123 96 118
107 140 180
84 127 65
135 33 191
164 129 50
116 65 142
134 176 192
116 44 138
129 33 166
177 173 183
133 220 165
107 220 161
121 33 91
122 71 62
92 210 148
137 220 147
170 222 148
79 192 151
97 140 70
138 46 135
138 57 107
117 140 38
131 140 112
126 100 38
155 140 55
81 161 180
100 134 123
123 143 148
126 83 149
154 91 72
158 146 148
121 81 171
154 140 92
122 33 133
137 194 192
150 140 190
134 33 57
105 39 66
95 133 42
80 163 164
138 33 144
160 176 192
138 68 172
138 63 144
137 136 165
149 140 112
153 220 166
114 158 192
97 115 47
179 200 161
115 53 102
109 170 148
105 147 148
140 140 75
114 140 49
154 181 148
152 140 69
155 164 192
117 74 108
175 196 191
138 61 62
164 115 69
162 196 143
177 180 172
116 65 180
116 46 124
131 140 61
173 140 179
75 212 157
147 53 73
148 90 96
83 220 178
75 212 185
118 129 142
179 196 178
112 181 192
121 53 191
162 140 161
177 186 152
127 140 101
116 60 121
167 128 63
115 212 192
145 115 38
142 33 81
174 145 158
120 33 77
153 128 129
181 215 180
142 40 92
134 53 55
138 33 100
97 108 98
118 209 148
105 78 75
164 152 192
116 59 60
101 140 47
146 136 36
140 34 45
91 106 66
172 178 192
87 146 191
105 90 96
138 73 127
157 103 88
88 220 193
81 173 150
128 33 155
78 188 165
143 103 42
145 70 91
111 38 47
87 122 85
82 149 178
151 135 151
123 136 166
145 78 67
80 168 188
173 159 190
136 221 189
105 61 76
127 131 147
109 73 93
96 140 60
106 140 108
109 132 32
106 104 116
111 121 34
126 83 180
119 140 176
116 66 131
112 222 150
111 36 88
137 191 148
79 180 182
157 118 48
91 155 148
141 86 53
104 210 192
113 140 67
127 33 48
146 220 173
125 49 52
145 202 148
121 81 129
106 202 148
91 140 81
121 148 192
94 96 68
176 166 160
125 110 35
165 160 148
92 199 192
131 101 120
117 136 158
116 36 106
149 100 114
148 140 128
113 102 40
151 140 171
106 60 86
90 169 192
143 42 54
92 133 104
79 204 190
142 114 124
124 174 192
137 77 164
133 134 128
131 33 78
156 126 120
116 60 164
163 220 171
175 149 174
107 95 46
99 187 148
83 140 171
169 211 148
177 178 162
133 140 148
181 222 156
85 133 58
129 140 184
166 128 87
172 212 193
125 121 126
104 132 148
105 49 74
151 110 119
121 42 46
147 43 69
103 86 63
118 104 121
144 183 192
110 89 105
123 82 191
99 140 102
138 61 154
138 69 183
110 140 87
140 136 155
120 80 161
138 51 187
116 52 144
109 191 148
138 50 156
149 86 80
157 197 192
125 89 46
120 42 191
134 80 153
131 68 61
158 98 79
116 66 155
101 116 116
138 34 165
112 140 117
89 222 149
119 222 190
146 220 182
110 159 148
77 206 167
83 132 74
143 150 192
138 42 144
127 83 109
125 220 158
128 140 83
89 186 192
131 148 192
100 220 193
161 109 62
135 167 192
132 82 170
96 94 81
134 220 155
119 137 128
127 33 123
122 193 192
117 74 176
107 78 67
169 132 71
179 205 153
113 70 101
162 140 96
117 71 191
104 137 167
95 117 101
131 37 40
138 39 124
133 185 192
116 39 129
90 193 148
127 162 148
122 182 148
139 140 36
87 133 92
109 133 132
131 67 191
98 218 147
111 51 92
158 140 77
98 140 180
106 115 38
167 149 148
169 168 148
147 140 51
156 94 63
121 81 120
130 211 192
128 211 148
109 42 80
81 155 156
129 83 141
107 140 189
90 111 80
129 132 29
121 140 30
181 212 192
168 203 143
148 140 98
116 59 174
137 76 113
141 161 148
158 220 156
160 121 102
157 221 189
78 197 173
120 134 150
101 101 50
164 119 83
79 179 169
140 33 64
80 186 189
108 43 56
126 33 187
130 200 192
85 212 193
146 222 149
154 184 192
135 117 34
89 220 162
136 33 109
138 74 137
94 102 85
102 140 118
141 140 108
118 165 148
138 55 132
147 67 79
124 200 148
145 140 89
78 221 171
157 140 154
94 140 159
159 110 54
107 189 192
116 84 52
145 129 140
146 53 84
81 154 187
119 78 57
174 221 166
116 33 52
135 96 41
75 213 148
159 132 114
166 140 175
125 33 141
138 61 177
171 178 148
138 43 183
114 146 148
100 220 166
147 151 148
95 148 148
138 60 120
118 140 98
122 140 116
129 220 174
142 220 166
114 220 181
115 177 148
93 156 192
140 140 173
145 185 148
159 131 44
138 43 173
138 52 170
81 160 172
141 59 99
108 59 68
176 165 152
162 137 51
119 114 124
178 196 170
116 42 147
95 179 148
134 110 123
84 140 151
142 88 111
116 34 152
95 147 192
134 129 135
132 33 175
157 192 148
93 112 54
76 222 180
173 188 192
158 140 113
140 212 147
100 207 148
102 175 148
130 140 41
126 151 148
103 128 129
131 140 52
116 68 116
128 59 191
134 140 69
159 140 170
90 132 48
155 117 115
101 131 36
130 93 116
147 36 62
142 84 99
176 165 186
121 33 179
146 125 128
83 221 186
119 221 153
167 140 184
145 212 193
99 203 192
87 123 59
141 70 68
88 140 177
104 140 73
158 155 148
131 174 148
138 45 115
79 185 157
133 33 137
145 77 85
129 220 183
113 33 95
177 221 182
149 85 69
163 123 93
101 90 85
100 98 97
121 33 160
137 33 72
150 102 47
103 140 128
127 83 125
148 128 35
132 82 186
135 79 123
140 77 98
106 69 75
105 115 124
111 140 33
155 108 101
120 122 32
116 40 117
172 192 148
82 148 158
131 33 96
140 51 102
140 42 99
123 212 192
96 96 60
117 75 131
92 177 192
112 50 58
162 132 104
147 86 88
115 220 173
77 203 155
167 195 192
120 140 79
100 140 150
117 189 148
155 201 148
134 83 52
137 140 128
176 167 178
152 94 56
103 103 109
178 188 174
167 135 78
118 133 134
87 168 148
80 167 157
117 73 146
109 89 52
127 154 192
90 220 182
116 60 188
75 214 165
153 167 148
138 73 191
144 140 69
116 57 114
145 57 67
135 140 180
138 55 114
125 72 191
87 140 75
138 67 150
116 47 185
99 220 175
96 132 115
163 220 185
152 116 43
173 147 150
129 77 57
95 123 45
93 140 46
117 217 147
96 104 92
107 66 90
108 33 69
138 70 108
158 214 147
167 132 56
89 111 73
175 159 159
80 170 165
147 60 77
102 183 192
162 210 192
85 220 170
110 129 139
87 140 60
120 54 55
146 131 147
78 194 181
120 164 192
181 213 172
92 117 93
178 195 155
177 179 179
152 142 148
103 140 91
151 140 183
157 140 64
148 140 44
124 140 66
130 136 164
139 173 148
116 49 176
149 133 133
114 73 63
110 81 90
134 123 31
77 214 193
128 33 85
167 122 69
83 220 154
138 66 164
116 42 167
156 220 173
177 222 148
131 116 125
136 215 193
138 67 123
87 120 67
139 140 52
133 140 120
113 148 192
116 49 131
179 204 179
178 194 185
156 116 107
97 109 49
129 33 112
85 200 148
174 146 166
142 80 60
163 111 75
167 161 192
117 140 122
92 140 90
143 58 92
141 33 93
107 140 42
118 77 115
173 205 192
116 36 137
115 84 105
105 140 173
142 120 35
120 80 145
121 81 154
157 144 192
173 220 158
107 136 153
149 201 192
107 220 185
117 66 62
75 219 156
143 140 189
110 109 39
170 221 188
175 150 182
129 141 191
154 98 92
153 133 38
145 43 60
159 101 64
145 94 117
119 33 84
144 136 161
138 58 183
128 140 94
103 167 148
116 59 145
160 178 148
158 158 192
116 49 152
132 147 148
140 48 57
120 140 52
143 49 89
138 44 190
143 140 81
138 45 150
176 161 169
80 185 150
152 101 105
159 190 192
137 132 30
148 158 192
85 217 147
141 95 44
109 166 192
162 140 148
105 221 147
140 137 147
118 177 192
175 152 156
117 93 117
146 90 54
175 206 148
133 133 149
138 50 108
155 171 192
128 129 130
99 125 119
99 91 64
133 160 192
94 125 105
113 33 58
125 126 30
152 220 155
107 155 192
102 86 79
179 208 166
152 214 193
105 54 79
108 125 127
86 123 79
116 44 104
121 105 37
167 139 67
106 220 154
87 140 189
154 140 126
174 141 153
84 134 65
117 73 159
83 156 150
145 38 75
107 76 87
121 115 34
161 114 88
133 53 191
97 118 107
137 33 185
116 56 139
90 140 167
100 140 55
158 109 94
117 220 161
138 63 111
133 140 104
132 185 148
125 140 37
138 67 135
124 140 180
105 109 121
113 127 31
107 126 34
143 195 148
163 122 53
181 219 166
138 52 140
161 140 69
116 52 118
107 39 74
86 139 86
110 101 120
111 131 147
172 140 188
107 93 110
154 104 51
115 59 103
144 88 105
120 80 177
114 121 126
104 140 65
122 194 148
161 166 192
116 53 160
93 162 148
156 140 164
170 140 161
125 140 110
82 147 172
82 147 184
151 140 118
116 54 125
139 205 148
80 170 181
116 37 173
136 140 94
140 221 153
172 220 172
95 216 193
143 195 192
158 96 69
102 114 43
168 144 192
130 171 192
177 182 157
115 77 102
133 86 110
128 54 55
79 179 175
123 82 138
175 219 193
164 140 154
113 88 111
159 104 82
158 115 101
123 91 114
116 68 125
102 169 192
114 90 48
106 45 64
156 140 187
137 33 124
78 191 170
88 127 92
164 216 147
113 48 98
113 203 192
123 65 60
78 195 156
99 140 164
79 199 150
94 204 148
111 57 63
142 177 192
153 91 78
155 140 86
138 62 171
116 40 185
181 213 155
116 66 187
116 67 149
151 140 63
138 47 129
110 136 159
116 61 127
138 38 189
128 83 155
140 39 48
154 140 48
101 140 187
126 168 148
131 219 147
98 97 55
163 220 178
138 74 121
81 157 162
159 204 192
91 140 69
161 140 84
94 140 105
116 34 114
106 141 148
123 82 113
107 140 49
76 222 186
132 82 177
147 177 148
177 173 177
147 107 43
