89 208 148
144 48 42
130 79 175
172 141 93
184 215 201
95 127 44
86 143 198
97 48 107
91 129 122
172 144 170
121 219 203
158 53 125
151 217 148
155 130 35
152 89 80
143 114 133
122 164 150
133 168 201
105 73 63
75 199 197
128 122 189
113 92 107
104 48 154
179 187 165
80 167 161
140 48 86
87 113 82
127 101 45
176 169 200
147 48 162
129 74 137
115 129 153
168 117 66
152 198 201
115 223 168
122 138 24
125 113 77
166 109 107
163 141 126
110 48 43
101 177 201
155 169 151
76 222 174
159 223 179
154 141 197
126 196 149
127 48 119
98 141 72
129 141 126
138 107 163
146 138 152
109 48 79
137 73 105
148 80 52
119 101 141
138 117 105
179 217 159
103 103 60
91 141 166
91 223 202
153 141 62
84 141 97
75 194 169
114 145 199
75 170 188
101 71 94
123 52 173
126 70 42
109 120 105
98 182 151
154 57 63
146 223 201
105 56 130
155 123 88
122 194 201
141 118 59
156 66 90
129 48 61
112 116 32
104 92 83
136 97 118
181 191 193
160 192 152
180 165 177
144 138 176
98 141 141
128 48 148
136 119 26
104 108 124
126 219 148
119 99 176
94 103 103
139 223 168
113 140 45
155 163 200
153 48 104
98 199 201
118 59 100
175 148 192
117 119 54
114 138 179
121 68 156
112 86 47
98 159 153
181 207 178
129 88 155
150 95 102
137 141 38
105 120 73
153 131 111
119 74 118
109 141 119
78 150 180
87 124 62
148 99 60
149 56 143
122 123 121
105 221 150
149 111 41
116 118 170
164 106 82
134 144 199
173 168 158
162 121 125
84 120 104
73 220 194
170 141 72
140 182 150
127 146 153
95 223 169
106 125 133
137 64 165
108 223 189
172 127 107
138 97 139
165 221 202
132 120 149
161 151 155
129 223 186
103 55 60
87 162 200
120 91 126
147 180 201
83 134 79
157 50 81
173 123 84
108 203 150
149 131 135
165 126 50
98 133 89
115 163 201
140 120 176
177 223 186
139 159 151
92 141 54
132 48 102
142 56 115
97 141 185
137 95 176
143 115 78
79 219 157
108 65 47
143 66 43
170 202 201
154 106 119
105 133 31
137 48 133
98 54 91
132 125 41
162 223 160
116 180 149
118 101 159
103 111 45
100 141 104
127 50 39
134 86 44
165 181 201
152 77 68
173 201 157
106 131 57
82 183 157
89 223 185
115 78 98
109 144 155
160 141 182
144 198 149
158 139 85
118 58 140
138 81 125
159 141 46
147 142 123
101 65 77
86 183 201
165 142 108
108 117 89
74 207 183
147 131 51
110 56 114
137 65 148
125 48 78
115 142 134
180 182 180
142 48 70
137 126 124
154 125 65
158 110 55
75 189 184
132 62 125
140 135 25
91 115 116
154 81 93
123 115 137
87 141 112
130 109 182
133 114 91
121 85 143
118 86 165
121 179 201
158 141 166
110 209 201
75 179 173
82 152 163
138 210 201
123 116 107
146 223 186
100 155 200
93 109 69
81 203 159
135 135 188
132 48 162
113 56 163
140 142 139
114 48 93
168 181 154
119 70 170
105 86 70
136 191 201
137 78 162
141 128 161
130 104 130
98 140 42
94 113 56
82 125 90
175 223 172
141 84 98
176 156 165
144 63 98
115 48 61
127 115 63
124 136 38
139 222 153
163 151 200
166 214 149
123 115 159
111 99 49
83 211 201
137 107 149
120 48 131
105 138 168
156 141 143
150 121 101
123 124 22
157 102 70
169 112 94
125 61 114
142 97 47
126 88 114
167 139 59
134 208 149
100 50 141
157 135 98
104 94 96
104 222 202
124 110 34
143 157 200
117 104 126
151 58 51
103 78 80
96 142 123
89 194 153
76 160 172
161 101 97
181 204 191
109 126 116
77 156 194
146 56 128
154 65 74
97 51 120
105 170 151
157 210 201
127 223 163
119 48 107
168 131 118
95 102 82
129 76 150
131 61 101
111 127 46
157 48 137
136 85 141
100 128 101
135 54 172
117 124 181
124 154 200
117 59 41
90 220 151
134 170 150
101 101 113
109 193 201
180 199 168
155 204 151
141 124 141
154 75 81
156 136 73
113 48 145
149 142 35
136 108 37
105 223 177
102 142 199
115 214 148
128 48 90
97 147 156
140 48 145
75 211 170
138 60 136
151 69 57
112 157 151
87 111 96
125 138 194
99 130 68
177 182 200
118 142 147
156 223 193
82 141 187
158 48 93
105 57 101
126 90 181
87 141 66
136 91 164
103 98 72
134 223 199
92 169 153
153 48 56
79 173 200
179 160 191
106 191 150
151 48 117
111 48 123
128 142 140
141 105 126
147 120 30
130 119 52
136 89 108
113 142 32
141 56 156
100 54 72
108 87 58
121 66 132
158 120 42
92 142 84
125 208 201
120 48 50
147 141 187
120 79 132
173 135 82
119 48 157
115 124 141
179 173 167
84 123 74
108 141 189
122 81 43
133 60 40
149 223 162
165 169 201
176 223 198
119 136 124
134 48 48
118 56 122
149 86 62
180 173 190
119 112 181
153 121 76
171 130 69
86 199 201
112 126 25
84 131 107
177 151 181
115 107 41
95 210 201
121 110 149
167 141 194
154 58 99
149 149 154
145 125 116
85 141 176
137 96 154
149 105 50
137 73 117
115 97 117
121 223 178
157 142 116
122 114 89
103 120 36
117 115 70
183 214 169
153 49 150
103 166 201
181 193 178
147 141 46
114 137 162
105 142 53
102 82 94
174 128 96
119 73 107
133 179 201
131 65 174
147 97 114
99 125 81
158 98 86
163 112 117
154 48 71
121 125 42
146 117 90
97 122 127
107 75 53
137 118 163
131 118 114
161 192 201
119 94 151
153 115 128
144 48 96
130 108 140
141 48 123
152 180 151
155 55 111
150 93 70
111 66 98
120 83 176
141 77 44
158 132 130
137 223 179
150 72 97
127 178 149
85 223 165
97 223 193
138 90 131
169 157 157
136 117 185
146 118 68
96 99 93
108 120 63
168 121 116
98 48 81
115 115 81
173 159 200
95 136 132
86 160 156
140 131 43
122 80 157
90 128 53
90 172 201
111 174 201
160 129 80
143 48 107
159 101 108
136 115 69
114 56 151
103 63 66
108 115 131
153 142 133
129 142 31
114 73 44
134 70 157
117 222 153
120 94 45
167 146 161
156 174 201
184 214 185
128 156 151
165 223 170
117 116 99
105 51 50
144 172 150
115 127 165
99 209 151
117 48 71
166 223 191
145 170 201
76 160 183
107 136 137
141 130 150
170 117 76
101 123 92
179 199 199
126 98 122
74 221 184
150 223 172
99 189 201
141 129 171
145 208 149
80 193 159
104 142 129
72 214 202
170 212 201
142 48 54
108 56 141
122 120 149
119 109 171
171 222 155
135 142 148
134 56 109
121 60 169
169 126 60
136 48 114
89 112 106
118 82 113
147 148 200
137 111 177
120 133 187
107 142 146
161 132 43
140 121 154
104 48 98
104 133 111
138 83 172
103 141 177
142 123 48
161 162 153
148 48 133
155 141 106
78 177 163
96 142 93
162 109 64
149 138 162
97 200 151
100 63 88
104 96 106
101 138 158
119 223 194
150 121 136
105 48 113
103 141 62
120 67 143
139 128 183
153 90 90
172 143 183
95 118 47
145 127 25
144 86 47
133 157 200
86 123 112
100 48 130
151 132 59
127 128 127
169 193 154
171 118 101
137 72 170
82 223 196
138 82 115
74 201 176
107 223 159
101 142 114
183 219 177
177 208 162
115 48 167
128 114 99
83 138 88
120 151 152
89 153 200
136 116 137
155 222 202
132 48 72
164 117 55
109 153 200
123 170 201
75 180 186
154 186 201
118 189 149
74 209 192
125 206 149
152 160 152
146 56 105
80 192 200
133 74 129
143 55 165
163 142 94
129 96 159
166 142 81
129 132 22
172 140 103
118 94 136
107 179 150
128 100 180
158 222 152
155 140 155
110 183 201
76 164 198
138 141 124
149 48 87
139 201 201
94 223 160
75 190 193
104 223 168
145 190 201
154 154 200
143 105 44
152 140 174
88 177 154
166 110 73
136 51 40
129 200 201
124 48 98
138 48 62
138 223 190
115 128 174
136 48 154
141 133 122
148 123 55
120 117 28
135 113 81
108 101 119
108 95 63
176 178 160
80 147 193
154 55 134
75 168 179
125 67 106
156 128 103
85 131 67
81 206 150
108 124 54
164 141 173
143 134 141
112 86 97
135 197 149
72 214 178
99 55 112
141 48 169
149 56 152
103 72 72
125 70 124
148 71 48
89 146 160
149 139 54
140 216 147
109 57 44
114 134 144
99 132 38
125 114 187
119 95 166
183 220 193
136 110 132
103 54 149
104 48 89
88 137 120
150 50 47
91 105 89
138 57 144
117 111 132
118 83 123
115 56 132
141 74 98
95 107 112
137 103 173
113 223 182
130 48 138
172 223 164
130 223 174
126 186 201
88 223 174
114 200 201
105 66 58
157 58 84
148 135 29
132 114 154
134 89 120
76 186 165
145 48 78
89 191 201
106 48 64
129 84 147
146 207 201
139 139 195
130 68 116
148 141 143
100 223 185
114 128 123
155 113 46
88 117 67
137 91 147
152 83 74
155 104 61
135 69 42
116 121 115
78 152 171
168 140 118
94 135 47
130 223 155
138 151 153
84 214 152
163 142 66
159 48 114
181 197 186
147 93 53
123 99 131
133 96 128
144 56 42
118 78 168
171 209 155
153 55 119
170 114 84
172 188 201
74 214 161
178 157 175
162 172 153
148 48 142
111 223 197
141 136 167
152 118 37
164 200 153
134 95 45
83 121 82
149 87 96
82 128 100
75 187 176
142 114 33
115 136 171
75 178 194
135 68 141
120 67 99
117 85 103
173 149 199
159 128 72
138 56 127
107 142 40
113 165 150
142 116 97
100 138 150
166 106 90
113 136 26
109 48 161
152 68 65
147 186 150
105 59 53
118 56 113
96 141 194
180 181 191
161 203 201
112 48 103
128 188 149
150 48 125
119 48 120
122 144 199
155 57 74
125 162 200
171 136 110
115 137 154
132 48 82
180 174 179
107 48 134
117 187 201
106 56 121
180 166 186
170 223 182
159 142 56
129 215 201
131 114 30
115 199 149
131 57 117
127 48 127
74 201 189
119 109 162
138 122 117
123 62 126
147 102 121
118 58 158
162 159 200
84 145 166
132 135 38
118 120 162
118 62 149
172 119 92
94 147 200
116 121 154
155 137 37
98 104 68
88 132 59
101 62 96
117 132 42
157 126 95
171 176 201
134 142 134
123 48 66
151 223 180
97 108 60
140 114 87
147 79 97
165 136 52
173 129 76
174 186 158
143 120 110
114 216 201
152 192 150
146 48 150
105 125 109
91 142 100
134 133 124
121 92 110
81 151 199
76 204 165
99 115 125
145 94 108
155 74 88
99 135 98
131 64 109
84 139 104
123 90 161
156 213 150
107 123 30
92 107 77
81 219 203
115 117 63
174 130 88
109 97 113
152 97 76
86 141 77
106 81 64
114 142 125
119 74 161
110 92 51
98 55 104
162 143 199
128 59 171
140 183 201
94 165 201
111 56 105
121 48 87
144 142 130
80 204 201
132 67 132
140 164 200
180 179 173
119 141 39
114 173 150
155 48 63
106 114 38
126 70 147
124 56 108
107 151 153
175 150 170
84 118 96
100 216 202
117 48 40
81 223 180
100 130 131
154 95 95
131 122 121
133 77 43
107 103 54
129 116 142
100 110 52
153 100 113
170 119 109
104 120 83
132 48 171
95 142 65
103 83 86
139 115 170
86 116 76
159 51 101
76 168 172
86 222 157
124 117 57
135 84 159
127 115 149
177 154 196
130 163 150
130 120 157
98 140 81
170 137 66
93 119 122
125 109 133
124 121 48
110 118 97
158 101 78
125 80 138
88 186 154
88 201 154
150 76 61
134 126 188
122 106 177
150 217 202
124 95 116
160 141 134
80 223 188
151 138 114
106 211 150
133 89 179
124 74 174
94 179 201
106 48 147
123 223 171
122 48 57
117 206 149
125 48 112
118 48 80
113 141 141
77 222 163
90 121 56
86 133 114
90 141 182
108 134 117
127 223 197
81 159 161
105 92 74
106 162 151
180 191 171
181 211 195
97 102 75
119 64 162
138 96 169
139 175 201
119 223 160
100 223 156
144 223 194
104 223 195
104 203 201
166 107 100
152 61 58
180 167 194
175 161 160
85 115 89
98 142 51
122 142 128
154 126 131
128 114 71
97 218 149
103 48 123
108 82 52
150 124 109
160 106 113
100 60 82
133 220 149
112 131 138
140 48 160
116 118 106
119 101 45
115 115 91
94 154 155
102 71 80
144 48 114
127 142 147
130 48 54
127 48 155
99 191 151
169 195 201
127 48 47
121 48 149
145 48 61
110 48 72
123 105 40
147 163 200
111 56 126
122 223 185
110 119 136
155 65 81
123 142 135
180 186 186
164 207 152
154 141 188
141 135 156
174 194 158
126 130 190
172 151 163
181 200 176
157 112 123
133 117 58
104 79 71
151 65 97
114 138 186
98 48 94
90 223 193
112 48 110
120 48 138
118 85 130
153 83 83
136 142 31
116 153 200
113 48 50
129 139 199
98 98 101
136 79 133
92 213 152
147 141 194
153 142 42
71 214 189
88 216 202
132 140 25
116 140 196
91 105 96
165 126 121
158 55 93
160 142 101
144 144 155
79 143 181
108 106 47
131 115 105
139 223 160
163 184 152
155 53 145
122 70 114
137 62 155
173 133 103
132 70 101
97 141 171
170 142 87
171 174 156
130 214 147
178 218 203
141 95 112
149 56 112
100 106 118
102 77 87
115 146 154
171 122 70
