17 -30 -26
-46 99 66
54 37 64
-22 -84 57
-14 23 -102
-56 10 28
-23 -82 -90
24 98 32
9 -19 45
-48 7 -42
-29 -83 -12
42 24 -62
-12 41 73
41 24 3
28 -83 16
27 -83 -54
10 -32 -87
-14 24 -4
-39 61 29
-26 -48 -52
9 53 26
0 89 72
-11 -38 10
-56 38 63
46 84 67
-28 -11 -77
-19 99 33
-16 15 39
21 -81 58
50 62 31
25 8 -96
15 -71 -92
17 -6 -57
-28 -13 -15
11 -76 -19
42 0 -28
19 22 54
55 10 36
-12 -84 -48
11 -4 3
-2 -51 61
-12 -76 20
20 58 72
-36 24 -71
24 -46 -56
-37 66 73
-21 -45 -85
-15 -8 -46
-45 23 -14
-5 9 70
-11 -46 -23
-53 89 37
16 21 21
-4 -7 -99
-48 10 70
-11 -12 25
-36 31 25
51 97 41
46 10 69
8 -64 37
0 80 28
25 100 60
-58 65 54
49 35 27
4 -6 -25
5 -62 4
16 24 -6
4 -84 -72
37 24 -36
-60 42 38
57 61 56
36 0 -74
-3 -6 -74
15 -55 -33
-11 38 25
-40 23 49
-21 100 63
-2 -41 37
10 -26 16
-41 10 9
-27 -68 -37
-26 -66 -69
-7 -24 -12
1 100 46
-31 9 -91
-4 -84 -1
-16 1 2
30 -22 -44
-25 -29 -38
-38 -10 -55
-15 61 27
28 70 29
24 -66 -70
-29 25 72
13 3 39
-10 64 72
25 24 -79
-1 -84 46
11 -41 -6
31 2 -7
-8 -29 57
25 36 73
23 -26 -67
-24 -30 -65
-32 8 -24
11 24 -103
-8 -65 -94
-62 19 48
23 82 73
34 6 -48
40 22 46
31 47 27
-11 -24 -86
-8 -84 -25
11 -84 -39
-26 -77 36
18 -11 -88
8 -84 23
27 -84 -6
-33 84 31
-37 45 73
-38 24 -50
43 10 19
40 52 72
26 -84 37
60 28 45
20 -51 -85
45 18 -18
-37 -12 -33
-6 1 51
-29 -79 10
-10 -65 47
-35 100 47
19 -20 -6
-21 21 17
24 -84 -79
27 -70 -39
-6 -64 -31
56 78 45
9 23 71
1 -53 21
-2 -47 -92
8 -5 22
-34 5 -66
20 -4 -37
30 -14 -21
-2 -84 -91
-28 -82 -59
-55 84 58
-18 19 57
27 -84 -26
-32 24 1
-13 -3 -20
-32 88 72
-5 -17 8
-41 24 -32
6 44 73
0 -13 62
-10 6 20
8 -69 55
58 47 38
-56 67 35
-2 24 16
-23 24 -84
39 84 32
1 -59 -15
-1 10 -2
8 -36 53
-32 3 -6
2 -9 -47
-55 29 26
60 12 53
-11 -15 42
-17 6 -102
8 3 -91
-27 -84 -30
33 24 21
-27 46 27
25 -38 -41
37 -8 -58
-2 97 30
41 29 71
42 99 60
-17 -6 -63
28 15 -18
-23 -46 -35
14 -76 9
16 2 -14
6 69 72
15 6 58
1 11 -108
20 10 3
-12 24 72
-31 0 -43
24 23 38
-45 45 28
-18 1 -84
19 -2 -74
-23 -64 -86
6 36 24
-9 -68 -3
7 -42 11
8 -84 -55
37 68 72
-46 28 71
-17 -22 -24
-17 84 29
-12 -40 -7
-7 -27 22
-20 -84 -73
47 12 -38
-5 100 61
-52 98 50
16 97 72
5 -28 0
-24 54 73
-54 54 65
-26 23 -14
22 -42 -71
-46 10 -58
40 -8 -42
-27 -66 -54
-12 0 36
8 -52 47
5 -18 30
-45 80 69
31 14 -68
-3 -49 0
5 -83 60
15 19 -89
-44 24 13
-28 23 34
2 -16 -89
-48 10 -28
-7 -63 29
29 -13 -70
-15 -13 -6
43 6 -60
23 24 8
7 -48 -22
-56 21 63
15 84 29
1 24 0
34 13 -84
15 -76 44
-12 -35 -32
-24 -46 -70
32 100 47
-7 -63 12
-28 70 29
-15 101 47
-9 -42 50
-50 20 38
-1 64 27
55 22 28
-22 72 73
-8 -77 59
8 6 13
26 -62 -51
45 49 28
13 69 28
32 96 72
-16 -84 6
-20 11 -8
-9 -84 34
-10 -8 -33
-2 -27 39
39 10 5
45 24 -48
16 100 46
-62 33 49
-3 -74 -15
-42 97 34
-26 -20 -56
-1 18 -96
-11 14 8
-1 0 -12
12 -41 -33
-14 91 73
54 88 56
9 -68 -32
-60 55 43
-24 -2 -31
33 10 -29
53 50 64
57 23 61
24 35 25
-29 14 -77
11 -76 -4
49 70 66
13 6 -104
-34 1 -81
-29 -80 -43
9 -69 20
-45 16 24
12 -84 -87
18 -22 -80
-4 -9 -59
10 -30 -14
9 11 29
-40 -3 -21
-54 9 56
43 20 60
26 23 68
-13 -84 -11
47 23 17
31 24 -6
-43 10 -11
-5 50 26
-5 0 -87
-17 -6 -95
-7 -5 12
41 22 31
-22 -84 25
-13 22 28
-18 6 53
-20 -76 -22
-25 39 72
-3 -55 39
8 100 60
-43 74 31
2 0 62
-9 79 73
26 -55 -40
-60 46 54
57 63 42
10 100 34
-3 -84 15
11 -58 -92
24 -84 -40
11 19 7
19 -76 24
24 58 28
40 5 -16
24 -33 -56
49 75 33
24 1 -26
25 -79 -66
28 -17 -57
1 -37 25
-25 -33 -50
-21 -21 -78
-38 15 -40
28 -28 -32
-16 14 -93
-24 -76 -1
-56 53 31
28 0 -61
-31 23 60
40 98 35
38 60 29
-16 -56 -33
34 19 -53
-20 -76 47
27 21 -92
59 49 50
-20 -33 -83
3 57 73
11 -7 -97
-1 31 73
7 -6 44
16 15 44
32 -15 -34
-44 -4 -44
9 -7 -68
11 -45 -90
24 -9 -7
7 -15 12
-55 10 43
32 23 55
-17 -84 -37
-7 -63 59
5 -24 57
-25 21 -96
27 -4 -85
3 -54 -31
-32 24 14
-28 -55 -42
-35 100 60
-45 20 61
-9 -37 -89
-35 14 -58
-24 -4 -54
-2 -14 -3
-26 -56 -61
58 35 35
-28 -18 -29
-8 -28 3
44 14 -5
7 -84 35
8 -8 -36
-56 78 39
26 48 72
45 40 70
9 82 73
25 -77 6
-42 14 -70
-21 20 4
11 8 -6
-61 29 38
24 -76 -18
10 9 68
19 5 -86
23 -69 -81
55 75 57
-13 -34 -20
51 18 49
-13 -78 -94
-13 -74 -31
-31 96 32
-9 -84 -59
-13 -84 -83
-30 -14 -66
4 -71 -95
-26 58 28
28 87 31
-25 29 24
-16 -14 -87
20 -40 -82
-48 44 69
52 86 37
3 -84 -17
9 -84 -27
-25 1 -74
19 -76 -28
-34 24 -23
-45 15 -1
-12 3 -10
19 46 26
-39 22 32
39 21 -72
3 1 -104
34 19 11
-34 -15 -46
60 38 50
7 -3 -81
21 13 -9
-24 -40 -60
-42 -1 -60
8 -84 4
-31 99 70
-48 65 69
46 19 -29
38 36 26
-9 24 7
0 -84 -40
21 69 73
24 -24 -16
-25 -75 -81
-10 -53 51
23 -4 -48
34 24 -22
23 -52 -65
-11 10 30
-15 7 63
-5 -50 -14
-2 20 72
45 4 -47
-15 72 28
12 21 33
-6 -18 33
13 -84 -66
45 16 -55
-31 14 -2
-12 -50 -91
-24 -57 -76
-33 21 -85
-4 22 -106
41 9 -71
-7 -17 55
-25 100 52
53 12 23
20 -2 -95
1 -74 -25
-24 2 -20
-38 9 -50
-11 -73 40
3 -61 28
-1 -58 -94
13 33 73
-12 -19 17
7 -47 57
-26 -5 -86
-44 21 -61
10 -8 32
22 -79 -89
-2 -50 11
52 10 60
-48 18 -40
-13 -84 51
28 7 -77
39 72 31
18 -84 -49
49 20 38
2 -67 -7
33 -6 -14
26 -73 -49
36 15 -43
22 -84 47
43 99 47
-13 -45 -33
-45 0 -34
15 -4 -27
1 -48 30
-1 -27 -88
23 -56 -75
-43 86 33
26 22 28
6 90 31
11 -39 -19
-11 -72 7
25 -68 -60
10 -15 3
28 16 -1
-6 -84 -70
-14 52 72
38 87 72
-11 14 -106
-59 20 32
23 -13 -79
26 -83 26
49 60 67
-7 87 29
-52 74 65
-10 100 38
-26 -76 -67
-23 -7 -5
-53 21 21
7 -81 -95
-20 -76 14
35 40 73
-30 13 -16
-19 22 48
5 -35 44
10 -74 29
-36 35 73
-7 -7 2
-48 10 16
16 -84 17
6 1 53
-54 89 47
17 -84 30
-10 14 -2
46 94 67
-51 99 39
8 -58 55
-15 51 26
22 -47 -35
11 14 -97
-13 -5 -73
61 15 43
-33 2 -56
-57 79 49
-34 5 -35
-1 5 -95
33 78 73
19 -84 -15
45 9 -24
-12 24 18
6 -9 -59
-2 -42 17
-13 -75 30
-7 98 72
-9 -33 48
23 23 -13
59 23 37
21 -76 -8
-35 -7 -71
-32 23 43
38 -9 -28
49 19 68
-37 15 -28
7 -4 12
-36 42 27
-19 -84 37
-8 -84 24
46 17 10
1 -57 -4
-17 -25 -34
29 24 -70
-31 17 -67
-2 30 24
-61 26 56
-1 -70 60
7 26 23
2 -9 53
-34 21 24
-14 -76 -6
20 23 -98
38 15 -61
-35 24 -11
29 61 73
-22 9 3
-25 -84 47
32 4 -37
-44 24 3
-22 23 66
-17 -70 -92
-43 52 71
-2 -54 -23
21 -33 -76
7 -2 -17
17 23 65
-27 100 42
-59 65 45
-24 3 -95
-26 -40 -44
-21 30 72
51 89 46
-24 14 -85
54 44 30
-41 89 71
-4 -4 -21
-40 6 -73
-3 -36 60
-14 23 -91
6 99 69
-20 40 26
-7 -9 -43
3 -28 23
-35 -4 -13
-50 23 50
19 14 -101
-36 -11 -24
10 -37 4
-21 -84 -50
-3 50 73
-47 16 -50
8 19 -6
-23 -5 -42
50 98 53
40 18 21
-25 -84 -21
-8 -5 44
43 23 -10
33 22 40
-46 23 -24
9 -84 44
-26 -20 -38
-20 15 -101
-8 5 -105
7 -47 0
21 -84 2
-10 3 8
-48 60 30
-38 17 -79
-23 -37 -71
24 7 -17
25 20 16
-12 6 -93
-3 70 72
-49 87 66
-46 3 -50
15 -84 -75
-18 -84 -28
-1 -84 -82
-18 -84 -60
-10 -76 -20
-12 -36 1
10 -14 21
-21 -18 -17
25 -45 -47
7 -43 48
-29 -80 19
-36 18 6
19 -69 -33
-39 17 15
-28 80 72
7 -48 -13
44 28 24
-32 58 73
17 93 30
0 -84 -51
26 90 71
1 -64 -23
24 79 30
24 100 50
57 44 59
12 -17 -86
35 -12 -50
17 -11 -2
25 23 47
28 -23 -24
-52 38 27
-17 7 44
-2 -84 55
-11 16 69
9 14 -106
-55 64 63
7 23 -94
23 -76 33
-11 -30 14
38 -3 -66
-19 23 34
8 -67 11
31 5 -86
-27 -84 1
2 -28 -12
36 10 -4
18 -33 -34
53 53 30
36 24 -45
-14 -84 17
6 -22 7
5 -35 17
-47 17 9
-1 -9 -35
24 15 -78
-5 -49 -31
32 22 -85
23 3 -1
9 12 20
-28 -72 -47
-46 16 -19
59 30 57
0 42 25
-20 99 71
1 -59 12
-18 -84 -4
-24 -2 -66
23 -37 -64
-20 -76 23
58 55 43
-19 64 72
-1 -84 31
-19 -65 -33
10 -84 -11
-23 -55 -84
-49 14 32
-25 87 30
24 -74 -73
-11 -9 -54
37 22 67
-10 100 55
-10 1 27
27 -32 -46
26 2 -70
47 12 -47
11 5 5
29 100 39
8 3 28
25 -55 -57
8 92 73
-60 11 36
-41 100 53
-28 24 -78
19 -84 -24
9 -66 47
21 -19 -72
1 -32 32
-24 90 70
-50 20 69
33 24 -62
-8 -45 5
-2 -22 26
52 10 45
-60 15 58
-22 -29 -74
10 -22 -6
-14 -24 -17
-7 24 -98
-47 27 24
-9 -5 21
34 18 -29
-18 -6 -36
-36 24 -59
45 4 -36
-25 -75 -33
16 10 -92
-25 -28 -57
-9 -62 37
45 23 -37
-19 -39 -34
41 78 71
17 100 57
8 44 26
-58 57 57
-39 50 28
-22 -76 -9
-55 13 65
38 14 -35
3 -40 -90
-37 23 71
51 27 67
5 71 28
4 14 72
-10 95 30
11 -8 -48
15 13 62
15 60 27
10 -77 56
45 15 27
-53 28 66
-37 -8 -63
-8 -84 7
-4 -62 1
-20 20 -10
-53 95 58
54 70 36
-38 10 1
-6 23 -6
10 -75 38
3 -20 38
-28 23 50
42 -1 -53
-24 -18 -71
-21 22 26
35 100 55
-10 -74 48
-26 -25 -45
34 6 -61
28 -24 -53
-24 -84 15
-11 14 21
-57 75 57
26 -53 -48
-18 14 49
-61 45 45
-10 -68 23
1 -47 41
19 -84 -57
-35 74 30
-25 24 10
-40 22 40
-45 3 -26
-40 24 -40
27 24 1
9 -76 -28
-2 -22 2
-1 -84 -29
-37 90 35
-13 33 73
-17 -84 -20
1 100 56
17 -29 -83
-8 12 -99
55 30 29
-30 70 72
-27 -84 32
-43 35 26
-6 -12 -93
-5 -77 -95
56 58 36
22 -77 43
-6 58 27
-12 100 64
-8 -8 -66
61 24 52
-5 -74 -30
17 15 54
-3 -61 20
25 -76 -33
6 -27 44
-7 -47 44
16 8 49
28 -83 -16
18 -60 -89
-10 -25 50
-48 10 62
22 -84 -33
13 11 36
-12 -34 -12
24 -18 -64
-7 70 28
-27 7 -82
21 24 -89
10 -31 10
2 -63 -31
-13 -2 -100
36 99 65
20 28 73
33 16 -77
18 -76 1
-25 -69 -77
-40 1 -67
17 -5 -66
-52 74 33
7 -84 52
3 -11 -95
-14 -60 -92
26 0 -33
-57 47 61
2 -14 6
10 18 15
-4 19 2
-28 36 26
0 -62 61
11 -75 17
1 -55 4
36 6 -78
43 64 71
48 93 36
-9 -12 50
-7 6 -5
8 5 61
-17 33 25
50 10 30
-27 -77 -18
-1 17 -6
-27 -77 26
29 0 -50
2 56 27
-23 -48 -78
-27 -72 -61
42 24 -21
-24 -57 -35
-12 4 57
46 23 52
22 15 -91
-17 -76 7
17 -28 -18
-39 4 -14
14 -1 -80
37 11 -53
-18 -76 37
-58 58 36
-17 92 30
35 18 3
27 -80 -46
26 11 -85
-39 100 41
40 24 -29
-39 23 57
-2 -5 65
3 -31 59
31 56 28
21 -58 -34
-23 78 29
9 -15 35
3 20 -106
25 99 71
28 8 -22
47 51 69
-14 7 37
26 -77 20
14 -84 57
42 -3 -35
33 -11 -64
38 12 12
-8 -1 -15
2 -8 -66
0 100 39
34 90 35
24 -78 51
9 -27 51
4 -74 -10
30 63 29
42 42 27
-24 2 -1
-42 19 -54
8 80 28
10 -34 -32
-57 45 31
16 21 41
-25 -82 -81
-11 -46 -15
-52 83 34
-9 -4 -78
9 -34 -7
9 -74 48
17 33 25
-9 -11 17
24 -38 -49
29 -8 -77
-27 -58 -52
34 79 31
6 -64 -94
-52 16 52
-43 40 71
-2 -25 59
16 24 6
-47 67 31
2 11 -99
-45 21 -6
-21 24 -2
-22 -13 -9
-5 -36 43
39 24 10
1 -51 -7
-21 -77 55
-30 47 73
-12 -40 -26
6 35 72
-43 8 -18
-26 -37 -37
8 101 44
56 71 42
36 59 73
45 11 -15
-18 85 73
25 -84 9
51 92 62
-8 -26 43
23 -77 -81
-38 96 71
-43 -4 -51
-14 -18 -11
4 -84 10
2 24 10
-3 -84 -13
-15 70 72
25 51 27
-23 -84 -41
-15 24 11
1 4 -6
8 4 20
45 13 61
-45 72 70
7 -66 -2
17 -7 -43
2 -58 34
58 16 33
2 7 69
8 -67 29
-13 -28 -29
-8 -44 57
-10 29 23
-7 -34 18
15 18 -3
-6 -84 41
-11 -45 -2
34 -6 -71
17 100 38
52 19 21
