69 5 -95
-80 55 83
73 -31 84
-74 -13 -53
18 5 0
24 54 84
-73 -32 81
-9 -14 -101
-56 5 18
-2 -14 83
73 -13 -30
71 3 33
-19 5 -45
73 28 84
-30 33 83
30 -11 -62
-72 -31 -102
-11 5 39
37 5 65
-47 5 -85
-72 12 84
-23 -11 -4
-40 -11 65
26 5 -98
-56 5 -23
35 -11 30
-74 -11 47
56 5 -2
73 -32 -99
8 22 83
11 -11 -31
61 5 -61
0 5 -74
41 5 -32
71 -3 66
-73 -14 -2
57 55 83
-8 55 81
-42 -11 -58
-35 -11 32
42 29 83
-74 -6 -85
14 -11 58
50 -14 83
48 -14 -100
-51 53 84
4 -11 21
-22 5 80
73 -13 11
-23 -11 -77
-52 5 46
-8 5 -20
-34 -11 -30
72 -14 -75
37 -11 -12
24 -9 84
-38 -14 -100
53 -11 49
17 5 37
-2 -11 -54
-74 -13 -27
42 5 -78
-16 -11 58
-57 -9 84
-19 5 15
-49 -11 -1
-72 -14 23
-58 5 -48
17 5 -50
17 -11 -82
-24 5 -97
2 -11 -6
50 -11 -49
-51 22 81
-1 5 66
37 5 14
73 -12 -53
2 5 -97
-74 -11 70
-60 -8 -101
79 55 82
-36 5 -11
-30 5 51
-72 34 84
65 5 -40
-63 5 -3
52 -11 13
-29 55 83
-72 5 -66
-54 5 68
50 5 31
71 4 -18
22 5 -24
29 13 83
-72 5 32
-13 -11 -33
70 7 84
-32 -13 84
73 -13 45
-28 5 -66
22 5 -71
51 -11 -69
25 -11 11
-60 -11 -71
31 -11 -41
58 -11 -16
39 5 -54
0 5 10
-21 -11 -57
0 -11 40
32 -11 49
50 5 -97
-16 -11 25
-38 5 -43
67 -13 -101
-14 23 84
-55 -11 33
52 5 79
-57 -11 -37
22 -14 -101
-35 -11 13
0 5 -41
-70 5 59
-42 4 83
-4 -11 -82
-50 5 -66
18 5 69
62 5 49
70 -12 84
-1 38 84
19 5 19
-56 -11 53
67 5 13
-60 -11 -15
58 -11 31
34 -11 -88
-13 5 -3
-37 5 20
38 5 45
-40 -11 -81
-72 2 -37
29 -11 67
48 -11 -31
67 5 -77
42 5 -15
-10 -11 7
-72 1 12
-2 3 84
73 -12 -8
57 -11 -86
41 47 82
-27 5 34
21 -11 -7
-6 5 -57
-46 5 3
56 -11 68
7 5 50
-64 5 -92
-33 -11 49
-17 5 -78
10 -11 -66
19 -11 35
-75 -15 -98
-23 5 -26
15 -11 -49
7 -11 -97
-17 5 64
4 5 -8
-72 4 -20
-37 -11 -13
-17 -11 78
58 23 84
-2 5 26
-14 -11 -17
-36 5 68
15 5 -86
-2 -11 65
25 -11 -24
-56 -11 14
33 5 29
-20 -11 40
8 51 81
-73 -5 84
73 -14 28
-59 -11 -54
-39 4 -98
53 5 64
-39 5 -27
-30 5 3
-36 19 82
71 2 -2
59 -11 -1
35 5 -2
28 5 -40
30 37 83
39 -4 81
-59 -11 69
71 42 81
-43 5 34
10 -11 6
-74 -10 -68
-43 39 82
6 5 -26
63 -11 -41
51 5 -44
-12 -11 -68
-57 -11 -88
59 5 -26
-31 5 -80
-48 -11 -23
-41 -11 -44
15 -11 72
-72 1 -52
53 5 14
-66 53 84
-25 -11 -96
-51 5 -10
-61 5 -75
37 -4 -99
22 25 80
-1 -11 -21
22 5 56
-24 -11 -42
9 5 -61
73 -9 -90
61 -11 -60
-26 -11 68
-1 -11 -40
-75 -18 83
38 -11 16
42 -11 64
-58 4 81
11 -2 81
-68 5 45
42 15 82
-37 5 -56
31 5 -86
38 -11 1
-22 -11 13
71 2 -53
-72 -2 -101
-68 -11 35
-31 -11 -67
13 -11 -17
42 -11 41
-64 23 80
-44 -11 22
-11 5 -93
34 -11 -74
46 5 -66
71 -3 -68
-74 -4 -11
60 -4 83
-58 5 35
-12 5 -32
14 1 -98
-70 5 73
-69 -11 11
66 -11 56
-69 -11 -42
20 5 -12
-15 5 -66
-52 5 -97
57 -6 -101
12 -11 45
-44 -11 44
-6 5 55
63 -11 18
62 5 24
-44 -14 83
-46 5 59
-14 5 27
-49 5 -35
-16 -11 -88
51 5 44
34 5 -65
-48 -11 -70
-61 -11 -2
-21 5 -12
24 -11 23
14 5 -35
-35 -11 0
-2 16 81
64 5 74
73 -13 72
49 -11 -8
60 5 -13
73 -8 -19
-6 -11 50
-17 5 49
57 5 -83
-71 5 -81
12 -14 83
-10 5 76
-16 -4 -100
-72 -13 59
2 5 37
-22 5 -56
-28 -11 -20
38 -11 -24
-40 5 -73
-11 -11 -47
21 -11 -69
21 4 81
73 -6 -43
-72 -2 0
26 5 -57
38 -11 -54
71 -2 44
73 -3 -101
-62 5 -60
-47 -4 -101
48 -11 26
60 -11 -27
64 5 61
62 -11 -71
-3 -4 -101
70 5 -30
10 5 26
-67 5 22
-40 52 84
-2 27 82
12 5 10
-39 5 45
-57 5 6
-63 -11 -28
52 5 -55
28 5 7
46 5 55
26 -11 -52
46 -11 -81
33 5 75
27 5 41
68 55 83
-10 -11 36
7 -11 -78
21 -11 -35
32 5 -20
-32 -5 -101
33 -14 -100
-33 -2 81
71 -14 -64
-24 23 80
44 5 5
-7 5 -82
-59 5 55
-72 -14 -16
34 22 81
-30 44 82
-48 5 -53
-13 -11 68
61 -11 41
-47 -11 -91
9 -11 32
32 -11 77
-23 -11 -30
10 5 61
24 -11 -91
61 5 36
71 -2 78
-61 -11 44
-65 5 -28
6 5 -50
-31 -11 -87
-27 -11 22
40 5 -91
12 5 -73
-11 5 7
-31 -11 -55
5 -11 74
-1 -11 -68
-7 -11 19
4 -11 56
-9 -4 82
-72 -3 -28
-72 -3 40
-19 55 81
71 0 55
-63 5 -15
71 17 84
22 -11 48
-27 5 63
40 5 -43
-49 -11 -13
8 5 74
73 -22 -101
-68 -11 78
-49 -11 71
-44 29 83
16 -11 17
-44 -11 55
42 -11 53
10 5 -16
60 5 -49
-32 5 -91
-10 -11 -3
-59 5 -36
-46 5 14
-31 5 -20
-29 5 -34
41 -11 -41
73 -7 2
-68 -11 -92
-22 -4 83
-68 -11 -78
-74 -6 29
45 5 21
19 -11 -59
48 -11 -20
-48 -11 -33
-23 5 -87
46 -11 -60
-72 45 81
71 -4 -79
-34 -11 74
73 -6 22
-73 -4 63
35 55 84
-72 -2 -73
-72 -3 52
-4 -11 -94
30 0 83
-72 5 -9
63 -11 77
-30 11 82
28 -11 38
54 5 -74
49 -11 3
-4 -11 28
-29 5 -46
46 5 -5
34 5 56
-30 -11 59
-4 5 0
12 -11 -4
-20 5 4
73 -20 80
-75 21 81
-52 -11 -79
43 5 74
31 5 -49
29 5 19
-24 5 23
-49 -4 83
26 -5 -101
-52 -12 -99
-49 -11 -50
-43 5 -17
24 5 27
-57 -11 24
50 5 -24
24 -11 58
3 5 -85
30 -11 -5
40 5 35
-4 5 45
-9 5 -43
27 -11 -81
28 5 63
-35 5 29
39 -11 -66
0 -11 4
16 5 48
19 -11 2
-28 5 13
-58 5 -85
-23 -11 51
-63 5 66
59 4 -98
71 3 22
48 55 81
48 -4 -99
71 -2 -11
40 -13 81
71 3 -86
-52 5 -76
54 -11 59
51 5 -33
-46 -11 34
73 -12 63
62 -11 -50
9 -11 -41
31 5 -11
64 -11 9
72 -4 -32
-8 5 -11
46 -11 -91
-21 -11 -68
-44 -11 13
-74 -4 -61
61 -11 -94
-3 5 -30
-5 -11 -29
-75 4 81
29 -11 -16
-64 -11 -63
-46 5 24
-33 -11 -40
6 5 18
30 5 -75
46 -11 72
49 22 83
-44 5 74
64 5 3
29 47 82
-1 47 80
48 -4 83
70 5 -61
16 55 81
71 -3 13
-60 1 -98
71 -14 -40
73 -5 31
-19 -14 -101
-74 -7 18
-64 -4 82
22 5 -80
-15 -11 47
-6 -11 -11
-66 -11 51
-29 5 73
9 5 -1
33 -11 -31
53 -11 -39
-18 -11 3
-24 -11 30
65 -4 -99
0 5 -16
0 5 -64
64 -11 65
31 5 -31
7 -11 -57
-10 -11 -57
41 5 82
73 -6 -59
-21 5 40
-25 5 -74
-12 5 -51
-67 -11 -8
16 -8 -101
-74 -6 -48
-44 15 83
69 -11 38
-38 5 -65
-19 5 72
65 -11 -10
63 5 -69
23 -11 -44
24 -11 75
-54 -11 62
-9 5 16
5 -11 -89
-21 -11 -12
-60 5 43
-51 -11 -60
-31 -11 41
-20 5 -34
-66 5 81
-72 -3 73
-7 -11 77
65 25 80
-74 -4 -93
-64 -11 61
42 39 82
-30 -11 -8
54 -11 76
19 -11 65
-62 -11 -46
-15 -11 -25
27 5 -4
-3 5 -49
-25 5 -5
-39 -11 -69
-65 5 7
54 5 23
-55 5 26
-48 5 -44
-37 5 -3
-2 5 74
-38 5 7
35 -11 60
-67 -12 -101
10 5 -43
19 5 -93
56 5 72
-34 5 59
-38 -11 -23
43 -11 -73
-55 -11 -29
54 -11 -56
-74 -8 -34
68 -11 -83
56 -14 -101
72 -14 20
-73 -4 -19
-24 -14 83
-1 -6 84
-74 -23 -98
-31 -11 -77
-72 5 -97
7 -11 65
30 -11 3
-55 5 -3
-36 -11 22
4 -11 13
53 -11 41
7 -4 -101
67 5 42
70 5 68
67 -11 -1
56 -11 -76
65 -11 -21
49 5 -83
52 5 -11
-9 5 -71
4 -11 -47
-54 5 -58
-41 5 -91
-63 -11 29
-6 5 33
-55 -11 4
-39 -8 84
59 -13 84
-9 0 -98
-74 -8 5
29 29 82
40 -11 -101
40 4 -98
-36 27 82
-50 5 81
-72 -1 23
17 -11 -94
-36 5 76
-15 5 -25
10 5 43
-65 5 -45
-59 5 -67
-28 5 43
21 5 11
-64 5 29
5 -11 -13
55 -11 23
-11 -11 -79
67 5 -10
-9 -11 61
-9 5 62
20 5 -43
-52 -11 78
41 -11 9
60 5 -91
71 1 -45
-13 -11 -95
73 -9 53
66 -11 47
73 -13 -97
-74 -13 39
32 5 -94
-66 -11 19
-72 -14 -62
0 55 81
-72 55 81
-57 25 84
-36 38 83
-69 5 -73
36 10 83
54 5 -63
15 5 -22
-65 -11 -21
26 -11 30
45 -11 18
-40 5 -35
2 -11 48
71 0 5
54 5 5
57 -11 -8
2 5 57
-54 -11 46
-55 -11 -21
15 5 76
16 5 -59
-47 5 -25
-15 5 -58
17 -7 84
-30 5 -58
-23 -11 -50
24 5 -64
64 2 81
-16 3 -98
-30 -12 -101
-14 5 -16
-37 -11 -50
63 5 -20
38 -11 -81
-51 -11 -42
-17 5 34
34 -11 -48
37 5 23
15 -11 28
17 -11 -23
54 5 -18
9 -11 -23
57 5 58
-9 -11 -40
-39 -11 38
38 -11 70
-21 5 56
45 5 -50
71 -2 -94
74 49 82
-59 51 83
-74 -13 -9
-72 -14 -87
-41 -11 77
72 -14 -23
71 34 81
-24 -2 -98
-15 3 81
17 -11 10
-51 5 39
-7 -11 43
45 5 63
15 25 81
-65 5 38
-67 -11 -51
40 -11 23
-27 -11 7
7 5 -34
-43 -11 -8
-3 5 -90
-16 -11 -7
-18 5 -92
-47 5 -4
-55 5 -16
12 -11 -88
40 -11 -32
-27 -11 75
-68 -11 43
64 -11 -33
61 5 17
-23 -11 -89
31 -11 22
57 -11 7
33 5 -58
-33 -11 66
-47 5 66
-29 5 -12
-3 -11 -61
-62 -11 5
22 -11 -17
36 5 6
59 -11 53
28 5 48
-54 -11 -8
-37 11 82
10 5 -91
-71 5 66
-71 5 1
4 -1 81
-33 5 -73
32 -11 11
24 5 -31
-44 -11 5
19 -14 83
-7 5 -64
2 5 -57
-9 -11 -88
-52 5 53
-59 -11 -79
26 5 75
-9 5 69
-72 2 -45
-38 5 -80
-65 5 15
59 5 -33
54 -11 -94
10 5 36
-66 5 -53
71 4 48
-74 -13 32
-71 -25 84
41 21 83
-31 5 -98
-71 27 82
-55 -4 -99
-38 -3 -99
-62 -14 81
-43 22 84
71 -13 -15
73 -10 -69
68 -5 84
33 -13 84
-30 22 84
-12 -10 84
71 4 61
-37 -11 -94
45 -11 35
13 -11 38
-66 -11 -35
55 -11 -63
-41 -11 -30
5 5 31
34 5 38
-1 5 -23
-67 -11 67
62 -11 -79
57 5 -41
-53 5 -29
-52 5 32
38 5 -23
45 5 -58
54 -11 -23
52 5 -90
39 5 -9
-10 5 48
15 5 -6
40 -11 -94
-20 5 -19
3 -11 -33
-60 5 -9
66 -11 32
-34 5 40
58 5 30
-62 -11 75
36 -11 38
68 -11 -47
70 5 -68
-46 54 80
35 33 83
-55 -2 81
2 22 81
-72 -14 -73
-72 5 -29
-66 -3 -99
73 -6 39
-75 -11 83
1 11 83
-37 46 83
12 -14 -100
-9 25 81
63 52 80
-44 46 82
36 40 82
-13 51 81
-74 -14 -80
-27 -11 -35
-14 -11 13
26 5 -15
14 -11 -71
-43 5 -61
-54 5 -41
-43 5 50
55 -11 -31
-42 -11 -17
36 5 -37
-16 -11 -53
18 -11 42
41 5 28
-31 -11 27
-15 5 20
45 5 -37
-43 -11 -75
45 5 40
-16 -11 -63
12 5 -54
-9 5 23
8 -9 84
-9 -11 -21
-7 -11 -72
7 -11 0
9 -11 17
15 5 57
67 -11 -55
29 5 34
-55 5 60
-18 -11 -46
38 5 -73
36 5 -81
-72 3 50
73 -9 77
73 -8 -26
-74 -8 -5
-61 -11 -96
66 5 -56
9 5 -98
-72 1 -87
53 -8 84
54 0 -98
67 -11 71
8 4 81
-66 -11 -86
-54 5 -91
60 5 -76
-29 5 27
-23 5 47
23 -11 -75
20 5 62
27 -11 17
-14 5 -39
43 -11 -14
10 -11 51
-4 -11 -48
-61 5 72
-39 -11 -36
-21 -11 20
-3 -11 11
9 5 -82
-72 -14 -35
63 -11 -88
-46 5 43
48 5 69
-59 -11 38
-29 -11 -61
-55 -11 -48
71 -1 -39
-4 -11 57
32 -11 -56
-15 5 58
-21 5 -64
-40 5 -49
40 53 80
71 -26 80
73 -14 0
72 -4 60
72 0 84
-74 -14 14
74 13 81
35 4 81
-68 -11 -69
67 5 -48
-28 -7 84
-74 -12 -93
-66 5 51
73 -8 16
-65 5 -98
33 -8 -101
-74 -10 77
-73 -4 46
-31 4 83
-46 1 -98
-75 39 83
-72 -3 -79
-60 5 -54
57 5 43
16 5 -28
27 -11 -70
42 -11 -47
43 5 15
-23 5 -50
49 -11 55
-36 -11 -59
-16 5 -85
-9 5 -26
-3 -11 71
15 -11 -40
-47 -11 64
68 -11 -94
3 -11 31
-29 -11 -14
12 5 17
7 -11 39
-19 -11 67
59 5 65
-38 -11 45
-17 -11 31
-38 5 -21
56 -11 -48
18 5 26
60 -11 60
27 -11 44
7 5 68
-3 5 20
-61 -11 -9
-44 5 -11
67 -11 26
-5 5 -98
-44 -14 -101
-17 -3 81
-41 -2 81
-72 -14 52
-71 5 -60
1 33 81
59 5 79
-3 -14 -99
65 5 -32
60 5 -55
9 5 -67
31 -11 -24
36 -11 -5
-65 5 -39
20 5 -36
-18 -11 -40
50 -11 -14
-48 5 -91
-24 -11 59
-33 5 -27
-40 -11 71
-37 -11 -88
-63 5 60
-21 -11 -18
73 -7 70
28 5 69
40 5 -65
-61 5 22
64 5 30
-54 5 74
-30 5 -52
22 5 48
-71 5 39
-65 5 -82
66 5 -89
73 -13 34
68 5 -24
17 -11 78
29 19 82
-35 52 80
-17 -14 83
-72 -14 6
72 -4 -3
73 -7 46
71 -3 -50
55 -2 81
-7 3 81
42 -8 84
34 2 -98
