2 -83 -7
-44 102 62
46 31 11
0 -8 -89
-41 4 8
44 100 61
-5 38 63
41 -27 -32
-32 -39 -40
-1 83 18
10 -29 24
-1 -80 -63
-46 54 35
44 45 62
-2 35 14
-1 89 63
-25 -45 3
16 -40 -65
-5 -10 -10
41 73 30
-36 -8 -66
44 -13 7
7 -47 -24
1 2 47
38 -8 -65
-27 -78 -35
26 -78 -36
-42 -7 -28
-41 31 63
-34 88 31
-30 68 63
24 30 39
20 102 37
-2 -64 20
17 8 10
-17 -34 -70
-25 -21 25
16 62 63
-42 35 11
24 -45 2
23 52 13
-24 30 38
24 -7 -15
-21 60 18
-25 -78 5
-3 -27 -42
-42 -22 -2
-12 10 10
44 73 58
-15 -58 -54
-9 101 37
6 61 32
21 -78 11
-1 -83 -36
25 -46 -42
-21 -29 -17
0 -38 0
-22 -58 -20
-4 -23 44
44 48 34
44 98 33
21 36 63
-12 -43 28
16 -16 -72
0 26 41
21 -70 -13
15 -65 -53
24 -11 22
22 81 18
17 -27 -30
30 -7 -39
-4 -11 18
24 88 63
-14 -11 -71
-21 102 62
34 -30 -55
37 -30 -8
-6 67 63
-42 -20 -46
13 -20 3
-46 52 58
43 9 6
-46 81 56
21 30 10
-19 -83 -14
12 -50 28
-17 76 32
29 -45 -21
-20 -20 2
-25 46 63
2 -47 -44
-46 102 41
44 -10 -20
-21 -81 -54
-45 32 31
44 30 45
1 -83 14
1 -28 -80
-8 43 32
-40 -28 -23
-23 -23 -54
-44 -16 19
-40 55 16
-29 -7 -12
0 -27 -19
-23 30 10
12 102 56
3 54 14
-2 -47 -65
42 55 14
15 -27 -49
29 -27 14
15 -59 11
17 -83 -56
20 47 32
-34 69 31
1 -27 -61
21 -61 -30
-21 84 63
-14 -38 -33
-28 102 41
2 -1 5
-29 -7 -49
27 -7 3
23 66 32
-6 -29 14
44 85 45
12 87 32
-27 49 32
-24 -4 8
-9 -47 -12
-23 -55 -38
-17 -63 10
20 -29 -12
3 19 12
-31 -43 -16
-20 30 57
-16 -38 -50
-27 -23 -36
33 58 63
32 102 49
-28 -21 -71
14 -83 -20
14 66 16
44 59 46
-46 79 38
8 48 63
37 30 62
26 -83 -4
-23 -66 -6
-27 76 18
-23 -34 14
40 -13 23
31 86 31
-11 60 32
-44 30 47
11 78 63
-7 102 54
44 -10 -47
-32 17 11
-17 43 16
11 -47 -8
31 -21 -21
10 30 53
29 -23 -68
17 -41 16
-44 -9 -12
31 69 16
-15 -80 17
3 -63 -62
28 -8 -77
30 17 12
-34 -23 11
9 -14 25
-46 68 48
7 40 32
-15 -48 14
29 -24 -40
27 -9 -54
-1 78 33
5 102 41
-15 -7 -85
-13 -23 -80
-9 71 16
10 -7 -6
43 32 30
39 -7 -7
-11 -83 -1
-4 -83 -21
33 39 11
-46 68 63
-35 87 63
2 -14 -76
1 -22 -6
15 -7 -84
21 -60 -3
-27 -7 -77
-14 -83 -42
13 -38 -37
28 72 63
-10 51 63
15 -47 -53
-15 84 20
-5 -24 30
-38 -11 5
-33 -33 -3
-31 -15 -23
-21 94 32
-34 -31 -51
-30 -20 -8
15 41 16
-10 24 13
44 44 47
-2 -38 -54
13 -83 -38
17 -29 -75
-9 -9 5
-31 41 15
35 59 31
30 -20 2
43 -7 -34
0 -38 -34
-43 -7 -42
-4 -10 41
-11 -29 -4
-6 -47 -26
44 87 59
14 -24 -62
4 -20 13
-10 -71 -59
-31 30 49
0 -83 -50
-5 14 44
26 30 52
-37 -21 -59
21 -54 -15
-21 -66 -45
-33 102 55
-23 -51 -9
18 -38 -24
-13 -38 6
23 101 63
0 -50 24
-17 -83 -29
33 -36 -42
-30 -11 17
-46 90 46
-45 94 31
33 41 31
-46 44 43
-9 -27 -29
41 -23 -45
-27 -47 -28
-34 55 63
17 -20 15
-19 -7 -4
-15 -46 -61
-10 -27 -53
13 -83 2
3 71 20
-12 30 44
44 -19 -10
-22 -38 -7
-9 53 17
3 -38 -12
20 -58 -44
-25 -11 -61
-33 36 31
-22 -69 -28
44 86 30
-16 -12 25
44 73 43
5 -27 -32
14 -38 4
-12 -47 -42
10 -70 16
21 -17 -8
15 -4 8
26 -40 -9
-1 -38 -73
25 49 63
0 90 33
26 -82 -16
-15 -23 -65
44 100 46
38 -31 -21
-6 31 33
1 102 62
-31 -11 -38
24 -78 -48
0 -37 24
-46 41 55
38 -17 -57
-38 -28 -38
-34 67 16
-41 -8 -55
25 -40 -54
-24 8 6
9 29 10
-12 93 63
16 76 32
32 100 34
-27 -78 -21
11 30 38
30 6 6
-20 61 63
30 -34 4
-44 -16 -34
-24 -47 -46
-43 20 10
22 -49 -30
-12 -38 -19
-27 -82 -6
-16 -27 21
-7 -20 6
-11 87 32
30 -10 -25
19 -7 -66
-20 -29 -43
10 93 63
7 -52 -61
30 -21 24
25 -33 -63
33 -39 -31
4 31 63
-42 43 30
-45 67 30
34 94 63
-9 -55 28
43 21 8
-32 -29 -15
3 58 63
-11 77 63
-18 102 46
45 42 16
41 -2 8
10 -75 -59
33 -11 14
-46 91 61
10 82 18
13 -82 18
-6 -47 6
43 -21 -21
18 -69 5
-17 -21 -9
-3 30 51
-36 99 34
44 61 57
11 -27 -18
-30 31 63
13 -83 -9
-21 -56 2
28 -29 -29
-21 18 12
-35 -36 -29
31 58 18
33 28 13
9 -20 -83
13 55 18
-28 -33 -60
9 -38 -54
-28 78 32
7 -57 19
34 81 63
6 -45 8
20 19 8
-23 -38 -24
31 40 63
3 -29 5
-26 -83 -45
-11 -83 -59
28 -21 -58
-20 -16 -78
22 -68 -38
22 -77 -26
-15 -47 -1
18 -29 9
44 37 55
7 8 6
-38 77 63
4 70 63
-1 -83 3
-6 -77 19
-5 -7 -80
11 -22 -9
20 -25 24
7 -29 -71
-18 -9 -14
9 -11 13
-34 29 13
33 30 44
-20 -29 -31
-42 -24 -13
-11 -58 16
-6 -29 -70
-18 -20 13
-8 -24 -13
-36 40 63
7 -29 -42
2 49 32
18 37 32
1 -47 -6
10 -40 28
-36 -21 23
24 94 32
-46 100 52
-32 -19 -49
-1 -14 0
-37 55 31
-42 45 12
-11 -69 16
-3 45 16
2 -27 -51
22 102 48
8 -47 -34
31 -20 -8
-29 -7 -2
-32 2 5
-7 -47 -53
-2 63 15
16 -29 -1
-29 -33 6
-23 -41 -57
22 70 20
17 30 46
16 -38 -8
-40 77 31
-7 -20 21
-1 -38 -21
-28 -29 -25
-5 69 32
33 31 31
43 -18 -36
-27 94 63
-16 2 5
6 41 12
-4 -20 -84
24 -38 -36
40 64 18
3 -58 27
-11 30 63
-27 52 17
32 -21 -49
24 -29 -53
31 76 31
8 70 32
-9 -53 -60
24 38 15
-22 -73 -13
33 -38 -15
-13 33 14
-16 34 32
12 -7 -74
21 61 19
-26 -21 -18
-46 58 49
-14 -11 15
22 -11 10
-11 -16 -2
19 -7 -2
-15 -29 9
4 -39 -64
15 55 32
22 -20 7
44 64 33
22 -23 -20
-10 -41 -68
39 -7 -54
25 -15 -65
34 -7 -17
15 -47 8
-18 -47 -31
9 -38 -20
17 -29 -39
-17 75 21
-23 -38 -43
-5 17 8
-8 -16 -76
-21 58 32
7 -38 -45
-17 -47 -18
2 -21 38
-26 -29 -8
-12 -38 -9
24 -36 11
26 -29 -5
21 78 63
-28 77 63
-18 45 32
11 37 63
23 -50 -7
-43 -11 -2
15 -47 -17
23 -21 -75
-6 3 9
-20 -76 -47
-12 -83 8
33 102 58
-19 71 63
21 -62 -20
34 50 31
-31 -20 1
-20 -26 -73
23 0 9
39 -23 -2
-6 -47 -35
-1 -11 9
34 49 63
35 51 13
43 54 63
-6 -38 -46
-36 -20 -34
-15 -40 18
3 -29 18
-11 -34 24
-38 -7 -19
21 -77 1
-10 -83 -50
-14 43 63
-23 -66 -36
13 102 45
-21 -17 -68
5 -47 -53
8 95 32
35 -15 -38
-7 53 32
28 -7 -67
-20 -29 0
11 19 8
16 -47 -41
-44 -15 8
34 -18 -29
-20 -57 -47
19 -70 -47
-7 -64 -61
35 -21 14
-28 -21 -62
-44 44 63
-30 -42 -6
-29 -11 8
-26 67 20
7 63 19
-18 -50 -53
-38 96 63
7 -83 -55
-12 -29 -38
44 95 53
44 79 36
-2 102 46
44 78 51
15 86 63
-26 66 32
5 -7 -81
3 -73 19
-43 85 30
29 -29 -17
4 -23 26
-11 62 15
-33 30 38
36 -8 5
15 -56 -53
-22 -29 -64
-17 102 55
-26 -38 -34
-10 -83 -11
18 44 63
14 75 21
-40 61 63
44 38 41
6 -29 -10
-38 -11 23
-26 -7 -20
-18 -76 9
17 -33 19
8 79 32
-45 -14 -24
-1 98 35
21 -83 -41
-1 -15 48
-18 -11 6
2 -7 -3
43 -16 -2
-24 -14 -10
-7 87 23
9 -83 10
-10 -29 -20
-2 21 48
33 -12 -49
-21 -7 -67
32 -36 -5
-28 -25 18
-20 -71 3
-25 -12 25
8 -37 -71
36 -29 -39
-3 75 63
6 -83 -18
-22 30 46
-8 -83 -31
-22 36 63
-29 60 15
-20 51 13
40 30 52
-17 -68 -52
-23 -75 -4
-15 -48 22
8 -10 -88
21 -70 -30
-30 -14 -55
3 -20 4
43 -16 16
-33 8 10
10 -13 -1
-1 25 9
-18 101 37
-35 -20 -15
-1 -15 25
-35 102 45
-5 -83 -43
-22 -65 -16
10 -20 19
6 -83 -42
11 -47 1
5 102 52
-4 -29 0
-8 -38 -2
-9 -38 -58
0 49 63
18 94 63
6 85 63
14 -83 -30
-13 -38 -41
-25 38 11
39 -24 -14
-8 100 63
44 -14 -29
-30 102 63
-29 95 32
28 -7 -8
-3 60 32
27 -14 -14
36 72 63
-22 -38 -15
-10 59 63
21 -70 -21
-35 -36 -18
-46 76 62
43 80 63
-5 -28 24
-46 62 57
-26 -83 -29
-12 -30 -76
-21 -41 12
9 -29 -58
-44 30 39
-42 12 11
37 -30 -47
-26 -47 -38
22 -53 -38
4 89 20
35 11 10
24 11 7
-44 -21 -20
-46 49 49
22 -71 -4
16 85 22
-22 -59 -9
36 94 31
3 -22 -76
16 30 61
-25 -20 8
-26 -29 -48
44 54 39
8 -29 -1
4 -83 -30
-19 51 63
18 -11 17
14 -15 -81
-23 84 32
18 -7 -10
-34 -20 -42
15 -73 -53
-8 -27 -62
-12 -14 -82
-41 -26 -31
44 -11 -11
2 9 43
2 -73 -62
-35 -25 -4
-6 -39 7
30 -27 -62
28 -29 -46
44 35 63
-46 91 54
44 50 56
11 -23 -74
10 -66 -59
-34 51 13
-19 -38 -64
40 30 37
33 -7 -32
5 -9 5
26 38 32
-46 63 41
-35 -7 -44
13 100 35
20 -7 -77
-19 -50 7
-35 45 31
5 -83 20
7 30 46
1 -47 -29
16 -38 -44
6 -38 -5
29 77 18
-19 -29 -51
28 46 12
-38 -20 4
17 -29 -56
24 -29 -36
1 -55 -63
-26 23 9
17 -39 -54
20 -50 -47
28 25 9
13 -52 13
30 -37 -49
-37 -7 -35
-13 -7 -78
22 -26 17
15 -83 -49
39 34 14
-32 -29 -34
-21 -24 -24
2 -5 46
-17 69 16
-34 -36 -11
11 50 13
-9 77 21
21 -20 -1
-29 -22 -29
-26 -48 -19
-34 -27 -57
14 -44 22
12 -29 16
29 102 41
-22 -83 10
-9 -29 -46
-36 -14 -62
-41 -11 14
14 32 14
-3 -29 -10
-33 -12 -31
-38 -3 5
9 0 9
34 -17 -63
21 -29 -68
-3 -29 -35
-16 52 32
-27 59 63
-29 -39 1
-19 68 32
4 39 63
26 60 63
-22 -60 -28
18 55 63
39 65 63
10 -29 7
16 68 32
-7 -38 -36
-4 -38 -14
3 -47 1
-4 0 41
-32 48 63
-38 69 63
11 -45 -61
-7 41 12
35 23 9
27 -47 -14
26 -38 -19
-35 -7 -58
-46 71 56
-45 -8 -35
20 102 56
5 46 16
34 -1 5
-22 -52 -25
42 42 30
14 -47 -30
-17 -29 -11
15 72 63
44 69 49
-21 -83 -38
-29 102 49
-17 -83 -7
-14 96 32
-6 -46 24
-20 -38 2
-1 7 6
1 -13 -84
23 -39 0
-28 -14 -72
15 -11 5
42 -7 -27
11 46 32
-4 -4 7
22 -77 -8
21 -22 -60
-14 -20 -72
21 45 16
-41 -14 -51
-8 79 32
26 -39 -27
-14 19 8
2 16 45
43 102 53
-23 -76 -29
37 -7 -38
-28 -24 -43
14 100 63
38 -16 9
33 -39 -23
16 -35 -70
22 -42 9
22 -47 -21
-8 -11 25
34 -28 0
-45 -16 -11
14 24 13
-28 -37 -54
-23 -73 -38
44 65 41
31 30 57
9 -14 -75
31 -11 23
-27 30 56
21 -55 -22
-6 -47 -46
-6 84 63
44 93 45
-6 -38 -27
-28 -14 -17
17 -38 -16
9 -47 -45
-27 -81 -13
-7 -29 7
-11 -83 -20
-18 -83 3
3 -11 17
-4 -47 -1
21 81 32
6 -27 -25
-40 102 56
18 -83 -14
-35 59 18
20 -83 4
-3 -83 21
-21 -22 -61
9 -27 -80
-35 -33 -43
-37 -29 -9
21 -83 -34
4 78 22
-38 -24 -52
-4 30 63
1 -39 7
24 30 60
25 31 32
-11 -7 -4
-36 -7 -12
-28 58 32
-27 42 32
-46 37 63
-21 -7 -81
4 30 37
27 64 19
-42 50 30
7 -48 24
18 -22 -70
-38 30 32
41 46 12
15 -18 -4
41 -10 -1
29 -34 -56
30 55 31
-6 -26 -79
13 -29 -67
-27 -29 12
22 -40 -47
-44 58 30
-45 102 34
13 -29 -8
2 30 56
-43 30 56
36 -7 -45
-41 51 63
21 -74 -41
-35 -35 -35
9 73 17
3 33 10
5 -11 -9
-9 -21 -6
26 -29 7
20 -51 1
-32 -41 -31
39 -22 -52
5 -34 28
33 -10 -71
39 79 30
27 34 10
-22 -63 0
35 -21 -42
-15 -45 8
-33 -28 2
5 85 32
-1 -47 -58
20 -22 -13
24 -14 -75
24 -9 -60
-5 -22 38
-40 26 13
25 -23 -49
-27 33 32
-7 -77 -62
22 -39 -60
22 -27 -44
-1 -18 32
17 95 32
-16 -39 -57
44 102 39
11 -27 -37
-38 30 44
26 -46 -34
44 -16 -16
32 -16 -54
-4 -27 -56
10 -20 9
44 88 39
7 -27 -64
-37 30 52
-4 -83 9
10 66 63
-35 -7 -5
31 87 63
-41 102 48
1 -7 -75
34 70 31
-34 61 31
-20 -83 -48
33 -21 -35
-15 57 14
18 -18 25
16 3 5
-3 56 18
-17 27 9
-43 -21 -39
-39 -21 -25
-32 -7 -71
-16 -25 -57
-4 -20 -1
4 -46 -64
29 -41 -44
-4 84 32
-14 -11 -9
18 -29 -20
-29 -27 -64
21 -63 -9
-31 -15 25
-2 70 16
-37 15 7
-4 -17 41
-46 59 63
-37 36 15
-26 -83 2
-16 30 38
-9 -83 17
-27 -46 -10
0 -29 -67
-36 -18 17
0 -83 -57
-6 30 14
-21 -26 17
-4 -7 1
30 -22 8
40 28 9
-30 -8 -26
2 69 32
-30 -21 -55
10 36 11
15 -68 10
-2 -38 -62
29 51 17
-28 -42 -45
-4 -33 28
28 -17 -71
43 -21 -30
-13 48 13
-23 -83 -19
-20 -38 -37
19 -83 -25
23 -83 -10
0 -27 -28
-3 -83 -11
-22 37 32
-1 -29 10
2 -38 -49
-3 -38 -6
13 13 7
5 -38 -38
24 -21 13
-22 79 22
-12 -47 -49
37 4 9
-12 102 50
-2 -38 -41
2 -29 -5
-28 30 43
-24 -47 -4
-12 -20 17
35 43 16
-26 -20 -3
-38 93 31
20 -38 -31
-1 12 11
