183 182 168
79 80 20
39 63 183
216 61 83
39 182 109
156 70 182
165 140 32
91 180 188
96 77 111
222 182 82
128 180 100
211 112 144
39 113 83
46 130 158
137 134 178
162 77 117
204 122 78
218 62 182
131 120 83
74 140 35
172 80 43
96 83 178
96 140 130
35 181 187
163 140 129
46 82 131
39 60 84
218 147 181
83 182 79
208 164 127
136 180 150
173 181 78
75 182 142
90 129 178
131 71 83
181 119 178
129 80 147
74 140 89
169 182 123
207 77 121
61 82 57
168 140 88
46 143 118
189 80 157
59 96 175
217 101 183
223 181 160
181 79 83
37 180 147
147 180 187
39 156 83
191 143 152
79 80 143
127 99 178
210 133 111
127 143 110
95 180 112
180 117 53
218 95 93
65 80 97
160 106 25
128 140 143
62 124 61
79 112 18
40 148 183
109 142 83
129 80 113
62 182 171
104 180 153
49 113 130
217 150 83
208 180 188
198 180 101
159 143 160
68 143 141
52 182 82
120 171 177
124 70 181
156 104 178
101 71 83
69 70 182
157 80 153
103 142 157
185 71 183
184 143 111
111 182 79
120 182 127
42 118 183
148 170 83
68 180 108
67 142 172
49 77 158
49 157 158
208 105 118
164 180 150
71 103 41
192 96 66
121 96 88
191 180 140
49 103 106
38 87 85
222 180 113
188 139 63
155 80 85
104 77 153
210 160 152
207 125 174
115 121 175
143 142 90
46 105 155
72 140 114
210 87 146
194 93 178
49 167 130
210 137 139
144 180 122
189 142 178
97 140 105
178 80 135
158 182 101
49 126 100
80 106 175
71 80 120
56 101 72
199 80 99
208 156 106
159 127 178
210 80 169
168 170 179
223 181 137
198 182 79
38 86 182
54 140 75
141 80 169
195 140 89
115 77 130
64 121 178
204 80 78
49 163 108
156 140 108
160 83 25
95 182 134
210 116 97
46 79 107
208 101 164
213 166 173
114 77 98
183 143 133
84 182 168
78 70 85
78 77 165
141 140 125
46 144 139
177 80 104
172 90 175
118 142 175
131 182 80
202 180 159
39 167 173
71 80 39
74 170 183
69 170 88
141 80 131
81 140 16
178 182 106
105 104 175
179 97 50
210 141 163
189 170 182
178 140 46
38 135 86
85 140 162
147 80 103
56 70 83
167 119 38
60 182 125
200 182 123
137 143 161
103 182 173
150 143 143
154 180 169
96 172 88
117 140 125
61 77 142
95 80 130
55 180 149
36 180 90
110 180 99
189 80 119
74 121 34
208 122 127
58 143 97
217 166 93
53 180 188
199 143 122
218 132 85
39 182 127
187 80 59
187 171 88
202 98 80
132 182 168
143 117 175
125 138 88
42 103 172
118 80 165
64 140 50
193 115 66
197 77 140
169 140 145
77 182 122
49 134 179
49 97 138
218 75 93
157 77 135
168 142 178
153 182 137
136 87 86
75 96 25
64 100 57
86 182 97
210 125 156
208 175 143
80 80 105
73 88 178
42 182 166
217 110 83
129 182 187
119 180 144
49 126 119
55 120 76
201 110 178
176 140 163
52 180 98
210 93 131
112 143 142
169 94 35
92 143 89
113 143 99
49 95 121
53 79 183
201 79 183
210 89 110
177 180 188
172 77 161
118 170 88
164 171 88
58 143 159
208 172 113
61 143 125
144 182 94
166 70 92
107 72 183
222 182 178
99 142 172
214 182 98
120 142 157
138 170 178
112 80 114
180 182 152
87 70 176
184 180 124
94 80 93
153 88 175
49 101 88
49 167 88
141 72 183
103 170 182
199 180 175
218 83 182
65 80 157
149 140 171
53 82 74
160 127 25
66 116 48
43 72 93
114 182 186
129 77 96
193 70 87
49 115 167
71 182 157
46 130 134
46 116 144
81 140 134
174 180 139
171 107 175
172 70 174
203 170 86
91 143 148
208 145 94
105 180 123
46 167 147
48 161 183
119 79 83
142 142 107
116 90 178
80 140 178
116 180 163
60 170 178
210 148 130
203 139 77
163 182 185
118 182 113
93 77 163
137 182 135
182 142 96
133 107 88
46 90 166
203 77 157
158 182 79
169 182 168
89 182 155
145 80 146
49 149 170
198 140 107
144 70 90
101 117 178
66 180 78
49 90 98
58 80 115
190 77 171
68 182 186
88 143 115
91 96 178
46 113 115
128 84 175
218 115 178
49 175 118
84 143 101
143 77 116
218 131 182
141 101 175
197 140 136
208 117 112
156 180 115
142 182 109
175 182 92
208 61 173
116 80 143
187 105 175
210 103 101
44 145 93
208 92 179
65 77 170
93 77 143
66 79 83
67 108 175
216 180 125
155 142 83
49 85 146
150 180 151
77 120 178
161 77 104
174 109 44
59 140 62
80 77 130
87 170 178
47 72 172
180 70 93
208 145 150
174 77 147
174 143 122
173 130 178
208 100 150
96 181 78
168 79 183
46 177 138
58 143 112
208 156 179
133 172 88
127 124 178
49 122 88
127 80 133
66 182 91
209 77 136
208 139 179
104 130 175
121 114 87
99 71 173
47 96 183
195 124 178
103 143 119
185 127 59
74 109 30
61 110 63
54 111 178
210 137 123
186 106 59
117 109 178
46 156 121
210 109 132
49 172 162
46 145 152
208 88 89
71 143 153
80 127 16
190 182 184
204 170 182
210 146 114
210 155 167
209 64 93
155 170 182
145 182 80
210 115 167
49 113 98
63 180 139
189 140 165
60 80 127
115 143 112
176 80 121
52 80 90
39 130 173
154 140 95
208 126 90
208 182 87
46 138 107
185 182 80
76 80 92
153 140 120
169 140 107
213 180 170
66 90 45
70 129 43
168 80 85
63 143 85
81 79 183
208 157 89
210 160 139
131 180 123
89 116 175
107 80 88
194 84 71
39 180 78
162 80 170
174 129 42
34 181 175
202 110 76
55 182 111
210 78 106
218 171 182
189 182 94
81 182 111
69 143 101
210 125 143
131 142 98
49 133 146
131 77 162
49 149 104
83 170 83
45 60 173
86 80 153
147 70 173
111 182 136
208 168 161
49 138 166
136 131 87
199 140 171
196 132 68
133 71 172
139 143 148
49 174 176
121 182 173
49 157 142
181 83 178
39 163 93
39 106 93
128 112 178
104 80 140
100 140 141
98 182 100
129 142 126
216 182 148
96 180 145
159 94 28
191 182 159
216 172 83
218 71 175
208 167 99
117 79 183
180 143 85
210 89 158
79 140 145
78 182 178
154 115 175
49 156 90
102 92 175
138 90 178
191 80 131
152 80 123
188 140 122
167 117 178
61 134 178
125 182 155
73 131 175
196 180 113
182 94 178
46 117 156
179 143 151
90 70 86
39 118 93
102 181 187
38 137 182
129 142 177
113 73 172
48 92 82
121 70 90
148 77 161
215 106 172
82 95 16
206 180 133
140 182 178
39 155 173
218 120 90
217 139 172
150 140 132
216 83 83
81 182 133
174 70 83
208 69 183
64 70 91
155 180 91
167 180 111
81 77 117
192 77 109
73 86 30
158 180 126
94 180 165
201 70 173
121 182 84
58 131 69
78 129 26
208 71 83
137 140 136
113 142 165
49 92 155
184 80 95
46 90 112
101 80 120
54 80 167
34 181 158
43 77 83
103 80 165
125 142 167
210 182 116
48 145 83
59 89 68
175 172 88
39 172 183
70 77 133
46 140 129
52 182 163
94 107 178
105 170 83
178 139 173
175 177 177
218 160 179
75 77 155
177 180 116
49 60 89
76 180 90
61 85 178
161 143 139
39 101 83
207 76 93
42 182 98
45 182 153
95 72 183
123 124 88
210 94 119
90 182 124
148 126 175
208 161 115
55 140 141
180 85 49
169 77 129
137 77 106
210 109 157
198 143 161
164 182 139
192 114 175
105 182 90
208 147 140
171 182 158
208 116 183
50 131 79
67 77 111
167 80 139
42 82 172
218 161 84
34 181 137
161 140 171
73 94 36
98 71 93
89 182 87
192 80 85
57 143 173
187 77 141
39 144 173
53 108 79
111 70 89
67 180 118
210 90 99
58 70 178
200 80 171
49 169 99
46 106 144
197 178 88
154 70 90
149 79 183
84 142 83
181 129 50
144 80 91
49 100 165
112 177 177
73 98 175
122 80 120
212 182 160
100 143 95
214 136 93
107 140 130
128 182 114
210 103 140
189 182 105
49 126 167
161 116 27
208 114 86
162 71 83
122 133 175
44 182 181
94 79 83
119 80 107
48 60 183
206 182 107
88 80 171
88 142 171
181 80 166
190 79 183
40 167 83
218 152 93
49 182 125
147 174 177
167 129 33
54 77 101
194 105 71
139 140 170
65 131 55
46 165 117
198 182 146
121 142 137
49 84 121
210 124 118
46 119 107
165 182 93
46 159 167
217 86 173
140 77 83
135 97 85
166 83 36
165 110 35
65 80 48
49 77 139
165 80 94
150 143 157
78 117 26
166 140 116
121 80 156
40 92 93
182 131 175
223 181 102
73 143 123
175 92 43
146 180 164
125 182 136
171 140 134
205 77 145
73 180 99
169 77 109
54 122 175
208 134 101
186 89 56
88 140 124
39 82 93
92 77 120
201 100 175
71 180 171
62 180 162
71 80 183
83 92 175
109 138 178
63 140 149
161 143 149
208 101 88
133 140 118
208 150 159
46 152 134
210 171 151
145 142 116
210 93 168
60 172 88
39 93 173
49 137 94
94 142 164
152 182 178
201 77 111
106 180 144
195 80 149
208 124 106
169 180 101
143 180 144
139 77 156
49 151 113
104 180 110
130 140 152
106 143 107
218 124 174
218 176 93
70 114 39
41 124 83
77 180 188
175 73 183
94 176 177
210 129 166
205 140 131
133 182 89
137 180 160
208 136 149
38 182 118
127 101 83
220 180 187
191 143 101
215 109 93
196 140 145
70 80 143
121 87 88
86 74 93
78 70 183
49 95 173
183 182 135
218 92 182
217 141 83
208 117 151
54 180 133
169 139 40
164 180 175
116 140 91
78 142 169
80 103 21
207 136 85
80 140 110
193 180 129
208 172 123
122 76 172
67 182 148
49 160 98
49 122 127
210 142 106
90 140 138
187 143 144
149 80 138
49 121 137
138 77 139
99 80 103
112 140 153
199 80 124
106 180 165
46 99 97
177 143 140
130 77 183
171 81 174
49 150 181
175 180 130
208 152 120
153 77 96
208 109 108
218 97 84
65 107 50
38 159 182
201 140 97
41 130 93
200 90 78
49 112 86
92 138 178
216 86 93
48 86 183
43 172 93
54 140 132
183 140 56
209 106 183
177 170 183
73 140 162
58 80 65
210 174 105
211 182 79
95 80 155
150 180 107
80 180 152
39 70 173
216 182 108
104 82 175
127 176 177
208 148 174
119 142 147
136 122 175
117 180 94
132 80 125
211 132 131
49 103 126
165 80 148
136 71 93
125 170 83
208 131 183
49 69 182
57 119 67
48 174 83
167 70 182
128 112 83
51 103 178
49 130 111
77 80 83
150 80 111
150 182 129
138 142 83
159 80 179
69 140 133
194 133 175
189 180 175
55 182 177
89 180 106
150 97 178
46 88 137
48 182 172
165 100 175
111 77 160
196 120 72
46 101 114
115 182 151
81 127 175
208 98 109
49 169 139
180 77 158
61 182 104
39 152 93
128 90 83
209 163 83
200 80 90
38 103 181
46 93 146
84 180 142
208 93 139
176 77 95
208 175 92
58 98 65
48 77 115
189 141 83
138 182 187
62 177 183
206 182 179
79 140 24
49 83 81
210 78 183
46 141 183
204 182 96
123 143 120
210 85 124
165 100 31
200 180 186
158 95 178
87 182 176
46 165 156
47 182 107
161 80 125
55 111 70
206 180 150
127 80 105
49 135 121
115 100 178
185 180 114
49 171 110
81 140 153
164 80 162
174 142 98
208 134 172
50 180 90
177 101 178
59 77 151
69 182 134
150 80 173
88 80 112
89 77 135
198 80 163
159 182 163
212 123 183
154 139 178
200 74 83
211 182 140
179 177 83
39 62 92
218 97 175
130 170 182
199 97 72
195 84 178
74 182 80
210 93 83
218 68 88
116 70 182
121 106 88
40 71 183
66 91 175
115 180 120
217 149 172
194 140 114
55 70 92
138 182 116
188 182 147
210 163 183
200 140 152
147 140 99
46 124 145
104 80 110
96 182 91
46 182 145
43 111 172
198 180 166
118 180 103
195 170 85
145 137 178
46 111 183
128 180 143
185 77 149
46 174 126
210 168 140
70 115 178
166 180 131
62 92 54
208 112 124
58 77 160
72 132 33
202 131 76
192 70 178
46 127 183
123 143 95
38 146 87
169 140 153
183 70 83
112 170 182
44 122 173
80 87 16
46 80 165
62 114 56
210 81 155
124 131 83
151 73 83
203 142 88
97 141 83
159 135 27
185 71 173
50 100 80
64 123 53
187 114 60
48 169 183
171 99 42
76 70 93
144 83 178
75 76 172
222 182 168
208 60 181
154 171 88
75 80 111
208 174 166
165 86 175
77 182 162
70 70 86
177 182 163
65 70 173
136 110 175
60 140 166
186 96 61
208 61 85
49 92 90
162 142 97
62 114 175
73 77 103
112 80 151
49 172 153
88 77 103
155 77 146
103 180 134
51 77 126
113 132 175
178 140 107
96 124 175
129 83 88
90 87 175
190 87 65
46 78 99
121 140 106
138 180 98
79 87 24
121 77 137
170 179 184
73 182 114
197 182 135
52 143 106
167 176 83
144 182 156
208 156 133
102 80 182
208 164 146
49 109 161
46 145 164
203 70 91
208 110 173
205 85 175
70 121 43
217 172 173
46 169 169
135 142 91
156 182 144
45 182 115
60 180 95
135 182 106
49 116 122
210 146 183
156 182 156
98 180 119
