55 48 -58
-88 -68 61
87 -68 62
-89 54 -26
-25 -68 -67
7 55 63
87 -64 -55
-1 -60 25
-82 25 63
84 15 23
-81 -29 -14
-1 -2 -31
-30 56 -66
-21 -6 61
-22 56 0
-89 -68 -64
28 -60 -31
42 56 1
76 -6 -36
-53 -3 -63
41 -5 63
79 -51 5
66 56 62
-37 -6 9
-55 -65 17
39 -6 4
-85 17 11
36 -66 63
-43 56 56
-81 -24 40
87 54 -18
-32 -64 62
11 48 -39
36 -2 -62
84 -22 56
-55 -65 -31
-82 56 31
-81 33 -63
-12 -65 -18
40 -60 15
1 -2 25
-85 -27 -57
84 56 23
-49 48 -31
-88 -69 -8
46 -64 -67
-85 11 -29
84 17 61
7 48 23
84 23 -62
-58 -5 62
-38 -2 -29
-57 48 5
79 -14 1
38 48 42
67 -65 -26
9 -68 -60
-18 -2 -63
83 19 -14
84 -29 -60
2 -61 62
59 -6 35
-87 -61 25
63 -60 40
32 -6 -30
-57 -60 -64
87 55 -55
84 -37 -24
-65 -2 -6
-77 56 62
24 54 -67
42 56 -31
15 -68 -3
-59 -2 31
9 48 -8
-61 -60 48
-85 -53 -37
11 -2 54
-32 48 29
-18 56 -37
-63 56 -60
-85 3 -58
83 -39 32
-85 -16 11
-85 7 38
-10 -2 -4
-28 -65 32
-85 48 3
-40 -60 -8
30 -2 31
69 -2 -63
84 40 46
59 -2 -14
-28 -2 34
-85 -41 62
83 34 -37
87 -68 25
-30 -60 -41
9 -3 -63
-3 54 -67
24 -65 36
-18 48 54
59 48 21
79 36 5
-84 -8 63
-88 56 -53
59 -69 -1
67 -3 63
-65 -2 -37
-57 48 32
67 56 -35
63 48 -10
16 -6 -7
84 -2 40
-81 -43 9
-65 -60 -8
-81 31 32
63 -65 -51
-20 -65 5
52 -6 -45
-81 34 -37
79 -47 56
-85 -14 -31
-85 29 -10
61 -68 63
5 -60 -35
61 -2 9
87 -63 -16
36 -65 -10
31 56 62
-69 48 -18
65 56 40
-81 -47 40
84 -16 23
-10 -60 -51
-32 56 -20
-9 56 -18
28 -60 -55
34 56 23
-85 7 -8
65 -60 19
79 7 3
19 56 44
-69 56 -37
30 48 -16
-10 -65 46
79 -45 -47
-12 56 23
-1 48 42
-41 56 -49
32 48 -49
-82 -47 -63
84 11 -45
-41 -2 50
-70 -65 -45
50 -60 -35
-17 -6 15
18 -6 14
86 56 60
-85 42 50
79 34 27
79 -18 -20
80 56 1
-30 -2 -10
-51 56 -12
44 -65 44
79 -26 -41
-18 -2 -41
-10 -2 44
87 -61 43
20 -65 17
-38 48 9
-69 -2 13
-73 -6 46
24 48 5
83 -33 13
-85 -33 -35
87 -68 3
-84 -69 42
-63 48 52
15 -2 -45
87 -63 -35
-69 -65 31
-1 56 7
73 -68 -67
-41 -65 46
-72 -65 9
-3 -60 0
-85 -12 -8
-81 -51 -10
-88 -69 -28
71 52 -67
86 56 -37
84 -10 -55
-34 -2 -53
78 0 -14
-51 -66 63
50 56 54
20 -60 54
84 21 40
-85 -10 29
-38 -65 11
-40 -60 -58
-9 48 -51
46 -2 21
-85 19 -49
-74 -2 -22
43 -6 43
7 -60 42
-70 56 17
84 -33 -6
-85 -35 25
40 -2 -14
79 38 -55
-71 -61 62
13 56 -24
80 34 62
-2 -5 -49
79 38 -12
7 -60 -18
-47 -2 -8
84 -4 58
-7 -64 -67
-43 -6 25
-89 -68 -46
42 55 -67
-26 48 -51
-38 -60 -26
15 -2 -24
-49 -2 -45
13 56 -55
50 56 32
-14 -68 63
-72 -6 -53
-81 34 13
79 -22 38
-47 52 -66
51 -65 29
82 56 40
3 -6 4
-45 56 23
-57 48 -47
-89 -68 9
48 48 -18
-51 -69 1
-72 -66 -67
78 0 19
-4 -2 62
84 5 -62
51 -6 -28
83 -51 -63
51 -65 -16
-70 -65 -26
-53 -2 7
-81 7 58
-53 -65 -49
-13 -6 -21
24 56 -35
79 13 -29
-49 -60 32
-14 -60 -33
-81 21 46
-85 -26 56
50 48 -43
-81 5 23
-78 56 -65
61 56 7
-78 56 46
-85 0 7
-3 56 -33
-85 -55 54
-41 56 38
-16 56 40
25 -4 63
-74 48 -51
73 -60 -10
-9 48 -4
-87 56 -10
54 -6 54
17 -65 -45
-81 38 -22
17 -6 38
32 -2 -47
-34 48 -33
-57 -2 -24
-85 -41 -49
-85 -12 -60
-85 2 -43
-26 -65 48
-81 -27 1
-29 56 62
83 -53 25
53 -2 -62
-70 56 1
48 -65 -51
79 -51 -29
67 56 -53
22 -65 -18
-89 54 17
7 -60 11
-18 -65 21
-85 -43 -24
24 -68 -67
73 -60 54
75 48 -24
24 48 31
68 -6 47
44 -67 2
-59 -2 48
-18 48 11
-36 48 -8
-20 48 -24
-9 56 62
84 23 9
79 -35 46
-80 -60 -56
77 -60 -45
28 -60 1
-24 -60 -10
79 9 48
20 56 -6
38 -60 31
79 -47 -14
67 -2 -49
79 29 -24
-12 -6 29
-85 42 25
61 -60 -64
-57 55 63
61 48 52
-85 25 -26
-51 -65 -18
-24 -60 -55
-85 -16 -47
32 -6 17
22 -2 -58
-28 56 17
40 48 13
19 56 21
-30 48 46
40 -65 -24
36 -65 -43
69 -2 -2
59 48 -26
68 -6 -25
17 48 56
-34 -5 62
-74 -2 32
50 -6 -4
49 -61 61
-71 -2 62
77 -60 34
75 48 32
-70 48 38
75 48 -43
-16 56 -58
53 -65 13
-81 -22 23
-26 -2 48
-85 -12 48
3 -2 42
27 -6 -15
75 48 54
79 46 15
78 -66 14
-81 42 -8
-81 -49 25
-85 -56 -22
-89 55 -39
26 -2 1
-74 -60 48
-82 38 63
-89 55 56
28 -2 44
84 25 -49
67 -6 21
-47 56 1
11 56 32
71 56 23
1 56 -47
-85 19 -62
3 -60 -51
15 -60 29
-81 17 31
-40 -65 25
-45 -60 -39
-81 -35 48
74 -6 32
79 27 -4
42 48 61
79 -49 40
-85 34 -51
-26 -65 -29
-51 48 44
75 56 -10
-57 56 -24
-47 -2 38
55 -65 50
84 27 52
3 -2 -18
-14 -60 32
79 5 31
84 -2 -26
11 52 -67
-81 -58 1
-26 -2 3
-38 48 -58
13 -69 60
42 -2 -37
-3 56 32
-67 -2 -63
67 -60 5
40 56 -12
53 48 1
5 56 50
-74 48 -29
53 56 -10
55 48 40
-28 -2 19
79 -68 -26
79 -27 25
-85 -29 13
-45 -69 -66
87 -66 -67
-78 -65 -16
84 -18 -31
-85 34 1
-81 17 0
28 48 50
-43 48 -18
-81 -56 15
13 56 3
-22 -2 -28
-81 -14 -20
67 -60 -37
-85 44 -62
80 -31 62
50 56 11
-61 48 -6
-61 -60 3
-61 48 17
-7 48 15
79 -37 -37
32 -60 50
-85 -2 -28
82 -56 63
-59 -2 -53
36 -68 -60
-80 -60 35
-67 -60 19
-9 -65 9
-81 13 -18
84 -8 11
22 -2 -35
85 52 -67
77 -60 -58
-85 46 36
-3 -2 -60
-65 56 29
-63 56 42
-74 48 25
-53 56 13
-85 44 -43
-72 -6 2
34 48 -35
17 -2 25
87 54 11
-76 -60 -35
-72 -68 -3
40 56 -53
-77 -7 20
-78 56 -18
84 21 -37
-81 -26 -28
-30 -2 -39
-85 23 -37
83 -45 15
84 -12 -43
61 48 -45
-20 56 -12
-20 48 31
84 -22 -8
73 56 11
-45 -2 -20
38 56 52
-5 -6 13
83 44 -2
-3 -65 -28
-77 -7 -37
60 -6 -36
78 0 -47
1 -2 -6
54 49 62
-51 56 -41
-41 -2 -63
55 56 -35
34 56 34
-81 -35 36
83 -20 11
-7 56 50
80 -68 -6
26 56 -55
-32 56 -41
11 48 11
11 48 42
67 56 -22
-65 -66 -58
15 -61 -66
-1 56 -6
81 -69 50
-38 -69 -1
3 48 -55
79 -41 -58
-70 48 -62
-30 56 36
-30 -3 -63
22 48 -28
-63 -68 58
-45 -2 61
-13 -66 -3
-12 -2 -53
-41 56 -33
-3 48 -26
-45 48 31
73 48 3
-70 48 9
-30 -60 21
84 -22 -51
63 -65 -14
-20 -65 -45
46 48 23
84 33 15
7 -60 -6
32 56 7
-1 48 -14
-81 -39 -8
-59 -65 36
-81 31 52
-81 23 21
-85 -27 -45
83 -39 3
30 56 -26
83 44 -31
67 -65 31
-5 -65 36
-85 -47 0
81 5 63
53 -68 -60
-37 48 61
-67 -6 23
-78 56 -43
84 -12 34
-7 -60 56
44 -2 32
46 -60 -6
-68 49 62
-53 -60 -6
-37 -6 41
-18 -60 -64
32 48 -2
-85 -4 40
19 48 -47
55 55 -67
-85 0 -16
-78 56 9
83 -27 3
-49 48 -55
81 -16 -63
17 -60 5
3 -60 -64
32 48 -62
-81 -35 -63
10 -6 -33
-41 -60 60
9 -6 31
-47 48 -6
24 48 17
-32 56 5
-63 56 -14
-7 48 -39
82 46 63
-32 56 -55
84 25 29
-77 -4 -63
79 -12 -10
84 -53 -4
-47 -60 9
84 46 27
84 -4 0
-38 -60 34
19 -65 -33
83 9 -6
-85 17 56
-24 56 50
17 48 -18
55 56 -49
9 -2 17
80 56 -47
44 -2 -55
-81 -68 21
-89 -63 -37
35 -6 51
-63 -60 -20
79 5 -37
-20 -6 -12
57 -65 -41
55 -65 -28
84 -51 -39
-30 -60 5
84 -16 46
32 -65 21
-63 -60 -37
73 -65 44
-89 54 -67
84 -55 -53
53 -2 44
-81 -16 1
55 -6 25
-88 56 42
-3 -65 -41
70 -68 -2
-49 -60 52
-12 -2 56
77 -60 23
77 -66 63
79 13 -57
74 -6 7
79 31 36
38 48 -26
42 48 32
-61 48 -37
34 -65 40
84 -29 -16
-85 3 48
71 48 44
-14 56 -28
-14 56 -47
-53 -2 -35
83 -56 15
-49 -2 17
-1 48 61
-40 -2 0
79 -56 -18
83 44 -47
82 -69 36
-80 0 -4
42 48 -6
-24 48 -6
65 56 -4
-14 48 -14
-72 48 -4
30 56 44
-24 48 -39
53 56 23
-47 48 17
-85 48 -18
83 -56 52
80 -4 -63
21 -6 50
57 -60 -6
73 48 -55
-85 46 -31
-82 -61 -66
84 -69 -43
-80 47 58
-89 -64 34
-89 -64 50
-9 48 34
9 56 -33
-36 56 48
34 56 -43
-41 48 50
-26 -68 -3
51 -2 5
50 -6 -15
-45 48 -41
22 -68 63
83 34 -63
-14 -6 4
-80 -66 54
-81 -45 54
-22 50 -64
51 -3 62
20 -66 -58
-40 56 -12
7 56 15
-41 56 13
-70 56 -26
24 56 54
71 -6 -12
46 48 -60
84 44 36
-38 -60 -49
61 48 31
-55 56 25
20 48 -57
-81 7 13
30 56 -8
-80 56 0
-51 -60 42
79 11 -20
38 -60 -53
50 48 -28
24 -65 -8
7 48 -24
26 48 60
-85 33 23
53 -65 40
-81 33 42
-3 -65 -16
11 56 -14
-10 56 9
79 46 -62
-59 48 -57
-85 -51 -47
-81 -51 62
-12 -69 -61
-89 -68 -18
84 -6 25
-10 48 46
24 -2 -26
34 -63 -67
-82 -18 62
-33 -6 27
78 -60 0
87 52 -8
86 -61 31
-28 -65 -18
-38 -65 -35
-81 27 5
-81 7 -51
-70 -65 40
79 -12 54
-85 -33 -22
-85 -43 32
38 -2 -4
-3 -68 -59
-57 -2 -12
-30 56 -6
-14 48 -33
-69 56 50
-28 -2 -20
48 -60 21
-67 -2 38
-26 56 -28
19 -65 44
-10 -2 -35
17 55 63
9 -2 -53
42 56 -22
-85 -43 -37
63 48 1
65 -65 50
15 -4 63
-40 -2 -39
-61 48 -28
-19 56 62
-7 56 -58
40 -65 -33
79 29 -14
-36 -69 -66
79 38 -24
-28 48 9
-74 48 -39
32 -65 11
-59 -2 17
5 -60 32
67 48 11
11 -65 -28
-65 56 9
59 -2 -24
40 -2 -24
5 56 -60
84 -27 -31
-81 -37 1
-18 -65 54
-3 56 23
-24 -60 13
5 48 34
-9 -65 19
-20 -2 40
40 -60 56
79 -31 -49
-72 -6 -10
50 56 44
79 -31 36
-34 -60 52
6 -5 63
86 -61 -26
-82 -69 0
85 51 48
-38 -2 17
-80 -8 8
77 54 63
44 -68 59
75 -60 -29
-81 -68 -39
64 49 -63
63 -2 54
2 -68 -2
11 -60 56
-50 -6 51
78 47 -15
44 48 52
84 5 -53
-2 -68 59
57 -60 3
77 -1 52
-45 56 -22
-61 56 -45
79 56 -26
-41 -60 1
-55 48 -14
-49 56 32
79 56 31
53 56 -26
-38 48 -47
-49 50 62
-55 56 -55
3 56 40
-72 56 34
61 -6 -5
44 -6 53
-47 -65 -57
-78 -1 56
-28 48 58
-9 -60 -10
-23 -61 62
79 15 34
-61 -65 25
-45 -60 19
84 13 9
-85 -24 -8
-81 5 -35
83 -13 62
-86 -60 -49
-57 -60 58
-36 56 27
75 56 -58
20 56 -16
-3 48 3
79 -39 21
-20 -60 42
-85 0 29
85 -60 6
-3 -6 48
15 56 -45
-38 48 40
-47 56 46
3 56 -26
44 48 -51
-9 48 -62
75 -6 61
-82 -60 63
30 -6 -7
-61 -69 -1
53 48 11
-32 48 -24
75 56 50
-72 56 -8
-61 56 -2
65 56 52
67 48 -31
84 -27 44
84 17 50
-47 -60 -29
46 -60 36
80 -69 -59
5 -65 50
-61 -60 -47
22 -65 27
-56 52 -67
-81 27 -53
-81 -33 58
84 40 56
-81 -55 -29
-40 -65 -18
13 -60 19
42 -60 -16
48 -60 -26
-65 -2 3
-81 -12 38
79 23 21
32 -60 -22
-81 -20 50
-85 -22 32
-85 15 23
-85 42 15
-81 -49 -55
83 26 62
65 -68 -59
84 21 -26
-81 -20 -63
79 36 -45
-85 -47 17
11 -2 7
79 -47 31
26 -65 -47
84 46 7
-20 48 40
38 -60 3
-54 -6 -5
32 -68 2
-2 -6 36
40 -6 13
79 -7 -20
-81 -68 -55
-51 -6 31
-48 -6 -27
59 -60 31
84 -47 -22
84 -2 -37
-39 -2 32
-32 -65 -55
-85 17 38
-81 29 -18
79 -37 -16
84 -39 56
84 9 40
-81 11 48
-85 -55 40
-78 56 -57
-78 -60 23
-85 17 -8
81 -69 -16
11 -2 -12
17 -60 -53
48 -60 -58
-85 -22 -20
-78 -68 62
50 56 -60
-80 -8 -48
27 -6 10
76 -6 43
-60 -6 -30
-38 56 -62
20 48 42
44 56 25
-48 -6 2
40 48 3
22 48 -8
59 56 32
-59 56 -35
22 56 3
51 56 0
17 48 23
-24 -2 -57
-47 -2 -57
-67 -60 -64
24 -6 20
59 -2 -53
59 56 -18
-65 -2 -20
34 48 29
69 56 32
-61 48 40
71 56 -43
22 48 -39
-16 56 31
38 -2 25
-7 48 54
-45 48 5
79 15 0
9 -60 -43
-12 48 27
9 56 -4
-12 56 -8
3 48 -35
13 48 31
-16 48 0
59 56 -57
-85 -8 15
-28 48 -14
-18 -6 48
32 -2 -37
-89 -63 -57
22 -6 31
-12 -65 -41
-14 56 54
-20 -60 -2
-20 56 13
15 56 52
-85 27 -45
3 48 15
-69 -2 -45
1 56 -16
-88 -61 0
-78 48 17
5 -2 -45
-69 -2 52
30 -5 -55
35 -6 36
-81 42 -51
-61 56 54
48 56 -45
85 -60 -62
-85 -6 0
-88 -61 15
-14 49 62
-53 48 25
67 48 -20
-28 48 19
7 56 25
79 -58 44
71 48 21
50 56 -18
40 56 11
-16 48 -57
-56 -68 -67
-78 48 48
-81 -35 -55
78 -66 5
73 -6 -57
59 -6 61
-56 -6 38
3 -6 55
-7 -2 -16
73 48 -8
32 -2 58
-6 -6 21
32 56 -64
-81 9 -63
84 40 19
69 48 61
