39 65 85
230 167 152
87 166 180
205 66 78
140 166 77
145 66 176
26 167 93
36 101 163
106 101 115
217 165 77
156 163 150
210 101 176
172 101 123
27 167 157
85 163 114
98 101 177
55 120 83
67 67 131
230 112 84
143 123 179
71 132 149
178 163 107
208 132 130
193 163 179
111 67 146
141 101 88
138 132 121
36 132 121
198 66 121
115 168 147
95 132 88
66 163 78
155 66 136
195 132 88
137 101 145
178 132 159
59 101 116
230 163 114
48 168 124
111 132 159
131 164 180
102 168 79
134 168 113
204 101 107
26 99 87
171 101 177
193 163 141
48 132 177
158 132 91
220 101 141
84 101 142
74 168 147
218 132 162
97 132 126
82 101 91
53 166 180
26 136 85
113 68 179
69 132 111
177 132 117
189 101 150
66 101 173
178 101 89
127 132 92
85 132 176
149 132 150
130 93 175
173 164 77
229 81 87
68 67 101
136 101 116
165 167 179
230 141 87
55 92 86
36 101 135
38 132 149
203 93 82
204 168 106
112 101 154
116 101 89
163 101 150
172 70 118
109 168 104
50 146 87
92 65 129
162 168 125
118 115 180
59 101 147
214 65 101
220 132 107
135 67 152
156 168 98
64 168 103
196 132 176
119 142 180
179 67 141
50 163 149
26 165 132
136 163 136
191 66 98
88 67 153
45 68 108
109 168 172
177 168 159
161 65 159
36 101 108
215 163 134
120 132 138
112 132 110
206 168 161
156 101 105
195 163 86
104 168 126
199 101 130
82 101 120
150 101 169
57 132 131
83 168 92
143 145 176
94 163 157
136 168 158
209 114 87
159 132 130
47 168 88
199 132 151
72 132 89
119 101 132
165 132 176
92 132 149
48 132 104
71 163 167
183 132 138
124 168 89
153 101 131
198 132 112
230 167 92
210 145 82
70 163 128
90 132 107
34 117 82
29 163 112
192 168 122
130 132 163
191 101 171
220 101 122
82 101 162
157 132 111
184 101 108
76 132 130
26 78 86
103 65 163
175 132 98
64 132 167
220 101 160
220 101 95
173 168 140
81 70 115
87 168 133
130 75 180
113 89 179
104 132 176
152 163 168
30 154 82
222 65 82
101 101 136
67 101 101
220 132 142
42 163 166
120 70 162
100 101 97
140 132 103
122 168 126
220 128 82
139 163 95
54 75 87
166 132 147
67 101 131
46 168 107
210 78 87
126 101 103
50 101 173
42 102 88
156 163 78
194 101 94
204 101 154
61 70 115
135 109 180
152 132 167
152 163 113
158 101 88
127 101 161
134 132 147
209 165 177
54 132 147
52 101 102
52 101 131
176 101 162
177 101 138
230 167 136
171 163 94
127 129 180
37 89 82
98 101 161
110 132 93
101 163 141
229 95 82
218 163 101
212 132 177
43 132 89
47 132 161
98 163 95
143 83 176
87 163 78
60 168 138
113 101 171
81 132 160
119 168 161
209 163 120
78 66 142
230 156 83
222 167 164
124 132 123
84 101 105
181 132 173
176 168 123
144 132 88
34 163 144
116 163 78
171 101 102
67 101 159
191 132 125
214 163 149
61 168 157
208 132 96
106 132 143
120 101 116
144 132 134
32 168 78
193 163 163
148 163 128
183 65 126
192 163 101
57 132 91
124 163 104
165 168 110
96 132 164
44 132 135
178 165 180
141 101 102
41 101 122
147 70 158
113 163 116
202 70 105
120 157 175
52 101 159
210 168 89
60 163 117
220 132 124
80 101 177
137 65 166
148 101 153
36 66 98
95 70 142
126 132 107
165 132 161
66 164 180
99 163 112
26 67 78
44 101 147
54 132 116
78 163 103
189 132 102
36 101 177
110 168 91
132 101 131
181 66 108
196 132 138
84 163 167
55 65 98
217 156 87
217 103 82
163 71 145
36 132 173
52 65 78
35 168 123
219 101 108
54 158 82
62 168 89
203 132 163
217 89 82
81 132 117
72 101 147
157 168 138
126 163 151
185 168 79
94 101 125
189 168 152
88 132 136
149 101 116
64 101 88
202 168 133
36 132 107
147 165 180
84 132 94
167 163 168
56 163 168
186 101 126
165 101 134
112 101 102
173 132 130
97 168 169
164 101 166
208 131 82
71 168 114
146 65 146
129 101 91
225 70 93
201 163 151
44 168 139
169 71 134
122 132 152
191 132 161
96 101 149
139 101 163
230 167 78
138 168 170
81 71 128
205 101 142
88 163 144
183 132 88
211 132 151
125 101 145
211 65 88
201 152 87
131 140 175
169 163 151
210 132 117
220 168 124
117 132 173
109 163 157
146 168 145
198 101 117
36 168 101
43 156 87
149 163 88
131 132 133
108 132 122
36 141 82
141 132 159
186 132 150
83 168 154
102 132 102
44 77 82
45 115 87
94 163 123
139 156 175
54 163 99
212 101 132
140 96 180
139 132 171
154 69 167
55 108 84
184 168 135
128 163 167
117 163 135
208 101 96
195 163 112
95 101 108
121 100 180
69 132 177
28 66 90
98 163 180
162 101 117
109 101 126
183 163 169
189 70 116
27 124 87
74 168 84
92 168 104
70 101 112
66 132 122
191 101 139
164 132 101
141 163 106
66 132 99
150 101 142
205 167 78
199 71 92
164 168 85
132 163 123
44 163 78
118 77 175
176 101 149
111 101 143
203 101 166
219 168 113
149 132 122
129 165 77
131 120 175
229 163 103
181 163 88
128 65 175
71 163 94
166 132 117
51 136 82
230 163 125
120 65 152
47 101 112
209 101 117
201 107 83
201 122 87
230 127 86
73 65 122
76 168 175
144 168 119
45 70 94
63 163 147
121 168 176
221 117 87
201 141 87
218 132 93
79 101 130
61 132 157
143 101 128
70 65 112
149 132 177
36 101 97
153 132 140
223 163 143
172 132 108
67 132 135
125 84 180
35 163 89
73 168 158
76 163 138
134 168 145
164 67 126
220 101 177
135 168 86
221 143 82
99 71 156
82 163 125
94 163 85
203 163 97
202 163 169
97 132 115
46 132 123
81 132 147
112 70 169
127 149 180
118 132 101
186 132 112
209 168 141
168 101 92
39 163 156
79 132 107
26 89 84
157 101 177
172 67 148
219 78 82
26 112 87
209 132 140
201 84 87
81 101 152
181 101 172
124 163 117
172 101 112
206 132 106
176 132 145
168 132 89
61 168 128
36 101 153
48 168 160
164 168 158
185 168 113
55 168 79
87 132 126
147 132 111
154 132 101
106 132 133
184 101 98
109 70 156
155 65 151
193 101 104
124 168 142
100 132 156
213 101 150
147 163 154
38 126 82
200 101 176
33 106 82
103 101 88
213 71 79
36 132 96
76 132 170
139 168 129
89 101 172
191 70 128
26 164 102
34 73 82
159 168 171
220 168 86
150 101 97
116 163 98
57 101 168
157 132 156
90 101 134
195 101 160
101 66 136
46 85 87
131 168 102
200 163 125
167 163 117
88 65 140
26 147 87
43 132 114
71 101 122
108 168 135
180 168 149
93 132 97
181 101 117
38 168 114
200 132 122
185 168 95
168 163 133
42 163 129
155 101 160
55 65 88
134 101 171
26 167 121
45 165 175
100 168 151
191 168 171
172 168 102
213 163 166
206 67 113
56 70 106
44 163 99
148 163 99
201 168 117
230 71 79
220 132 172
114 122 175
129 71 166
204 159 82
106 168 116
52 163 139
61 65 123
139 72 180
59 101 95
142 111 175
91 101 93
55 83 83
96 168 131
38 132 159
56 163 108
70 132 159
113 132 150
211 163 111
148 168 135
115 163 126
153 168 121
136 132 112
127 163 134
199 132 98
185 101 160
52 65 114
174 168 172
134 83 175
230 103 87
191 163 132
213 96 87
88 70 122
121 132 166
94 132 175
175 71 126
60 101 106
51 101 122
63 132 143
57 132 103
115 150 180
72 101 93
173 132 169
134 101 107
141 101 138
210 168 129
69 168 136
104 101 170
75 168 122
168 101 158
51 168 115
161 101 126
136 130 180
109 132 168
144 71 169
43 69 78
97 132 135
196 167 78
130 156 175
37 98 82
56 132 172
209 104 87
26 163 83
211 101 161
223 163 154
174 168 113
126 105 175
119 168 110
162 168 145
101 65 147
196 65 110
201 75 85
213 126 87
53 101 140
169 101 143
73 101 168
107 101 161
125 101 125
117 132 129
74 70 135
134 132 97
144 132 143
113 101 111
166 132 135
226 135 82
107 163 148
36 163 135
45 101 164
145 168 164
199 101 148
38 148 87
111 164 180
223 91 87
122 121 175
103 163 167
185 163 124
37 132 130
27 168 142
51 101 88
217 132 134
149 168 79
200 168 177
122 70 180
135 132 88
46 124 87
113 105 179
130 132 172
157 163 179
224 163 132
60 101 128
45 101 136
183 132 129
61 101 136
164 101 108
85 163 99
217 136 82
204 132 172
150 168 106
82 163 85
109 163 84
118 163 154
64 168 168
62 68 95
211 168 99
47 92 82
38 82 87
176 65 133
217 72 88
47 105 82
210 138 87
156 168 88
201 168 144
187 101 88
94 168 144
163 65 134
181 65 116
188 132 177
199 168 92
100 168 160
196 168 158
93 168 115
101 168 89
139 167 179
220 101 131
127 70 152
36 101 144
33 165 162
36 70 92
78 164 77
76 132 99
60 101 157
75 101 103
52 132 138
211 70 107
131 132 154
93 101 116
130 101 139
111 101 134
186 168 143
103 101 106
212 163 157
89 132 158
35 168 151
187 168 105
166 163 141
43 163 119
78 168 130
90 168 161
92 163 173
142 102 174
33 132 87
89 101 158
147 132 96
143 101 112
127 101 112
183 132 166
169 132 154
121 132 114
223 108 82
55 168 144
211 132 167
51 132 95
80 163 160
167 65 141
158 101 139
212 101 103
158 132 171
143 137 179
228 120 82
145 163 172
222 100 87
107 66 173
43 132 169
173 132 177
229 148 82
83 70 145
61 168 176
94 101 141
65 101 151
45 101 154
158 101 96
157 132 121
45 132 143
198 132 130
55 128 84
60 132 111
155 101 149
131 101 151
224 168 107
177 168 96
202 101 91
82 70 136
219 132 150
219 163 93
190 101 114
102 101 144
91 168 93
87 101 126
157 163 158
55 132 162
39 110 87
192 132 117
39 133 82
50 168 132
165 65 151
43 101 102
84 132 168
186 70 104
191 163 93
122 168 80
186 66 134
36 132 138
225 162 81
115 65 160
72 168 105
62 163 97
221 168 138
88 168 123
178 163 138
154 168 130
124 113 175
178 163 129
134 70 172
75 70 108
78 101 112
119 101 161
95 66 161
104 132 110
134 101 99
164 168 102
102 132 93
199 101 138
101 163 133
119 101 140
78 163 114
168 163 125
220 132 116
138 132 129
143 168 86
55 142 83
138 117 180
142 91 175
54 152 87
94 165 77
97 101 169
224 163 120
32 82 82
228 86 82
52 168 172
185 163 177
136 70 160
211 155 82
201 65 99
223 168 99
54 163 159
66 163 156
93 163 139
222 168 149
163 163 91
176 163 164
157 168 114
80 163 145
122 94 175
44 150 82
210 70 94
42 140 87
62 65 107
129 168 172
55 163 129
138 163 117
139 163 163
39 163 108
203 163 112
222 155 82
209 168 169
117 168 121
230 71 87
142 70 151
118 163 170
121 71 172
194 70 103
121 168 98
64 163 108
115 163 106
30 163 126
43 163 92
201 163 139
139 168 101
183 163 153
181 163 116
126 168 157
118 163 89
74 163 152
161 163 133
48 168 96
155 70 145
187 168 163
45 168 152
38 159 82
137 163 150
140 168 140
136 143 180
85 168 108
135 90 180
201 101 99
213 132 103
156 71 158
154 101 123
182 132 105
42 101 171
69 101 140
190 132 143
74 132 139
50 132 130
127 132 143
117 101 123
147 101 162
194 132 168
101 101 154
134 100 180
91 101 102
130 163 107
198 168 103
213 101 124
119 101 98
127 163 97
101 101 122
210 85 82
104 163 98
48 70 101
159 132 143
202 132 144
132 101 123
101 163 120
217 121 82
173 168 130
214 168 106
75 101 136
76 168 164
113 96 177
201 68 85
113 81 179
67 163 85
201 115 87
29 163 151
107 101 177
201 135 83
54 162 88
226 163 89
82 65 122
41 70 102
201 70 116
104 163 177
26 157 87
191 65 122
97 70 131
42 132 101
60 163 83
115 132 142
202 101 123
185 101 134
100 132 148
134 67 180
169 101 170
85 132 102
129 132 119
120 101 107
213 132 125
66 168 123
78 163 91
75 132 154
172 163 159
113 168 167
47 101 96
69 168 173
205 132 156
215 142 87
130 114 180
75 132 122
156 163 107
165 132 125
215 101 171
100 132 170
84 163 138
80 132 88
141 160 180
180 163 78
30 168 87
217 83 87
220 95 82
65 65 117
33 95 87
122 168 168
75 168 98
87 168 171
217 163 117
135 154 180
121 109 180
127 80 175
220 65 91
36 101 117
87 101 112
113 141 176
127 163 84
198 101 110
138 132 152
149 132 160
211 162 81
120 101 169
198 132 159
50 163 166
173 163 87
38 168 94
107 168 162
74 101 157
90 168 152
84 101 97
162 168 164
136 132 140
212 101 140
130 163 160
41 119 82
139 65 172
103 168 110
60 101 176
26 72 84
137 76 175
62 132 177
93 65 149
48 129 82
84 65 131
214 132 112
206 89 87
116 135 180
184 163 102
130 168 138
42 72 88
148 101 89
33 163 97
193 163 154
41 94 87
104 70 143
67 163 117
53 115 87
30 140 87
76 65 129
114 111 175
208 119 82
121 132 88
210 110 82
124 163 180
28 129 82
140 168 111
26 168 107
114 157 180
218 108 87
117 65 168
203 162 88
79 132 177
202 163 160
150 168 93
81 168 141
166 168 95
163 163 80
