231 177 152
28 56 95
79 183 160
175 55 95
150 177 92
101 70 160
28 147 95
226 88 160
28 101 160
225 128 95
161 179 160
95 55 95
84 183 93
164 55 160
209 183 98
24 179 143
228 68 107
52 55 146
119 183 130
28 101 112
134 55 123
225 132 144
202 55 139
28 136 136
45 183 107
177 178 122
85 55 130
228 101 125
228 159 120
196 183 156
116 170 97
75 178 126
61 55 104
28 71 129
228 55 160
134 68 157
170 55 128
129 182 160
28 68 160
226 98 95
144 55 95
28 154 159
206 178 129
49 183 160
204 57 95
181 177 93
150 178 132
28 160 120
71 71 159
228 69 136
193 71 159
111 55 140
103 176 152
50 178 134
228 166 95
226 152 160
29 120 95
98 183 114
31 127 160
24 179 93
31 109 136
231 183 126
31 82 96
134 183 110
228 126 120
120 55 103
62 171 95
190 58 115
43 55 120
227 112 160
213 55 118
31 125 117
152 58 142
178 178 145
85 55 154
24 182 120
156 183 112
102 55 117
63 55 127
31 88 143
50 71 159
28 55 143
154 58 114
182 55 150
214 70 157
92 183 137
225 146 104
190 183 109
119 55 159
228 154 140
31 158 139
153 71 157
133 55 143
71 183 107
231 183 106
30 174 160
83 58 109
129 182 91
145 175 151
28 67 111
228 91 142
228 112 139
223 55 95
67 183 142
215 183 160
228 84 117
97 170 95
172 71 159
203 55 157
225 112 105
71 58 143
117 178 113
31 84 117
228 142 128
30 102 95
219 55 145
28 142 119
39 55 159
59 183 120
44 58 102
226 79 95
215 183 143
147 55 159
194 183 139
133 183 140
162 183 143
31 163 96
197 171 95
46 178 92
225 171 136
165 170 95
228 135 160
175 55 112
68 55 159
217 183 114
118 71 159
171 183 104
226 55 128
108 183 91
28 55 126
117 58 126
75 57 95
135 178 126
101 55 154
224 183 92
188 55 131
28 121 145
117 178 145
181 183 160
38 183 148
39 178 121
31 96 127
159 58 100
63 178 156
31 175 106
33 140 150
189 58 98
41 58 135
31 135 104
223 165 151
228 98 110
114 183 160
31 74 146
167 55 143
228 76 152
137 171 98
105 178 134
31 86 159
137 55 109
163 183 128
192 178 122
84 183 115
223 101 152
78 171 98
100 55 131
228 169 110
86 71 160
148 55 128
214 170 97
86 177 149
28 171 129
53 183 146
204 178 111
225 70 122
206 175 150
228 56 114
69 183 94
70 55 114
33 109 150
37 183 134
94 183 159
228 134 109
92 58 143
105 178 104
145 178 117
88 178 104
231 183 139
31 112 121
130 57 95
203 58 110
202 55 125
225 83 131
110 57 95
164 183 93
134 55 159
146 183 103
28 153 106
181 183 134
31 111 104
225 115 127
33 55 112
223 120 151
31 149 130
184 62 160
32 167 149
223 145 149
228 63 147
28 124 132
59 183 105
54 55 159
194 183 91
28 68 95
218 183 128
91 178 126
228 67 95
178 58 138
214 58 132
54 58 115
228 127 132
79 183 136
28 115 159
89 58 119
141 183 160
56 183 91
25 183 154
35 183 97
125 55 115
213 55 104
121 58 146
188 175 151
123 183 102
225 171 121
228 144 115
227 67 160
28 55 156
170 183 152
96 183 97
61 178 130
133 175 151
46 175 152
228 158 105
225 101 136
126 55 132
28 93 102
180 55 122
228 87 104
51 58 128
228 140 95
106 183 144
157 175 150
104 55 105
37 183 160
53 57 95
28 99 148
227 153 95
150 183 144
140 183 93
38 58 147
32 151 149
203 67 157
214 55 156
194 55 148
28 83 128
29 143 160
60 65 160
226 170 160
171 178 136
110 178 122
76 183 148
109 62 160
155 178 122
169 183 117
219 183 103
225 108 115
159 58 151
227 116 95
160 178 103
28 165 110
142 58 150
26 183 132
35 183 112
220 175 152
39 66 157
148 55 105
223 85 150
112 58 114
160 58 130
93 55 106
28 121 106
28 79 106
77 58 123
31 65 121
201 183 120
50 178 118
51 171 98
139 55 134
125 183 121
119 179 91
230 176 98
225 141 138
182 178 104
228 124 160
164 58 111
225 159 130
173 58 155
78 63 160
92 62 157
225 121 111
31 61 135
69 183 118
31 99 138
31 133 123
126 183 148
28 171 118
209 55 147
25 183 104
227 182 160
144 65 160
144 183 126
127 170 96
85 56 95
228 56 140
151 183 154
100 183 125
228 57 104
31 171 140
111 55 151
28 132 146
63 55 148
180 58 104
96 183 146
74 55 132
190 55 159
139 183 148
102 58 144
145 58 119
225 91 123
215 178 91
155 170 97
28 65 151
158 62 160
225 81 142
47 183 126
232 179 117
128 178 134
28 160 130
31 144 109
121 178 155
206 178 140
206 178 160
28 77 137
125 65 160
116 178 103
109 183 112
201 178 102
228 101 160
37 174 94
126 178 110
79 178 107
30 133 95
31 151 115
163 55 121
44 183 140
91 177 93
63 55 138
225 123 140
225 136 120
224 178 110
72 58 104
223 155 150
190 177 98
33 84 151
175 171 98
224 183 148
61 178 147
139 178 137
70 178 135
228 77 105
52 55 106
228 75 114
159 178 135
198 183 129
32 58 103
28 77 157
163 69 157
206 177 93
28 103 121
170 58 103
225 103 103
30 163 160
198 55 102
228 88 95
173 182 91
224 110 149
72 175 152
189 178 159
80 55 146
187 55 142
222 183 136
28 92 111
186 183 117
58 183 138
28 75 115
52 58 137
228 150 132
108 58 125
136 183 101
38 55 95
28 144 144
103 182 160
213 56 95
62 56 95
227 161 160
28 133 113
28 111 95
175 178 112
184 183 150
213 178 107
129 58 105
44 58 111
166 175 150
106 170 97
35 176 152
173 183 129
137 183 119
51 183 98
228 167 144
218 62 160
227 79 160
223 134 152
32 119 153
210 183 120
28 115 112
228 153 113
228 150 122
228 55 150
46 55 153
33 183 142
74 178 101
185 170 97
112 176 152
94 175 152
77 178 117
225 107 95
92 178 113
210 183 153
228 61 121
228 94 153
31 116 130
76 178 91
59 178 113
187 178 139
84 183 126
181 70 157
170 178 159
166 55 95
46 60 160
77 55 159
28 92 120
126 58 154
225 71 145
228 117 118
197 183 147
93 58 127
228 99 145
225 93 132
185 183 97
122 183 138
188 178 130
42 178 102
56 183 155
225 120 102
81 55 117
81 58 138
36 58 127
28 155 97
196 58 130
219 58 123
225 177 142
56 177 98
28 68 140
197 175 152
31 177 123
229 176 129
112 58 105
71 179 160
109 71 157
142 178 107
110 183 129
33 128 152
228 143 157
68 183 152
25 178 111
155 183 95
137 58 100
159 176 93
32 93 152
150 55 151
93 55 152
42 178 129
159 183 152
122 55 95
97 178 131
145 174 98
86 178 139
116 183 120
180 183 110
225 169 102
213 178 136
225 167 128
224 183 118
155 55 123
31 120 123
144 55 140
86 172 98
28 160 153
28 172 95
221 55 136
220 58 114
194 58 138
225 134 129
160 58 139
28 140 127
74 178 143
28 73 102
45 183 153
118 58 137
225 162 113
88 178 157
33 61 160
28 135 159
180 177 153
197 61 157
44 183 115
152 58 95
95 183 105
192 58 123
193 178 114
101 61 160
182 55 113
114 183 137
182 183 126
28 108 144
54 175 151
28 174 150
223 176 94
70 171 98
150 178 160
67 183 129
92 183 120
172 183 142
218 178 120
195 183 101
162 178 111
129 178 101
114 183 97
206 170 97
133 55 151
228 134 101
225 78 122
63 55 119
106 183 152
31 88 135
111 55 159
152 178 109
169 178 126
31 90 95
120 178 125
67 178 111
36 183 126
155 183 130
202 183 137
127 178 143
179 55 160
198 55 115
32 178 136
91 55 160
206 58 130
213 58 140
225 62 130
79 55 101
117 183 152
136 177 92
225 92 114
228 126 148
75 58 151
34 55 120
168 58 135
170 58 119
87 58 102
225 100 117
135 58 115
118 62 157
228 138 146
134 183 154
61 58 155
201 183 95
225 105 143
196 57 95
28 65 102
231 179 91
140 71 159
68 62 157
66 183 101
228 160 147
93 55 135
228 163 137
83 183 145
44 178 159
222 58 154
31 147 102
170 176 93
169 63 157
28 151 138
28 104 105
55 55 122
126 58 122
118 55 119
212 58 111
31 143 137
175 55 148
228 108 128
190 55 105
119 183 109
101 178 119
133 183 131
50 178 110
78 183 98
154 178 142
160 183 120
136 178 159
28 81 145
34 55 137
70 55 123
220 55 107
223 68 151
228 107 155
133 58 132
31 86 106
28 165 139
152 55 135
31 108 112
31 177 114
64 178 92
225 63 140
228 118 155
145 55 112
228 118 146
188 178 91
105 176 93
93 71 159
32 70 152
50 178 143
63 178 138
210 183 132
212 178 146
143 183 134
151 183 117
46 58 142
228 118 135
220 183 154
126 71 158
195 178 106
31 140 98
83 183 104
128 183 114
88 183 110
28 166 125
28 77 123
58 58 132
225 141 109
205 183 147
101 178 110
228 73 100
59 71 158
38 55 107
31 125 101
205 58 102
228 149 145
177 58 128
138 61 157
31 130 132
98 55 123
31 118 139
31 159 103
29 182 160
200 183 110
39 178 142
209 183 109
136 178 114
197 178 134
28 102 132
193 178 144
54 183 111
105 183 120
111 178 140
38 178 109
225 81 111
31 159 113
213 178 127
211 178 114
52 65 160
55 183 131
228 127 103
142 178 144
33 183 105
167 178 105
147 183 95
118 55 110
63 55 111
31 149 122
230 183 97
41 183 91
69 55 98
142 183 112
64 178 118
75 183 130
102 178 145
95 178 142
177 183 118
222 178 128
205 178 120
181 55 97
36 71 160
210 183 91
209 58 122
106 58 136
114 178 132
31 55 150
160 55 106
155 183 159
188 183 155
228 60 96
230 177 136
29 94 160
98 178 92
225 62 114
31 149 156
158 55 159
205 55 117
126 55 142
28 113 150
140 55 127
200 178 142
201 55 146
108 183 98
153 183 102
190 62 157
151 183 125
203 183 155
182 183 140
221 178 160
28 169 101
25 177 128
228 146 95
44 170 97
213 178 155
165 178 119
168 183 134
44 183 132
122 178 118
179 178 137
140 178 130
156 183 138
192 183 132
28 108 159
172 175 152
225 134 136
140 55 159
89 58 112
98 183 137
28 65 129
28 60 111
219 183 96
151 62 160
103 57 95
31 61 142
43 71 159
135 178 144
79 71 158
33 102 151
213 178 101
164 183 100
167 58 154
176 66 160
76 58 112
31 167 134
28 110 127
31 126 138
110 55 130
209 55 136
28 160 145
230 177 160
34 180 91
228 77 129
228 127 113
228 120 125
100 55 138
121 178 99
225 177 103
228 95 101
165 177 98
112 175 94
228 168 154
147 178 140
188 55 153
85 183 132
28 56 117
232 180 145
84 60 160
102 183 102
29 183 127
64 178 125
129 178 122
228 111 121
228 172 147
31 127 127
89 178 134
182 178 119
225 113 112
225 107 109
58 55 142
66 68 160
65 183 160
178 178 99
228 154 154
198 177 92
219 58 100
26 177 99
222 71 159
178 183 154
31 118 101
29 75 95
135 178 104
89 183 101
96 178 102
34 178 146
190 183 126
53 178 159
150 178 101
167 183 157
67 177 98
85 178 122
108 178 115
51 183 139
200 178 157
184 178 111
151 178 147
28 81 152
44 58 95
28 136 152
79 176 149
228 83 153
28 183 112
228 84 123
94 58 101
213 55 127
86 58 125
58 58 150
31 137 142
28 138 110
28 129 105
31 99 101
105 58 111
95 55 118
28 70 122
31 98 119
146 58 134
28 91 128
196 55 156
51 58 101
124 176 94
50 177 98
28 56 132
232 182 132
142 183 140
165 183 111
150 183 136
58 178 142
165 178 143
127 55 160
28 91 148
143 58 104
31 77 130
87 58 147
76 183 112
130 55 111
117 58 152
225 140 102
184 55 136
128 183 106
52 183 121
31 107 100
62 178 106
179 55 144
188 183 145
164 55 102
160 55 115
28 154 123
28 94 134
31 170 111
92 183 151
229 183 154
26 176 137
154 178 155
31 73 108
98 178 160
194 55 111
177 58 118
24 178 159
28 119 117
214 58 151
111 55 120
223 55 120
69 58 136
98 58 112
117 58 98
182 58 155
230 177 105
210 67 160
28 95 143
146 178 123
224 183 126
77 183 123
83 178 99
139 178 121
97 183 154
111 178 110
37 183 119
225 165 120
228 79 136
225 87 137
225 130 123
225 144 121
225 69 130
154 58 106
151 55 119
225 91 147
228 107 136
228 59 135
139 177 153
28 103 154
54 177 92
31 120 159
225 154 101
109 179 160
26 183 147
225 174 114
34 178 99
108 178 148
28 87 154
86 183 159
127 177 153
219 178 140
82 177 92
228 103 150
26 183 97
101 176 98
187 69 160
144 178 91
172 55 140
31 96 106
28 86 122
197 178 125
228 99 130
210 59 157
56 58 110
228 136 114
165 183 122
116 58 144
49 58 122
120 183 144
126 178 128
139 58 121
31 168 155
218 183 148
85 183 151
112 183 103
173 183 98
28 62 156
225 149 110
74 183 154
44 178 112
158 178 128
31 83 137
45 58 130
225 153 128
74 183 138
224 61 160
51 183 105
146 71 157
28 127 95
184 182 91
93 174 98
224 127 152
67 176 149
101 183 91
81 178 135
195 183 115
39 183 103
93 183 127
137 183 127
63 183 115
173 183 110
164 178 130
140 183 105
81 178 159
228 67 154
121 176 149
224 178 119
100 55 160
219 178 105
129 183 98
185 183 104
