61 -34 11
-112 28 -36
-48 -31 34
-3 28 -36
110 27 -37
-103 -57 -31
23 27 36
-96 26 36
98 27 36
110 -56 -35
-37 -33 -35
-110 -53 34
-39 28 15
55 28 -15
24 -28 -35
109 -57 34
7 -34 27
-108 -12 0
-57 28 -36
108 -11 0
73 -13 -35
17 2 -1
-81 -17 -35
57 0 34
-17 -2 36
-86 -15 36
-79 18 0
-28 2 -15
-65 -34 -3
93 -20 36
-6 -34 -11
94 28 -1
109 -20 -35
-4 28 11
-112 28 2
37 5 -33
72 2 -1
-55 2 29
29 -34 1
-4 -11 -35
23 -6 36
66 28 17
87 -34 -9
55 -34 -21
-110 -6 -33
22 28 -17
-59 2 -18
78 23 -34
-26 -34 12
41 -30 34
-110 0 27
-91 -34 12
39 15 13
-19 28 36
-85 18 -33
-66 27 36
96 2 -23
108 3 26
-93 -34 -16
-28 28 -25
-12 2 8
-110 -27 31
109 -34 13
82 2 26
-52 28 -9
-47 2 5
-63 -34 -30
67 -23 35
-102 10 -14
46 2 -10
-3 18 -12
-110 -31 -35
50 28 36
-24 -26 36
-80 2 18
87 -34 -35
-71 -34 27
112 25 16
-39 -34 -11
-46 -9 -35
48 -15 -35
84 -34 15
19 28 10
46 26 -37
14 2 -27
2 -14 39
-22 28 -3
108 -34 -16
1 18 32
0 -33 -35
-38 16 34
-64 28 13
108 18 -16
76 26 36
-95 18 15
-49 -34 12
7 2 20
-31 2 20
14 -34 -15
-25 -6 -35
102 9 6
-38 -9 36
78 18 -14
-39 10 -31
56 2 12
62 2 -23
-70 28 -20
-112 27 23
7 -34 6
-84 2 -21
-91 28 -14
38 28 -3
38 10 33
26 24 -36
-90 2 0
83 18 15
-108 -19 -18
35 -34 -18
-92 -34 33
110 -34 33
-70 0 -35
-65 -18 36
22 -25 36
-21 18 18
57 18 2
-108 9 5
-109 -34 5
-21 -34 -25
-10 2 -20
-112 28 -17
67 -31 -35
-90 -34 -35
-103 12 -35
108 -14 18
-70 2 1
92 28 -22
109 8 -35
26 2 17
27 -34 20
-73 -1 36
68 -34 -7
92 -14 -35
-80 18 26
-37 16 -9
46 -34 -4
-9 -34 17
37 16 -16
72 28 0
108 -14 -17
40 -9 35
0 2 -5
44 -33 -35
-90 2 33
106 -38 -35
13 18 -5
10 18 -26
-54 18 24
44 -34 13
-75 -34 -17
60 18 -28
30 -11 -35
-62 -18 -35
83 -34 33
-17 19 -34
78 2 -17
49 28 18
32 28 22
91 2 -4
82 2 -34
-57 18 -22
36 2 4
97 -3 35
28 2 -14
-19 -22 -35
-110 15 34
-6 -28 34
-102 -13 36
109 -17 34
8 18 17
57 -34 27
72 -7 35
-108 -13 18
-97 -19 -35
110 24 0
-30 2 1
-64 2 16
-25 -34 -4
108 3 -9
-63 18 0
-95 18 -1
-97 2 18
-95 -3 -35
60 18 28
109 -28 -1
-98 28 -28
76 -34 -22
-44 28 -26
96 19 -34
-54 -34 -16
-14 28 -20
-31 18 6
-1 0 34
94 28 20
-86 -34 -3
53 0 -35
-44 2 -15
86 2 11
-48 28 34
-49 18 8
-108 -3 -18
-33 -18 -35
109 15 34
-68 -34 12
53 -20 35
12 -11 -35
40 2 20
-82 28 15
-16 2 -6
-103 -43 27
-30 28 26
71 2 16
95 -34 24
-71 28 -36
110 -6 -30
-9 28 26
-80 18 -15
-39 14 18
88 18 31
37 28 -25
-35 -34 29
-51 -28 -35
102 15 20
-109 -31 -11
72 -34 22
95 -34 -22
28 18 4
-10 18 2
70 28 -20
-12 1 -35
97 -34 6
-103 -43 -28
-52 -14 36
-10 -34 2
19 18 26
94 18 -12
13 -34 -30
73 18 24
-108 14 21
82 18 0
111 28 30
2 28 -1
-57 2 -5
-37 -34 2
-36 28 -36
-58 -34 24
-6 18 -26
-20 18 -12
-76 -34 -31
60 2 -9
-6 2 21
-51 -34 -1
-47 2 18
102 -45 34
108 -2 11
3 1 -35
64 18 -11
6 28 -17
13 28 -34
12 1 33
-51 2 -30
97 2 20
37 28 34
-36 28 -3
-109 -33 18
10 28 29
-74 18 12
-40 2 29
48 18 -6
-108 -3 10
75 -34 6
-19 -34 26
6 2 -17
-79 2 -9
-81 28 34
22 28 -4
-103 28 13
-93 28 23
-73 28 -6
-97 2 -22
-108 0 -6
-10 28 -7
-82 28 -23
-81 -28 34
-109 19 -7
64 28 -36
68 1 -35
45 18 26
55 -27 -35
-11 -13 36
110 28 -23
7 -25 36
37 13 -4
81 -18 36
10 -23 -35
2 2 7
-65 18 -12
44 2 -22
-19 2 23
17 -34 -3
-41 -22 36
-108 28 35
-64 18 -33
-49 19 -34
-52 28 17
28 18 -25
-24 28 11
68 18 10
81 28 22
33 28 10
61 -12 -35
-82 -2 -35
-68 18 24
-41 -34 -23
-9 -34 -26
-27 -14 36
-101 28 -6
-81 -34 20
-108 -23 11
-36 28 -15
45 18 -25
-26 18 33
84 18 -25
-110 -19 -32
-5 18 18
-97 18 -21
102 28 -11
93 18 6
2 18 6
32 -18 36
25 2 -33
103 -46 -27
102 28 10
24 -34 -25
5 -34 -6
-109 5 -27
99 -4 -35
102 13 -25
27 18 -9
-14 18 31
-58 -6 -35
-109 -34 -23
62 28 34
30 18 32
37 20 -34
51 2 23
81 28 8
-91 18 29
-46 18 -18
-86 28 4
54 18 13
-93 2 -11
24 18 15
100 -34 -6
-25 2 -26
-28 -34 -15
-97 -24 36
29 2 29
59 -34 -1
37 -20 -35
50 2 2
-71 -24 -35
98 -24 -35
61 28 -5
21 -34 10
102 15 -4
-80 -34 7
48 28 4
-63 -29 34
-109 17 -21
30 -34 34
-36 28 35
71 -34 34
51 28 -26
-30 18 -18
-39 10 5
-100 -34 -1
82 28 -6
-46 28 4
-36 0 -35
-108 -23 -4
89 27 -37
-60 28 24
-73 28 21
108 -22 10
-70 2 -21
-38 -34 15
27 -34 -10
14 2 10
-6 -22 -35
81 -22 -35
-24 2 11
-110 -39 34
109 -24 26
-73 18 -26
-25 -33 -35
12 -11 36
-4 27 36
-102 1 35
-75 -12 36
-81 2 7
70 2 27
71 18 -27
-74 28 5
62 28 6
41 -4 -35
108 -3 -18
8 28 11
35 28 -14
-28 -1 36
-25 28 -36
18 -34 27
-49 18 -3
-57 28 1
39 -34 23
-20 18 -23
61 2 2
-71 -12 -35
-85 18 10
-110 -47 -34
-37 9 -18
-39 3 -4
16 18 6
-25 28 -14
102 7 34
33 -34 -33
-62 -4 36
108 -24 -21
-92 26 -37
-1 28 -26
100 28 -32
110 -48 27
110 -4 33
44 0 34
-14 28 5
100 -28 34
-60 18 11
81 28 -17
19 18 -31
72 18 -5
-98 2 6
-48 -2 36
11 -34 16
84 -34 2
-95 -34 22
17 18 -15
-16 -34 -15
-15 -12 -35
-36 2 10
-102 8 27
41 18 4
-97 -34 -27
-110 -11 29
-59 28 -16
110 19 -31
-58 -34 6
1 -34 -18
-108 -11 -11
60 -13 35
51 -34 6
-57 2 8
-73 19 34
51 18 -16
-11 28 -31
-33 18 -28
28 2 -3
-103 -56 28
-59 19 33
-110 19 -31
3 20 -34
98 2 -14
65 -22 -35
-42 28 24
-20 28 23
108 0 1
1 28 23
108 17 8
37 -34 -6
-76 -34 -5
68 2 -15
102 -56 -28
34 -34 11
108 8 16
-93 -8 36
-82 28 -36
-69 2 27
16 2 -15
22 28 24
91 28 29
111 28 -10
37 3 -9
-82 28 -9
92 28 8
43 -19 35
45 28 -16
-108 28 -27
50 -8 35
45 -34 -22
-25 18 -4
-15 -31 -35
-100 28 -18
13 28 20
64 -34 -16
11 28 -9
1 -34 15
-3 -34 26
71 28 -10
-90 -12 -35
23 2 -22
24 2 7
83 -9 -35
-64 -34 -20
53 -34 18
-55 18 -11
-101 -34 13
97 -34 -34
77 -34 -34
95 2 5
52 19 -34
86 -34 -22
-46 -19 -35
2 18 -4
-97 18 -11
94 18 -22
-46 -34 24
108 8 -18
39 10 -23
33 18 21
108 -34 -26
108 -26 -11
-32 18 23
-101 18 7
-85 18 -23
-109 -12 -26
-95 18 -32
-101 18 33
91 -11 35
100 18 31
60 28 24
-4 2 -27
-82 -6 36
71 28 -30
93 18 20
-111 24 11
-52 -34 -28
-104 23 -36
-102 10 12
-65 2 -9
81 -3 35
61 28 -23
53 2 -18
108 -7 -10
6 18 -16
49 28 -7
51 -34 -12
87 2 -12
10 18 28
82 2 2
-42 2 -26
-100 28 5
-11 18 -9
40 19 34
10 28 -26
75 2 -26
-84 -34 -21
67 20 34
-60 28 -27
71 -15 40
105 28 22
-71 -26 36
-14 -34 34
102 -15 -35
105 -34 22
53 19 34
93 2 -33
108 -7 24
108 13 26
-44 18 24
37 10 24
48 -34 28
-112 28 -7
59 -27 35
86 25 36
-108 -22 23
89 1 33
-98 -30 -35
92 -30 34
78 18 33
-54 -25 36
-110 -18 34
-104 -13 -35
26 28 -28
102 3 -31
108 -12 10
-19 18 10
-11 28 17
-90 2 10
99 -13 35
-102 2 -30
-19 2 -15
108 -17 -9
11 28 1
-36 -9 -35
39 -34 2
-68 -34 -11
43 2 11
94 -34 15
-73 2 10
-89 18 -9
-80 -27 -35
-108 5 18
67 -34 -25
-102 -35 33
109 -46 -35
-89 2 21
106 -34 5
80 2 -6
33 -4 36
5 25 36
-73 18 -7
19 -15 36
-100 18 22
61 2 20
-87 18 21
-101 28 28
-31 -34 20
102 10 -11
19 -15 -35
14 -2 -35
-109 18 4
33 2 -21
41 28 13
-76 20 -34
-109 5 35
-62 2 -32
-80 2 32
-39 5 21
55 -34 -31
5 2 28
65 -2 35
-84 28 23
-21 2 2
-33 28 8
83 2 -25
-44 28 -14
61 18 -20
-31 28 17
21 2 31
-32 -23 36
-64 28 -7
-92 28 -5
-4 28 -14
-53 28 -22
2 -17 -35
-6 2 1
-108 9 -5
-85 -34 -11
8 2 -3
-92 -34 4
-12 2 29
70 2 7
28 28 2
103 -54 28
72 28 10
102 7 -3
-55 2 17
-74 28 29
105 -29 -35
-76 2 -27
75 -34 -14
-57 28 35
102 28 -22
-44 27 -37
55 28 -36
-80 -34 28
-103 -34 -17
81 28 -26
88 2 20
95 -34 -14
-93 -34 -7
-9 19 -34
93 18 -3
-19 -34 2
-108 -12 8
-108 -4 18
-65 18 -21
16 2 20
-65 28 1
-26 2 28
-27 19 -34
-9 -3 36
-19 -19 36
-69 28 -28
-102 15 -3
14 23 34
-84 19 34
33 -2 -35
5 -34 -28
-30 -34 -28
66 19 -34
-102 9 -23
103 28 1
-3 -20 36
-39 19 -34
53 -8 -35
102 13 -34
108 -26 17
37 8 10
99 28 28
108 -13 -26
-107 -35 26
-110 -46 31
109 8 -27
-25 -34 33
-51 20 34
102 -36 32
-37 2 -12
-110 3 -35
-90 28 -27
-64 -28 -35
93 -34 -3
39 28 26
-48 2 -7
-14 -34 10
65 18 17
86 28 1
86 18 -7
43 2 -3
-19 28 -27
-53 18 16
56 18 -7
-53 -15 -35
23 -7 -35
-71 18 4
71 -34 13
-58 -34 -6
67 -34 2
-79 28 -16
-42 18 -26
38 28 -36
-90 2 -31
-44 1 -35
35 -25 36
12 -31 34
-110 20 28
106 26 36
12 19 -34
75 -3 -35
108 -34 -7
-107 -40 -35
99 2 28
-109 -24 -25
102 3 13
100 18 12
-37 12 26
39 10 -11
-79 -20 36
-35 18 -1
-107 -50 -27
-109 -3 35
111 28 8
6 -3 36
-11 24 36
-103 -50 34
-49 2 -21
-71 -34 -25
-27 18 13
-25 -17 -35
5 28 -32
2 18 22
-11 18 13
26 28 15
86 28 15
67 28 28
-36 18 12
-4 -34 -3
-10 2 -11
79 -34 -4
67 18 1
-91 28 10
-70 -34 4
-16 2 -25
-30 28 -7
56 28 11
-97 2 28
110 20 28
-39 -24 -35
-92 -25 -35
83 18 24
54 28 29
-66 18 16
28 28 29
76 -24 35
50 -29 34
110 -40 28
-102 17 -27
110 8 32
36 2 33
86 20 -34
-107 -34 -4
89 -34 8
55 -18 -35
-47 -34 -9
77 18 -22
24 18 -17
17 -34 -22
56 18 21
14 28 -20
87 -34 22
91 -27 -35
46 18 11
-96 28 16
-48 2 27
72 -24 -35
-19 -11 36
-5 18 8
108 -19 2
64 28 -12
-47 18 -10
-87 18 2
-102 3 -11
-55 -34 32
-55 -34 17
0 2 15
7 -30 -35
-31 -25 -35
1 -30 34
-79 -9 -35
-55 18 2
40 -13 -35
59 -34 -10
-91 28 31
-87 -34 24
33 2 15
-33 -34 -21
-42 18 6
39 13 -32
110 -42 -28
46 2 -31
-39 9 -10
-57 -34 -34
-15 2 16
-43 -34 -31
78 28 29
-37 -1 36
-70 -33 -35
-110 -56 -34
59 2 27
60 -2 -35
-109 -27 -17
-102 -50 -34
109 21 -7
10 2 -10
-109 -24 4
72 27 -37
-24 18 26
104 21 -35
109 20 21
22 -34 -32
103 -20 35
-102 3 -3
35 18 -23
109 -44 34
-26 1 -34
39 9 2
-66 -11 36
110 2 -31
-63 2 32
-17 -4 -35
94 28 -10
83 -25 36
82 -34 -15
-53 28 26
32 2 22
-55 18 -30
-8 -29 -35
108 -1 18
-81 18 -7
-108 4 -17
-12 18 -16
81 18 7
-6 28 4
-108 -4 2
5 -9 -35
29 -18 -35
-31 2 -6
-44 28 -4
-3 2 -18
-5 -3 -35
108 17 -23
16 18 16
40 28 6
1 -24 -35
14 -34 5
-93 18 7
-84 -34 -30
-43 18 13
71 18 -12
-90 -23 36
29 28 -5
-64 2 7
-101 -34 -9
73 28 21
78 2 17
-32 2 -25
32 -34 -26
29 28 -18
18 18 -22
26 -34 -17
86 18 -17
-37 17 -16
41 2 27
94 21 34
64 -33 34
-17 28 -36
23 -33 34
-37 12 -3
-110 11 27
-102 2 13
12 -18 36
17 -28 -35
18 28 -28
-74 18 20
73 18 17
44 19 -34
-108 -19 -11
60 2 -16
108 17 1
2 18 -26
-11 -34 26
-57 28 8
-6 -34 -18
110 -51 -30
60 -34 18
-36 28 -22
-65 -6 -35
-5 18 26
1 28 31
44 -25 -35
-44 -14 36
49 18 4
108 10 -5
-102 17 15
55 2 -28
40 18 -10
102 -34 12
101 17 -13
26 -34 27
110 -28 -30
-39 3 4
-30 24 36
102 16 5
102 -38 -30
-85 -34 33
37 7 -17
-58 -19 36
-42 -34 31
-85 2 -12
7 -34 -15
-26 28 4
56 28 18
39 -34 -30
-110 10 -32
33 -27 -35
-51 28 -30
-5 18 -5
-33 -34 -4
-17 18 -5
26 28 -11
-60 2 1
-108 5 11
-22 18 4
-28 18 -10
-33 -34 8
41 28 -9
-79 28 -3
-19 -34 -7
105 -8 -35
-15 18 22
-76 2 26
88 28 -16
-48 -34 -20
-68 2 -28
-43 -34 8
-102 -3 -35
41 18 20
-69 -34 34
-107 28 -3
12 2 26
77 -34 29
-109 20 -15
-55 -1 36
-37 2 -19
-38 -28 34
103 -7 35
65 -34 27
-55 2 -25
22 2 -6
-85 2 27
-63 -34 17
60 -31 -35
17 28 29
-15 28 -12
8 18 0
-74 2 -14
-108 -7 -5
106 28 -16
-90 2 -17
-84 2 -4
-39 28 -9
-41 -14 -35
-57 -23 -35
-16 28 12
21 18 1
3 28 16
