-91 23 14
115 -38 -39
34 20 38
-17 -20 -39
115 -4 38
-117 -37 -40
58 21 -40
-33 -20 38
-117 -39 37
116 20 -19
64 -20 5
-63 19 -40
-14 23 1
-117 17 -35
-66 -20 -3
12 -20 13
32 -20 -35
82 23 16
9 20 -40
110 -38 7
-51 22 37
76 -19 -40
-80 -14 38
-117 -14 -3
38 12 -3
-117 2 38
-80 -18 -40
-25 -20 -1
44 -20 38
-53 23 -1
-5 20 38
78 -8 38
-28 20 -33
4 -1 -14
116 -13 -17
90 12 -40
116 21 14
-48 -12 -40
-90 23 -18
113 -38 38
-117 16 -1
-39 2 16
69 23 -12
15 23 14
36 -20 -5
-2 -18 38
63 20 38
-93 -20 13
-10 -1 16
87 -20 -12
-77 15 38
101 20 38
-112 -9 -40
-39 1 -17
116 -7 10
31 -1 22
38 6 -30
94 -20 19
-94 -20 -15
115 2 -40
-116 -39 10
-90 7 -40
-56 -20 25
15 22 -13
57 23 13
57 -20 -23
7 -20 -31
-116 23 23
-28 22 24
-112 -38 -14
94 23 -8
-117 -17 22
100 -17 -40
58 -3 -40
-67 23 18
-56 0 38
-17 -3 -23
21 -20 34
116 -38 -16
-117 1 -19
-8 20 -21
48 2 38
9 -1 29
-34 -20 -22
-48 23 -23
-20 -2 38
-102 -20 37
-99 19 38
22 -3 -1
-3 -20 -4
63 -20 28
17 -1 -33
-31 20 -10
-21 -20 20
48 22 -18
-65 -20 -26
-44 9 -40
36 23 16
-117 2 14
-43 -20 9
-70 23 -19
100 -18 38
30 22 -38
-117 -21 -24
35 -20 15
109 21 -40
116 5 -7
-79 23 -1
83 11 38
17 -17 -14
-14 -1 -4
116 -20 24
-95 0 38
-70 -2 -40
15 20 33
-6 20 19
-48 22 18
77 22 -30
-75 -20 19
-2 -2 -34
-48 -20 -9
-111 23 -18
106 -20 1
6 -1 6
-11 -20 -21
-31 -3 0
76 0 -40
-81 23 -36
96 23 -26
-39 9 34
-97 -20 -33
-11 21 -40
-99 23 -37
-31 -3 -34
38 -8 -18
49 -20 -39
98 1 38
116 12 32
99 23 10
69 -20 -12
-35 20 6
116 -20 -33
-5 -20 16
38 -6 5
27 -2 38
49 23 29
3 20 1
31 22 -17
64 2 38
-98 23 -1
81 -20 5
-34 -20 -39
-83 -20 0
52 -20 15
-40 -14 24
116 22 -3
103 -20 -23
71 23 5
80 -20 27
-117 -17 38
52 23 -3
115 -39 22
26 23 0
-3 -3 38
-47 -13 38
99 0 -40
-108 6 -40
-80 -20 -23
43 -5 -40
-25 -3 23
23 -1 -17
-21 21 38
52 -20 -4
-103 -20 1
22 -20 1
87 -20 -30
-17 -20 38
-66 -20 37
-117 20 38
-61 -20 11
44 16 -40
18 -1 14
-88 -20 27
8 -17 27
71 14 -40
-83 22 27
-65 -16 -40
-66 22 33
18 -18 -40
6 22 -26
38 11 25
94 23 25
116 3 20
72 23 27
-70 -4 38
-106 23 11
60 22 -26
73 -20 -26
-48 -20 -28
-117 0 -4
-37 22 36
-89 -7 -40
-48 22 -39
116 5 -21
31 -20 -21
-39 11 -27
57 -9 38
-56 1 -40
25 23 24
116 -25 37
-39 7 -4
-26 -1 -13
38 -8 32
-117 -22 -40
-19 22 14
-102 -20 23
21 22 -26
39 22 -28
-3 -19 -40
3 -17 -15
109 23 25
-112 -38 23
-108 -20 -14
-99 23 25
9 -17 -1
38 9 10
116 -11 -3
-34 -3 38
45 -20 -17
89 -11 -40
116 -7 -28
-23 -1 10
-117 -38 -27
-24 23 -21
38 11 -17
63 -20 -37
82 23 -14
-14 -17 7
-30 -17 11
-60 12 38
-23 -17 -15
87 -20 38
116 6 6
-117 15 11
-83 -2 38
100 -20 -10
106 -20 15
-108 -8 38
-117 10 24
22 -20 20
-79 23 11
2 22 -13
-117 -38 -3
38 1 -9
-60 23 -28
-117 -12 10
-71 -20 -14
-67 23 4
92 -20 0
110 -38 -28
-117 2 -32
116 -8 25
18 -17 -27
-117 -12 -15
-39 16 24
110 -9 -40
78 22 38
-39 -14 -1
68 -16 38
30 -3 -31
3 -3 19
-24 -17 -30
6 23 25
-74 10 -40
-35 23 -24
-15 22 28
-117 11 -13
-39 -12 -30
104 23 -14
-108 -20 13
39 23 4
103 11 -40
-39 -9 13
-25 20 0
116 14 -33
-8 -1 -15
50 15 38
52 7 -40
106 9 38
-108 11 38
104 -20 27
85 23 0
32 -20 27
-93 -12 38
-15 -17 -7
-57 22 25
-90 11 38
72 -20 18
-102 23 -26
-10 -17 27
-11 -3 28
21 -3 28
-39 -13 -14
98 22 -38
-108 -20 -32
-47 23 -12
13 -3 -22
-1 -3 -4
-39 12 -15
60 23 27
-83 -20 -12
-117 -5 29
-58 -20 -14
-117 12 -24
-100 23 -13
46 -20 -28
-17 20 -12
46 -20 27
112 -37 -5
115 22 37
108 23 -27
38 7 37
-88 22 38
-20 -1 -34
115 -21 -7
116 -21 9
32 -20 38
-2 20 -33
110 -27 -39
-17 23 -30
2 -20 7
-79 23 -13
-61 23 -13
67 -9 -40
-81 23 -24
11 -1 -5
-30 -20 27
-37 20 -40
38 -11 -30
35 23 -7
104 -8 38
67 23 16
-52 -20 1
-3 -17 -28
81 21 -40
89 23 36
-81 1 -40
-38 -1 27
54 -20 34
-117 -11 -27
-99 -12 -40
34 -17 5
27 -17 -10
-41 -3 -40
16 20 -3
-56 -20 -36
17 -2 38
-114 -27 38
-72 -20 9
-39 5 6
38 -11 22
25 23 11
29 -1 11
87 2 -40
-60 -12 38
-111 23 -7
113 -14 38
-8 -3 5
-39 23 -4
-6 20 -7
8 -20 38
67 22 -35
-48 -20 18
-7 20 9
-45 -3 38
3 20 14
87 -3 38
-1 -1 -23
59 23 -10
46 23 15
41 6 -40
-71 23 -30
35 23 27
-28 -1 -23
-49 11 38
-90 23 -31
116 14 22
116 -4 -12
105 23 -4
-93 -20 -5
-89 23 -7
82 -20 -21
6 21 38
-76 -20 30
-107 16 -40
94 11 38
40 -16 -40
20 20 -39
-72 -20 -33
23 20 38
116 2 30
89 22 -33
77 3 38
-83 -20 13
-34 22 16
45 -20 4
-68 23 -7
-39 12 13
-86 -20 -31
71 14 38
-56 12 -40
-47 23 6
58 -20 -12
-102 -2 -40
-70 9 38
-111 -20 28
45 -9 38
-88 17 -40
-31 -3 14
-42 -20 32
-53 -20 36
-57 23 14
86 23 -23
96 -20 9
-117 -20 -10
-65 -20 20
52 22 -30
59 11 38
-30 -17 -9
52 -11 -40
91 -20 -38
-114 23 6
38 1 28
-117 -21 7
113 -21 -24
23 20 -12
95 -20 30
7 -3 -34
15 20 23
22 -17 11
-43 -20 -38
-1 -20 27
-39 -11 33
32 -1 -22
106 23 16
60 -20 18
69 22 -23
77 -20 36
-99 -20 -24
-39 2 -30
38 -11 -9
-99 10 -40
-113 23 -27
-43 -20 -19
82 -20 18
-108 21 38
76 23 -3
-62 -7 -40
116 -2 1
29 -1 -9
87 23 9
-117 5 4
-86 23 4
95 -20 -18
-23 -3 -3
63 9 -40
-20 20 -38
-93 -20 34
-39 -4 5
116 16 -10
-38 -4 -7
-6 20 29
-11 -3 -33
11 20 6
-45 22 27
81 23 29
81 9 -40
94 -12 38
-107 23 20
76 -20 -5
-74 22 25
64 -20 -28
30 22 -27
-2 -3 27
-102 -20 -8
38 -20 -27
38 -12 11
44 21 38
-72 22 -38
9 -19 -40
-117 11 37
-21 -20 29
-99 10 38
116 5 -30
-108 2 38
-89 -16 -40
64 -20 -4
-80 -9 -40
112 -21 -15
38 15 -33
-112 -30 -39
5 -2 38
-117 20 -12
-29 -1 30
-17 -3 -12
105 -20 -33
-35 -20 4
36 -1 38
-112 -21 0
37 -17 -15
-117 -7 38
-35 -20 -31
31 20 6
-23 -17 6
38 2 1
-28 22 9
-11 -17 -32
20 20 5
95 23 2
-107 23 2
43 23 -10
-75 -20 -4
66 -20 -19
-90 23 23
-90 -20 -23
-56 -20 -24
-44 23 -31
-39 23 -15
4 -20 16
116 12 -3
13 20 -28
15 -1 6
55 -20 7
78 23 9
-79 6 38
-39 -8 -22
59 23 1
21 -3 -26
43 -20 19
110 -38 30
38 1 14
-117 -2 -40
116 22 -31
-76 22 34
-42 16 38
38 15 -24
39 22 -37
-12 -3 37
116 17 6
55 22 38
9 -1 14
-2 -1 13
111 -21 32
23 -20 -33
-60 21 38
-29 20 34
114 5 38
-17 -1 20
-38 -20 -8
-5 -20 -14
116 -14 14
-106 -18 -40
-15 -20 15
53 23 20
-108 23 -33
15 -1 23
-57 -20 -5
-17 -3 4
-117 -16 -33
16 -1 -12
57 -20 -32
-117 -5 2
-117 3 29
-111 23 29
29 23 32
-10 -20 34
-89 -20 5
-25 -17 37
-39 14 1
-40 -12 -39
-117 7 -38
96 -20 -32
116 -38 13
96 23 -17
80 -20 -32
-67 -20 28
-98 23 9
-72 -13 -40
39 22 -19
43 23 24
101 23 28
-56 23 -21
54 -20 23
15 -20 5
12 22 -21
-6 -17 5
20 -20 -7
-117 -5 16
78 -20 -13
85 -20 -4
96 23 18
-72 -12 38
-19 -20 -23
109 16 38
-112 -38 -33
-37 -20 15
-26 -17 -37
11 -20 -18
116 20 29
-19 20 22
9 22 -7
22 -20 -21
30 -3 4
-54 23 -35
-8 -3 -26
78 -12 -40
-14 20 38
110 -19 -40
-11 -20 0
4 -20 -7
13 -20 22
-117 1 22
72 -20 4
68 1 -40
89 -20 7
-60 -20 2
44 -20 -7
-94 0 -40
87 -20 25
116 12 -26
-48 -20 27
-94 -20 22
-66 9 -40
-117 2 -12
-1 20 -22
-20 22 6
69 -8 38
38 -14 37
-16 20 -22
-39 15 -7
-100 -11 38
86 -11 38
-100 -20 14
62 -20 36
116 -12 -35
-112 -37 30
108 0 -40
110 14 -40
38 -13 0
57 -2 38
-37 22 28
44 23 -3
-30 -17 19
-72 -20 -26
-48 1 -40
-65 -20 -33
43 -20 11
-6 20 1
52 23 5
99 -8 -40
116 -3 -21
-117 7 -4
71 -20 28
38 16 10
75 23 16
-21 -1 29
-117 -17 29
-37 20 -32
-33 -3 22
116 -38 1
-74 -19 38
25 20 -33
108 -20 -9
31 -1 30
-31 23 -3
-20 23 -5
-44 -20 -1
23 -17 28
29 -17 18
27 20 18
63 23 -17
63 23 7
29 -20 -3
-15 -20 -14
-95 22 32
-52 -20 -18
-26 -17 -22
-60 -20 32
116 0 14
20 20 -18
95 6 -40
-77 23 19
48 22 -36
66 23 -5
34 -3 -3
116 14 13
-117 -5 -12
-54 -8 -40
-52 -7 38
-63 23 10
116 10 -14
-66 16 38
-94 23 -24
38 15 19
38 5 20
-39 -6 19
73 22 -38
-33 -3 -18
-81 17 -41
116 -16 30
-112 -37 4
38 3 -21
38 16 -9
-39 6 25
-84 -20 36
-109 -2 -40
-111 -21 36
84 -20 -39
112 -31 38
6 -1 -27
87 23 22
110 -38 -21
-58 23 4
50 -14 38
6 -20 -23
-117 -5 -32
12 -17 -9
-39 7 -21
106 23 33
54 6 38
38 16 30
57 12 -40
13 -17 32
77 23 -19
-14 -3 10
-100 23 16
103 23 -33
63 16 -40
-112 21 -40
-29 20 -26
-23 -17 14
-1 20 24
-7 23 -27
-40 -14 6
-39 7 -35
-21 -20 -8
-3 -17 -21
-12 22 20
7 22 -33
13 -17 -32
23 -1 22
116 -14 -9
115 -21 16
-111 -20 -22
-31 23 -17
20 20 18
-11 23 -10
9 20 18
-111 -21 20
-117 20 16
27 -17 -26
-44 16 -40
2 -17 -35
-39 -4 -32
-28 20 16
3 20 -7
-24 20 29
-12 20 14
34 -1 -14
-34 -1 -27
26 -18 -39
-65 22 24
-99 -20 29
73 7 -40
-63 -2 38
60 -12 -40
23 -3 6
71 6 38
-81 -20 22
-37 -20 -15
-15 -20 23
96 15 -40
-42 -20 20
-43 22 33
-1 -1 4
-117 -20 15
104 -20 9
67 -20 11
-25 -1 4
73 -7 -40
-117 12 5
40 -20 29
-17 -20 2
44 23 9
38 -6 -24
116 2 -14
-47 23 -4
105 23 7
-104 23 -4
82 -3 -40
52 0 -40
116 -14 -28
101 -20 20
-39 15 32
58 22 -32
-53 23 -14
41 15 38
83 15 -40
16 22 -35
110 23 1
114 23 20
7 20 32
-2 -3 -13
-108 -20 -5
-34 -1 -12
116 -31 -39
27 -17 34
89 20 -40
-117 -38 -10
38 1 -37
115 22 -13
4 -17 33
111 -37 -35
7 -3 0
-21 -1 -18
-39 -18 38
-117 22 -4
-113 -39 16
-10 23 -33
-10 -20 -38
109 -20 22
116 22 -39
116 -20 2
-103 22 34
-81 21 38
-39 -17 -25
99 -20 1
116 -7 32
22 -1 -8
-89 1 38
-42 22 16
52 -20 -18
-100 -20 -18
72 -20 -32
105 23 -21
-86 -11 38
89 23 -15
-88 -20 -17
-84 14 38
-79 -20 -32
73 23 33
-54 -20 13
-71 23 -13
-7 -1 33
-7 -1 -3
95 -5 38
-54 6 38
38 11 4
77 23 -9
80 -20 11
94 -20 -7
-117 -7 -5
-49 -18 -40
-117 -4 -26
-81 -20 6
95 22 37
12 -3 -28
109 6 -40
-33 -3 7
95 22 -32
104 0 38
49 23 -12
7 -1 -21
46 22 -24
116 -7 19
-62 23 -22
-24 -3 16
-63 -20 -19
-104 23 -19
75 -14 38
69 -20 -38
39 23 34
-39 0 -1
116 -24 -39
23 -2 -34
116 -38 -24
-29 20 -40
16 -19 38
-42 -20 -32
-117 -20 -17
-112 23 14
-113 15 -40
-35 -17 29
20 23 30
27 -20 9
-24 23 -28
-2 22 -39
9 -17 7
12 23 28
-39 2 -9
32 -20 -13
91 -20 -23
-71 20 38
-26 23 -13
-117 7 -18
-68 15 -40
83 5 38
101 14 38
34 23 0
54 22 -18
87 23 29
-54 -20 19
114 11 38
-117 9 -32
-56 19 -40
8 -1 23
-95 -20 5
-72 23 11
104 -20 33
-85 23 14
-112 -38 -21
-75 23 4
-58 23 -5
49 -20 -10
-26 20 -7
-58 -13 -40
-70 -20 2
48 9 38
-117 -5 -18
-77 23 -30
-89 -20 18
116 9 27
-66 -9 38
77 16 -40
116 5 0
-83 23 -18
4 -17 2
-94 6 38
67 23 30
55 23 30
-30 -20 -27
31 20 13
58 3 -40
-7 -1 -9
-117 -14 4
16 -17 -21
-3 22 14
-80 -8 38
-106 -12 -40
-39 -13 -8
-3 -3 19
-117 -2 9
39 -20 -21
-8 -20 -9
22 23 -5
116 -14 7
-68 -8 -40
-19 -20 -32
-112 -13 38
92 -5 -40
101 23 1
-117 -11 25
116 -2 -32
72 -13 -40
52 -5 38
-117 -12 -9
-93 23 5
-28 -3 -7
-38 23 11
103 5 -40
38 7 -12
-67 -20 13
81 -2 38
-52 6 -40
-39 15 -22
116 14 -19
-107 23 -13
63 -8 38
-38 22 22
81 23 23
75 -20 -18
-39 16 18
-117 16 24
16 -3 -1
58 -20 -4
-76 23 -19
89 15 38
-1 20 9
-3 20 -15
-10 -17 19
-54 22 32
9 20 -15
60 -14 38
34 22 -33
37 -4 22
-112 -37 -7
-71 -19 -40
-41 3 -40
-99 -20 -39
110 -38 16
-53 -14 38
-39 2 32
-39 -7 -1
38 -9 -38
55 -18 -40
-117 22 30
38 -20 1
-117 22 -22
16 -17 16
17 -20 28
-29 -17 2
-114 -21 -30
36 -17 23
-107 -17 38
116 -14 23
-1 -17 -10
-5 -17 23
86 -20 32
115 10 -40
-29 -20 33
-26 -3 38
-2 22 33
-89 22 32
-117 -11 33
