-9 -1 79
49 43 -108
-41 -66 -82
-50 46 -29
39 -48 -8
47 47 15
40 -43 -93
-41 -51 21
39 -66 96
-34 46 -108
49 46 108
-41 -65 97
17 14 -48
-49 47 45
-8 10 10
-45 46 108
-39 -18 -41
39 -21 49
-30 -9 -97
12 47 61
5 -52 -50
-3 -52 58
37 -11 97
-16 47 -64
49 46 -34
24 2 -96
2 45 108
-40 -8 45
3 47 -20
40 8 -6
40 -26 -47
3 -21 -18
1 -52 13
-25 -52 -20
-6 -43 -90
26 47 -71
-27 47 8
-41 -22 95
40 20 45
6 47 -106
-41 10 -13
1 -18 40
-18 24 49
-41 -49 61
8 47 23
-11 -5 -65
-21 47 79
8 -34 90
-40 23 -81
-41 15 88
24 23 86
-32 -18 10
40 -52 31
24 -21 12
49 43 73
-32 17 -45
-7 19 -90
-30 -48 -55
34 -52 64
17 -1 61
1 10 -20
-50 47 -61
40 -2 -69
20 7 24
40 -52 -64
-41 -35 -84
11 -52 -19
-40 10 21
-16 -52 85
11 -17 -48
34 -18 -19
-50 42 75
40 24 -84
-41 -4 -69
-22 47 -36
25 -66 -85
25 42 -2
20 47 -43
40 -38 90
31 47 41
40 -51 -36
-5 26 90
24 -22 -83
18 -38 46
9 24 47
-27 -21 -16
-6 -21 10
-17 -52 35
-5 29 -46
40 8 -33
-20 47 36
-15 -27 -48
-41 -4 71
26 47 93
49 43 -60
-50 44 19
-6 -16 -90
-21 -30 46
-15 -1 54
40 -1 73
2 41 -80
-46 47 -87
15 -2 86
-23 -48 4
-48 42 -5
48 47 -10
14 -5 -69
14 -48 -75
-21 47 -88
35 29 -45
-12 -22 89
16 10 1
-41 -44 84
-41 19 46
24 -48 12
3 47 84
25 37 -97
49 47 -85
-18 7 32
15 -52 78
-26 0 97
-22 43 108
-12 -52 -70
-3 42 1
-11 6 -45
-27 47 58
-26 -57 -97
30 -5 -47
-21 7 -23
40 -19 27
-27 12 -97
40 10 17
-26 47 -14
5 -52 35
29 42 -24
39 12 97
-21 -18 28
39 -13 -97
24 -50 97
21 7 -24
-41 -52 -34
-7 47 53
-37 -48 41
-25 26 82
37 0 45
4 3 45
19 -38 -45
-41 37 -46
-29 -5 -52
24 -22 84
3 47 -57
-13 -52 -37
-29 10 4
4 2 -89
-40 -52 -6
-41 -28 45
-25 -39 97
40 33 95
-25 -29 -94
-22 -52 65
11 25 -86
40 -18 0
20 -18 36
39 -41 49
30 47 74
48 47 51
-20 -1 -83
-13 42 -108
-35 34 97
-9 -18 -32
28 47 17
-9 -48 -10
-41 -21 27
-41 -51 -70
19 -21 -32
-12 42 19
1 10 27
-41 5 -87
-30 -29 81
11 -34 -90
-25 -46 -81
-35 31 -97
-2 47 -39
40 5 -87
-3 -36 49
-41 -35 -47
8 47 42
-31 -65 81
40 -65 -96
-41 7 -33
-25 -11 82
21 10 44
-32 47 -74
29 -64 81
4 -17 86
-31 -18 -81
23 -52 -60
23 -52 -34
10 -18 1
-13 -18 -6
-15 7 -6
-25 7 81
3 -1 -52
26 -53 -97
8 -48 -2
17 -48 61
-11 47 96
-37 47 31
-3 -48 74
-7 42 69
-25 31 -82
39 -57 -81
33 42 58
24 -52 37
1 -5 64
33 47 -55
26 -32 -97
-41 -22 -96
-34 34 45
17 38 81
10 -18 21
40 -51 9
17 30 -45
7 7 -36
-50 45 -105
4 11 86
40 -27 -83
40 19 81
29 -40 -81
-29 7 45
3 -48 -33
24 20 -96
33 46 -108
-41 -2 90
19 42 107
47 47 35
11 -16 -90
15 47 -89
40 -51 79
-11 -48 -53
-41 -18 -7
-46 47 92
-20 -47 50
4 -32 -45
-4 38 36
26 -39 81
26 -34 97
-30 47 -51
-25 20 97
-25 -58 97
-43 42 59
14 47 8
-25 14 -81
40 -22 81
-23 -5 67
-16 -48 18
-41 29 81
31 -8 -81
-25 -63 -82
29 7 81
4 -49 89
47 47 92
-41 -50 -88
-25 -16 97
-15 -11 -45
-11 42 -25
-9 37 -90
-41 -20 -25
34 47 -89
38 10 32
-5 16 46
32 -46 -49
25 -18 -5
-20 34 -45
2 -48 -65
14 -23 49
28 -48 -18
25 6 97
-26 -5 -68
17 -4 45
34 47 108
-12 -16 48
7 -50 -90
-27 47 95
-12 12 87
40 -51 97
-34 42 73
21 42 30
-9 -39 86
30 7 5
39 15 -48
26 -1 -61
-6 -5 -79
-23 7 18
-35 47 -28
17 42 -59
28 -8 81
24 33 97
17 -1 -83
31 -5 59
-25 -21 -38
3 7 -5
21 34 -81
-29 -48 78
38 15 -97
-12 35 81
-30 -18 41
35 -21 -33
-7 -21 27
12 47 -9
12 -52 49
23 -52 -5
-27 -48 -37
39 47 1
-30 -43 -97
-41 16 -96
40 35 47
-41 -17 81
24 -13 -96
-35 -1 56
40 -25 96
7 10 14
35 47 -41
24 7 -10
5 -21 -34
28 7 -39
-37 10 35
11 28 89
24 -64 95
-30 -48 28
-8 -48 -24
34 35 81
-40 -66 -96
-3 31 49
21 38 44
-12 -29 -90
-41 47 7
11 -48 23
1 12 -48
-39 -49 97
39 35 -97
-41 -9 -84
-13 42 -76
-3 -20 -48
11 47 -32
11 47 -71
-11 47 -51
-26 7 -36
-40 -3 -45
-11 10 -32
-12 47 -13
-41 -48 7
-41 -52 -20
-40 47 -15
11 42 95
35 42 27
-9 -52 3
-8 -52 45
-41 -49 -47
-6 -52 26
40 42 -70
19 43 -108
24 -21 -44
-18 42 -1
31 -52 50
-17 39 49
34 47 -13
-4 47 -97
-12 -8 90
15 1 -45
16 -18 -16
-25 -21 0
40 -30 -96
-41 -58 86
-31 47 45
-41 7 7
8 41 -46
29 -52 -71
-32 -38 47
-21 -21 15
24 -53 -83
-20 15 -48
30 16 -81
20 -52 -47
44 42 -22
39 10 -19
30 -52 22
-37 42 18
26 38 -36
-29 10 -10
49 47 -48
39 -1 -56
-50 45 -48
-15 -18 -19
2 -1 86
-25 -33 -81
28 -21 26
11 47 74
-27 -52 -7
-12 6 -90
-23 47 22
-44 42 -71
-5 -6 46
-36 7 97
21 47 53
-37 47 -96
10 10 36
-32 38 -37
-23 -52 -65
-20 -39 -48
44 47 -97
-29 42 -62
-22 42 -99
11 12 -87
28 -1 70
7 -52 67
38 -52 -23
29 21 97
40 6 86
-37 -11 97
-35 2 -97
-25 25 -93
-41 -37 -96
-16 11 44
6 35 -90
-2 47 -70
-50 43 33
24 -9 97
28 -19 45
-36 38 -81
32 -32 45
12 10 -16
-32 29 -47
40 -9 86
31 -35 -45
-12 7 22
28 -52 74
-13 -21 37
39 3 -45
37 0 -97
-32 42 -5
-3 -48 -76
-37 47 83
-17 47 65
3 42 12
-27 -52 14
-25 38 87
-12 -52 -87
-41 -1 -57
-41 10 -47
6 -5 76
-40 23 97
39 -15 -45
39 47 67
-12 -1 65
11 -48 9
35 47 86
-30 -52 53
40 39 -83
-41 -32 82
11 35 49
-20 -6 45
24 -43 -92
-32 10 -25
-40 -52 -59
-11 42 107
21 7 13
15 -5 -57
-9 47 81
-2 42 -10
35 -21 13
40 -65 84
-41 -48 73
-34 42 108
4 -25 -87
-40 42 -57
25 -65 -97
-29 -27 97
-41 -23 -83
26 -22 97
-41 -19 39
-22 -21 -27
2 -21 -6
-7 7 35
19 42 -19
-31 -5 -78
-6 38 90
40 -52 42
-32 16 81
-8 38 -36
10 12 49
37 42 12
40 -43 -81
-37 5 81
32 28 45
34 11 49
-13 -1 -55
3 -1 -71
7 -5 53
-35 -25 -48
31 39 -47
17 -5 76
33 -52 0
-41 -10 -96
-13 -48 59
-16 -52 74
-26 -52 41
40 -48 21
35 42 98
-5 -25 48
-9 7 -19
-18 -48 -28
24 -5 -73
-29 7 28
-18 7 5
-16 -18 5
10 -18 32
-11 47 42
49 43 0
-25 2 -92
-25 -46 88
4 -44 45
-32 -21 21
-3 47 23
0 -52 -14
-22 42 -23
-43 47 -37
28 2 -81
-9 -6 -90
-41 3 48
12 39 36
-41 40 38
33 -43 97
26 -1 50
-41 -36 92
-20 -1 85
23 -49 86
4 24 -47
30 7 38
-15 38 38
-5 -8 -48
-12 -41 45
19 -9 -47
31 31 -81
2 33 86
2 42 50
15 38 -36
14 -27 -48
-32 -52 69
37 -32 81
37 2 97
-32 5 -48
25 47 -96
-32 23 48
-26 -66 -92
40 -53 -91
44 42 83
14 -48 -57
-41 -21 3
-6 -52 83
-5 -30 90
-40 -52 32
-32 -40 -48
40 -41 -46
0 -5 -61
5 -41 -85
19 -48 -24
21 47 -30
-29 42 35
40 25 -94
40 -17 -84
29 41 -80
19 7 -34
-7 10 0
2 -48 -23
-17 42 9
2 47 60
20 -48 28
24 -7 -88
49 44 63
-50 46 -16
1 -41 -45
-41 -48 51
-25 -11 -84
-21 -18 -47
38 38 -36
-32 47 -84
-11 47 -88
34 -21 35
15 -48 38
14 -48 -36
19 42 18
-20 -52 -52
-15 -52 -18
6 -48 79
12 42 -99
40 -52 -47
11 37 -81
-25 -38 82
0 -48 3
35 -66 -84
-41 39 88
6 -48 58
1 47 35
-50 46 64
10 -34 46
-41 33 -88
-29 5 -81
-40 42 100
21 47 40
-7 5 90
5 -5 -82
-50 43 9
33 7 -27
24 14 91
-17 25 -48
-3 42 -106
20 47 -79
-30 -5 74
37 38 38
12 -21 -8
-2 10 -38
24 47 67
-6 -21 0
6 47 -1
-27 -52 -46
31 20 -46
-30 -66 92
40 -6 -89
9 -15 47
-7 6 45
-4 10 -11
5 -21 9
-32 -48 -68
-15 -21 -39
30 -21 3
11 -21 -24
-34 -21 -33
24 23 -85
49 46 -71
-6 33 -82
4 -11 -45
-39 -44 -81
-12 47 -38
-41 47 69
11 -43 87
-35 -13 -48
0 -52 -41
24 -48 46
-6 -16 86
-41 -19 17
40 -4 -79
-40 -6 81
-6 39 -46
-18 38 -86
-25 36 97
4 22 86
5 10 4
29 10 26
-13 -18 21
39 -48 -73
-3 -21 -25
40 29 86
26 -21 -14
24 11 -92
-18 -2 -45
40 7 4
-33 -2 45
28 42 8
15 47 83
29 -52 -27
11 -44 -45
-40 40 49
-37 7 -2
-22 46 -108
11 -10 90
-12 28 -88
19 -18 26
31 -48 -62
40 23 97
-32 -21 31
40 7 41
-35 14 -81
49 47 25
-12 -43 -45
-49 42 -96
-50 45 -78
-37 -18 -16
-20 -48 -74
-5 -29 -46
40 -2 56
2 39 -36
-31 -52 -78
-13 42 58
35 47 -29
-17 -52 9
-6 -52 -60
11 6 90
40 -57 88
24 -22 -96
-39 -52 -97
-41 8 -23
-50 46 83
-22 -52 26
35 47 50
-15 -48 -62
0 -52 -84
-20 -48 -5
31 -30 -81
24 -31 -88
10 -1 68
-13 -1 -75
-31 35 81
-7 -21 -15
11 10 -28
0 -13 49
23 -18 -24
-25 -20 -92
39 47 77
-31 42 -20
38 42 -61
-25 38 44
19 10 33
11 7 27
-13 42 -97
-34 47 -39
16 -48 -66
37 -12 49
2 42 100
31 -59 97
8 7 -45
30 -52 -42
-25 7 92
26 41 81
34 -18 -8
40 15 -82
-44 42 26
-32 -21 -5
15 -52 -10
20 -18 3
-21 -5 -60
-32 -52 -15
40 -35 -88
-8 -48 67
-2 47 76
-4 -5 56
30 -52 -10
15 -18 13
-16 47 27
-21 -21 42
-20 -48 -42
-5 19 -45
-44 42 -24
18 27 48
-21 -5 77
31 10 14
-2 1 -45
-32 10 15
4 -26 47
34 0 80
-31 -48 60
-31 -52 3
-22 42 -48
-4 -52 -32
2 -48 27
11 -4 -90
42 47 -78
35 -48 72
46 42 100
-22 42 72
-25 -55 -87
40 42 -105
40 -6 -46
31 6 -48
-11 -36 -85
14 -52 -84
39 -43 81
-12 31 49
19 -17 45
24 47 -53
-29 47 84
-34 23 -97
-41 42 -106
-7 -48 17
-12 22 86
-2 42 -27
-6 47 -59
8 39 81
6 47 -91
31 8 -97
-29 -48 -28
12 3 49
7 -25 90
35 -32 97
38 -48 55
24 -52 4
-34 -1 67
31 42 67
17 -52 69
11 16 90
3 34 -48
48 42 44
-37 11 44
31 25 -97
1 24 45
-41 -3 -78
23 38 -44
28 38 37
-18 42 92
34 -48 37
21 -1 -52
28 10 -19
-4 7 -27
-20 47 45
-30 -20 81
0 -52 -5
-40 47 -6
-2 -18 -39
43 42 -52
-41 -66 82
-34 42 61
-12 0 45
-32 -11 47
24 -12 88
18 17 48
-26 10 36
2 -21 23
40 -48 88
-18 10 -38
24 47 -62
-8 47 13
35 42 -5
20 42 97
31 -17 -48
-12 47 3
15 -52 3
6 -52 -71
-21 -48 -14
-25 -39 -91
-25 -61 87
24 -38 90
-31 38 -46
-25 17 88
-18 39 -36
-32 -29 45
2 -52 45
-5 -45 48
-39 24 -48
-48 47 54
-32 -57 81
-32 -48 19
23 -52 56
-3 -48 40
26 -30 81
-41 -4 61
31 -42 45
-26 33 -97
-41 26 90
-50 43 -38
44 42 -42
7 -1 -62
6 -22 -43
32 -25 -45
-27 -5 55
-37 -21 49
-41 -36 48
-22 42 -79
14 21 -48
-32 -18 -25
29 -18 18
24 34 88
20 47 74
-4 47 -79
-23 -18 -8
-20 47 54
-4 47 88
-18 7 -14
-8 47 -5
24 47 -87
-41 -3 -91
-8 -52 -45
-41 24 -92
-41 -30 -92
-29 47 -92
-23 47 -68
-25 -23 -84
-13 -25 45
-6 -1 -71
43 42 -30
40 -48 -56
-31 42 -98
34 -59 -97
-29 -1 -60
40 -21 -24
40 35 -48
-37 -2 97
-25 -22 91
31 19 81
40 -29 45
-5 9 -86
20 42 -69
-18 42 -57
-25 28 95
-4 47 -16
-50 47 100
8 -52 -62
-2 -48 -52
5 42 72
23 47 -9
10 42 -18
3 42 -99
-25 47 -4
-16 47 -20
-31 47 15
19 42 59
28 42 50
14 -52 31
28 47 32
35 -58 81
33 -48 9
28 -21 -37
40 -48 1
-34 -34 -81
4 20 -86
-18 -48 -86
28 47 102
11 -7 -45
-25 7 -2
-2 7 14
-32 10 -39
35 -1 65
15 -18 -38
30 -7 -97
4 -11 -89
-12 -12 -85
32 19 45
-18 5 49
-31 -34 -97
40 -22 -93
-25 -7 92
24 0 92
-30 -47 46
26 47 -38
-41 -17 -89
-32 -52 36
31 42 -66
-12 34 -48
3 35 45
-21 16 47
-41 7 -96
-30 47 27
24 -16 -88
-41 -41 -89
40 47 40
24 -29 90
16 -48 15
-2 47 -51
-25 10 -43
24 1 82
40 42 108
49 47 7
18 -30 47
-25 -34 91
14 47 35
35 -18 42
-41 -51 -79
-26 47 -43
-41 39 -38
-25 11 -89
30 -18 -27
-35 -52 -43
14 10 -41
-8 47 35
21 47 5
10 47 54
5 47 -11
16 7 -8
-25 -18 8
-35 47 91
24 30 -88
-6 42 60
11 42 14
33 8 -81
-12 -52 53
-7 42 -65
-12 14 -45
11 -48 -28
-32 -17 -97
26 -52 30
34 -22 -81
12 47 -82
39 -48 -16
-18 42 -14
-41 7 91
-7 -48 32
28 -48 -78
-7 -48 -38
19 47 -101
29 -48 -36
28 -48 63
29 -46 81
-50 46 1
42 42 53
-37 -58 97
-41 -27 88
15 38 -48
34 -1 -75
-41 -48 -13
-41 42 78
31 -59 -81
-12 -48 26
-17 42 102
-27 42 102
14 47 -23
-32 42 4
7 -52 18
16 47 26
-20 42 17
-16 -52 -79
-15 47 87
-9 42 27
26 -48 -55
-2 -52 67
-12 -48 38
