65 123 101
244 146 162
173 123 83
130 99 162
8 101 161
244 97 96
197 97 162
83 146 161
8 146 85
165 147 142
120 147 98
218 147 111
32 147 142
10 97 106
64 96 160
244 100 146
107 104 119
153 104 121
127 144 162
133 107 84
203 140 159
190 120 124
241 134 83
86 147 121
164 114 162
96 114 83
59 124 137
156 147 107
98 111 152
37 147 106
8 128 123
208 123 88
244 128 125
32 121 83
86 147 85
36 119 162
8 136 161
133 144 129
187 147 99
225 118 162
217 123 134
52 146 162
36 120 120
107 144 142
194 147 129
55 147 85
12 97 134
85 120 125
143 147 83
129 104 134
58 147 124
228 147 137
187 120 151
230 120 105
71 122 162
168 124 111
218 147 85
157 104 92
244 146 106
8 111 84
154 124 137
98 133 103
244 102 120
131 107 110
19 120 143
177 140 162
168 147 85
152 147 162
244 126 150
69 147 103
150 104 146
32 147 83
18 120 103
36 96 159
8 144 140
14 147 107
72 144 141
208 120 111
111 104 97
221 96 160
187 120 99
113 147 120
175 147 118
29 140 162
86 97 162
223 144 158
45 120 101
175 97 162
155 128 96
40 120 142
55 123 83
96 131 162
204 119 162
244 114 84
78 123 83
95 128 141
108 96 160
137 144 110
95 114 106
27 147 123
107 147 83
157 140 125
174 120 136
77 120 143
54 113 162
210 144 142
55 120 119
111 104 140
52 144 143
16 118 162
196 145 83
108 145 162
186 147 146
9 109 120
139 147 149
98 132 121
243 108 162
244 146 128
158 130 154
8 128 90
157 97 162
244 114 136
199 147 112
89 147 143
244 130 101
203 124 145
228 120 85
230 144 97
97 131 84
87 147 105
227 120 121
124 144 143
80 123 110
208 147 98
244 113 107
210 144 125
235 132 162
154 114 108
95 108 129
9 146 123
228 124 147
243 147 146
67 137 162
52 147 102
50 128 162
190 124 84
19 147 151
158 118 84
71 145 83
42 144 124
106 147 105
155 123 121
170 144 102
9 108 147
87 118 162
140 104 97
174 125 158
231 147 120
147 144 135
69 124 123
128 145 84
23 120 128
120 107 151
244 147 90
9 131 147
86 120 96
190 130 162
8 132 108
216 130 162
177 147 133
190 147 160
12 97 86
24 105 162
60 120 151
168 120 97
121 107 120
188 110 162
50 99 162
205 120 125
73 108 162
182 144 85
142 107 158
155 147 93
139 104 123
165 147 156
72 147 124
126 104 97
213 109 159
241 133 138
95 141 132
24 144 98
42 147 152
157 135 83
158 108 134
218 120 97
137 144 96
82 131 162
30 120 98
158 133 111
96 147 94
9 119 133
65 147 152
114 104 83
47 120 130
43 144 92
216 120 150
147 147 120
98 104 93
158 117 150
8 109 99
98 142 152
177 124 123
191 123 137
17 122 83
142 107 136
146 105 84
124 147 111
98 115 119
201 123 99
20 147 134
241 136 115
241 101 133
236 96 159
238 119 159
153 144 147
232 123 133
96 104 142
118 104 107
184 123 112
47 120 152
244 101 83
116 144 132
89 120 149
25 124 114
168 124 146
241 99 108
144 107 111
95 142 114
82 144 133
43 120 88
241 111 150
241 115 119
28 120 152
98 119 132
117 147 154
9 96 120
78 144 95
60 144 111
41 108 159
230 145 84
199 147 143
164 120 129
9 139 98
14 120 115
175 109 162
241 117 96
106 107 107
187 144 111
134 107 145
158 137 137
102 147 123
19 130 162
95 105 162
175 144 151
244 137 152
227 106 162
67 121 83
43 139 162
232 147 108
8 132 136
8 119 149
77 147 151
196 123 111
162 137 162
62 144 94
239 124 111
108 107 155
8 143 151
141 144 162
87 120 137
90 124 115
42 147 137
230 147 149
71 124 134
95 105 115
17 144 162
33 124 132
47 144 112
164 144 116
200 109 159
213 146 162
11 97 151
62 144 134
209 99 162
177 123 103
98 120 97
151 104 102
221 123 111
155 121 162
158 105 154
118 107 132
117 144 87
221 144 127
78 147 111
46 120 112
21 147 88
197 147 94
98 115 142
216 123 123
130 107 155
34 120 108
166 147 127
186 98 159
109 147 94
58 123 108
183 120 162
244 124 88
95 132 151
76 123 94
69 120 112
208 144 88
95 147 162
144 96 159
157 114 98
11 109 137
12 109 110
158 124 105
120 99 159
241 106 99
27 147 108
201 130 162
155 139 101
55 123 98
8 119 97
60 124 162
241 147 118
21 124 93
130 144 119
89 123 85
76 97 160
184 147 124
8 124 158
30 130 162
33 147 132
29 147 152
178 120 146
97 141 83
225 135 162
29 120 142
218 147 101
63 109 159
98 122 152
206 147 151
10 136 84
72 146 162
234 143 158
11 110 158
239 120 143
98 124 108
14 147 94
179 120 93
174 147 93
147 147 99
19 96 160
85 106 159
195 144 152
17 147 118
96 104 105
219 120 83
95 139 143
196 123 154
216 147 134
137 144 139
104 107 84
156 145 83
108 107 130
244 139 96
89 123 105
12 137 119
8 147 160
124 147 127
188 144 137
129 147 151
208 147 108
106 147 132
221 147 145
67 124 143
155 114 125
147 144 111
51 120 142
244 130 160
201 120 136
166 105 159
156 147 132
80 123 152
195 120 92
129 144 103
50 144 132
154 110 161
97 117 161
214 118 162
56 137 162
29 113 159
62 147 143
98 137 93
12 141 130
8 119 107
87 144 152
98 147 140
186 139 159
71 120 152
236 124 120
19 123 152
234 144 128
45 117 162
9 118 123
165 123 155
58 120 128
124 104 88
55 144 152
8 100 97
150 104 132
89 139 162
244 124 137
244 119 128
183 123 132
155 130 129
25 122 162
201 147 134
158 141 155
129 107 125
241 109 128
235 124 96
212 124 142
71 144 115
155 133 145
8 105 129
241 137 105
36 147 96
95 111 97
37 120 151
155 115 138
244 137 124
38 147 115
112 147 111
37 145 162
244 101 155
157 109 83
64 123 92
203 147 121
155 137 92
87 147 96
9 128 99
205 123 154
41 128 162
195 119 162
153 104 112
199 124 84
244 108 90
170 133 159
154 134 161
115 106 161
98 142 102
141 144 128
226 120 140
62 144 160
98 133 134
230 124 159
154 126 83
12 106 92
221 124 156
76 120 128
106 147 152
102 104 150
238 144 140
241 108 114
154 133 120
162 124 90
128 147 136
215 144 154
118 107 94
179 144 141
160 120 115
158 106 143
24 144 145
225 120 130
42 147 83
199 123 120
161 144 98
222 144 93
214 120 105
78 118 162
77 123 119
52 144 93
8 100 143
73 120 105
244 108 142
182 147 156
179 147 103
8 120 86
190 147 90
155 143 115
16 123 123
100 104 134
169 120 121
95 130 96
33 105 162
182 131 159
147 144 91
150 103 159
98 123 88
43 124 121
76 139 162
118 144 161
98 98 159
195 139 162
199 147 161
93 123 127
121 104 143
115 147 143
8 147 114
8 147 101
194 144 121
200 144 105
244 128 116
241 131 93
72 144 132
115 107 114
177 120 114
177 144 125
169 147 110
212 136 159
38 124 97
225 144 116
54 105 159
94 143 122
165 97 159
135 147 156
241 139 145
133 104 118
146 147 154
18 120 134
134 107 93
86 144 112
210 147 118
171 147 162
138 104 105
142 104 143
98 124 119
148 104 94
100 107 123
181 121 83
209 124 132
45 147 145
244 142 83
228 123 114
11 126 140
15 144 145
79 144 120
192 104 159
125 104 114
236 147 94
72 147 92
126 106 162
162 120 141
208 120 96
235 111 159
78 144 104
34 144 123
179 120 155
243 137 162
172 115 159
11 135 154
244 118 154
81 144 145
138 147 121
12 133 128
91 123 156
192 123 146
8 101 114
81 124 133
195 123 129
155 114 90
240 147 155
244 115 161
90 147 134
158 108 103
238 123 103
244 98 127
65 144 121
29 144 90
42 144 99
98 135 111
182 123 140
226 120 96
122 147 119
155 113 118
8 140 107
164 147 134
113 147 103
159 147 121
63 146 84
244 147 136
103 106 162
79 144 86
27 96 161
47 124 94
62 124 121
194 124 102
137 104 152
161 144 149
54 147 115
18 147 125
67 130 162
12 114 92
155 126 145
137 147 88
238 147 102
11 137 143
28 120 120
128 104 149
206 111 162
238 123 152
140 104 89
113 104 149
68 115 159
19 111 159
130 147 93
147 147 142
55 123 156
30 123 90
11 128 83
156 147 141
12 115 141
226 147 105
222 120 103
9 128 115
182 105 159
150 147 128
183 120 120
106 147 116
23 147 158
95 118 112
214 147 94
37 135 162
82 120 102
121 144 105
11 111 127
131 107 102
146 107 120
241 97 140
103 107 143
13 124 94
102 147 159
41 124 107
219 123 90
51 120 162
11 104 154
131 147 142
238 146 84
219 109 162
144 107 150
58 100 162
218 120 142
168 124 136
102 107 114
65 120 128
12 125 130
241 132 149
38 120 128
243 99 162
244 147 98
244 124 96
12 105 84
98 128 129
244 118 112
98 114 90
191 124 116
76 127 162
63 124 114
169 122 162
173 123 151
172 147 138
50 120 106
164 147 105
210 123 118
98 110 137
210 124 162
27 144 130
102 104 99
154 121 99
125 107 106
51 144 123
135 104 162
42 100 159
223 127 162
235 123 84
187 144 152
56 123 90
154 110 149
98 123 145
155 123 155
20 147 103
25 123 137
183 114 159
84 120 115
217 147 123
150 107 138
95 137 156
81 120 90
46 144 158
59 117 159
184 123 89
95 108 88
177 144 111
222 144 136
244 140 137
172 147 146
166 147 94
239 120 133
160 124 150
227 147 129
30 144 117
94 147 149
209 144 157
159 147 160
111 107 89
240 143 111
214 144 106
204 104 162
71 144 149
157 127 116
71 120 90
42 123 134
143 107 128
184 144 130
49 147 88
24 124 85
98 141 162
218 139 159
16 105 159
104 104 90
161 144 88
111 147 127
183 147 93
9 141 92
139 104 115
90 111 162
205 120 105
244 127 107
244 122 102
209 147 132
194 144 107
14 144 156
135 104 132
184 120 106
8 97 128
95 114 127
28 124 107
161 120 123
155 120 128
98 136 128
241 136 132
25 144 138
8 117 155
23 137 162
16 146 83
95 105 154
9 147 146
193 144 145
77 144 127
139 147 133
50 123 88
173 102 159
143 147 106
168 120 86
124 144 89
151 144 156
30 147 161
95 117 149
12 147 134
30 120 127
230 137 159
244 101 102
226 120 152
90 144 90
188 145 83
243 96 89
169 141 159
65 123 158
38 123 84
126 107 141
102 147 88
71 102 159
137 97 162
32 123 147
90 124 142
203 147 83
162 123 83
80 102 162
213 147 147
10 130 162
99 147 111
32 123 158
164 123 102
239 126 159
239 120 88
60 147 118
52 147 137
201 144 154
82 111 162
50 140 162
157 115 156
59 147 103
24 147 116
67 144 108
121 107 158
234 105 159
12 102 102
194 147 101
244 108 134
20 120 116
222 144 151
173 120 92
43 147 107
54 124 150
112 104 108
175 147 86
231 123 127
168 128 162
115 107 121
175 124 129
120 104 101
87 147 128
130 144 111
36 147 154
82 124 140
195 132 159
98 139 120
162 120 162
214 120 112
231 117 162
112 144 157
190 147 116
14 123 146
84 123 146
77 147 138
201 120 115
235 120 138
243 96 118
95 127 103
222 124 124
154 130 89
11 127 106
143 107 102
213 120 90
41 147 129
241 126 130
112 144 149
98 104 83
21 119 158
50 147 150
169 144 151
8 147 129
159 119 93
93 147 155
123 144 151
51 124 123
213 120 128
151 144 105
152 144 123
93 144 106
81 144 156
230 147 90
9 113 105
170 124 103
244 122 159
93 147 99
42 120 156
122 107 127
142 144 117
37 113 159
201 147 128
157 133 105
158 136 130
12 128 154
147 144 148
19 147 111
98 119 124
244 128 142
16 137 162
122 104 137
91 120 99
98 124 136
182 147 118
63 147 128
32 147 102
72 147 155
9 114 116
126 147 98
177 121 162
8 140 114
172 124 116
54 120 133
190 123 162
241 131 111
91 127 162
36 120 137
24 120 147
49 109 159
217 104 159
139 147 101
155 147 99
38 147 145
121 147 136
213 123 155
12 97 158
154 109 97
226 100 162
95 111 112
200 144 89
213 123 83
235 144 147
56 147 132
111 102 159
172 147 123
206 144 137
184 144 162
109 107 145
151 98 161
63 120 106
49 123 137
170 120 128
76 120 136
33 124 114
190 124 93
19 124 108
68 144 96
160 147 112
244 110 120
244 143 156
158 130 138
156 147 152
158 141 142
217 144 139
199 120 149
151 147 88
12 102 119
90 123 92
118 144 115
65 147 138
158 125 131
84 120 156
236 144 121
12 101 125
108 144 122
82 140 162
241 142 150
142 102 162
204 144 146
157 104 162
244 111 99
154 117 145
37 120 102
244 114 90
118 107 86
219 122 162
65 102 162
92 98 159
241 127 83
192 97 159
64 120 138
95 130 111
241 118 106
151 107 127
116 144 125
155 135 152
158 117 133
95 117 137
113 104 129
95 110 147
200 123 90
236 147 134
103 104 156
244 140 89
12 113 149
241 113 143
201 123 129
175 144 157
100 144 133
196 120 142
103 147 146
117 144 94
93 120 119
239 120 124
46 123 143
238 146 162
92 144 84
227 123 90
230 144 144
107 107 124
209 120 158
77 111 159
230 147 155
232 144 103
134 147 105
227 145 162
14 144 114
140 144 154
37 144 135
187 123 156
124 147 158
92 144 139
116 107 143
199 102 159
241 142 101
89 120 110
106 144 110
173 124 97
244 102 114
95 137 98
24 111 162
206 136 162
89 144 159
