81 -10 -49
-117 22 20
12 -20 81
-30 -21 -38
80 22 37
-59 22 78
18 20 -84
5 22 18
-115 -21 -41
-62 -21 24
50 -21 4
-73 22 -27
36 22 -29
59 -21 58
97 22 -13
39 22 77
-14 -21 37
96 -21 19
-9 22 70
-43 22 12
34 -17 -57
67 19 -84
-37 -21 78
-10 22 -41
4 -21 -7
-107 -21 5
-8 -17 -78
-117 22 -27
-89 4 49
-71 -21 -22
45 22 13
26 -21 37
94 -17 -84
-81 22 10
-34 -21 1
97 -21 -17
65 3 -19
-71 -21 66
59 -16 -84
5 -10 -41
-39 22 -22
-39 22 51
21 22 48
-10 9 -10
92 17 -62
34 -10 -24
-102 -21 36
-67 22 37
-20 4 21
97 9 15
-9 13 -71
60 9 58
23 -15 -84
-46 -21 50
70 -21 31
68 22 -41
39 -12 79
57 -21 -38
-30 6 82
-11 -21 65
20 22 -5
13 10 82
-118 -7 -16
43 6 -84
-13 22 42
-86 -4 21
76 22 4
97 10 -37
-104 22 -3
76 -21 1
-89 -21 -41
46 22 39
-96 20 -41
5 -21 19
-46 -2 21
-56 -4 81
-95 22 31
-76 -21 3
-113 -3 21
13 2 -19
-55 -20 -41
-60 20 -5
-77 -21 43
88 8 -84
-77 21 60
-95 -21 -17
-53 20 -41
14 22 -40
11 -10 -64
26 -21 9
27 -21 60
-8 -1 82
50 22 -10
-10 -12 -23
-116 3 -41
84 -1 33
-46 -19 -19
57 -10 -62
-34 -21 25
-21 22 5
5 0 -84
74 -21 -22
47 -21 30
5 -21 49
-10 -10 6
4 22 -21
78 -10 -71
97 -8 1
86 -1 -19
74 22 -19
-55 -21 4
-31 22 31
-9 -15 -57
97 -20 -38
27 22 28
24 -21 -38
51 -21 -18
-67 9 21
-70 0 67
-118 8 3
70 -5 47
-84 22 -10
-40 22 73
23 -21 -12
11 22 66
-30 20 -39
-10 2 -40
-16 22 -23
-27 -21 53
38 22 57
66 22 21
-57 22 53
6 -21 -25
-27 -21 -19
-102 4 35
-53 -21 68
93 -2 -64
50 22 -41
48 4 70
44 -10 -75
-97 22 -23
71 0 -84
-116 -21 21
-89 -21 16
-17 -17 82
43 -21 51
-2 22 2
-10 -21 -41
5 22 41
-81 -10 56
-13 22 24
24 -4 82
-99 20 13
32 8 -19
23 3 -82
-17 -21 19
-50 22 31
44 -10 -44
-23 22 59
-111 -21 -24
-35 20 -4
70 -10 -36
84 22 -34
92 22 24
58 22 -27
-14 -19 -8
50 -4 -19
66 -21 15
63 22 43
-55 20 -24
-6 11 -55
0 19 -84
-73 -19 -38
20 20 -22
52 21 66
-10 6 8
-118 10 -15
59 22 4
5 -21 65
20 22 12
-24 22 79
-60 22 15
-118 -9 5
93 22 3
97 8 -5
-63 -21 52
-82 22 42
46 -21 68
92 -17 -59
-60 -21 -11
1 20 82
-9 -3 -68
-118 -19 -7
-6 4 -25
-78 20 -41
28 -10 -70
21 -10 -51
97 -5 -34
-93 -11 44
58 -21 43
-10 -1 -84
40 -21 -34
7 -17 -83
36 22 -3
-77 -21 26
-83 11 21
52 19 -82
24 22 79
-112 22 -41
68 -17 -55
96 -6 21
-69 -8 21
-1 22 55
-56 -21 38
-34 10 21
57 5 -90
-46 -19 16
74 10 43
81 -21 17
19 -10 -27
-49 11 82
40 -21 -8
56 -6 62
-39 -7 82
10 -21 33
-90 -21 -2
36 20 -82
-34 -21 41
31 9 82
64 -21 -11
-100 -10 21
33 -21 22
27 -19 82
91 -21 -1
-26 -21 69
-117 22 5
83 -21 -36
91 13 -23
93 5 -50
51 11 -19
-118 -9 -30
-9 -21 51
-56 -19 81
76 -17 -84
84 -20 33
28 22 -41
-99 8 21
7 -3 82
-26 -9 21
65 22 -9
-3 -16 82
-17 22 -9
-108 17 29
81 20 -82
-100 -19 -32
-61 8 76
51 22 26
26 22 64
11 -21 5
-57 -19 -27
66 -17 -72
32 3 -92
84 22 -9
71 -21 47
-81 -19 -12
-83 -21 -29
95 20 -84
4 -17 -52
80 -10 -28
3 -7 -19
-49 11 21
59 -10 -28
-29 22 16
-47 22 62
-43 -21 -32
-70 20 -14
84 -21 -12
-76 22 28
-66 20 -38
84 -5 -82
-68 17 69
-65 -11 73
-79 3 58
31 -10 -42
52 -21 17
20 -21 49
1 22 -34
14 22 30
-95 13 42
-118 9 18
-86 20 -30
-115 6 -29
-10 -4 -11
33 22 41
-13 -8 21
79 22 22
-71 22 -1
-109 20 -16
-6 -21 11
97 -8 -19
95 22 -41
0 -17 -66
86 11 31
60 -10 -48
-37 -21 60
-9 13 82
-23 -4 82
-48 20 -14
33 -8 -84
-48 22 1
50 -4 -84
31 22 -15
52 22 53
-24 22 46
-89 -21 31
-20 -19 5
46 -10 -31
-68 -21 12
-93 20 1
19 -21 70
-46 -21 -4
-105 -8 32
-11 18 12
17 -17 -74
-19 -19 -30
28 -21 -25
70 -10 -20
-28 20 -15
-42 20 -35
-87 -20 51
-6 -8 -34
45 -10 -58
88 -17 -71
-86 16 51
-6 -8 -47
-1 22 30
-48 22 43
-28 20 -28
-104 -19 -10
1 8 82
-6 22 -11
-57 -10 21
33 22 16
93 11 -72
93 -14 -48
-115 -1 -5
-103 -21 18
48 -9 70
39 1 79
17 -21 21
-2 -21 35
-10 13 -31
-71 20 17
93 -1 -76
70 -21 -41
64 15 -19
39 22 28
-36 -21 -12
10 22 2
-10 10 -84
90 -21 -27
65 -21 -29
11 22 55
64 -21 1
13 -17 -45
39 -21 38
-96 22 -11
-37 -10 21
97 22 -28
-107 20 -31
21 -17 -61
39 -21 9
46 22 -24
10 22 -10
63 20 54
-6 15 -21
-6 -21 -17
1 -21 -39
51 -17 -51
12 10 -84
78 11 -19
63 -11 54
97 4 -22
12 22 78
52 -17 -71
-118 21 -9
30 -21 -2
-7 -21 23
-35 -19 12
59 -21 28
8 -10 -30
43 -17 -84
72 20 -30
-118 -20 8
-90 22 21
12 -21 -16
-57 3 21
-43 -21 31
33 -21 70
-23 -21 29
64 9 -82
-76 -21 55
89 -10 28
5 11 -19
96 22 13
-29 -15 82
-74 22 50
5 -10 -74
78 9 -82
76 -10 -59
84 22 11
91 4 26
-24 -21 -8
16 -5 -82
53 -21 -8
25 -1 -19
-48 22 81
43 4 -19
-20 20 -35
-15 22 52
-10 -2 -1
64 22 31
28 22 5
-60 22 64
-22 15 21
-11 10 20
61 -4 -82
76 -12 41
-8 -21 -30
-79 -21 13
67 4 51
-70 -21 -10
-16 -21 -18
-6 0 -55
-60 22 25
92 17 -52
-115 -10 -41
31 -21 46
0 -9 -84
33 -21 -16
-19 9 82
21 -10 -37
-33 22 64
-35 16 82
45 22 2
39 16 -19
41 11 77
32 -17 -79
-10 16 1
38 22 -41
-88 20 -19
-46 -16 82
13 22 -29
93 -4 -43
73 21 45
91 -7 -55
85 22 -23
-108 -21 28
34 -21 -41
-75 3 21
-95 -21 8
18 -21 -24
-118 0 12
19 -21 -1
-3 -21 71
-118 15 -36
-6 12 -42
-98 -4 39
41 -17 -68
33 10 -84
-2 -21 2
-118 -12 15
97 2 4
-22 22 35
54 -21 -28
97 -4 -10
-46 2 82
14 -21 -35
-74 -11 63
-64 -21 1
-47 22 22
-29 0 21
-82 -14 21
-14 22 79
85 -10 -64
-43 -21 6
-57 -19 13
-9 4 -75
-70 -21 33
-53 -21 57
97 -15 8
97 -15 -30
20 10 -19
-104 -21 -41
53 -15 64
53 9 -82
-10 -1 15
59 -10 -72
-35 -19 -28
-20 -21 -39
-66 -21 -31
-106 20 6
97 12 -15
-104 22 22
-64 -21 74
0 9 -82
12 -10 -20
-26 -19 15
-118 -17 -16
24 22 38
40 22 66
-110 -12 21
48 -21 41
27 -17 -48
97 -16 -9
77 -2 40
-9 -14 -68
-10 20 -82
45 -20 -42
40 -21 77
-24 -21 42
43 -21 18
-61 22 -17
-40 22 38
-91 -21 43
-30 20 4
93 8 -63
-115 -2 -24
41 -21 -24
-19 22 68
-6 5 -63
-86 22 30
-53 -21 23
-62 -21 62
56 -10 -39
12 -17 -57
-99 -21 26
-57 22 38
-118 -19 -31
91 -7 -27
-68 22 58
-59 13 21
-48 -11 21
74 -21 -12
-100 -21 -2
-112 9 26
-20 22 16
97 17 -4
93 13 24
91 12 -44
-91 21 46
48 13 70
1 -10 -58
28 -10 -59
-50 22 72
-37 20 19
91 6 -31
-8 18 -63
25 13 -82
-14 -8 82
-3 -21 44
78 -21 26
-79 22 -19
71 -10 -77
84 -21 5
-63 22 46
27 22 55
37 -21 58
39 22 48
-115 13 -23
-118 13 -4
58 22 -37
54 4 64
-17 -21 73
-10 -15 16
79 21 -41
91 -20 26
-45 -19 -41
13 -11 82
23 22 -34
80 -17 -56
72 -10 -50
12 -10 -51
34 -10 -51
85 -17 -44
62 -2 56
51 -21 55
-74 13 63
93 -9 -72
-89 4 21
-10 -10 -4
-24 22 -3
-103 -21 -21
20 22 71
-68 22 8
76 22 -5
-41 -21 70
70 -17 -64
-56 22 6
-19 -21 50
5 -21 75
37 -3 -19
-98 22 40
25 -10 -20
-87 -19 -19
-47 22 -27
-94 22 -32
-62 -3 75
-87 -4 51
91 16 -35
-5 -3 -20
95 -5 -83
-115 12 10
-59 22 -34
-115 -11 -9
79 -8 -19
-4 22 17
91 4 -41
-80 19 20
-54 -21 -18
-84 -19 4
47 20 -32
-73 -16 21
-94 -19 -25
-27 -21 -29
-36 22 -12
-118 -1 -34
-4 20 -28
-10 -11 -84
43 2 -92
-109 -19 -32
-100 -12 37
34 2 -82
-11 -17 2
8 18 -82
87 20 30
-81 20 2
72 22 33
18 -21 41
-90 20 9
43 -10 -22
-48 -21 42
-88 20 -38
21 4 82
-63 20 -27
59 -17 -54
13 22 21
-40 22 29
-10 22 32
36 -21 30
18 22 4
-55 -21 49
50 -17 -63
66 22 -24
-8 -17 -49
76 -17 -45
61 -8 -19
-110 -21 13
12 -21 53
-76 22 -8
77 -21 10
31 22 71
54 3 -19
-6 22 46
-103 0 21
68 22 9
-28 22 71
-48 -21 75
54 -10 -79
-43 20 -7
-22 -21 60
59 -21 8
36 -10 -64
97 13 8
-2 -21 60
20 15 82
5 -14 82
33 18 82
-10 -12 -40
-8 18 -50
12 19 -20
-1 -5 82
93 22 -21
65 -17 -47
4 -21 -17
-21 22 26
38 -10 -32
23 22 -14
33 -17 -71
21 -12 82
46 22 59
17 -21 11
65 -21 52
-4 -10 -75
63 -21 -19
4 3 -19
65 -10 -61
-9 -21 77
80 -21 -28
-40 8 82
57 22 -18
-111 16 21
78 0 -19
82 -12 35
60 22 15
21 22 22
25 -7 -84
80 10 38
-37 -1 21
-37 -21 49
25 -21 29
-49 22 52
-77 -5 21
0 22 63
39 22 -14
-13 -21 29
32 -5 82
-83 -21 37
-82 -19 -4
-62 -21 44
-28 -19 6
-94 -16 21
0 -10 -29
86 -16 -84
-63 -19 -40
-75 -3 62
-118 21 -18
84 22 -1
-81 -19 -38
39 -21 1
-110 -19 -2
-118 2 -15
-94 -4 21
5 22 10
78 -10 -36
-47 -7 82
80 -17 -64
-99 16 21
87 -9 -19
97 11 -28
-104 22 -41
55 14 62
97 0 16
0 -17 -77
6 22 -41
41 -17 -49
93 -21 11
59 -17 -65
68 -17 -81
50 -10 -68
0 -10 -50
77 -17 -76
36 -10 -77
-36 22 -30
-15 -21 11
-35 22 10
85 8 -19
53 -10 -55
-90 -19 -11
-49 -19 -28
51 -17 -83
-51 -19 -9
27 20 -28
56 22 39
-6 0 -32
-8 22 58
-66 -1 21
-118 -16 -24
-9 22 -19
-6 4 -48
-10 5 -17
71 12 -82
21 -10 -74
66 -21 38
19 22 60
52 -10 -47
20 -21 57
73 -21 18
-46 -21 60
41 -9 -84
52 22 -2
91 22 -5
85 -10 -76
-87 -12 51
78 -19 39
-9 22 5
-41 20 3
-57 -19 -3
-68 8 70
-26 15 82
-10 -15 -14
60 16 -84
68 -10 -68
45 13 -82
-2 -2 -82
14 -17 -65
-24 -21 81
76 -7 -82
-83 9 54
-109 -2 29
-90 22 38
91 18 -76
-15 22 -1
-66 17 21
21 -10 -64
97 -12 -41
87 16 -84
94 12 -82
90 -9 -38
-63 16 74
71 -13 46
-43 16 82
45 22 73
-6 18 -36
16 -10 -43
-40 -17 21
-104 22 33
-64 -19 -23
10 -21 43
-3 -16 -84
-106 22 -24
-109 -14 29
-7 -21 -9
72 22 25
-94 0 44
-49 20 8
-62 22 2
0 22 -7
27 -10 -32
-2 -21 -25
-68 22 -21
-42 5 21
48 -21 -32
-51 -21 32
66 -10 -43
54 -21 33
-118 -15 -1
16 -10 -58
13 -21 -5
65 22 -1
-28 -21 35
68 -21 -5
59 9 -19
70 14 48
93 0 -56
-9 -7 -54
-9 -4 -77
-58 15 80
-2 22 38
39 -17 -77
13 -10 -71
-74 11 21
-82 -21 21
-109 22 -9
-93 -21 -32
-79 -19 -22
59 3 -82
27 22 -3
13 2 -82
67 -10 -29
-33 -1 82
-15 22 60
93 -9 -62
-59 -21 -34
71 -2 -19
28 2 82
-30 22 57
84 -21 -3
-55 22 46
64 -21 22
-33 -21 66
84 -10 -56
30 22 48
8 22 48
77 22 13
-76 -21 -31
44 -21 60
-36 -21 33
81 22 -16
-90 13 21
-118 6 -7
-20 22 -16
6 22 32
-30 17 21
97 -14 19
32 -14 82
-113 20 15
52 -10 -23
27 -10 -78
20 -21 80
8 -10 -81
18 -5 -19
86 22 -40
6 -17 -71
-115 6 -21
-118 -7 -2
-51 20 -5
49 5 -92
-57 3 80
-15 0 82
-1 -17 -47
-50 20 16
-90 20 -7
-10 6 -34
1 22 75
88 -17 -52
-111 -19 -12
91 -2 -32
-24 22 -41
-73 6 64
81 3 -84
10 20 -35
43 -17 -58
94 3 -82
-70 -21 44
12 -21 66
-77 22 35
33 22 63
45 22 32
-30 22 38
-34 -19 -21
7 -21 -32
-6 6 82
12 3 82
30 -21 -32
-118 0 2
90 -21 -35
73 -21 -29
57 22 32
53 22 46
17 22 39
-63 -21 31
13 22 11
13 11 -19
20 -17 -44
-9 -5 -61
-79 20 -31
23 -10 -44
-1 -17 -59
52 22 12
26 -21 71
73 22 -12
97 -15 -1
-114 19 -3
97 16 17
-69 -7 68
-103 11 34
93 -15 -77
-42 15 21
71 16 -19
-10 17 -12
50 18 -19
58 -21 50
76 -21 -36
33 22 33
-10 -2 6
-70 22 -34
-21 -19 -23
-97 22 -4
-24 20 11
-102 20 -18
1 22 48
50 3 -84
97 -21 -24
43 -1 -84
-117 22 -34
-40 22 64
26 -21 16
18 -21 29
-68 -21 19
12 -21 73
-54 22 -17
32 16 -19
-14 -21 44
63 -10 -36
-60 -14 77
-26 -16 21
91 -3 26
-62 22 71
8 17 82
97 2 -38
-3 -10 -21
-6 5 -84
33 -21 78
16 22 -15
-116 11 -41
-16 16 82
91 4 -71
-1 -10 -65
-40 22 -41
66 20 -35
-56 -21 75
-10 -16 -35
30 19 -84
-63 -15 21
8 -21 -41
34 -17 -50
90 -10 -81
77 15 41
50 -4 67
-31 -21 75
-1 -10 -37
-30 -21 19
-4 -21 -36
97 0 -16
43 -3 75
-42 -19 -25
-10 4 -4
68 9 -19
39 22 -23
30 -21 -10
-13 -21 57
-51 -5 21
93 9 -56
60 22 24
-73 22 41
53 -21 24
66 -10 -54
31 -21 55
26 -17 -76
-87 20 15
6 -21 57
39 22 19
6 -17 -61
