197 142 119
52 103 27
52 102 203
130 187 202
159 102 27
91 145 114
175 97 205
141 96 138
107 145 46
61 187 202
191 161 192
115 122 204
53 101 140
198 141 56
121 96 80
137 153 153
181 96 88
52 112 84
149 145 86
77 145 170
194 98 154
97 96 166
101 96 34
60 144 48
95 96 120
151 145 38
201 102 38
154 139 204
139 96 182
95 160 204
55 141 134
200 141 159
159 179 175
56 141 203
200 124 198
83 96 68
129 145 118
83 145 78
89 96 204
201 101 118
111 174 174
153 96 62
169 145 140
200 126 88
53 118 170
147 96 104
127 122 29
105 145 150
181 128 29
83 124 29
55 141 100
125 152 194
115 145 84
79 179 177
63 96 110
171 96 128
163 96 160
145 110 209
161 172 206
164 148 170
83 126 204
169 145 108
52 116 54
129 96 44
201 102 68
171 145 66
194 98 184
71 96 178
133 145 62
113 96 142
192 188 201
177 96 48
200 122 138
121 96 202
95 96 92
79 96 146
53 118 120
53 138 74
103 185 199
119 96 106
81 145 140
180 139 204
69 96 46
136 166 175
65 162 192
201 117 169
184 180 178
54 128 30
185 145 88
109 96 58
54 140 160
123 96 164
163 96 184
116 147 170
83 145 40
197 103 208
145 146 183
71 96 88
99 146 187
177 145 44
200 139 30
145 145 134
201 102 94
153 124 29
184 158 171
59 97 68
109 145 128
105 117 27
200 139 182
129 144 35
181 106 27
165 120 204
93 162 170
54 122 146
75 104 27
105 96 186
200 122 112
138 166 202
58 100 161
69 145 118
200 122 48
79 178 206
79 146 198
101 145 66
77 145 98
192 144 139
183 96 110
109 145 104
157 96 86
147 145 108
58 143 180
140 184 184
54 122 190
137 128 204
173 184 195
175 96 68
143 96 162
121 102 27
99 138 29
131 145 96
69 112 209
101 136 204
127 96 124
117 172 205
199 120 28
105 106 209
166 154 201
149 96 42
52 102 184
176 147 185
71 96 198
73 96 128
77 145 60
127 145 140
54 122 100
119 157 155
179 96 170
179 145 124
141 108 27
155 96 202
183 116 207
198 141 100
67 141 31
97 183 182
81 96 106
151 96 122
177 96 148
153 145 62
159 96 142
87 96 50
125 176 187
135 96 66
181 145 154
196 101 136
180 170 204
139 96 84
165 138 29
200 126 70
167 145 88
167 96 102
101 96 74
95 96 138
87 96 186
95 145 166
153 145 150
197 142 200
74 162 174
149 185 199
118 139 204
159 145 124
66 186 186
99 145 90
155 163 170
52 101 44
69 145 152
199 141 79
52 104 100
132 149 171
187 145 70
109 152 201
125 110 209
192 96 52
145 152 199
65 117 27
52 102 122
67 145 80
121 96 180
111 96 126
81 96 162
200 124 154
117 145 68
173 169 171
139 96 200
54 134 116
103 96 106
131 145 80
179 96 190
89 112 209
79 162 203
141 136 29
201 112 188
129 96 148
93 145 130
111 96 92
200 101 170
91 110 27
53 118 70
169 116 27
201 112 82
69 132 204
54 128 86
185 145 110
133 96 98
121 163 173
54 130 58
171 96 34
192 96 78
89 184 195
187 96 36
149 148 169
113 142 32
54 126 204
188 176 193
79 150 184
107 159 168
201 108 52
62 144 64
101 96 152
187 96 124
91 145 52
161 145 50
87 145 154
113 96 42
192 146 172
52 112 156
135 160 188
133 142 202
52 114 38
110 181 188
201 110 152
167 145 156
157 145 98
85 96 82
121 145 48
151 122 204
87 96 36
113 146 184
121 96 66
64 174 198
69 145 132
95 176 206
201 114 124
191 96 198
200 136 44
183 142 32
200 136 146
54 132 172
190 147 186
161 106 209
142 160 165
54 130 44
200 134 130
93 148 200
69 173 185
179 145 168
105 96 200
171 183 180
65 96 150
52 116 134
58 100 83
201 117 99
200 124 182
182 152 199
155 180 188
165 96 56
159 145 74
141 96 54
115 128 29
157 96 172
169 96 80
143 145 74
101 118 205
151 163 204
163 146 185
65 97 33
191 96 98
63 146 191
195 102 27
200 130 168
189 168 178
54 140 36
91 174 174
139 145 44
187 128 204
147 173 173
121 145 152
52 106 64
185 96 138
63 96 188
135 96 114
181 145 58
95 96 60
73 96 60
129 96 192
149 96 76
149 96 150
53 136 148
59 98 56
128 160 163
135 97 33
127 145 182
75 182 194
81 145 126
71 128 29
54 126 158
111 96 168
163 96 114
115 186 201
105 145 116
95 145 102
121 145 108
113 145 140
175 145 78
189 96 64
107 164 205
136 174 192
52 106 172
201 106 106
77 101 207
167 96 196
185 104 209
193 185 185
122 162 188
187 117 27
68 152 176
196 115 208
57 142 86
192 144 45
73 96 76
99 96 48
83 96 174
143 145 122
79 145 110
67 145 106
107 156 155
139 96 126
95 126 29
151 96 186
161 96 44
65 145 164
61 96 98
87 136 29
109 104 27
201 118 60
54 114 206
139 120 28
200 134 110
65 96 138
85 96 128
95 145 40
93 145 142
65 101 207
168 139 204
119 145 96
127 134 29
54 134 190
52 112 110
173 156 168
65 145 94
161 185 198
59 97 174
139 178 204
61 96 126
200 138 68
73 96 116
133 96 172
123 145 128
125 128 204
119 96 52
143 145 56
135 145 108
163 96 68
87 145 92
143 145 96
181 145 136
89 138 204
167 145 38
189 96 164
192 144 151
117 117 27
54 130 136
181 183 203
133 117 206
129 186 185
119 183 181
83 156 170
89 96 154
97 96 178
201 102 194
111 96 114
190 145 128
177 145 100
159 96 130
75 145 48
115 96 156
173 128 204
71 155 199
201 114 38
135 101 208
194 98 110
125 176 199
196 143 90
68 142 200
52 110 192
157 114 27
134 176 179
157 145 162
52 114 180
123 173 177
148 100 32
120 163 201
105 148 168
135 145 130
125 96 138
111 145 56
105 145 80
131 112 27
129 96 56
179 96 100
65 122 204
73 145 70
169 96 174
71 96 166
175 96 118
169 145 128
191 132 29
200 130 98
200 130 60
85 96 116
200 126 122
143 145 146
200 126 38
91 145 70
175 108 209
171 145 54
155 145 138
75 96 188
85 96 96
115 96 190
161 130 204
157 150 200
151 176 205
173 163 204
65 145 142
189 145 98
171 180 204
201 112 200
53 116 27
106 177 206
126 155 178
115 102 209
201 110 134
201 116 72
201 108 178
188 156 181
179 182 187
201 101 82
125 96 34
151 139 29
52 104 76
77 116 27
101 168 172
133 145 150
139 184 195
69 154 187
198 132 204
85 183 185
58 143 120
143 138 204
54 140 58
70 183 204
83 168 173
174 146 197
59 97 198
89 146 184
70 166 202
155 96 96
191 96 174
139 96 152
79 114 209
179 96 78
93 96 104
171 126 29
65 106 27
171 96 90
169 96 138
75 145 88
103 96 84
111 96 72
93 145 80
177 96 160
167 96 150
181 96 180
79 136 204
77 138 29
201 102 160
53 101 112
52 114 94
201 110 28
169 104 27
55 101 150
190 145 162
189 177 203
136 156 198
54 132 96
99 102 27
85 101 27
147 96 172
201 112 114
111 114 209
81 96 196
77 96 40
181 96 58
101 96 130
121 96 92
97 145 156
93 96 194
131 96 78
117 145 120
167 145 118
73 96 100
155 145 114
145 96 92
121 145 58
191 96 88
153 96 162
93 126 204
200 139 172
145 96 114
79 96 136
149 145 48
157 96 106
131 96 158
69 145 40
200 130 190
187 144 198
149 181 178
109 130 204
77 145 160
148 154 160
54 128 72
190 145 80
57 101 36
163 170 172
117 159 165
52 110 144
189 168 199
85 169 206
151 102 209
165 97 205
52 106 54
99 180 191
185 96 154
194 98 42
115 98 33
111 143 199
163 158 168
135 148 186
73 163 186
127 152 153
55 141 110
71 145 182
105 126 29
95 101 208
105 180 177
52 106 132
175 138 29
173 117 206
86 154 202
139 143 34
190 176 183
54 120 46
135 128 29
159 158 203
158 115 208
136 168 185
119 145 38
101 144 200
125 154 169
103 144 35
182 161 202
88 182 204
147 116 27
123 144 198
53 101 194
198 141 190
167 180 190
124 168 194
139 145 84
87 145 62
93 96 70
69 145 56
85 145 102
69 96 68
163 145 62
75 122 204
111 96 102
200 130 78
135 145 52
121 145 76
119 96 130
161 128 29
177 145 146
109 96 178
149 96 134
77 145 148
77 96 50
159 145 84
54 126 108
161 145 146
133 96 134
97 145 122
123 145 88
87 96 142
87 145 170
171 145 164
54 134 128
191 96 146
201 112 92
189 145 54
185 145 40
136 147 195
52 104 88
187 145 120
201 116 144
147 180 190
75 184 183
154 147 185
135 158 173
60 144 74
195 100 124
200 139 138
177 120 28
91 152 169
59 97 44
187 169 188
194 143 64
59 138 29
190 152 194
131 101 27
81 185 199
99 156 169
113 150 153
196 143 38
60 144 150
201 110 64
155 154 168
60 144 172
185 96 204
119 96 148
127 145 68
103 145 98
103 96 64
143 96 70
71 96 156
95 96 80
99 145 110
129 96 108
99 168 206
167 112 209
107 96 136
111 145 74
127 96 86
175 145 114
105 96 120
120 180 205
109 145 90
54 122 80
99 145 136
151 108 27
118 155 199
178 100 32
132 166 192
200 136 92
175 144 35
198 101 56
54 128 122
147 130 29
61 108 209
58 100 133
200 132 178
163 98 33
200 120 190
144 165 172
101 155 202
131 96 204
147 143 199
126 164 180
120 150 187
178 174 174
85 102 209
60 144 128
91 143 33
198 101 144
196 101 102
135 145 72
113 96 82
119 96 116
169 145 98
83 145 118
175 145 92
103 145 54
91 96 172
113 96 204
97 96 112
175 96 108
201 112 160
52 110 164
103 96 144
85 96 60
153 145 130
157 96 54
157 96 152
185 96 44
177 96 136
153 96 194
71 96 144
179 96 126
111 96 50
97 110 209
145 145 66
83 145 50
97 96 202
183 96 70
179 145 68
171 96 188
157 96 74
65 96 78
200 124 104
200 132 52
189 96 116
200 134 154
71 96 108
54 124 64
101 96 98
119 136 29
52 116 198
161 96 122
200 120 130
141 96 190
54 132 198
61 134 204
123 120 204
53 136 66
180 165 171
85 118 205
163 143 199
141 120 204
85 145 162
159 145 40
54 134 106
54 122 180
127 136 204
189 136 204
54 139 48
199 130 29
110 166 171
201 101 152
165 164 204
135 160 158
169 145 46
95 118 28
192 144 105
131 145 44
171 177 175
52 116 62
58 100 91
121 96 44
201 108 44
54 126 166
81 145 70
63 128 29
52 112 102
85 116 27
200 124 174
73 145 140
75 145 78
169 96 166
153 96 114
194 143 72
95 96 186
54 134 182
53 118 162
54 140 168
191 142 32
147 96 202
167 145 78
155 145 106
109 145 66
141 96 42
151 96 142
121 96 172
127 96 116
197 142 111
131 96 182
117 130 204
147 96 84
169 102 209
185 145 146
151 145 74
151 132 204
52 112 76
133 140 29
116 179 193
69 160 179
145 146 153
184 148 181
191 120 204
181 184 195
137 154 182
201 108 74
88 181 178
141 180 177
77 170 205
72 171 178
173 172 205
127 102 209
66 184 198
187 101 28
201 101 184
132 180 196
52 110 124
191 110 27
125 147 171
74 154 172
200 136 196
159 142 32
79 98 33
122 185 197
92 100 32
159 183 182
103 145 162
177 96 198
77 143 34
201 108 142
179 122 204
201 116 178
54 122 130
55 141 192
145 168 204
111 112 27
123 112 27
194 98 33
69 174 204
61 144 36
153 110 209
106 152 162
124 160 195
201 102 202
109 138 204
184 150 170
52 102 158
59 97 144
196 101 88
69 172 192
160 181 204
133 171 200
200 120 78
169 163 170
155 97 33
59 112 27
58 100 75
59 97 116
196 101 74
58 143 142
63 96 62
197 142 129
54 120 90
142 159 201
52 106 38
185 185 184
112 158 202
143 158 156
60 144 158
200 122 164
201 114 106
201 117 53
195 100 64
64 154 192
195 100 162
81 96 204
200 118 203
193 97 205
93 117 206
99 177 175
129 146 193
69 145 170
187 163 184
171 96 44
85 145 146
101 96 192
91 96 42
169 96 72
163 145 102
185 96 82
105 96 158
65 96 162
117 110 209
135 96 50
137 145 100
137 145 118
123 96 188
135 96 144
79 130 29
89 145 124
111 145 112
125 96 98
155 132 29
135 96 90
181 132 204
129 145 56
201 108 166
85 145 132
69 96 122
200 126 144
191 108 209
95 145 58
185 96 194
155 145 54
77 96 82
87 145 84
97 145 148
87 96 74
153 96 48
155 96 180
161 96 192
103 96 42
177 145 160
181 145 82
171 96 156
151 145 94
109 96 152
149 96 56
83 96 44
67 96 56
165 145 70
169 96 64
121 145 136
109 132 29
137 96 104
201 104 130
54 124 54
139 96 168
143 145 114
89 96 110
163 145 112
200 124 56
79 96 92
163 96 90
175 96 84
159 145 154
87 96 166
67 96 172
103 145 142
161 145 92
79 96 182
200 132 118
111 145 38
163 110 27
111 122 29
77 96 122
75 145 122
123 96 154
54 132 162
200 128 160
177 112 27
52 110 48
97 145 74
165 122 29
200 122 94
89 145 44
183 145 48
77 96 170
91 96 86
101 96 172
89 96 134
93 96 148
77 145 134
71 180 188
65 96 92
54 124 40
107 122 204
53 136 90
97 183 203
200 132 140
201 101 30
191 96 190
195 126 204
113 160 157
87 160 204
127 159 156
194 143 182
107 100 206
113 180 178
