50 112 147
225 167 93
169 110 189
120 167 90
12 169 91
172 98 93
225 83 147
96 98 91
13 85 90
171 167 140
119 125 148
225 138 183
75 169 139
58 138 93
225 83 91
13 150 140
190 119 136
175 168 90
12 82 142
223 160 140
125 169 136
147 138 112
131 137 189
225 125 106
151 98 133
96 138 112
12 127 98
54 98 106
88 98 136
42 166 118
205 105 173
134 106 90
79 169 99
136 104 174
195 136 90
83 135 147
190 138 187
222 125 149
12 116 134
204 98 113
198 169 119
120 98 122
56 138 126
153 169 113
162 135 140
120 134 90
174 104 159
179 138 115
161 138 183
163 127 90
29 98 119
38 115 90
49 168 90
84 123 90
207 138 125
28 138 119
105 166 117
177 98 122
36 136 146
13 169 120
225 108 128
213 107 90
121 138 125
129 99 147
225 112 189
204 98 143
225 154 115
120 115 190
63 98 131
150 98 107
201 169 91
30 98 147
140 120 136
145 166 90
222 142 90
72 99 90
128 169 113
148 166 136
52 166 139
33 138 94
147 118 189
101 166 140
95 98 114
29 169 138
120 129 170
12 105 104
190 114 90
65 166 117
151 104 155
72 116 144
142 136 90
176 169 117
107 104 147
191 112 188
168 114 136
12 148 104
103 138 138
221 104 159
208 126 188
201 167 140
112 113 90
225 103 107
77 138 126
63 136 146
61 118 90
183 138 140
155 108 90
30 166 100
219 122 169
99 169 96
99 138 92
117 98 103
85 166 119
225 140 134
73 98 113
120 108 163
77 138 106
29 98 96
93 117 144
27 119 147
156 104 174
209 122 136
13 132 145
211 138 106
12 127 118
44 98 133
178 98 141
192 104 159
132 138 140
13 98 128
212 166 107
198 98 96
178 125 182
115 138 107
216 169 125
73 98 147
183 105 174
210 127 90
12 101 146
178 138 98
12 147 121
188 166 103
44 138 108
162 138 122
162 138 104
45 98 91
225 126 125
199 137 140
123 112 138
136 98 117
186 98 108
17 113 90
193 98 126
12 169 139
161 166 99
212 98 128
65 166 91
222 104 175
174 114 90
193 138 107
103 98 128
148 138 131
210 107 190
134 107 190
52 169 106
225 99 144
61 138 111
185 169 129
38 138 131
73 135 90
143 119 90
56 98 147
133 121 182
133 138 103
225 122 90
146 135 182
135 98 133
162 124 189
225 137 114
163 98 115
128 121 90
192 138 126
163 169 125
48 127 144
86 98 103
135 166 126
163 98 142
112 169 104
117 98 138
221 135 160
12 112 120
16 165 106
47 128 90
225 97 90
119 130 187
191 105 141
24 138 134
98 116 90
137 104 159
120 105 177
28 166 124
222 153 101
12 153 90
136 138 122
156 122 136
92 138 129
116 169 125
182 126 90
118 138 142
24 127 90
43 98 117
84 107 90
155 107 188
121 135 158
219 112 142
206 105 159
136 98 101
130 169 99
22 138 104
111 98 90
106 122 143
84 98 124
143 98 146
58 102 90
177 126 136
53 166 125
12 139 91
103 98 103
12 132 132
195 126 190
222 126 190
143 166 104
93 166 107
206 138 183
225 169 110
60 121 146
92 169 131
96 131 147
225 115 115
12 118 107
144 98 91
37 109 146
106 127 90
223 98 119
109 138 119
174 138 128
165 98 129
210 98 101
57 98 119
156 138 91
42 169 132
170 104 177
30 98 132
174 138 184
214 169 138
86 138 91
17 100 90
67 166 129
225 155 128
75 98 134
82 106 144
120 119 177
12 157 128
200 112 136
202 116 182
174 166 103
52 138 139
66 98 101
151 98 120
108 98 117
16 113 147
179 109 136
225 113 99
225 121 136
148 109 136
120 121 161
222 116 159
163 98 101
12 139 112
72 138 138
212 138 140
213 166 90
136 169 140
181 106 186
95 100 147
199 104 184
206 138 94
120 111 149
124 128 137
68 166 105
73 114 90
202 118 90
25 98 107
147 169 125
159 169 140
127 138 114
82 123 144
15 155 113
163 105 153
199 166 105
175 98 106
165 166 112
43 98 104
187 169 91
44 100 147
64 106 144
222 134 172
186 98 94
213 103 148
183 105 152
225 169 132
168 138 90
225 139 103
163 104 165
147 104 167
219 115 179
86 138 119
112 169 140
124 99 90
37 169 90
50 111 90
86 167 90
71 127 144
153 126 182
109 138 97
12 100 114
32 138 108
189 167 140
24 138 145
25 169 90
30 169 113
205 166 127
188 166 117
222 146 122
18 92 143
211 105 137
216 135 189
102 169 127
94 127 90
221 135 146
147 105 180
93 138 101
79 166 128
162 115 182
18 138 125
225 165 120
139 129 190
63 168 140
42 166 106
86 166 140
142 166 115
22 105 143
108 166 91
65 128 90
198 126 136
47 138 96
46 138 119
31 107 90
199 105 150
199 138 118
66 138 124
186 98 134
174 169 127
109 132 145
18 166 129
155 105 143
36 126 146
129 104 166
214 98 112
35 128 90
162 116 90
193 126 90
168 129 182
143 135 140
79 169 110
195 105 173
162 98 90
155 169 90
221 98 133
222 154 91
222 112 168
125 111 90
12 106 136
219 105 186
182 132 189
183 115 182
114 138 133
144 107 189
15 143 133
12 158 99
179 105 90
136 105 142
23 128 144
125 104 155
222 149 136
213 104 167
214 118 188
172 105 146
174 138 107
143 98 126
190 132 136
225 130 97
103 107 90
12 122 143
71 98 125
216 138 118
222 127 180
196 166 131
127 98 113
207 99 90
28 118 90
154 98 98
63 138 134
46 136 147
174 120 190
172 134 138
150 138 99
186 98 119
139 112 182
59 166 99
70 138 99
216 129 136
85 138 136
207 169 99
129 105 181
225 108 90
102 169 107
116 100 147
151 129 90
154 135 190
12 93 95
135 167 90
127 126 189
221 98 100
184 137 90
225 162 103
94 138 141
24 138 92
119 123 90
129 136 90
160 138 113
203 98 131
20 98 134
196 98 106
219 92 147
218 169 100
112 112 145
161 107 136
189 128 182
225 147 108
199 136 189
125 138 134
225 130 138
12 136 100
19 98 99
182 104 165
76 169 90
74 166 118
37 138 117
143 125 182
120 166 110
12 122 126
130 121 136
152 138 140
149 138 121
126 166 125
64 98 112
189 138 117
77 98 104
172 128 90
106 138 128
95 166 118
184 138 106
219 91 93
87 98 92
135 112 136
222 126 160
13 160 140
211 118 90
143 109 90
127 98 101
120 166 100
153 166 104
165 127 136
86 98 147
53 98 138
12 121 90
99 98 139
88 166 99
122 106 187
163 104 184
18 169 98
211 104 180
192 103 90
123 133 148
188 98 147
206 166 114
38 98 126
129 98 126
66 108 90
72 138 117
37 98 139
121 138 100
217 133 90
73 136 147
189 105 181
123 132 179
54 166 114
108 98 140
123 114 170
58 169 132
165 169 92
217 169 114
109 166 132
146 127 136
174 105 168
136 130 136
73 107 147
173 131 190
105 138 108
80 138 98
52 138 112
170 138 115
202 130 90
174 98 133
214 138 98
51 98 98
129 114 189
212 114 136
92 98 128
53 121 90
197 138 99
15 146 96
219 115 150
164 166 133
155 166 124
42 120 146
167 106 90
12 106 94
134 132 182
22 166 113
216 138 132
181 166 97
174 115 182
155 115 189
40 135 90
202 126 182
133 98 93
210 112 182
225 106 117
20 98 125
225 120 184
216 98 90
225 135 122
217 98 141
15 161 120
188 138 98
225 106 139
139 138 110
87 98 112
35 98 106
114 169 117
195 98 136
212 132 182
117 138 115
196 98 118
206 130 136
144 98 114
89 114 90
12 115 99
101 115 145
123 121 141
115 98 112
65 98 143
47 169 99
57 138 104
20 138 114
86 138 106
12 109 111
193 121 182
124 98 133
135 116 90
61 169 110
134 166 106
12 132 107
33 138 138
35 169 127
140 169 97
57 169 91
53 106 143
148 113 182
38 98 96
43 168 140
155 105 166
222 105 150
123 120 153
144 105 150
225 129 114
136 119 190
94 108 147
151 118 90
94 138 120
121 138 184
198 104 165
219 121 142
202 138 131
206 98 122
144 98 138
157 98 126
114 98 128
225 116 107
178 118 136
80 114 147
95 98 101
44 138 138
144 98 100
49 98 122
126 105 142
17 98 107
203 138 106
162 138 131
155 166 132
156 114 136
20 98 117
163 132 189
71 166 97
139 104 182
54 136 147
205 118 190
183 138 183
142 169 132
178 166 133
181 166 122
123 112 181
13 140 140
50 169 132
132 166 134
120 127 155
225 148 96
87 169 112
185 120 189
123 135 165
119 123 184
13 98 136
90 128 144
59 129 146
140 137 188
13 129 90
13 161 90
196 134 182
222 163 127
193 166 93
222 104 167
12 136 120
134 104 152
122 166 118
205 111 90
12 108 127
56 98 127
129 138 126
207 169 134
80 130 90
117 169 133
140 126 90
192 166 124
120 114 158
80 138 113
197 111 90
45 138 127
218 114 90
58 138 118
30 131 147
117 102 90
147 105 142
153 98 147
36 166 136
15 150 129
23 169 106
222 162 112
64 114 145
12 169 112
186 138 133
18 83 147
182 105 142
188 169 110
149 166 97
19 120 146
66 138 91
203 110 188
203 105 138
154 125 190
36 117 144
78 130 146
107 135 90
180 113 189
127 169 91
29 106 147
19 169 136
102 135 145
219 130 166
94 167 90
153 138 107
147 132 189
162 169 106
133 169 119
79 138 141
91 166 124
209 98 135
168 169 119
61 166 125
181 98 129
30 138 129
40 123 90
35 169 119
35 98 114
155 98 113
160 166 117
191 98 100
60 98 97
144 138 104
28 138 99
12 103 121
185 125 136
197 111 182
210 169 120
109 166 122
184 138 122
225 135 190
12 126 136
38 169 100
39 138 99
23 108 90
45 169 112
207 105 143
162 112 189
18 87 96
200 102 90
150 102 90
101 98 110
168 169 99
91 105 90
186 112 136
197 98 146
225 122 99
110 138 140
133 98 140
165 122 182
184 119 90
170 121 90
119 115 90
108 120 90
75 121 90
155 119 182
225 113 122
167 138 188
179 98 115
205 138 113
196 169 112
15 157 106
80 98 115
12 125 111
123 138 107
141 107 136
43 108 90
23 112 145
225 102 96
103 98 93
117 118 144
153 137 182
126 132 187
219 83 142
123 128 162
225 113 137
70 169 122
46 169 122
115 169 96
219 83 95
37 169 111
84 166 105
24 98 142
225 134 90
209 121 182
77 98 96
165 105 143
88 112 147
146 105 160
191 105 152
189 105 166
112 126 147
29 133 90
19 121 90
223 167 140
170 98 146
201 129 189
140 104 166
96 109 90
77 106 90
100 138 99
203 98 105
171 138 97
135 98 110
177 169 110
213 98 119
20 166 120
225 89 143
181 112 90
82 98 131
225 122 113
222 144 129
12 120 117
164 98 122
65 101 90
68 98 135
155 138 132
85 169 132
220 98 107
12 146 111
176 132 182
199 104 158
206 104 166
12 165 98
94 168 140
214 104 155
225 112 182
57 112 146
17 93 90
177 137 90
225 147 115
147 120 136
206 105 152
12 154 121
197 119 136
179 98 94
136 169 112
197 169 99
123 121 170
124 98 140
168 107 136
140 169 121
218 138 106
85 138 129
179 138 133
71 169 111
106 166 101
225 155 107
225 139 96
31 166 93
96 124 145
45 107 145
163 138 96
12 169 132
114 106 143
175 106 182
157 105 159
126 105 172
157 105 181
68 121 146
191 137 140
136 99 147
225 102 125
225 127 132
53 123 146
187 126 190
217 138 183
222 132 152
12 93 147
95 98 122
193 113 136
219 105 145
53 132 90
73 166 133
39 138 124
114 98 97
88 130 90
12 137 128
125 127 90
46 98 110
167 98 107
183 98 100
185 104 159
102 138 115
225 158 122
155 98 139
167 98 136
12 123 104
35 100 90
212 138 90
43 113 147
217 121 90
110 169 111
112 98 106
101 98 118
181 100 147
142 138 97
225 109 111
183 169 138
12 162 113
222 160 94
209 135 188
218 106 136
168 116 185
199 115 189
15 142 105
155 169 98
26 169 129
65 169 98
156 105 150
196 105 137
12 98 99
204 105 180
155 133 136
120 108 170
84 169 125
148 123 90
128 138 98
214 166 132
219 138 124
195 119 90
156 122 90
169 138 133
167 111 182
60 98 139
148 169 118
43 169 94
94 169 100
15 142 117
136 138 183
57 113 90
169 169 106
225 94 96
99 138 133
206 169 107
15 157 134
222 118 173
99 166 132
68 169 136
128 169 106
148 166 110
123 114 145
185 122 182
219 115 137
79 138 91
219 112 187
103 109 147
140 102 90
128 106 136
195 107 188
220 134 177
134 127 187
23 98 92
20 133 90
126 135 140
80 98 90
20 138 140
216 105 175
176 105 139
220 166 106
225 143 140
225 161 134
12 82 96
186 107 188
176 105 175
105 98 147
149 104 174
169 126 188
191 119 188
123 120 189
44 98 141
225 91 90
15 138 147
142 138 134
12 110 143
133 138 117
154 166 139
218 169 91
98 166 124
162 104 172
19 138 98
93 98 108
71 98 107
156 100 90
67 138 105
87 138 99
60 98 104
66 138 140
81 118 90
51 98 132
156 138 120
161 133 90
222 155 134
74 128 90
77 98 122
112 138 113
218 98 126
89 98 120
162 116 136
107 138 103
12 134 138
123 126 176
208 167 140
225 115 93
53 138 98
165 105 159
66 98 118
15 151 98
135 138 97
78 138 119
142 169 110
26 138 112
59 123 90
91 98 142
112 138 126
219 109 158
225 119 125
110 98 122
200 138 92
33 138 101
57 98 112
185 107 90
143 138 119
193 98 112
59 166 119
41 129 144
218 137 140
