113 170 163
233 68 87
24 68 87
239 168 164
151 68 160
16 170 118
178 168 81
65 93 162
109 86 87
90 167 81
224 93 160
176 146 146
176 101 93
234 135 86
52 168 167
53 120 88
124 121 133
137 170 115
31 126 141
79 151 129
218 170 119
32 68 137
70 83 114
105 68 158
44 167 81
176 101 138
223 101 115
143 83 115
97 125 98
93 128 162
141 124 93
223 134 141
199 170 167
152 169 167
190 68 158
31 97 110
146 105 162
219 170 81
196 134 88
107 87 126
223 68 131
22 139 88
17 170 158
176 170 119
127 168 81
79 115 127
198 118 162
50 170 124
58 135 162
31 96 157
129 140 162
158 125 122
105 161 110
193 83 116
79 101 87
110 99 158
52 83 88
206 87 88
82 163 162
234 101 86
70 146 88
49 69 161
75 170 108
153 161 137
148 84 87
16 168 88
124 161 138
31 146 114
130 83 146
176 143 105
77 68 158
154 161 94
223 140 111
32 146 161
197 170 101
165 125 162
196 170 138
55 83 137
21 109 88
239 169 102
168 90 162
215 148 162
238 170 136
85 87 141
98 170 141
218 68 158
31 159 137
120 121 108
208 112 88
146 125 144
154 83 141
176 170 157
32 68 110
169 83 120
223 120 161
207 83 142
221 77 108
93 83 105
223 108 138
71 170 141
164 121 99
46 145 88
219 170 151
36 170 104
31 102 133
193 95 162
31 120 115
101 125 131
79 135 110
87 102 162
151 147 158
39 119 162
102 151 158
192 148 162
176 107 115
126 117 158
79 143 151
207 153 88
66 166 82
123 87 104
223 154 135
173 125 140
223 121 100
79 110 107
129 68 161
42 102 88
74 124 88
132 161 162
48 83 109
186 83 144
60 114 162
167 83 99
109 170 92
22 88 89
234 156 86
185 83 87
55 170 99
52 170 146
86 170 125
223 88 132
176 147 125
91 82 162
142 86 162
176 134 87
159 161 115
71 83 92
140 125 115
180 110 162
189 115 88
170 70 162
223 120 120
108 83 146
170 170 100
223 157 103
34 81 124
112 132 158
115 170 124
125 83 122
126 161 98
79 110 147
31 76 159
36 170 155
66 153 162
16 170 137
176 129 119
31 123 96
31 156 90
60 103 88
214 132 88
189 154 88
79 97 126
195 170 120
130 85 87
208 84 162
91 83 87
224 85 86
168 143 162
171 161 137
201 168 81
140 170 144
236 165 119
79 132 132
123 86 162
146 168 81
38 83 144
79 153 107
91 121 114
162 161 154
48 90 162
141 125 162
74 125 162
209 131 162
234 118 86
94 161 97
31 162 120
31 140 130
103 121 148
91 83 122
162 109 158
193 99 88
223 96 99
213 107 162
48 152 162
69 83 149
204 83 104
182 82 162
214 170 100
118 153 162
138 161 130
171 83 137
140 170 96
189 132 162
68 170 167
221 170 167
35 82 97
72 83 131
212 83 122
112 122 94
79 93 105
162 170 82
131 101 158
102 113 162
223 80 146
141 83 132
31 110 147
181 83 105
222 170 135
107 125 115
239 170 81
91 170 109
86 125 144
96 170 158
59 135 88
223 156 119
66 170 126
138 83 101
223 135 157
123 170 151
77 170 91
31 139 100
123 161 114
108 161 133
156 87 126
119 87 136
140 121 130
151 170 107
149 170 125
108 83 109
44 104 162
221 70 94
223 154 151
54 157 88
176 156 162
176 117 127
223 145 94
176 131 153
105 86 162
58 83 122
176 158 110
87 161 144
202 170 152
31 109 102
146 161 154
184 83 127
223 141 126
126 125 94
131 125 147
28 170 81
31 132 157
101 170 125
153 87 105
17 167 103
208 170 130
181 170 132
223 120 146
154 92 158
152 125 108
164 170 126
64 170 153
223 109 93
61 74 158
176 96 152
91 68 160
76 110 162
176 114 97
71 140 162
176 95 124
77 86 162
176 112 147
176 152 94
44 139 162
184 170 97
176 130 102
27 167 166
83 121 99
36 134 88
116 125 144
78 157 87
97 83 136
153 130 158
238 170 150
79 97 152
205 68 161
79 139 96
214 99 88
39 170 140
159 125 137
197 83 130
164 170 144
165 170 165
86 147 162
34 68 97
114 170 105
223 68 118
223 93 146
226 170 92
185 169 167
104 161 148
173 83 151
176 137 135
115 75 162
189 170 149
59 83 102
31 97 94
88 115 162
31 115 127
129 121 121
195 83 155
219 158 88
142 87 148
79 159 119
94 161 132
170 86 87
34 68 124
176 119 110
129 170 125
59 170 114
80 126 120
118 162 87
217 83 97
154 80 162
223 107 154
142 139 162
31 84 109
52 83 149
41 117 88
114 113 158
33 76 86
26 165 149
98 139 158
31 93 122
142 161 108
152 117 162
203 154 162
31 153 148
52 124 162
37 159 162
30 170 93
31 90 136
104 167 81
229 170 109
34 69 149
79 113 91
223 79 159
26 170 130
125 129 158
180 142 162
31 134 115
79 98 138
81 170 152
223 84 119
164 121 113
114 125 127
31 153 104
187 170 110
201 104 162
46 83 130
130 170 105
140 169 167
132 87 111
31 128 127
79 141 121
79 151 141
195 83 97
204 170 110
137 162 87
96 83 151
140 73 158
44 170 94
178 170 144
98 97 162
93 161 116
212 164 162
90 121 129
124 167 167
154 125 93
175 160 126
82 83 110
189 166 82
153 170 153
131 125 107
179 123 87
229 170 158
175 120 157
164 121 151
209 170 88
134 150 158
115 87 118
79 131 152
176 92 110
110 161 99
104 83 98
137 114 162
119 87 93
223 132 97
223 109 124
79 107 118
47 170 108
31 108 114
26 165 110
58 170 136
202 142 162
159 87 115
41 170 118
31 139 147
208 170 142
145 161 120
113 170 138
42 158 88
22 124 89
222 120 87
82 136 162
66 157 88
173 161 88
33 89 86
187 159 162
39 170 166
135 161 151
85 170 138
160 87 149
158 87 93
223 114 109
173 102 162
83 170 100
115 161 146
103 170 103
212 120 162
229 170 126
31 153 127
74 83 103
91 157 158
211 95 162
221 69 142
44 80 158
121 104 162
81 83 151
80 121 110
32 107 86
104 125 162
109 121 137
165 170 114
127 170 92
223 158 161
57 170 87
81 161 132
38 170 129
59 92 88
32 106 161
102 162 162
187 121 162
121 161 125
130 87 135
107 161 121
213 143 88
71 135 88
66 170 98
159 170 98
109 170 152
21 150 88
229 165 148
79 157 153
112 143 158
48 170 157
223 145 141
80 83 122
64 119 88
31 119 154
179 109 87
223 91 109
164 161 105
176 151 136
31 148 137
176 91 98
48 130 88
79 103 98
31 128 105
79 120 137
61 163 162
180 145 88
109 121 104
115 83 154
137 170 155
129 170 136
131 81 157
141 96 158
234 81 86
82 83 93
135 87 122
169 125 126
179 92 87
165 154 162
75 170 120
101 87 118
158 170 135
223 126 111
46 83 97
200 118 88
93 170 91
79 119 153
80 169 81
212 83 152
76 99 162
34 144 86
164 77 158
190 104 162
176 104 127
180 83 118
31 93 146
118 125 118
223 97 125
93 121 152
217 83 138
107 170 116
35 87 162
238 166 91
151 170 90
162 87 135
152 121 152
151 121 129
176 107 104
31 118 86
160 137 158
196 147 88
91 170 148
79 108 135
156 102 162
37 68 160
123 160 157
221 77 129
118 121 162
97 121 140
197 75 162
31 77 140
229 165 84
180 70 158
176 110 136
186 131 88
196 83 142
223 118 130
87 87 131
174 161 147
63 124 162
49 114 162
156 161 127
55 145 162
223 145 154
48 83 120
142 125 105
44 92 88
63 84 162
156 157 162
164 98 158
113 161 155
223 68 107
175 167 166
22 160 87
160 68 158
126 170 115
156 170 116
75 92 88
225 95 89
24 77 89
17 166 128
115 169 81
75 170 131
206 128 88
160 161 144
149 170 143
184 92 162
137 161 99
176 142 115
223 129 125
86 91 162
131 91 162
79 92 118
41 129 162
59 83 113
200 128 162
208 83 132
206 170 120
48 170 135
97 161 87
59 104 162
223 104 104
145 161 142
72 77 162
58 145 88
149 125 118
79 139 142
203 83 115
223 98 137
178 170 109
170 113 162
79 130 100
16 167 149
120 95 158
142 152 162
154 161 104
22 98 89
138 170 125
53 110 88
107 87 136
176 91 133
176 141 96
234 145 86
92 169 167
120 87 147
141 121 152
136 121 140
215 90 88
163 162 87
176 148 155
81 161 99
234 91 87
94 87 97
101 121 109
105 121 124
113 87 101
223 125 136
171 132 162
170 170 133
165 161 122
203 141 88
223 150 109
75 83 142
165 87 108
115 161 108
79 147 114
135 161 115
192 90 88
138 87 92
152 83 153
61 83 88
105 77 158
224 73 86
226 165 119
31 85 151
27 170 120
34 164 86
104 169 167
31 107 124
146 170 159
120 143 162
146 170 133
223 163 141
159 147 162
134 132 158
104 170 133
176 135 144
98 125 119
118 170 97
47 83 141
86 75 158
170 170 86
22 165 96
200 170 90
31 76 116
124 75 158
226 130 89
31 76 103
217 139 162
37 83 133
223 70 151
173 126 94
34 98 86
18 167 166
179 126 162
48 162 162
129 87 96
226 151 89
127 161 87
237 165 129
174 77 158
137 170 82
184 102 88
31 102 143
167 170 153
53 76 158
140 170 107
97 161 141
132 161 141
116 170 114
64 83 140
191 83 108
174 83 129
197 109 88
189 140 88
212 83 113
162 161 135
31 118 104
191 170 158
69 106 88
31 162 102
135 121 99
85 127 157
34 74 131
121 83 113
187 76 158
41 83 115
64 170 107
223 159 127
191 124 88
176 152 118
63 83 130
190 170 127
176 132 127
176 91 144
71 161 162
147 161 99
113 91 162
52 97 88
88 161 109
151 83 120
93 170 120
223 128 152
231 165 136
179 83 96
171 160 157
91 87 113
148 121 137
93 87 143
131 125 131
126 125 114
79 159 141
211 161 87
32 124 161
237 166 110
78 140 87
212 74 158
223 163 96
163 161 96
31 154 115
218 170 91
181 101 162
215 170 109
126 152 162
223 135 132
223 87 152
147 87 99
167 83 144
31 114 136
130 161 129
88 161 126
97 88 162
33 170 146
223 85 103
42 170 149
116 161 132
115 87 127
182 83 136
37 125 88
32 68 88
31 154 157
196 170 109
69 170 90
68 109 162
60 83 151
171 125 148
203 83 153
108 162 87
81 154 162
57 153 162
72 170 159
120 68 160
214 118 88
200 163 162
21 165 142
79 129 141
124 161 147
75 170 99
200 170 130
120 135 162
217 170 142
87 170 158
101 86 87
79 93 97
176 98 104
129 170 144
151 170 98
176 158 102
29 129 86
31 145 94
90 125 94
79 131 87
152 137 162
103 87 152
173 83 107
99 83 125
147 87 140
93 148 158
153 109 158
124 121 148
158 121 144
233 165 98
88 87 151
109 151 162
225 139 89
57 170 160
50 164 87
32 114 161
159 120 157
77 167 167
79 153 94
133 121 157
150 161 87
213 170 157
154 167 81
179 156 87
224 164 155
24 165 159
223 77 97
234 126 87
102 87 105
98 107 158
115 87 109
87 125 105
130 110 162
143 125 124
124 125 102
31 146 152
86 83 101
223 76 138
86 125 135
146 80 158
135 87 152
113 121 151
138 104 158
63 128 88
79 146 99
185 170 140
220 110 162
163 170 105
160 86 162
223 110 147
90 141 158
32 170 136
64 143 162
225 170 102
80 118 162
223 136 104
223 117 153
223 137 148
31 135 140
130 161 105
223 148 122
83 170 113
151 161 111
174 170 93
223 113 100
204 112 162
31 90 98
192 170 93
192 140 162
207 170 164
217 82 162
147 121 98
60 163 87
223 103 161
237 165 142
204 95 88
109 118 162
81 106 157
181 164 87
74 164 87
164 163 162
39 170 87
174 121 121
38 83 88
94 161 152
224 164 110
230 165 164
221 76 120
223 149 161
230 111 86
17 168 81
38 83 105
159 121 107
176 127 109
97 119 162
39 93 162
234 165 154
178 83 144
103 132 158
104 161 94
164 170 91
79 92 132
147 158 162
65 83 97
203 90 162
31 120 146
129 170 155
79 146 135
191 83 136
121 170 129
129 161 120
176 139 122
147 83 127
119 170 143
31 145 105
70 170 114
65 140 88
31 135 124
159 170 160
98 170 114
31 132 96
53 84 162
176 108 155
34 77 148
176 154 143
19 170 110
69 68 161
180 163 162
198 163 87
31 113 92
130 83 105
167 87 126
81 83 133
105 141 162
147 93 162
137 121 121
140 145 158
118 162 162
94 121 104
175 87 162
79 143 107
171 121 132
41 150 162
200 83 122
151 87 113
137 83 143
33 170 111
79 170 144
60 152 88
182 150 162
79 101 108
91 109 158
101 170 148
152 83 133
140 87 109
119 161 96
223 93 118
37 136 162
217 129 162
58 170 126
46 123 88
79 118 144
50 132 162
223 106 131
58 91 162
207 170 98
213 156 162
102 170 90
192 112 162
224 170 144
31 162 130
97 80 158
31 76 93
217 151 88
176 156 153
137 80 162
31 103 154
38 83 154
132 170 165
85 170 165
169 161 111
79 115 115
60 169 167
220 105 88
184 83 154
145 112 158
154 83 99
94 125 146
31 164 158
27 170 155
156 74 158
159 131 162
170 87 114
163 115 162
167 121 138
185 170 87
125 125 142
163 121 127
38 77 162
201 170 159
176 120 103
112 68 160
107 161 141
192 83 124
31 121 122
31 152 97
176 151 107
153 161 146
124 83 130
49 170 116
71 83 124
140 162 162
79 114 98
31 131 149
96 161 125
97 170 132
157 121 114
223 101 147
55 170 153
184 170 155
