39 129 131
247 98 95
157 150 161
118 104 95
243 152 161
193 151 94
99 107 161
202 104 143
81 151 94
7 98 95
247 151 103
135 152 112
7 98 160
9 152 94
170 104 100
77 152 156
63 104 94
145 104 143
7 151 161
247 98 160
199 152 141
101 129 125
57 104 161
118 148 156
218 128 116
170 129 129
46 152 103
7 114 127
73 104 129
43 150 161
217 129 161
205 104 94
247 114 126
12 152 127
184 129 160
69 148 125
151 129 94
34 104 112
115 104 134
233 152 130
29 128 94
143 104 112
132 129 135
33 104 145
166 152 110
101 128 94
173 104 151
23 128 161
69 128 145
240 124 98
220 152 94
107 152 106
63 129 105
189 108 120
93 104 105
247 125 154
123 128 109
126 104 161
181 129 104
142 129 161
152 148 135
96 152 137
228 108 143
226 104 112
207 152 117
102 129 150
195 129 131
205 129 94
176 148 145
165 104 124
47 152 135
123 152 133
220 152 152
52 128 160
149 128 120
7 122 99
22 128 117
80 108 150
51 104 130
185 148 122
224 129 138
160 128 148
148 151 94
23 148 146
84 128 110
191 151 161
25 148 109
94 108 133
216 105 161
19 128 139
88 152 114
84 129 160
13 97 116
245 97 139
97 148 161
123 108 116
122 128 155
43 107 94
13 97 141
126 148 94
210 108 124
193 106 161
244 141 143
138 152 160
7 117 155
152 108 94
246 141 120
40 128 110
153 105 161
201 128 150
75 108 109
54 108 112
245 97 117
57 128 127
30 148 127
64 152 106
80 128 129
23 108 95
59 148 151
7 141 111
199 128 112
229 106 94
226 152 112
174 151 94
63 108 143
48 129 94
223 129 95
164 129 109
39 107 161
25 108 126
187 106 94
169 152 129
7 142 142
184 108 138
235 128 118
7 134 158
105 108 117
38 128 148
135 106 94
115 129 137
151 152 118
77 129 95
131 129 94
54 152 120
135 104 130
215 148 137
247 110 106
138 152 143
113 108 150
75 148 141
178 128 143
31 148 94
233 104 126
111 148 122
81 105 94
161 104 139
174 148 161
21 108 158
14 115 113
14 136 96
244 115 142
202 104 110
110 152 143
149 128 137
232 106 161
97 152 94
86 128 145
207 148 160
184 148 106
106 129 109
159 108 109
48 104 147
168 129 94
26 151 161
138 152 127
232 129 155
140 128 106
131 108 146
151 108 126
247 138 95
103 108 94
185 129 118
85 108 121
207 148 100
38 152 147
51 129 141
235 148 94
210 128 134
239 128 135
134 128 121
117 128 122
117 129 94
40 148 116
99 104 146
57 151 94
163 152 147
243 136 161
166 129 161
235 152 150
140 108 158
61 152 135
199 148 127
218 104 135
247 112 161
247 151 134
71 108 160
38 108 130
86 148 127
180 108 109
72 129 117
161 152 97
10 115 141
122 152 106
67 128 158
149 148 148
113 151 94
195 152 110
240 103 150
110 129 161
98 152 122
197 108 130
88 152 147
64 108 120
140 129 146
178 104 126
14 129 127
222 152 125
114 108 106
17 128 105
76 148 112
215 108 148
123 152 120
244 111 94
218 108 99
14 100 128
187 148 139
126 148 145
149 148 106
214 129 146
97 128 137
189 129 94
21 108 142
89 128 99
84 104 138
191 108 148
132 108 106
22 104 108
237 152 118
227 148 141
138 148 100
211 128 105
47 128 121
10 152 148
165 108 160
12 111 94
231 148 161
15 128 151
240 115 116
44 108 120
182 129 131
227 128 108
86 104 159
15 152 116
67 148 161
157 108 150
180 106 161
7 141 124
242 141 107
96 148 106
191 108 105
7 102 106
195 129 161
96 129 161
207 129 121
68 129 133
155 129 159
223 129 126
205 107 161
152 128 106
159 129 129
54 108 100
190 129 142
105 104 129
52 129 110
247 152 149
39 129 160
239 104 101
207 148 148
114 105 161
172 108 138
15 152 104
126 108 135
160 148 124
60 129 94
99 148 150
35 128 121
220 104 124
68 148 94
29 128 108
126 129 145
21 152 134
172 128 117
92 129 118
20 148 94
14 141 151
166 129 139
214 108 109
33 108 101
54 152 161
31 129 139
242 141 130
236 152 105
218 148 105
240 129 108
14 102 151
92 104 94
247 100 129
114 104 121
170 104 113
211 148 126
105 148 133
195 148 150
34 152 105
178 148 133
240 109 133
48 152 150
61 108 130
25 128 127
27 129 150
206 129 159
173 129 152
240 115 152
247 98 106
240 128 146
12 125 161
85 152 104
9 152 138
73 129 106
72 104 139
128 148 155
236 104 113
96 108 122
103 104 106
107 148 160
144 104 100
113 129 150
247 151 113
36 152 135
57 129 151
14 142 134
89 104 147
207 104 133
126 104 125
77 152 131
163 107 94
142 129 130
15 109 121
224 128 148
184 152 150
61 104 105
107 108 139
138 108 120
178 152 114
46 108 138
78 129 151
126 129 127
60 129 117
246 152 124
52 148 109
84 108 104
31 108 154
73 104 118
54 148 142
46 148 126
68 152 147
123 104 105
216 148 116
64 104 152
195 129 103
149 128 150
96 128 109
163 148 138
142 148 118
31 152 116
7 105 137
152 104 135
169 148 120
29 108 135
237 152 139
198 104 120
227 148 101
240 121 161
88 152 159
15 103 100
7 109 148
73 104 100
226 108 154
7 107 160
160 129 100
40 128 100
134 128 155
155 104 117
61 148 116
55 104 139
103 148 114
122 104 143
17 152 158
48 108 158
166 148 155
13 141 161
177 128 94
107 128 142
184 104 152
44 108 109
40 108 151
218 148 161
197 128 121
77 128 138
206 108 151
47 128 151
114 148 135
73 148 103
247 106 120
148 152 160
8 131 101
115 152 114
85 152 137
203 129 141
40 148 96
56 148 129
128 148 126
194 152 121
21 148 122
90 104 114
193 152 133
227 108 131
245 147 94
140 129 96
89 129 129
178 108 94
172 128 103
198 148 103
236 104 141
33 104 124
48 129 130
23 104 117
30 148 152
82 129 120
191 128 151
159 148 105
93 129 151
184 150 94
19 129 94
7 105 117
227 104 103
147 152 127
174 148 106
241 141 153
241 116 102
122 104 152
198 104 154
14 111 133
7 113 106
247 106 141
84 104 129
56 108 151
163 108 131
206 152 108
177 152 124
144 152 137
199 104 101
170 152 138
164 129 121
132 129 110
14 143 105
21 104 134
184 148 158
144 108 135
7 142 99
56 104 120
55 128 101
231 128 99
240 133 99
7 150 108
59 129 137
118 152 147
232 129 142
78 148 148
77 148 121
110 129 101
71 108 147
193 108 138
26 152 101
105 129 133
124 128 118
143 104 126
219 148 145
94 108 154
103 148 100
30 152 142
110 104 100
231 148 122
211 108 139
152 104 105
159 152 131
81 104 114
131 104 116
127 148 113
17 152 142
25 104 148
134 104 154
48 151 94
56 152 103
239 110 124
228 108 121
178 108 146
107 104 155
247 98 151
181 104 101
219 129 103
157 129 139
109 129 120
7 105 126
156 152 152
132 152 134
131 148 105
136 108 139
178 129 124
190 129 109
170 104 130
98 108 112
67 104 112
240 103 160
247 121 95
14 113 151
241 132 154
247 107 154
40 104 101
175 129 161
127 108 96
165 108 147
102 148 142
40 128 141
65 129 125
207 108 116
159 152 116
130 129 103
81 128 103
166 108 106
186 104 112
38 152 122
228 148 152
92 108 141
96 148 129
208 152 133
187 152 116
210 152 142
101 104 137
13 116 102
207 108 101
13 141 117
240 146 100
14 112 161
142 129 114
199 152 159
212 129 97
115 129 110
34 104 94
8 97 133
240 128 125
27 104 160
218 129 133
78 106 161
240 101 134
8 115 118
240 145 114
68 128 96
247 146 156
195 108 94
203 128 103
7 152 116
14 128 116
14 103 161
119 148 99
38 148 155
201 152 95
121 129 101
142 128 122
224 129 156
142 128 138
69 152 133
174 148 152
7 101 147
107 148 151
142 148 108
184 128 150
223 152 133
71 148 154
226 128 117
89 150 94
76 129 161
14 119 94
232 104 152
119 108 126
186 148 131
92 148 121
136 148 150
201 148 116
68 152 114
148 108 118
190 104 126
115 108 114
172 108 120
151 104 151
97 152 113
39 108 143
212 152 95
241 99 124
135 152 120
101 129 117
194 104 112
89 128 137
181 108 120
159 108 101
149 128 129
207 129 113
156 129 113
178 129 113
190 129 125
99 129 103
44 148 145
64 148 142
159 108 124
214 104 116
78 108 134
153 152 143
142 108 148
48 104 104
178 152 101
43 104 126
232 129 131
96 152 145
22 148 154
7 144 131
7 143 155
239 147 125
160 104 156
145 152 101
98 108 100
134 152 95
132 108 160
155 104 143
7 106 100
203 128 130
222 108 117
113 148 103
25 128 101
214 152 148
68 108 134
50 104 94
240 147 146
168 128 147
247 114 135
239 110 108
33 128 155
208 128 151
30 129 116
245 152 142
167 148 94
14 144 125
10 127 94
123 152 161
213 104 94
13 97 104
224 106 161
243 129 161
202 108 125
138 108 101
164 108 114
109 104 112
184 104 131
145 129 101
220 108 143
93 152 154
14 110 106
247 142 101
240 146 135
172 105 161
109 129 94
168 148 143
190 152 154
222 104 94
212 104 154
68 108 103
77 108 142
33 129 127
114 152 127
132 108 125
31 108 117
111 108 126
131 152 147
212 148 155
29 108 109
148 108 156
211 148 110
102 108 152
147 152 112
202 108 135
165 129 154
231 148 109
90 148 101
210 104 146
113 152 154
237 148 155
237 108 155
7 126 155
143 152 155
247 142 137
247 104 103
69 108 94
117 128 160
48 148 156
9 97 125
14 143 143
81 148 161
144 152 146
172 148 100
40 104 114
189 108 155
229 129 124
223 148 118
147 128 143
123 129 134
220 108 106
128 104 141
109 152 117
75 129 124
212 108 130
25 104 101
105 148 125
48 128 104
84 148 118
247 119 159
8 152 101
126 129 161
142 148 131
63 152 99
84 148 143
203 148 137
42 152 130
226 152 158
55 108 126
191 148 106
63 152 155
224 104 147
65 152 121
177 104 116
247 141 112
216 129 154
247 136 155
233 108 103
142 148 94
240 101 108
220 104 155
189 152 145
94 128 145
114 128 130
134 128 129
119 128 146
132 128 143
246 125 101
15 109 145
33 152 159
148 129 156
199 108 148
212 152 104
242 98 99
89 108 127
205 152 126
89 108 109
156 148 96
47 152 110
227 150 94
216 128 139
226 104 137
157 104 129
36 104 135
224 152 146
63 104 125
155 152 125
134 148 139
51 152 127
117 148 109
151 108 110
75 104 151
231 108 114
36 148 142
55 152 147
75 152 97
124 152 100
123 152 154
14 129 145
86 108 97
186 104 161
64 106 161
101 152 156
14 146 98
14 102 121
15 130 99
241 115 129
247 114 118
169 152 161
93 104 161
247 144 148
72 129 154
22 128 154
25 129 143
23 129 134
88 129 105
64 129 148
189 128 103
240 152 97
172 129 110
59 128 143
157 128 121
247 114 151
59 129 160
101 104 122
207 152 154
81 152 112
189 148 99
30 152 133
128 108 154
178 152 138
220 108 129
190 128 135
34 148 110
36 148 130
105 108 146
132 104 101
86 108 154
13 135 160
105 151 94
14 122 155
14 123 100
131 151 161
35 152 99
51 148 103
114 108 143
34 128 101
164 104 101
173 129 138
236 108 147
25 148 139
194 148 138
54 152 137
25 152 117
247 109 113
55 108 145
197 129 143
195 104 145
19 148 129
118 148 124
29 148 121
191 129 116
78 128 145
247 106 130
44 108 131
185 108 147
105 108 101
107 129 126
240 152 131
233 148 135
102 128 160
46 129 161
17 107 94
240 128 114
239 107 94
233 108 135
124 129 95
15 147 112
247 131 94
144 108 95
240 109 141
198 129 94
216 152 129
174 104 108
164 148 116
153 128 145
59 152 110
89 104 133
247 106 147
51 108 120
55 104 105
54 129 117
193 148 127
38 108 124
7 115 99
210 128 127
214 128 121
128 128 151
182 128 138
78 108 127
127 152 138
36 108 106
90 152 108
84 148 152
46 148 120
46 129 145
78 104 104
80 148 106
65 128 139
231 104 108
119 104 110
166 104 135
163 129 134
184 148 145
148 148 141
77 129 113
7 146 118
236 108 118
29 129 122
63 148 129
236 152 112
107 104 122
60 108 112
199 152 133
115 152 161
240 112 160
118 108 100
14 99 95
7 98 112
8 136 94
75 148 161
241 119 95
174 104 142
140 108 130
17 128 159
33 108 160
69 108 154
42 148 105
14 115 124
203 152 146
92 148 134
68 152 139
101 108 131
187 152 126
75 152 125
233 148 116
71 108 125
105 152 138
153 148 114
205 104 120
57 108 95
119 148 130
59 104 147
206 108 108
199 152 152
198 108 114
110 148 110
152 152 103
172 152 147
82 104 146
26 104 139
59 104 134
65 104 139
233 148 101
67 148 101
187 152 109
165 152 122
119 108 148
185 104 122
176 148 118
152 148 129
205 148 121
21 104 124
7 147 146
228 152 118
128 104 131
189 104 141
134 152 154
101 152 130
80 148 127
119 148 117
61 152 146
156 148 147
186 152 103
181 104 142
144 104 152
164 148 101
164 108 154
127 104 148
172 152 116
71 148 118
68 148 109
236 128 94
211 104 105
240 139 101
247 114 101
13 97 157
7 104 155
247 144 127
233 129 109
14 102 108
157 104 95
240 126 156
122 108 158
131 148 99
15 108 127
15 103 142
151 148 156
15 152 97
184 128 97
42 104 156
106 108 161
145 104 160
90 129 158
98 104 95
14 129 137
42 129 154
54 128 133
243 115 109
15 147 154
143 128 151
