189 137 175
14 98 80
66 147 175
240 95 80
127 121 80
14 95 157
193 148 100
62 148 101
126 109 153
242 96 153
14 147 131
240 148 133
71 109 137
144 148 123
242 147 81
181 109 132
14 148 80
100 148 140
79 109 80
175 110 80
140 148 175
21 140 175
234 135 175
222 109 118
29 109 119
108 109 115
49 109 174
157 148 81
92 110 175
104 148 99
161 109 173
148 109 111
200 148 138
53 148 140
212 120 80
44 121 80
208 109 157
102 145 175
166 148 151
59 109 108
242 130 107
14 131 106
196 109 103
153 109 143
14 124 151
83 141 80
220 148 112
127 148 148
37 148 115
42 109 146
243 119 135
99 109 145
174 148 124
215 148 82
130 148 87
43 148 80
121 125 175
214 148 163
81 148 120
188 109 174
23 113 175
242 95 107
181 135 80
230 109 172
118 148 121
149 109 86
103 109 90
30 148 151
163 134 175
238 120 80
84 109 106
15 123 80
14 95 132
172 109 106
81 148 156
14 96 104
130 109 128
46 134 175
70 109 163
212 125 175
105 132 80
242 148 157
31 109 96
205 109 133
14 123 128
175 109 154
168 148 102
137 109 173
128 109 99
82 131 175
238 98 131
243 125 156
225 109 94
63 130 80
146 130 80
225 109 143
28 148 96
52 109 128
49 148 160
83 148 99
222 148 143
187 148 154
239 148 101
144 128 175
146 148 98
107 109 163
57 148 120
147 148 145
23 109 142
193 148 119
196 109 83
59 109 83
73 148 138
87 109 126
163 109 126
243 113 116
175 148 168
109 148 157
63 122 175
17 148 113
121 143 175
196 147 80
242 95 174
29 136 80
14 142 157
14 114 96
99 148 118
166 126 80
102 126 175
112 109 133
155 148 165
65 148 81
225 134 80
243 112 96
14 96 175
112 148 82
192 109 148
36 148 174
85 148 175
31 109 160
131 148 109
88 124 80
205 109 175
36 148 132
14 111 113
213 148 128
242 135 124
186 109 116
46 148 98
198 128 80
242 134 91
204 144 175
142 109 156
58 109 149
86 109 156
235 148 117
179 148 90
71 109 94
177 125 175
14 125 170
225 148 175
67 109 121
131 148 131
41 109 108
184 148 138
29 110 80
212 109 105
31 126 175
159 148 115
183 109 94
65 148 155
159 109 157
242 121 175
208 148 100
121 109 173
243 138 145
47 109 93
202 109 118
243 111 150
241 148 174
112 116 80
224 148 96
97 148 85
164 148 136
14 143 96
160 109 96
145 109 129
202 148 153
119 148 99
14 110 158
121 135 80
196 124 175
131 148 163
125 109 114
182 148 110
135 109 83
185 120 80
114 148 141
114 109 101
225 110 80
18 109 128
89 109 92
134 109 142
14 134 138
143 144 80
222 109 160
49 134 80
112 109 148
25 148 164
238 98 94
228 148 160
98 109 104
210 109 91
18 95 118
84 109 141
95 148 164
52 148 175
174 109 168
45 109 161
78 111 175
232 109 106
243 111 166
230 109 129
191 148 167
168 109 143
170 145 80
228 147 80
86 148 136
14 128 92
26 148 123
36 113 175
143 109 99
211 134 80
24 148 139
212 109 144
216 139 175
242 137 165
162 113 80
122 109 87
149 115 175
217 113 175
228 148 128
14 138 119
131 133 175
68 134 175
98 116 80
73 122 80
42 148 146
19 96 92
163 148 175
16 98 144
238 108 83
26 148 82
93 148 150
14 110 82
106 113 175
152 140 175
225 124 175
191 109 161
176 138 175
72 109 107
58 109 162
134 135 80
30 122 80
38 109 135
63 110 175
193 109 127
54 148 88
73 148 111
14 117 139
74 148 90
238 98 118
97 109 132
151 148 133
207 148 117
161 109 113
68 148 127
94 136 175
49 122 175
49 148 109
23 109 105
94 148 106
218 109 133
14 148 169
108 148 128
144 148 157
234 148 144
158 148 94
74 148 167
95 109 117
78 109 117
143 148 111
41 109 81
163 122 175
15 135 80
143 118 80
151 109 165
203 148 89
171 109 91
73 109 151
238 133 80
134 121 175
121 148 157
114 134 175
242 141 111
172 109 118
14 126 116
129 109 165
243 123 121
242 98 142
242 109 129
227 122 80
38 148 162
41 109 120
97 109 157
242 118 106
210 148 144
238 98 163
60 109 138
60 109 96
119 109 123
123 109 141
109 148 113
161 136 80
237 109 141
112 148 170
207 110 80
173 148 142
52 109 116
135 109 108
235 148 90
75 122 175
47 148 129
133 148 98
14 142 145
58 120 80
242 122 90
58 148 166
137 148 140
14 107 173
202 148 128
243 133 135
156 148 153
183 148 80
169 148 114
195 109 138
87 148 89
240 105 175
130 148 120
243 126 143
92 125 175
38 148 91
140 109 119
153 109 121
29 109 130
176 148 156
184 148 175
204 134 175
72 140 80
234 109 160
83 109 166
90 109 81
26 148 107
21 109 91
14 121 161
201 148 165
117 109 161
191 148 130
103 142 80
233 109 119
206 144 80
51 148 150
32 109 149
154 123 80
80 130 80
94 132 80
165 148 163
193 148 146
243 127 167
153 148 106
58 136 175
90 148 124
202 119 80
116 125 80
14 133 160
212 109 119
38 148 105
119 148 111
75 141 175
176 125 80
183 109 143
122 148 80
19 98 166
39 137 80
22 130 175
69 109 82
189 148 89
164 148 124
170 115 175
50 109 103
14 114 148
193 109 92
154 109 132
166 148 89
57 143 80
242 147 124
84 148 146
19 148 151
61 148 146
104 109 125
218 109 151
49 109 140
139 148 89
63 148 136
30 138 175
112 109 87
21 109 164
139 139 175
131 144 175
144 109 145
217 109 84
99 148 130
153 124 175
180 148 101
95 109 167
196 109 170
31 109 109
150 148 89
77 148 129
203 148 108
78 109 130
50 113 80
183 148 123
14 122 107
14 116 169
192 148 110
242 109 108
44 143 173
145 148 167
14 119 88
121 148 131
173 109 128
63 148 110
14 142 106
222 109 104
154 148 123
215 148 92
112 121 175
136 109 93
202 109 144
214 148 153
21 115 80
27 147 175
188 118 175
215 148 175
19 148 88
72 148 148
155 109 106
190 139 80
188 109 106
105 148 148
14 117 121
242 139 175
205 118 175
209 109 167
14 134 128
228 148 108
223 148 152
85 148 112
104 109 81
29 109 170
14 135 172
184 109 82
242 143 94
119 148 89
232 109 151
35 145 80
135 148 153
79 109 99
159 148 143
223 134 175
47 148 118
200 109 153
105 136 175
34 148 142
15 148 121
242 134 153
176 148 133
116 109 111
243 147 147
21 109 154
221 142 80
38 109 167
195 109 111
220 148 122
219 127 80
94 148 173
106 122 80
231 118 175
110 148 91
38 109 89
243 117 160
183 109 167
40 127 175
149 148 175
134 126 80
127 148 139
23 122 175
178 110 175
92 148 96
65 148 92
98 117 175
150 109 153
67 109 146
19 148 101
112 109 171
201 109 162
195 144 175
243 146 166
135 148 80
166 109 162
137 109 133
126 118 175
242 123 99
120 109 95
241 130 175
173 133 80
105 109 155
158 109 88
105 109 99
14 140 88
14 140 165
20 142 80
243 116 143
170 117 80
126 112 80
200 137 80
72 148 98
39 109 155
55 116 175
82 118 80
222 148 134
173 109 136
242 135 101
195 148 158
180 148 148
203 109 97
105 109 137
232 140 80
232 148 168
54 128 175
112 148 103
117 148 150
179 109 101
142 148 131
102 148 108
14 125 136
151 116 80
152 109 94
83 148 164
153 141 80
121 109 131
15 109 137
222 109 170
129 110 175
234 144 175
242 131 115
113 136 80
88 109 134
59 109 123
14 123 99
97 109 96
235 148 152
237 148 109
218 148 104
209 148 136
50 109 148
72 148 119
118 110 80
232 109 89
35 130 80
42 148 155
184 109 157
78 109 90
53 127 80
57 148 131
134 109 157
28 148 131
192 148 138
14 112 105
190 128 80
73 148 158
29 148 114
123 148 167
242 114 87
183 109 123
74 148 82
70 109 171
14 133 152
196 132 175
171 145 175
85 139 175
66 109 155
104 148 168
232 114 80
191 114 80
41 109 98
220 148 169
143 109 81
89 109 148
24 130 80
163 109 149
180 148 163
44 109 129
243 127 129
19 104 81
139 109 163
18 148 162
45 148 138
62 109 115
186 130 175
175 148 108
87 109 114
16 148 142
97 109 84
178 148 117
29 109 138
37 134 175
101 109 111
160 109 139
227 148 118
165 109 103
208 148 168
205 109 109
56 148 106
214 109 126
196 115 175
54 109 89
230 109 137
19 98 151
85 148 81
227 148 87
14 127 143
14 116 130
142 119 175
58 148 157
242 97 87
242 98 124
242 109 158
227 141 175
232 128 80
85 115 175
14 135 97
100 109 173
106 148 135
137 148 105
242 139 82
67 148 162
92 148 141
38 148 124
223 109 125
24 109 113
14 141 136
201 148 99
101 148 158
168 109 83
237 112 175
18 98 125
157 115 175
58 144 175
144 109 136
128 109 121
171 148 95
92 109 141
212 148 107
77 109 160
90 148 157
55 148 98
155 109 80
114 148 162
70 109 129
205 128 80
149 148 81
169 129 175
242 129 85
242 123 111
64 148 118
109 148 120
65 109 103
178 109 113
176 140 80
202 109 89
36 115 80
36 109 126
128 125 175
51 148 81
231 148 100
57 109 170
73 148 174
71 130 80
141 109 88
135 118 80
137 148 167
44 128 80
75 129 175
70 115 175
57 135 80
235 148 82
21 148 130
14 109 121
14 144 175
19 98 136
117 144 80
242 103 80
242 147 88
104 148 87
213 140 80
234 127 175
65 138 80
234 109 99
137 148 118
66 123 80
115 109 140
166 109 133
14 120 175
238 95 148
14 141 128
14 139 112
195 148 93
110 109 108
109 143 173
163 148 109
230 148 138
143 136 80
23 109 135
31 148 168
218 109 98
178 117 80
16 98 112
20 148 173
243 145 139
187 148 104
188 109 98
236 148 162
37 109 114
51 148 167
48 109 110
219 115 80
159 148 130
75 109 143
129 148 157
207 148 161
148 134 175
243 141 155
139 148 146
243 140 133
36 109 142
91 109 100
31 118 175
87 135 80
14 109 89
72 109 115
41 118 175
78 148 104
121 109 148
52 141 175
243 120 151
31 148 87
64 109 88
229 109 165
148 148 116
30 109 87
183 141 174
242 148 117
237 109 133
19 109 99
97 126 80
180 119 175
118 118 175
126 109 107
200 148 116
96 144 80
159 109 166
168 109 155
234 148 124
42 109 173
111 109 126
119 119 80
243 112 136
75 115 80
127 109 135
80 148 93
14 95 87
133 109 149
207 109 150
243 118 169
46 109 85
167 109 169
24 148 157
92 148 117
14 128 86
124 134 175
51 120 80
23 123 80
176 109 161
14 96 98
113 109 155
205 125 175
14 110 165
113 109 94
183 128 80
242 95 100
176 109 143
156 134 175
63 113 80
243 119 128
154 130 80
200 148 145
216 132 175
222 148 82
158 144 174
102 148 81
126 148 173
149 109 103
184 148 95
152 148 158
159 148 160
124 148 116
22 109 123
62 130 175
176 148 82
219 109 90
242 144 105
186 148 116
243 128 150
31 148 159
32 148 103
188 148 161
213 148 114
68 141 175
37 141 175
152 109 175
14 117 156
53 109 135
136 109 124
85 109 86
213 109 162
188 109 138
169 148 131
191 109 120
97 130 175
19 100 174
238 100 173
208 139 175
145 141 174
242 98 135
91 142 173
141 109 105
90 142 80
238 109 124
222 148 158
90 109 108
242 96 113
51 140 80
22 136 80
90 118 80
242 130 97
92 118 175
92 148 134
78 148 144
164 144 80
23 109 82
242 109 144
178 109 86
209 148 86
190 109 86
214 118 175
193 122 80
127 148 92
217 109 114
14 130 122
236 109 113
110 142 80
25 148 90
63 109 165
14 133 115
35 109 101
81 148 86
117 148 175
153 148 142
124 109 160
81 120 175
240 109 101
98 148 100
167 137 80
39 148 168
144 109 172
14 142 80
14 117 81
185 148 145
107 148 141
96 109 126
139 148 99
115 148 130
182 148 131
202 148 83
46 109 167
65 148 168
216 109 168
77 109 111
15 129 175
14 109 143
237 109 154
176 148 175
225 109 86
190 145 80
51 109 162
112 114 175
190 109 155
112 127 175
129 109 92
14 135 146
170 109 98
223 113 175
164 115 175
79 148 138
43 109 140
134 109 102
14 132 167
211 109 98
225 109 150
89 109 167
190 147 175
135 109 114
170 138 175
164 109 88
38 148 97
58 109 155
65 109 134
90 109 161
107 148 163
90 148 168
127 148 126
134 127 175
140 109 150
63 109 128
136 148 160
126 148 106
159 127 175
42 148 111
33 148 121
159 120 80
120 109 106
98 137 80
139 148 126
105 115 80
79 148 112
99 148 91
153 148 99
227 148 147
16 113 175
23 148 146
216 148 134
144 148 84
199 148 173
135 142 80
29 116 80
185 148 167
48 109 123
184 114 175
112 109 119
220 120 175
181 134 175
80 109 137
132 148 143
92 148 81
18 109 148
149 148 153
122 141 80
190 109 133
213 113 80
89 109 119
53 148 126
242 141 126
14 144 117
199 109 130
218 148 98
99 139 175
124 127 80
140 123 80
144 148 140
214 109 138
80 148 171
129 145 80
207 109 103
242 111 81
136 115 175
242 97 167
238 95 139
19 98 101
243 124 81
14 96 163
19 98 85
20 148 80
189 109 167
169 148 170
144 148 104
77 109 104
71 148 105
48 148 144
211 109 113
223 109 138
165 109 120
71 148 133
151 109 127
196 148 131
101 148 123
232 148 132
98 109 139
26 109 98
19 148 107
170 109 150
65 148 141
200 113 80
