45 96 148
244 159 85
171 92 166
117 161 85
11 161 85
223 161 169
98 160 169
128 78 88
236 78 88
11 161 168
180 126 85
239 79 164
17 80 87
158 161 139
106 96 169
68 120 85
55 161 128
241 122 128
14 130 127
205 161 120
198 96 121
88 96 123
140 129 169
52 138 169
139 96 132
212 116 169
227 120 85
105 161 127
55 161 85
112 117 86
159 161 97
15 118 169
22 121 85
181 145 169
46 96 109
244 161 132
162 96 100
16 78 166
195 160 85
16 94 128
144 131 85
198 96 86
73 107 169
241 131 161
134 161 164
88 93 88
20 161 136
87 146 86
105 129 169
138 93 166
238 92 116
221 96 143
134 161 116
70 161 155
116 96 110
199 161 150
171 96 134
79 161 110
31 161 107
41 161 157
241 139 105
139 103 85
184 117 169
112 96 138
195 96 153
177 161 120
71 96 144
241 105 169
79 138 169
219 162 96
61 94 87
34 144 85
14 103 102
159 160 169
14 139 151
41 111 169
219 96 100
205 132 85
14 140 104
37 98 85
14 101 152
241 113 104
126 161 139
244 160 157
29 144 169
222 161 143
212 140 169
154 109 169
218 93 167
122 113 169
82 161 134
65 96 121
45 120 85
140 158 85
100 161 100
240 161 110
116 139 86
91 123 85
241 101 137
153 96 151
168 145 86
138 96 106
111 93 88
177 161 155
241 102 85
161 136 169
121 143 169
224 143 85
176 103 85
11 159 116
94 96 151
241 140 139
58 92 166
102 161 148
52 161 106
181 96 109
64 140 85
161 118 85
154 161 118
218 96 121
181 161 100
24 97 169
121 96 156
41 96 128
14 120 146
198 158 169
56 158 169
92 111 169
75 161 91
241 117 147
73 96 104
241 132 85
14 121 109
117 161 106
59 120 169
189 143 85
196 116 85
84 93 166
94 96 105
126 78 166
40 161 138
237 148 169
19 102 85
213 108 85
153 96 120
226 161 121
198 129 169
236 92 152
27 96 114
23 161 153
116 161 166
32 161 88
80 155 169
198 104 169
130 118 85
199 161 104
143 161 148
189 96 137
14 141 86
241 146 123
28 96 143
226 130 169
203 96 105
82 108 85
140 146 169
185 161 136
103 152 85
179 96 151
14 148 129
14 139 168
14 113 125
142 161 132
156 102 85
237 92 100
87 161 155
167 121 169
124 96 125
98 106 86
40 92 165
40 127 169
122 104 85
100 144 169
28 161 169
207 96 136
57 96 136
135 96 148
38 161 121
135 161 100
227 112 169
49 135 85
170 161 85
212 152 85
70 161 123
54 161 148
97 96 136
14 155 101
151 146 86
208 161 137
51 106 85
94 161 115
66 146 169
186 93 167
241 107 120
101 137 86
224 96 85
92 161 85
125 96 97
68 161 139
32 96 100
74 123 169
133 145 86
241 126 113
185 96 95
105 96 119
79 132 85
241 144 153
119 161 123
146 117 86
157 161 155
175 160 169
216 161 110
70 96 160
153 95 168
209 161 161
228 159 85
191 161 118
179 131 169
242 152 99
122 161 153
171 161 133
14 107 138
140 107 169
125 127 169
231 96 128
196 144 169
209 96 152
158 132 85
157 96 136
11 158 146
232 92 166
59 96 101
108 113 169
181 96 123
34 130 85
14 150 160
241 120 169
241 120 91
91 130 169
14 127 158
167 96 113
41 154 169
179 104 169
14 126 96
65 161 101
182 155 85
168 93 88
237 161 144
75 95 87
210 92 90
203 92 165
14 103 116
26 127 169
75 96 130
126 99 169
147 96 93
223 148 169
19 92 96
49 93 91
52 148 85
57 96 152
241 104 155
73 152 82
166 149 169
130 132 85
241 146 85
14 146 115
232 161 99
14 113 93
14 136 138
135 96 119
108 96 153
28 113 169
94 161 137
231 161 157
14 106 168
27 96 156
52 96 120
153 148 169
156 160 85
128 96 138
189 106 85
112 161 137
59 107 169
68 107 85
24 152 85
82 96 152
28 96 130
145 160 169
16 93 142
241 131 148
228 96 109
40 161 99
31 112 85
107 96 101
23 161 120
166 96 146
216 125 85
14 112 157
78 96 115
241 135 128
207 161 91
165 161 109
56 125 85
134 92 88
69 159 169
200 148 85
241 102 107
151 121 169
85 96 139
14 134 114
237 161 167
84 96 99
110 150 169
187 161 161
134 117 169
124 161 96
106 161 110
41 154 85
239 90 88
96 93 163
231 108 85
87 161 96
99 94 91
241 113 136
191 129 85
63 161 113
167 107 169
78 161 146
167 161 147
218 161 130
85 161 123
17 92 161
226 96 156
110 104 85
107 161 91
23 161 99
187 161 148
179 115 85
129 159 85
154 96 109
199 117 169
209 127 169
79 121 85
20 152 169
102 123 85
198 161 132
40 139 169
193 96 111
64 130 169
148 138 169
50 161 118
168 127 85
213 153 169
107 161 158
16 93 111
20 132 85
241 161 121
241 152 138
120 150 85
241 104 96
27 94 87
126 89 164
131 136 169
47 102 169
241 126 100
232 161 130
144 96 157
241 148 111
148 161 109
162 96 157
29 161 142
216 96 110
14 123 136
228 132 85
228 161 109
219 161 157
116 103 169
13 161 157
214 103 169
145 96 143
162 161 125
114 135 169
14 161 127
97 121 169
208 96 118
49 96 160
83 103 169
130 153 169
241 97 127
14 152 90
176 138 85
147 161 158
198 96 143
89 146 169
172 96 102
241 129 138
168 96 124
38 96 118
221 96 132
14 146 141
241 115 157
131 161 127
184 161 110
231 96 141
41 108 85
56 161 158
84 121 169
55 161 96
41 161 110
114 93 163
19 161 110
243 161 96
145 161 93
191 161 95
91 135 85
22 162 86
200 106 85
241 139 93
171 161 99
122 94 87
97 102 169
114 161 148
235 135 169
189 153 169
103 96 144
228 96 95
111 96 128
51 127 169
126 96 109
42 96 138
241 116 114
167 108 86
194 96 100
120 96 146
176 161 142
51 148 169
65 160 85
217 160 85
14 129 169
205 122 85
133 161 153
179 93 87
75 143 85
227 101 169
47 161 166
145 96 114
110 130 85
172 139 169
148 161 139
136 161 141
242 139 116
14 111 110
189 138 169
94 96 115
219 122 169
74 96 169
83 155 85
36 101 169
91 161 105
187 96 147
145 162 123
142 141 86
121 129 85
43 161 147
41 96 96
77 161 162
87 161 165
155 93 88
153 123 85
241 96 160
121 116 86
12 158 136
180 146 85
92 161 146
175 115 169
195 161 141
135 96 97
70 130 85
175 161 107
36 96 151
50 113 169
216 140 85
213 161 146
23 141 85
189 102 169
14 130 148
241 123 155
130 96 158
19 112 85
77 146 169
68 96 113
59 161 137
227 96 119
222 111 85
14 149 150
23 96 104
166 161 162
241 150 161
158 152 85
34 161 130
20 161 162
158 126 169
148 96 128
231 122 169
167 161 118
73 161 132
69 138 169
128 161 105
14 140 124
60 115 85
50 96 130
122 161 114
212 161 101
33 161 152
232 148 85
89 103 85
110 161 101
202 96 95
87 96 110
115 96 96
52 96 143
241 99 147
125 162 168
111 146 86
131 109 86
14 103 92
14 125 86
14 103 128
205 161 110
98 161 160
43 145 85
14 139 95
143 116 169
66 96 137
49 161 134
200 161 158
177 96 142
68 117 169
233 161 116
57 134 85
241 153 129
180 96 132
33 121 85
190 96 128
217 161 119
241 111 90
93 161 128
223 152 85
36 161 165
165 98 169
231 155 169
64 152 85
212 96 143
37 96 109
75 161 100
185 161 127
207 96 127
167 130 169
105 96 110
189 96 86
17 89 87
151 137 86
212 96 161
13 161 95
175 152 169
66 101 169
184 160 169
96 145 86
47 161 90
105 112 86
194 93 163
185 96 158
241 140 167
239 93 141
213 99 85
94 116 86
177 161 92
239 87 166
185 135 85
23 96 121
14 121 121
14 139 160
101 96 128
241 131 120
122 96 116
63 161 151
207 107 169
14 111 146
14 115 102
70 161 109
115 96 120
204 136 169
120 96 133
161 96 128
112 121 169
139 161 107
227 139 169
218 134 169
78 161 119
241 144 132
195 136 85
29 135 169
208 144 85
101 109 169
236 155 85
80 113 169
158 143 86
151 96 101
145 97 85
151 109 86
173 96 158
135 161 91
241 96 93
203 157 85
236 117 85
213 161 169
50 96 99
242 157 150
22 107 169
179 96 168
103 98 85
89 96 160
11 161 107
14 102 161
19 93 153
209 96 169
101 96 157
22 139 169
176 96 95
205 112 85
94 138 169
33 122 169
80 129 169
193 122 169
203 96 157
189 161 104
112 161 115
63 161 164
57 96 114
14 132 90
162 115 169
74 115 85
147 102 169
241 154 116
64 161 128
244 158 104
29 136 85
63 96 146
31 103 85
167 153 85
165 101 85
138 116 86
149 155 85
60 102 85
126 86 88
68 95 92
77 96 95
186 117 85
59 144 169
222 161 104
134 102 169
14 116 138
19 87 167
241 115 125
116 161 93
136 96 139
241 109 144
237 127 169
208 161 128
63 96 129
14 120 155
34 96 136
105 161 139
131 109 169
186 129 169
107 158 169
207 161 153
212 96 102
219 109 169
200 96 114
22 161 144
14 148 106
100 161 88
63 161 93
119 150 169
161 96 118
152 161 100
96 154 85
154 161 147
33 161 115
121 161 130
231 93 88
191 109 169
101 153 169
154 96 160
187 161 87
235 115 169
14 148 168
241 104 129
239 93 107
36 93 91
86 115 85
14 97 87
91 154 169
42 146 169
31 96 123
154 96 143
153 161 125
77 96 138
242 121 139
74 96 123
149 130 169
24 161 128
230 161 142
31 152 169
98 161 107
80 96 160
47 127 85
61 161 120
131 145 169
121 161 146
241 101 115
73 96 152
49 161 156
32 161 100
242 97 167
139 139 169
42 118 169
28 92 164
16 94 119
131 102 85
96 97 85
244 158 165
14 97 136
244 158 142
167 135 85
17 96 169
161 95 92
65 93 166
49 155 85
45 98 85
175 122 169
14 132 104
37 96 158
241 122 120
190 96 120
124 139 86
171 161 125
114 143 169
87 138 169
221 132 85
205 158 169
158 109 86
33 154 85
199 161 95
175 153 85
196 136 169
198 96 136
68 98 85
116 108 86
219 95 92
116 98 85
153 161 92
167 158 169
233 101 85
236 138 85
236 127 85
128 152 83
171 115 85
82 96 85
198 96 169
158 102 169
241 111 164
153 161 162
94 161 153
187 96 104
217 96 150
207 149 169
29 161 158
126 161 120
79 161 127
142 96 124
199 129 85
120 96 104
224 161 134
214 96 136
27 129 85
14 140 132
149 161 132
42 161 128
45 96 121
219 141 169
32 107 169
14 115 116
24 120 169
241 132 109
52 118 85
194 161 125
14 152 123
128 161 160
126 96 150
191 161 167
233 104 169
159 153 169
126 120 169
241 120 107
241 135 155
57 99 169
73 153 169
89 99 169
219 103 85
50 93 166
138 135 85
108 103 169
147 93 163
153 157 169
98 96 99
142 154 169
224 93 163
236 93 134
232 161 91
107 140 86
236 93 123
14 96 100
167 161 92
120 96 168
14 121 162
193 95 92
241 131 95
100 161 120
80 96 144
226 96 148
14 129 119
131 161 134
175 121 85
166 161 138
176 96 118
139 161 158
131 161 146
40 125 85
85 129 85
106 96 133
195 153 85
242 146 104
143 161 114
210 117 85
194 161 155
45 161 104
210 161 115
241 139 148
111 158 85
15 161 141
14 108 87
242 155 91
78 102 85
241 152 146
144 123 85
14 155 165
84 140 85
19 93 136
205 96 86
163 92 165
17 161 102
241 148 92
21 95 147
52 96 86
241 133 169
107 95 162
143 152 85
213 134 85
241 121 161
120 161 160
184 161 118
175 96 127
205 120 169
65 96 104
199 161 113
82 161 88
26 161 92
14 149 96
165 96 137
82 96 105
172 161 160
241 141 160
241 153 155
172 102 169
231 96 102
235 161 105
205 161 143
29 96 106
227 161 148
222 161 113
181 96 101
124 136 169
181 108 85
216 161 139
38 115 85
138 161 124
130 96 132
116 111 169
120 122 169
115 96 151
14 126 142
41 161 87
231 161 165
91 96 129
85 161 143
102 135 169
14 101 110
124 122 85
242 103 162
154 140 169
235 161 124
14 123 102
111 161 124
205 161 99
65 109 169
69 145 85
140 93 91
172 97 85
238 161 137
24 96 93
133 125 85
233 96 157
18 146 85
162 161 87
204 101 169
112 123 85
14 113 165
219 155 169
15 118 85
17 155 85
73 158 85
14 155 155
239 84 90
43 96 169
19 125 169
89 96 93
20 160 169
145 105 85
14 99 143
140 109 86
131 92 166
241 154 169
75 93 163
182 98 85
125 95 162
144 96 168
50 154 169
115 129 169
50 161 141
235 98 169
93 161 97
38 96 102
71 161 115
144 161 100
163 161 156
56 96 158
230 146 169
27 161 114
221 118 85
46 136 169
74 116 169
32 161 123
59 96 123
87 96 146
88 161 133
181 123 169
64 132 85
91 122 169
156 161 133
34 115 169
20 113 169
172 96 147
82 161 101
158 161 107
64 96 158
182 152 169
54 141 85
29 96 150
89 153 85
78 161 156
36 145 169
56 161 114
182 96 115
120 161 137
241 125 147
36 96 142
108 96 95
14 127 110
57 126 169
241 126 90
14 123 128
140 161 165
152 130 85
130 96 124
193 122 85
136 96 160
36 138 85
134 130 169
149 96 134
103 161 133
98 127 169
66 123 169
242 129 127
136 96 113
133 123 169
142 122 169
63 157 169
187 149 85
187 144 169
143 96 151
181 161 147
181 161 162
