133 104 85
117 230 161
128 2 153
121 136 173
155 180 107
89 72 141
164 68 144
84 160 113
126 36 96
109 224 96
173 128 134
161 230 126
141 182 157
125 86 171
86 121 143
121 151 82
103 195 135
100 74 97
98 26 129
157 25 128
156 69 100
93 120 99
120 45 161
159 136 94
90 160 157
115 185 99
123 2 113
154 110 162
172 166 141
95 230 130
170 96 119
144 224 96
153 148 165
129 171 128
141 204 130
150 224 157
86 96 120
105 110 165
129 71 86
116 166 174
150 41 153
91 54 117
171 154 115
145 166 84
124 204 153
164 52 121
158 109 96
145 17 104
105 69 162
145 67 164
108 2 135
120 207 115
99 166 92
143 2 132
114 126 85
167 94 145
108 97 89
150 44 102
99 48 148
88 172 135
91 96 150
113 22 151
159 185 132
104 35 106
82 144 133
110 181 155
98 182 115
141 200 106
100 137 163
128 110 172
143 19 149
92 143 98
114 55 94
136 132 83
169 123 112
84 122 120
113 219 141
139 166 174
146 86 90
142 128 170
153 88 162
164 132 155
168 74 120
164 162 97
159 167 161
88 76 115
115 19 102
123 192 136
145 220 118
125 64 167
126 172 88
101 213 122
127 228 105
104 88 163
133 220 148
96 225 149
153 217 139
94 91 103
169 171 123
173 147 134
105 13 117
98 230 111
130 29 159
138 55 93
139 183 97
148 195 145
167 151 154
171 109 133
132 189 120
161 42 136
162 91 104
148 149 86
159 224 108
87 142 150
85 141 114
145 117 87
106 143 87
105 197 115
141 2 114
125 2 134
152 195 118
136 149 173
166 113 149
154 30 112
138 50 161
141 100 168
157 178 148
111 150 172
115 81 89
155 58 154
94 120 157
86 89 135
84 106 135
91 56 136
133 225 164
96 175 149
130 87 85
110 125 169
112 165 82
127 177 162
105 113 89
125 198 103
101 51 104
154 12 137
88 109 110
172 136 120
103 17 141
113 221 114
133 214 101
84 159 143
95 39 120
103 167 166
139 207 152
103 33 147
169 82 135
129 119 84
114 205 132
144 70 91
116 100 169
107 53 159
110 204 147
166 147 101
93 172 104
157 230 145
147 101 89
154 30 144
140 84 167
80 158 128
97 77 154
118 108 85
140 31 99
167 109 109
123 224 91
154 209 124
97 62 151
159 55 108
161 81 151
96 105 98
151 17 117
130 18 102
140 5 145
150 173 96
95 183 130
95 39 136
166 170 109
119 195 122
154 124 163
141 230 109
135 154 82
98 131 93
164 59 134
157 122 94
110 230 149
117 216 154
114 78 166
116 6 147
88 131 106
170 139 145
160 39 120
143 230 145
119 215 101
85 170 122
175 160 127
88 69 126
130 189 157
124 16 156
106 223 130
147 171 164
149 209 111
113 2 122
94 63 108
116 193 152
108 210 109
113 174 92
99 152 163
102 186 146
161 101 154
125 49 92
89 161 99
124 152 173
124 122 172
102 211 135
104 180 104
132 204 141
117 68 90
164 79 109
114 38 98
151 57 97
137 210 115
149 132 87
112 36 156
153 198 132
142 31 155
136 192 133
156 81 97
171 114 120
170 95 133
159 181 119
94 107 154
112 5 106
98 153 93
82 134 124
143 116 169
89 130 152
103 62 98
125 230 151
131 75 169
102 27 115
124 134 83
103 85 92
156 69 157
140 214 140
166 131 103
146 156 171
158 152 93
150 225 128
119 95 86
84 134 139
163 175 137
123 182 124
122 211 144
163 66 110
155 94 94
139 42 96
87 82 125
168 163 153
114 230 105
146 189 105
93 224 120
158 49 146
130 200 115
145 140 170
127 169 171
83 119 132
106 230 120
109 138 170
151 8 126
101 13 130
90 83 147
127 60 88
130 2 122
125 162 82
130 99 172
134 136 173
132 3 107
146 219 106
154 230 118
138 173 89
107 154 86
129 187 98
169 122 144
114 195 105
94 80 105
146 215 129
104 230 138
100 191 123
169 140 110
98 99 159
128 52 165
151 99 164
164 117 103
139 194 153
97 221 137
117 57 163
93 49 127
167 69 130
84 111 122
150 207 143
109 224 158
133 229 94
87 149 108
162 120 156
103 222 105
169 85 120
166 63 120
161 141 159
156 220 119
119 29 98
136 61 164
155 165 91
161 223 136
129 182 133
82 147 123
128 214 155
139 144 83
87 167 149
136 39 159
144 217 150
117 174 165
123 180 94
102 201 124
158 157 162
139 95 87
171 155 142
113 209 122
169 105 142
118 114 171
87 86 116
150 176 155
120 184 159
152 230 104
135 11 152
99 95 95
107 22 107
137 173 166
87 107 146
149 230 137
115 142 83
156 40 110
101 125 163
116 205 105
122 35 159
153 137 164
138 198 121
135 222 108
173 146 122
149 186 150
135 230 153
113 90 167
109 74 92
171 164 114
149 34 103
141 210 105
109 47 98
104 124 89
135 164 82
172 124 122
152 2 136
105 220 148
161 59 145
130 28 99
159 35 130
146 10 110
136 22 155
107 99 165
128 144 83
152 163 167
147 52 159
168 156 105
100 220 115
155 186 141
131 2 142
90 100 107
108 133 87
147 77 164
95 89 154
172 119 135
160 171 101
92 137 157
123 12 104
98 170 158
156 40 145
136 80 88
136 193 101
154 221 148
96 46 113
160 100 100
84 147 141
89 64 118
166 78 144
128 144 173
133 119 172
125 214 110
98 30 138
151 110 90
136 112 85
107 194 145
142 229 159
91 173 115
119 117 84
105 78 163
88 119 108
167 96 110
96 178 140
81 167 131
114 66 164
148 180 101
110 14 146
89 150 155
85 130 116
100 172 98
118 225 148
162 172 152
107 44 155
153 21 142
110 29 102
135 219 157
173 168 131
173 138 135
97 219 127
159 220 128
123 223 162
120 203 139
105 5 126
163 225 119
135 91 170
151 75 93
120 230 98
132 181 125
95 56 145
116 2 132
104 190 110
163 50 130
120 26 157
171 105 123
110 160 171
155 25 119
133 200 153
119 223 108
148 199 111
160 46 115
131 205 102
87 80 137
101 20 124
125 80 86
87 168 109
107 173 160
105 211 144
85 99 129
157 191 125
85 98 139
156 78 158
153 142 90
140 2 123
161 93 153
122 78 169
147 11 143
137 64 90
148 157 86
142 125 85
117 195 130
134 2 132
124 161 174
136 11 104
133 127 173
111 213 132
89 119 150
154 16 127
142 208 123
108 14 108
99 40 144
109 219 122
94 49 140
163 174 117
90 176 128
94 71 149
97 85 99
167 142 152
136 110 171
153 189 111
157 26 136
148 28 149
118 45 95
164 57 114
150 22 110
106 162 87
152 63 160
99 112 160
103 105 91
104 230 105
99 186 138
104 9 139
94 71 106
118 170 86
118 144 173
138 21 101
100 140 92
118 159 82
84 152 116
104 206 117
129 96 85
92 65 143
99 115 94
169 132 112
144 43 158
104 146 166
145 219 136
168 74 136
152 203 119
99 36 114
92 111 103
104 202 139
139 75 167
166 86 111
130 221 97
128 230 159
129 41 162
105 131 166
126 110 84
103 61 160
103 228 153
153 206 134
117 129 172
115 210 139
150 117 165
98 31 122
146 140 85
98 162 163
146 26 103
133 182 160
145 62 94
87 91 143
146 109 167
88 139 106
153 220 111
144 148 171
84 167 140
106 170 91
109 6 114
89 66 134
158 31 123
82 161 120
170 148 144
86 103 116
159 65 150
96 229 142
147 92 165
169 131 146
160 145 95
134 48 93
108 176 99
166 175 129
158 62 105
169 91 125
110 229 112
159 35 138
168 165 103
125 196 154
123 2 124
124 2 144
134 125 84
91 172 143
174 158 134
111 214 149
148 230 152
135 230 104
134 160 174
163 53 140
117 208 153
144 230 100
110 63 94
162 109 155
83 126 127
173 132 128
163 107 103
149 9 119
93 130 99
165 224 130
110 219 105
110 189 150
102 180 150
113 91 88
90 168 156
150 125 89
125 218 147
162 150 159
105 54 99
155 230 133
152 51 102
118 14 151
153 192 138
107 25 148
158 132 161
89 151 100
106 117 166
144 60 162
90 61 125
95 53 110
165 171 145
85 112 140
113 46 159
100 71 157
96 144 160
142 223 143
115 202 122
175 152 127
104 230 127
144 78 90
116 214 114
137 191 126
112 113 87
134 3 149
166 140 103
115 134 84
161 72 105
86 90 128
118 2 139
169 148 109
125 126 84
104 157 167
134 212 144
91 224 134
132 214 110
138 224 91
150 200 140
174 165 121
151 67 95
130 179 94
121 92 170
166 72 113
124 9 153
119 192 100
169 115 113
123 205 102
144 110 87
131 2 114
96 230 122
98 67 102
115 2 113
110 226 142
104 20 114
162 73 149
109 186 104
166 124 104
145 171 90
107 40 101
90 225 127
125 192 118
146 167 171
97 130 160
142 50 96
166 65 138
87 155 150
85 140 143
155 115 93
156 19 134
156 130 92
140 207 136
172 119 128
140 217 103
87 75 130
140 5 106
86 115 115
170 114 141
98 177 107
155 215 131
100 24 139
122 70 167
134 197 138
92 167 98
139 2 138
97 124 95
116 201 150
121 88 86
114 149 83
115 107 169
158 85 157
89 93 109
125 5 106
151 34 149
147 227 116
84 107 128
90 86 109
143 37 99
86 124 112
111 29 152
100 56 153
153 86 92
82 161 136
131 207 154
152 156 167
148 125 167
168 102 113
154 202 126
115 222 97
168 170 137
162 181 126
82 154 134
122 185 132
169 156 149
99 83 158
100 208 127
141 200 149
170 90 138
147 2 121
167 85 144
121 201 117
103 218 141
112 106 87
168 77 130
155 188 118
95 160 95
157 102 160
87 156 105
161 130 97
163 162 159
138 216 113
103 50 155
114 12 104
111 202 109
109 167 171
83 127 136
105 217 111
105 38 151
165 60 126
174 141 127
84 167 115
138 213 154
120 58 91
94 178 120
164 155 98
166 126 152
139 102 86
134 33 97
152 222 104
99 192 130
130 190 136
134 186 130
102 191 141
131 82 170
150 2 129
141 188 101
82 140 122
169 85 129
131 207 113
102 149 90
114 229 96
153 170 162
156 49 107
115 222 160
122 71 88
157 35 115
119 189 127
146 3 140
130 168 83
150 230 144
119 217 144
117 84 168
170 99 139
143 176 161
116 159 174
123 221 97
95 99 101
100 40 109
103 91 91
171 133 139
149 132 167
153 155 89
140 11 148
128 156 82
130 137 83
97 225 105
110 220 152
146 84 165
117 101 86
87 76 123
104 28 108
124 130 173
126 200 140
168 80 116
142 152 83
122 106 172
114 187 155
137 220 98
104 69 95
89 68 113
168 170 115
94 225 113
110 59 162
104 45 103
82 136 130
95 40 129
139 120 85
151 49 155
86 85 141
120 38 96
159 178 113
112 3 142
95 156 160
139 67 165
159 223 143
112 230 158
124 21 101
139 169 84
130 22 157
162 46 122
100 19 133
154 227 152
102 175 154
136 188 157
136 30 157
144 223 159
162 229 133
85 102 123
155 104 93
100 187 115
148 212 146
113 120 86
118 3 107
97 58 106
96 33 131
158 87 99
115 179 160
100 119 162
124 173 167
87 166 103
116 40 159
158 180 140
110 74 164
149 16 111
88 79 143
120 51 162
142 177 96
138 141 173
115 75 89
161 126 158
103 102 163
160 117 97
155 230 109
110 112 168
108 230 100
151 72 162
100 159 91
166 119 150
127 176 124
93 48 134
116 230 150
170 109 117
103 95 162
171 129 117
126 212 101
141 90 167
165 100 149
130 35 160
89 136 152
86 89 122
103 78 93
129 44 93
147 92 90
164 100 105
133 167 173
158 116 159
92 137 99
147 181 154
140 230 95
161 43 130
84 116 125
152 210 117
92 77 148
121 145 83
126 230 94
138 227 148
155 174 101
95 97 155
101 230 145
160 230 120
139 120 171
155 230 125
111 2 128
120 230 105
110 132 170
125 101 85
87 92 115
118 51 93
150 164 87
93 176 135
129 225 149
93 154 97
154 46 150
116 152 173
158 75 101
142 225 112
110 159 84
95 148 95
110 214 126
159 175 105
99 90 159
131 199 103
172 125 128
145 205 147
155 216 125
88 70 120
156 191 132
130 9 105
130 68 168
113 213 105
104 230 112
133 17 155
131 57 165
148 220 130
84 113 133
124 57 165
115 72 166
86 130 144
143 209 132
115 121 170
132 59 90
170 162 148
106 203 112
91 125 154
132 194 154
144 214 121
92 114 153
124 100 172
158 222 114
89 101 147
108 225 118
119 19 154
87 81 119
112 170 87
138 17 152
81 167 124
145 55 95
133 196 118
135 204 116
93 45 122
104 224 100
148 223 123
155 95 161
154 184 148
150 218 146
88 125 106
126 176 131
106 19 145
125 205 114
103 196 121
148 17 144
132 65 88
115 25 101
166 158 155
136 229 162
119 175 91
110 220 136
161 85 103
97 186 124
122 4 150
160 167 96
110 82 90
125 192 100
100 182 109
161 175 144
139 201 134
138 56 163
159 94 99
141 89 88
173 152 121
113 178 96
171 147 116
102 43 151
91 55 127
149 230 109
100 109 93
102 27 144
121 178 162
115 136 172
137 104 170
125 27 99
112 172 166
129 53 90
100 216 131
158 226 149
154 149 90
110 85 165
161 180 133
146 46 98
151 97 91
128 11 155
156 220 135
158 145 162
143 160 82
126 187 120
85 171 128
83 139 136
143 26 152
125 65 88
92 58 112
118 199 135
123 167 173
103 212 117
91 171 148
137 203 103
156 183 112
145 221 101
163 139 98
143 10 106
148 193 109
103 5 133
141 36 157
102 22 119
104 140 166
159 185 124
143 161 173
146 212 108
164 175 123
