-5 30 -15
6 -78 27
6 124 28
-14 -43 -39
30 -22 7
-33 -31 18
-8 115 -29
31 -68 -20
12 76 5
-31 -76 -5
5 -36 38
28 121 -7
-4 1 16
-29 123 7
3 -13 -21
-14 51 16
36 -58 16
-2 -78 -31
-26 -65 28
-39 -43 -15
21 -39 -35
-12 64 -16
19 45 3
-10 98 -1
-24 -15 -7
16 16 -1
2 -79 -2
38 -40 -13
-26 -65 -29
-4 27 15
-41 -54 9
-16 10 -5
18 -58 35
13 59 -18
27 -79 5
12 108 6
9 -19 22
-13 75 6
26 -37 26
-18 -43 36
15 -62 -37
25 -21 -18
-13 111 19
8 58 19
-14 -19 25
-26 113 -14
15 113 -24
-5 -62 38
-23 -28 -25
-19 45 -6
14 -6 1
2 85 -13
2 9 -17
24 124 15
-12 -79 15
2 -29 -34
40 -59 -4
39 -39 9
-37 -29 -1
24 -73 23
14 -79 -16
2 108 -11
-7 -61 -40
2 91 12
-29 -47 -31
-15 -11 8
-4 48 -19
32 -51 -26
-12 -76 -16
-37 -61 -14
-34 -70 12
-32 -48 26
4 -47 -42
13 33 -9
-16 27 -1
-11 -5 -14
6 41 16
18 61 -1
-19 61 -1
12 -79 12
12 92 -3
11 6 12
-7 64 18
-16 113 3
13 111 21
-12 15 10
-14 -79 -1
-11 124 27
5 124 -28
-28 -19 9
-10 -76 30
14 -22 -29
10 29 7
-11 -20 -24
10 72 -11
-12 81 -8
-1 -24 32
-19 124 -24
-34 -29 -15
34 -27 -6
16 111 -8
29 -35 -22
-4 -48 41
-23 -31 29
14 -27 32
14 5 -9
19 -73 -28
27 114 6
19 -14 12
29 -51 28
-2 109 11
27 -78 -10
-39 -65 -1
-11 113 -11
-22 122 19
-26 -76 -18
-40 -40 9
21 124 -20
-17 -57 36
-16 40 6
15 -12 -15
12 46 -13
16 -43 37
7 -66 33
10 20 -12
23 -25 19
-15 -73 -31
1 65 -20
-24 -79 9
0 111 25
36 -68 7
-13 -28 -34
24 -16 -4
-19 -57 -37
7 -7 12
-10 -32 36
-4 -15 19
1 15 13
-21 -76 23
18 57 11
1 75 13
-27 124 -6
-15 -2 -2
-39 -51 -4
-7 18 -12
-10 88 7
16 -76 -4
-7 40 15
1 -76 16
41 -46 -2
23 -53 -34
3 -67 -34
-33 -60 19
-5 97 -12
-16 51 -16
-2 50 21
35 -56 -15
6 -56 40
32 -68 -5
-3 74 -12
-17 61 11
2 111 -24
3 -77 -13
9 67 11
33 -44 19
-31 -38 -23
4 38 -17
-24 112 11
-33 -56 -25
-23 -24 19
25 -61 26
8 -73 -25
3 -3 -15
-17 112 -22
-12 4 8
-24 -20 -18
-22 -38 -34
33 -33 17
-11 39 -14
-38 -40 -3
-5 -36 -40
26 -63 -29
-10 7 -14
13 -31 -36
-15 70 -7
22 113 16
18 -69 31
9 103 -4
-26 111 -1
40 -53 6
-19 51 5
-16 -67 29
29 124 3
4 -58 -41
-21 -74 -9
19 55 -10
21 -73 12
7 50 -21
25 115 -16
39 -35 -1
10 88 7
15 121 22
13 -48 -37
12 82 -5
-24 -51 30
-3 -20 -30
-5 -79 7
14 -73 20
12 19 9
8 99 9
-31 -20 -2
5 97 -12
-34 -42 18
-15 -15 -13
-4 -79 -21
23 -28 -28
-28 -67 -19
-2 -70 30
15 26 -1
-5 99 11
-13 30 -10
14 38 8
-30 -70 2
23 -77 -20
29 -42 -29
26 112 -5
-11 25 7
1 21 -16
-26 -69 17
-26 -41 31
11 50 14
5 -38 -38
6 -46 40
30 -72 15
-14 18 1
16 4 0
-5 -49 -39
-34 -26 8
35 -43 -21
-11 91 -8
-5 124 -29
15 71 -1
-16 -79 -24
-8 -69 -36
-34 -71 -13
-9 115 28
-16 -17 16
12 -5 -8
-37 -52 18
7 113 14
-20 58 -9
-20 -10 0
-4 58 -22
-39 -63 9
-5 -77 -8
-11 109 10
14 41 -3
-37 -52 -13
-24 123 -15
-16 36 -3
-3 -79 25
-3 113 -17
19 -36 33
7 113 -17
-11 -26 29
11 -79 3
16 66 -10
4 32 14
6 -18 -28
33 -33 -13
-23 -75 0
-8 72 13
-16 -64 -33
-8 -6 12
35 -30 9
6 28 -12
-30 -21 -10
-37 -49 -21
40 -50 -9
-11 108 -3
-8 -40 39
1 -19 25
10 -79 -8
32 -65 20
32 -60 -24
7 115 -29
18 -18 20
20 -50 33
-4 -8 -18
22 -27 27
-10 -53 39
-38 -32 -8
14 -19 -21
21 54 -1
10 -72 -33
30 -76 -3
27 -22 -8
-16 -76 8
6 23 14
-4 83 9
4 -79 8
18 113 4
-3 122 29
-23 -73 -26
-13 83 2
12 -1 7
-39 -47 4
-29 -57 25
-24 -56 -30
13 122 -27
19 -15 4
-17 68 2
1 -7 17
11 14 -8
-17 116 24
-6 56 18
36 -64 -13
36 -50 12
-11 34 7
-8 -74 21
32 -28 1
11 -35 34
6 82 11
15 -75 28
19 -75 4
-17 -36 32
-15 22 -7
-33 -68 -6
9 66 -17
4 5 16
1 67 14
-5 113 18
7 115 25
21 -18 -11
36 -60 4
-30 -36 26
20 47 -5
0 61 20
-8 105 -10
-17 -22 -27
-11 122 -25
15 68 6
-4 0 -17
-5 9 13
-36 -35 4
19 -74 -11
-17 113 -6
32 -71 -13
28 -70 7
-20 -73 15
-38 -58 2
-12 -54 -40
-19 -25 28
-23 -17 3
4 77 -11
0 117 -28
-5 89 -13
17 111 -16
-16 -3 6
12 -79 -24
15 9 5
-22 52 -2
-17 6 2
-6 -79 -1
11 110 -2
-9 -14 -18
-20 112 18
7 89 -11
-16 -11 -6
7 -28 32
-8 -71 -27
-18 -73 -20
-30 119 -1
-17 -19 -19
-37 -46 12
23 -79 -2
28 -28 -18
30 -26 15
-28 -76 15
6 -13 16
8 -25 -33
18 -10 -5
15 -8 9
16 -22 26
-12 57 -19
17 -72 -20
35 -52 21
-5 41 -18
12 98 2
26 -19 13
17 -66 -30
-9 113 -21
8 -9 -14
11 -61 37
-14 -79 23
-38 -58 -7
8 12 -15
-15 68 9
19 -79 19
9 111 -10
7 4 -13
-15 4 -8
6 49 20
-9 -79 -27
-31 -77 5
9 -70 27
-12 75 -2
-19 -32 -31
-3 -32 34
5 57 -19
-16 -50 35
40 -46 6
24 -36 -28
-7 -19 27
-37 -36 -15
30 -57 21
13 -52 36
-11 46 -18
16 -54 -38
-14 -37 -35
-9 104 4
-13 92 -1
3 -63 38
-7 20 11
-20 -45 -34
22 -43 31
27 117 -1
-9 -67 32
37 -66 -1
-26 -72 8
-15 46 9
17 46 10
-17 113 11
-16 -71 23
12 32 -1
-5 -15 -24
-4 34 12
-22 117 -21
-21 -14 10
19 117 -20
-35 -36 13
29 -43 28
-29 -31 -24
0 44 16
-18 46 1
17 111 11
12 -38 -39
-12 -12 16
4 71 -15
6 -79 19
-12 -79 -8
-24 119 13
-18 -49 -38
-27 -26 -17
18 -33 -31
25 -73 1
5 108 8
-5 -26 -32
5 -78 -30
-14 46 -12
-5 82 -13
-28 -38 -30
-14 -63 36
-19 64 -7
-31 -66 22
-11 97 6
24 -46 -31
12 59 14
-14 15 -10
8 -64 -38
25 -56 31
25 120 8
-19 -79 -17
24 -73 -6
34 -50 -19
-4 14 -17
0 -57 38
-29 117 -7
24 -69 -19
26 124 -15
-15 123 22
9 13 10
-41 -44 -8
-11 -22 -31
12 53 -15
34 -62 11
-10 71 -13
18 -69 24
-26 -71 -14
8 44 -18
1 -72 -27
-25 -79 -5
-13 57 14
28 -57 -30
20 -17 -17
2 111 18
-13 10 5
-30 -24 14
-11 99 -8
-32 -27 -6
25 -77 16
10 -40 39
10 75 -4
12 43 13
22 -60 -34
-2 -40 37
-18 54 12
1 -52 -39
35 -37 -19
10 -13 -19
27 -31 24
18 52 5
-6 93 8
19 -25 -24
8 64 17
3 -71 35
5 -79 -23
-7 25 -12
-5 68 -17
-32 -61 -20
0 -63 -39
41 -52 -3
-26 -71 25
1 -73 24
9 38 -11
36 -38 15
26 -17 3
-26 -27 24
20 61 5
8 37 10
-5 111 -25
-36 -41 -21
-23 -18 15
20 -46 -37
25 -70 -26
-38 -58 13
7 -19 28
30 -37 21
25 -69 17
17 115 19
2 44 -17
-10 46 17
1 52 -22
-11 0 13
-1 -72 -36
-13 40 11
1 -41 -41
0 93 -11
-16 -4 -8
-28 -61 -25
-35 -65 16
16 10 -4
26 -68 26
2 98 11
7 -53 -38
2 -14 21
9 -1 14
-25 -60 31
-20 52 -10
30 -27 -12
-6 -42 -38
15 64 12
13 -14 14
40 -41 -6
-17 -68 -28
32 -62 -18
-11 -74 -22
-8 -33 -35
12 -79 23
37 -33 -7
-13 -60 -39
34 -72 -1
-8 53 -21
-18 -79 18
35 -45 -15
-31 -51 -25
21 121 20
-26 115 4
8 95 -6
-20 -64 33
-27 -72 -7
-38 -65 -9
-34 -54 23
20 -79 12
7 72 9
-23 -19 -12
-37 -39 -10
16 -63 32
10 25 -8
10 83 1
7 -74 22
-19 58 5
-13 33 2
-7 35 -12
-8 75 -8
1 -76 -19
-13 86 -4
-4 110 -11
-3 115 29
-14 115 -26
12 19 -5
-4 6 -14
-37 -68 5
1 -77 4
38 -41 2
2 -9 -16
18 111 -2
2 34 -13
26 -27 -23
-10 82 8
-10 -46 40
12 69 -6
11 -1 -13
-15 113 -16
-16 40 -9
8 104 3
-42 -52 1
18 -78 -23
-13 -37 37
-7 -27 34
-5 -55 -39
7 103 -10
-31 -26 3
-41 -38 2
-18 -79 4
16 37 2
19 -32 28
7 -79 -17
-37 -55 -19
27 115 -10
0 104 9
-17 -79 -11
2 55 21
16 -27 -32
-5 -69 35
36 -55 10
7 93 6
-20 -71 29
-11 10 -9
35 -63 -6
35 -55 -21
-25 111 -8
11 -66 -33
-22 -48 35
31 -48 23
-12 63 16
-25 -49 -34
8 111 -25
-20 -21 23
10 -74 -20
14 -76 -29
1 86 10
38 -35 5
-28 119 -13
12 24 5
-17 -30 30
-14 -74 17
-3 -4 14
32 -23 -2
13 4 4
-7 -76 -32
12 124 26
7 -76 14
5 18 -13
-17 59 -14
3 119 26
21 -65 27
-31 -44 -24
3 -3 13
-6 -9 17
-14 -72 31
-39 -45 -2
11 -77 -3
29 -76 11
9 -44 -41
-21 -61 -31
-3 -74 -23
26 116 12
4 -31 36
30 -66 13
2 -18 -24
24 111 1
0 -32 -38
-30 -72 -18
-30 -76 -11
-26 -79 3
18 66 -5
-34 -36 21
-8 76 8
-26 -16 -2
-25 -23 -22
-13 32 -5
-14 64 -10
26 -64 -24
-17 -76 -4
16 59 -10
-36 -46 21
-20 111 -13
-8 30 13
-13 -67 -36
39 -58 -9
-32 -70 18
-3 19 15
15 -1 -7
7 -74 31
-23 -35 -29
-4 -75 32
-5 88 11
27 -51 -28
-8 -71 27
30 -42 -23
11 -57 -37
4 -79 -7
22 -79 -7
7 111 19
12 113 9
-5 -79 -15
-4 -69 -32
12 -69 34
-30 -54 -29
28 -75 -15
-31 -42 26
11 -24 30
5 -72 -35
-3 103 -10
-28 -28 17
12 14 5
15 52 10
17 124 -24
-23 -70 -21
-24 -78 16
3 -22 -32
-9 -14 21
22 111 -9
-11 109 3
7 17 14
-8 51 19
-19 111 -2
13 -76 -12
9 -51 40
-9 -79 25
-15 16 6
27 123 -2
35 -35 9
0 -79 12
-10 -37 -39
-41 -53 -9
9 83 -10
15 -75 13
28 -70 -10
9 91 2
-12 113 14
-9 6 14
-12 -79 -21
3 10 15
-10 -59 39
0 27 -16
1 37 13
20 -60 30
-34 -73 -2
-5 -65 -36
-5 -54 40
-2 37 -14
-35 -31 13
16 -79 1
-28 -70 -24
-13 -15 -21
11 87 -6
23 -20 17
11 24 11
18 49 -11
14 39 -9
1 80 10
2 15 -17
21 -66 -27
30 -26 9
-23 -37 29
33 -32 -18
28 -19 -3
-19 64 5
14 55 15
16 -1 1
-12 -4 8
-22 -74 7
-28 124 2
-21 -43 32
-33 -64 -15
10 81 8
6 -17 -21
1 -47 38
11 -14 19
12 9 -12
7 -31 -34
-29 -53 30
32 -66 -11
-6 -79 21
15 -9 -10
-22 55 3
-22 113 6
-15 24 5
-30 -32 -19
33 -73 5
-16 -32 -35
-2 -65 35
30 -69 2
-11 1 -10
-24 115 17
-34 -72 7
3 -42 37
23 -16 9
-21 -67 -32
-9 66 12
-3 70 15
25 119 -11
-12 -11 -13
-5 78 12
-17 -75 -14
22 111 7
1 60 -22
-21 -69 23
4 -69 30
11 72 3
-21 -20 -23
25 -41 -32
37 -44 16
17 44 -9
-34 -65 11
-4 62 -18
23 -74 7
10 77 -9
-35 -28 -10
12 116 26
-13 -71 -26
-18 -41 -37
-24 -41 -31
-8 119 25
13 -72 -24
-17 -76 26
33 -71 10
0 80 -11
-19 -15 5
-9 -77 10
-27 124 12
-37 -62 -5
20 61 -6
-14 69 -2
-14 46 14
-10 10 10
13 76 0
-5 104 10
3 63 17
32 -54 25
-27 -74 19
10 106 -7
-12 -77 5
-4 21 -16
2 113 -16
19 -15 -2
-35 -56 16
-6 -18 22
9 33 -12
-9 -46 -41
18 -77 24
-11 111 -16
15 -33 31
-11 51 -17
16 57 -14
-14 23 -1
28 -31 19
-14 36 -9
-14 29 8
-6 -20 -26
5 63 -20
21 119 16
-8 85 -7
24 -47 30
-10 88 2
27 -32 -26
2 20 13
-18 -27 -31
28 -22 -13
13 111 -13
17 67 2
19 -56 -34
-11 20 7
16 -18 16
8 47 15
14 -76 6
18 -24 22
-22 56 -5
-2 -15 -20
11 -56 39
18 54 -5
-18 -75 -28
13 116 -27
1 4 -15
13 6 -4
-38 -48 -10
-3 -35 38
5 23 -13
-10 14 -14
-36 -42 12
-38 -35 10
1 26 13
28 -64 22
-13 -77 -29
-13 103 -1
29 -67 -15
17 -79 -10
32 -41 23
-17 49 12
-2 -45 -42
15 28 4
-34 -35 -21
-12 70 5
-28 117 10
-40 -52 13
-27 -21 -5
-17 2 -2
5 -43 -39
27 -70 12
0 -79 -11
-4 -79 -26
-21 124 -19
4 76 9
4 44 18
-3 95 12
10 53 19
14 112 2
-27 -20 4
-16 111 -11
30 -59 26
25 -39 30
20 -19 -21
38 -56 -1
-8 66 -14
3 102 -12
-34 -33 -12
14 -69 27
10 -21 -26
-14 -42 38
-7 -76 16
-20 -12 -5
34 -32 -3
5 -70 -30
24 -79 -14
-9 -9 -17
18 -50 -38
-3 40 16
2 113 -28
-20 46 5
17 -49 37
-26 -45 28
-5 111 23
39 -50 1
-13 23 -11
11 -11 11
-16 120 -26
-28 -31 20
4 -23 31
-11 72 10
18 50 -1
3 115 28
-13 119 26
32 -74 -8
-14 -67 34
-14 11 -1
-8 43 -14
0 -58 -39
3 47 -21
8 29 13
-13 80 -3
-22 -73 -16
20 -19 12
-16 -10 -11
1 -20 29
6 70 14
12 34 9
28 -37 -28
-11 111 -7
20 -73 -16
-33 -66 -20
-18 41 -3
-15 -7 -3
-2 6 13
11 29 -6
-6 -28 -36
-27 115 -2
27 -73 -20
33 -26 6
15 63 7
-37 -62 3
-3 -21 26
14 42 5
-13 -26 -30
26 -18 -12
-9 30 -14
-11 -72 -34
15 36 -5
-13 -56 36
-27 -43 -28
10 -77 8
15 -10 3
36 -45 11
-10 79 3
-31 -69 8
10 2 10
39 -51 -14
-36 -34 -4
15 19 3
-25 -71 13
-3 -77 -3
34 -40 -15
-11 115 24
1 -28 36
-7 -23 31
-17 39 1
-14 -14 12
22 -55 34
11 95 4
-36 -57 -14
-17 112 21
7 -79 -1
-5 44 15
