151 145 96
95 26 158
89 244 163
166 245 96
165 49 94
91 153 160
167 194 163
92 87 102
89 203 92
151 95 159
162 29 158
109 26 97
93 145 102
94 83 161
145 244 161
142 198 94
145 147 158
115 199 161
142 95 98
116 244 94
167 176 123
129 57 160
164 63 134
95 119 136
142 26 122
89 186 130
165 217 129
92 55 128
160 119 126
89 225 126
127 59 95
113 174 92
119 122 98
124 118 157
90 54 93
129 26 153
139 178 163
106 26 129
167 171 92
167 224 159
89 214 158
117 232 161
164 89 119
141 228 95
166 58 163
167 213 96
94 148 131
94 90 131
100 55 163
90 182 163
161 147 124
165 245 136
142 210 163
116 213 94
90 232 92
160 122 154
124 85 158
164 166 149
141 36 96
119 158 159
163 77 94
89 177 102
159 119 98
124 148 97
95 118 109
117 85 95
141 171 95
162 43 118
101 107 158
105 133 158
90 245 112
165 194 140
161 26 135
167 198 114
90 245 140
149 73 159
164 86 144
95 38 111
122 37 112
161 26 98
164 64 112
163 144 147
147 45 161
89 168 142
89 206 117
165 229 111
128 37 132
107 104 99
91 206 138
111 37 150
92 68 147
91 45 147
111 178 161
142 74 96
166 245 158
163 98 97
139 115 98
92 66 110
90 163 117
162 46 144
106 66 95
110 194 95
165 159 108
161 190 92
146 55 93
146 37 140
128 138 159
143 113 158
95 162 93
107 45 94
162 105 142
97 132 122
113 69 160
135 228 163
107 217 161
89 222 107
161 133 113
128 187 92
147 245 92
167 211 146
110 138 97
96 101 114
151 165 163
162 108 112
93 140 147
89 190 147
94 199 163
134 131 100
93 73 130
124 101 96
89 229 148
148 193 163
159 229 95
92 38 130
128 26 100
161 26 116
164 81 160
167 182 106
93 101 144
165 229 142
166 245 117
106 229 92
164 162 133
124 40 160
124 229 95
133 212 95
146 26 153
164 176 163
130 103 157
159 131 137
125 211 163
123 40 95
161 152 161
106 244 161
99 167 161
118 26 141
127 244 163
135 162 160
89 189 114
95 26 140
100 244 94
151 225 161
155 160 96
94 34 96
148 37 110
147 130 158
158 208 163
165 178 138
110 91 160
166 69 148
131 245 94
127 165 95
121 26 123
133 193 163
152 210 92
97 217 94
96 121 153
93 229 163
106 150 160
139 154 96
93 74 94
92 83 146
97 187 92
162 107 157
111 155 96
93 80 117
133 72 160
94 105 129
136 26 138
167 231 125
163 77 127
160 103 128
103 26 114
165 214 114
97 131 101
151 107 99
94 42 160
149 130 98
115 55 160
159 63 93
161 146 106
138 90 160
125 172 161
167 202 128
104 90 95
164 81 107
115 107 156
94 149 116
134 37 119
92 52 112
148 183 95
155 40 98
116 26 157
99 70 160
152 59 163
131 86 97
109 37 106
133 37 146
163 50 130
161 45 158
94 104 98
91 176 120
162 136 158
107 37 120
163 51 107
89 242 126
121 72 96
95 117 123
152 85 95
152 37 128
140 26 106
106 37 136
105 121 98
92 161 130
93 155 143
93 96 158
167 187 150
104 206 92
123 202 92
107 44 161
91 196 104
109 118 157
104 189 161
167 188 128
135 49 94
91 176 152
159 117 140
106 26 146
117 26 108
91 232 116
165 200 100
152 180 161
115 56 93
135 124 155
89 165 104
89 198 126
89 62 158
148 26 135
136 39 157
99 175 95
91 45 101
89 242 100
97 131 134
163 94 153
131 37 104
89 218 140
166 164 120
118 145 158
163 34 144
161 69 162
160 121 113
159 234 163
89 210 102
117 128 157
89 213 128
89 202 153
122 188 161
165 200 153
94 26 128
163 91 132
152 26 106
163 95 108
124 223 161
89 232 136
103 147 95
164 152 95
163 155 143
161 139 96
139 142 98
131 26 114
90 163 153
153 172 95
151 37 150
133 151 158
166 56 120
89 56 142
105 31 159
121 37 143
127 112 97
161 142 135
165 172 112
105 205 163
94 136 158
167 235 152
94 27 107
165 163 162
107 79 96
100 37 147
121 134 97
140 37 130
89 181 141
140 54 160
121 95 159
89 174 131
94 139 112
162 32 125
163 37 105
112 166 161
124 176 95
106 234 163
97 129 146
165 76 138
164 58 150
119 37 123
143 217 95
154 26 146
115 96 98
155 244 163
153 72 96
92 91 113
90 245 152
164 68 101
161 132 148
154 85 158
92 64 99
109 183 95
135 103 96
91 46 122
115 112 97
113 80 161
130 26 128
137 182 92
133 69 95
153 26 123
165 244 147
160 38 135
167 224 100
136 238 163
119 30 96
92 64 123
134 204 161
161 129 125
96 116 98
89 170 162
89 172 93
95 128 112
140 138 159
93 155 107
135 217 161
141 79 161
115 210 163
90 64 136
147 120 100
163 74 116
165 235 102
157 241 92
167 58 99
101 55 93
123 65 160
164 67 124
89 231 102
167 213 161
97 111 149
167 169 102
155 200 92
90 52 154
151 106 158
166 56 141
134 235 95
130 122 100
106 166 92
150 155 161
159 113 149
142 100 157
146 235 163
100 177 163
145 33 159
151 30 96
91 75 156
91 217 116
167 210 106
116 234 92
89 196 137
165 177 149
131 222 92
98 238 161
133 201 95
121 157 94
165 241 126
167 223 119
93 141 123
118 186 95
98 219 161
153 219 95
167 222 149
167 188 117
127 235 161
91 47 136
93 75 140
106 216 92
152 140 159
161 110 97
92 151 95
161 88 98
146 161 95
93 35 121
158 189 163
141 84 97
91 77 104
89 235 156
115 146 98
96 108 107
106 36 96
159 129 98
97 210 163
167 190 101
118 242 161
89 187 104
137 26 148
143 37 120
123 50 94
152 94 96
118 37 134
123 75 159
96 110 140
149 235 95
165 205 138
149 216 161
124 238 92
116 223 95
167 181 92
98 45 94
165 217 138
154 38 160
165 244 107
94 147 154
93 95 122
89 56 104
100 158 161
160 99 117
167 236 92
91 192 158
162 152 132
154 37 118
165 158 153
140 65 160
109 100 157
95 140 138
152 201 161
163 95 143
160 139 122
153 116 156
139 63 93
91 224 96
128 140 98
99 26 97
92 92 149
134 111 156
94 110 117
167 172 131
142 200 161
148 26 114
157 52 96
100 37 102
90 71 117
123 92 95
94 26 118
161 111 131
105 82 159
93 37 142
161 110 120
166 160 99
117 37 102
150 64 93
130 94 158
89 183 95
133 174 92
95 196 92
93 34 151
127 164 162
107 64 163
132 81 159
130 47 159
91 172 110
91 219 150
140 26 97
101 94 159
135 163 93
141 169 161
98 236 92
155 51 162
166 202 163
163 156 122
99 97 98
115 204 95
97 140 96
123 196 163
89 59 116
116 45 158
91 237 147
164 41 126
110 128 98
167 237 112
142 223 161
112 37 160
111 26 117
143 46 94
165 170 141
123 37 152
127 26 144
154 37 142
91 208 147
146 26 143
141 187 163
121 194 95
89 198 112
93 94 140
141 126 100
91 81 125
161 219 92
148 192 92
165 218 106
113 188 163
98 64 93
106 237 95
143 122 155
91 59 149
146 87 160
142 206 92
165 236 136
164 85 152
117 218 161
111 37 129
167 195 123
158 220 161
113 26 134
165 210 122
163 205 92
116 164 95
93 95 106
128 76 96
157 77 161
161 115 106
157 171 161
115 64 95
133 31 159
97 128 157
127 126 155
92 83 136
128 33 96
161 146 116
134 40 95
123 32 159
153 29 159
110 140 157
91 153 123
89 213 94
98 124 126
94 105 155
157 182 94
142 37 149
103 157 96
167 225 131
89 184 153
160 123 146
130 155 96
121 180 161
163 36 113
165 77 148
161 134 105
92 53 162
123 51 159
121 26 150
115 40 95
140 241 95
91 200 144
163 37 155
165 206 113
162 149 153
167 183 160
167 236 161
143 103 99
146 138 97
161 26 150
162 45 100
111 156 161
89 205 161
92 244 92
161 94 125
165 49 153
117 136 158
117 172 163
160 123 132
130 95 98
165 171 156
163 38 95
166 68 93
103 226 163
165 180 116
103 26 136
104 124 155
130 37 112
98 122 117
97 186 161
167 214 153
141 37 106
158 99 159
165 71 108
164 65 155
94 81 97
132 148 95
91 204 107
102 40 158
134 192 95
101 73 94
152 153 94
153 148 158
162 105 104
91 237 107
160 101 150
158 125 105
142 158 159
91 187 122
91 182 112
91 226 141
123 109 156
165 73 155
123 216 92
162 91 160
99 145 160
93 154 152
94 89 95
160 166 92
107 26 105
154 66 160
93 37 104
166 68 140
117 116 156
144 149 95
107 26 154
125 128 98
103 110 99
164 85 127
127 146 160
134 142 157
107 58 95
101 37 130
123 26 113
162 44 110
167 207 156
112 226 161
98 124 105
164 148 140
164 82 117
91 205 124
167 237 143
148 226 92
93 76 149
160 100 135
165 181 129
133 131 156
89 168 126
134 57 95
91 241 119
167 186 140
162 87 111
162 154 113
138 46 161
162 140 111
167 210 130
155 37 107
99 224 94
115 76 96
121 26 131
139 26 131
89 240 134
101 196 163
139 37 113
160 136 129
154 134 156
127 154 161
124 84 97
133 186 161
90 160 137
128 180 163
117 103 98
164 57 128
165 50 161
147 65 162
159 26 128
151 123 157
91 232 126
112 120 100
92 147 138
93 32 136
107 97 96
91 45 110
99 49 159
135 80 94
115 48 94
148 172 163
94 135 128
115 62 163
163 48 137
91 163 162
166 163 140
90 54 120
165 49 119
160 145 160
92 88 124
94 27 150
167 195 94
109 110 156
91 222 134
105 164 162
94 65 162
89 223 119
91 218 101
146 112 99
159 200 163
94 148 146
106 174 95
122 58 161
115 26 101
94 138 105
106 52 160
113 26 149
165 204 146
134 37 138
133 171 161
94 104 122
151 208 161
89 222 159
89 214 108
165 199 107
133 26 107
95 210 94
162 153 106
91 44 154
166 56 112
139 27 158
153 46 94
136 59 163
93 157 114
93 176 160
95 97 129
162 27 142
107 244 94
158 127 117
165 194 132
124 37 104
167 231 118
131 118 157
127 204 161
138 90 95
154 113 97
92 83 153
93 101 137
140 26 113
161 226 163
166 62 106
164 84 136
101 192 95
158 145 98
90 162 98
92 146 110
155 79 96
97 116 143
117 90 158
149 166 92
152 238 161
96 135 152
161 129 156
95 169 95
91 202 132
127 208 94
89 190 98
167 190 156
142 187 95
148 201 94
110 210 92
89 228 111
99 114 156
164 40 141
89 180 126
91 170 117
95 113 129
145 177 95
91 202 100
148 78 96
164 40 148
149 80 159
160 141 153
99 79 159
161 26 105
99 37 140
157 157 161
98 125 138
160 56 160
92 40 96
97 90 158
111 124 155
100 80 94
134 110 97
91 154 132
118 38 157
109 172 163
98 152 159
129 45 97
91 171 100
165 188 108
165 226 92
165 230 156
115 100 159
134 29 97
165 175 100
91 48 128
90 73 110
89 237 163
165 237 120
163 73 132
149 40 95
158 182 163
129 64 162
146 56 163
101 26 150
91 200 119
112 37 116
121 206 163
95 98 150
146 37 101
109 194 161
109 201 92
165 59 92
159 114 114
166 56 156
143 94 160
92 161 110
105 73 162
103 140 157
166 160 126
92 68 155
123 244 94
165 75 100
104 140 98
122 151 158
93 141 130
145 89 95
94 147 124
158 32 96
110 52 96
145 40 158
147 26 98
162 136 140
93 73 123
137 106 158
91 152 101
155 26 112
164 62 142
161 177 94
89 194 92
131 88 160
101 26 158
112 90 97
167 204 120
131 181 95
135 99 159
167 211 137
91 196 152
115 180 95
167 195 146
119 128 100
166 56 134
94 40 149
121 114 100
98 123 98
107 223 94
149 187 161
139 118 157
155 192 94
100 63 163
96 102 104
99 244 163
130 37 126
91 80 110
159 115 158
139 37 143
148 37 134
167 220 113
167 184 99
101 200 92
89 236 98
127 26 134
89 199 159
94 28 100
91 212 141
166 64 161
112 37 138
125 26 107
145 26 128
91 170 149
161 240 163
159 213 92
111 26 140
129 52 93
112 33 96
93 33 158
92 63 130
98 122 146
94 86 108
137 216 92
129 228 161
166 166 108
165 218 158
91 213 134
91 211 120
136 210 161
89 182 118
165 228 149
146 180 163
139 131 158
89 217 122
91 219 128
165 74 122
167 177 156
89 213 150
127 69 93
109 145 96
91 68 93
167 216 122
90 160 144
91 174 143
89 168 134
93 216 163
91 181 135
112 148 160
142 193 161
91 187 141
101 213 161
91 48 95
159 133 119
164 43 134
129 105 97
109 112 99
136 122 98
93 96 96
134 51 162
164 164 115
95 116 114
123 131 156
101 40 95
91 61 92
94 109 101
93 32 111
95 143 117
136 97 98
92 53 147
155 58 95
119 70 162
125 118 98
160 127 111
92 41 115
137 244 161
102 50 96
110 72 96
155 110 156
158 127 150
161 92 138
116 138 99
153 232 163
97 69 95
104 26 120
159 68 95
89 175 137
137 223 92
129 26 122
163 49 113
146 26 105
167 230 99
128 193 95
165 75 161
118 225 161
110 37 144
167 231 132
123 217 161
134 37 152
125 223 95
116 37 108
89 229 158
142 234 95
145 229 163
136 207 92
100 181 95
100 230 94
159 214 161
146 154 94
133 116 98
94 88 140
146 139 159
167 219 95
162 82 99
160 122 120
119 164 160
162 27 122
133 63 95
122 77 96
95 59 161
166 62 120
140 72 160
89 61 108
159 117 132
93 159 122
89 189 163
162 105 117
