89 202 99
209 68 172
49 68 175
131 66 36
130 161 223
212 160 78
32 108 72
155 248 156
46 163 175
212 162 172
126 45 127
128 158 28
130 69 220
210 69 80
159 211 95
184 115 30
188 117 221
72 113 224
240 118 127
104 203 168
56 54 108
18 113 137
81 112 26
38 164 103
74 166 53
161 185 154
90 249 134
157 47 176
76 63 57
184 47 127
121 249 89
99 47 173
157 47 78
163 164 65
35 115 187
225 115 182
206 178 124
174 170 202
83 165 208
140 115 237
74 175 137
129 112 15
221 115 66
224 73 126
118 175 73
111 46 83
177 74 210
83 71 210
181 74 47
160 250 112
131 174 184
27 83 110
53 132 46
108 128 216
89 57 137
214 141 113
28 153 144
177 175 100
171 213 131
57 84 86
73 169 92
104 94 232
163 146 28
50 80 139
101 88 47
215 100 149
65 136 191
20 130 105
111 239 163
187 136 60
155 138 211
191 137 190
192 100 189
136 211 153
153 100 41
85 211 134
213 100 99
126 213 84
97 140 45
68 98 192
59 93 45
232 141 153
49 136 85
88 170 174
155 56 112
105 229 112
193 98 67
123 64 187
160 102 211
87 59 101
133 56 156
179 63 158
186 51 95
41 123 156
235 123 95
26 96 163
106 57 51
104 172 45
147 190 72
181 167 168
60 53 149
79 70 176
151 71 60
151 73 196
128 98 216
198 72 112
90 185 75
41 108 100
140 130 37
49 163 75
177 179 128
109 177 203
44 172 129
143 174 46
146 197 175
208 133 85
207 59 144
207 152 146
162 45 144
105 125 18
68 187 112
189 164 56
130 50 63
106 96 20
179 71 78
91 100 208
74 114 53
65 56 81
210 130 166
177 75 183
102 155 225
199 179 152
147 239 91
157 115 19
37 130 126
52 94 169
51 119 208
65 181 161
70 142 216
205 119 46
133 45 97
67 144 66
93 185 152
224 90 172
147 89 230
125 97 39
236 113 155
199 159 100
109 216 146
33 139 178
234 93 113
105 59 205
93 65 76
56 158 152
111 191 93
187 148 212
182 180 75
153 230 139
38 100 124
227 158 130
217 138 189
111 56 110
161 213 155
154 75 33
151 169 213
218 128 134
62 162 195
74 146 36
207 112 206
163 125 232
167 128 45
128 137 236
213 139 61
79 81 37
160 196 117
26 85 139
116 115 237
222 90 77
199 159 193
167 183 182
108 45 151
201 78 195
151 226 112
38 65 123
174 90 31
111 84 207
137 237 166
43 87 66
46 87 192
69 90 215
151 151 47
171 57 60
106 150 26
185 140 36
189 94 215
31 89 88
77 87 61
110 178 175
226 149 93
138 197 95
19 107 112
219 105 127
124 162 53
54 116 73
176 105 50
94 250 110
87 123 208
134 47 177
91 192 123
36 75 157
79 48 161
143 93 21
76 47 117
91 135 229
126 135 17
189 157 79
136 126 217
227 80 151
224 78 96
235 139 119
108 113 37
95 144 206
196 92 45
39 136 64
122 71 56
61 166 114
27 127 83
157 182 91
24 147 120
109 72 33
64 72 197
201 79 154
64 66 125
169 57 195
62 73 157
155 71 218
120 157 203
219 165 108
92 164 66
113 210 104
118 135 38
169 162 41
138 56 204
23 135 158
43 143 109
181 190 148
184 55 178
95 233 150
45 65 93
150 152 227
208 105 169
174 129 205
131 176 207
99 66 184
109 231 91
123 194 180
236 96 136
42 97 149
47 110 51
214 94 191
167 244 133
91 180 95
47 145 193
207 81 63
154 164 192
67 69 98
45 149 132
57 155 93
123 213 170
202 134 208
51 142 168
179 109 202
168 60 94
53 77 111
70 159 175
206 156 125
130 226 99
54 122 180
178 156 187
206 108 79
54 176 98
89 137 26
158 199 139
31 147 88
71 177 73
103 45 129
171 107 228
189 186 113
108 249 146
81 153 192
197 86 173
138 172 68
199 174 85
88 231 122
126 194 74
210 85 134
202 89 86
195 151 174
191 66 134
201 119 182
172 142 224
149 177 175
196 118 64
92 115 232
209 58 122
193 65 66
69 127 33
139 149 210
78 174 191
123 96 235
135 58 82
145 45 129
98 78 222
60 97 71
84 81 193
177 89 196
54 70 69
187 49 146
175 59 114
111 63 70
89 104 45
21 115 159
126 181 55
109 104 215
143 56 50
74 73 78
226 132 77
98 161 195
143 88 209
168 88 52
84 96 226
18 133 132
212 89 116
34 155 162
216 125 102
172 150 56
52 178 146
234 103 96
126 250 156
213 170 141
81 57 190
87 161 40
79 194 145
83 148 56
212 101 57
84 48 85
222 146 172
124 90 21
22 112 94
167 85 223
186 175 184
197 148 49
136 81 48
124 196 161
230 129 168
205 59 100
168 231 120
175 197 105
60 152 50
170 47 161
71 118 199
116 47 183
145 61 179
192 74 91
101 215 123
89 189 171
169 147 201
145 146 23
145 220 89
192 168 138
61 56 168
41 65 141
152 228 160
37 82 174
93 210 154
88 95 26
135 56 112
222 158 155
66 83 180
72 159 75
96 219 100
178 185 167
181 83 65
135 112 36
108 154 49
98 75 59
109 140 232
99 201 138
174 59 138
105 208 87
80 131 50
42 139 147
66 49 131
93 57 119
165 45 122
145 45 149
165 159 217
113 244 104
218 118 149
119 142 213
91 61 166
112 69 218
102 229 135
47 92 98
218 68 110
101 45 100
44 104 198
128 79 205
106 181 60
123 56 141
197 57 165
180 197 128
19 96 127
93 182 187
92 70 40
38 123 109
157 180 61
191 169 118
197 142 74
75 186 93
94 53 63
146 197 155
173 128 26
150 160 33
156 121 214
56 137 208
162 63 47
167 64 173
160 199 166
157 46 95
65 127 61
151 181 193
60 183 127
155 211 124
135 185 169
186 67 197
60 112 39
237 129 139
58 78 55
134 246 100
145 137 234
196 176 168
39 167 147
152 118 38
179 174 152
128 148 42
121 80 228
120 229 153
32 161 129
73 49 101
168 172 81
59 165 137
162 63 78
196 52 113
150 202 84
153 52 191
76 64 159
83 206 115
230 105 168
158 57 156
42 129 196
148 209 107
101 242 123
167 216 109
182 122 53
117 84 46
141 239 151
41 77 80
143 212 168
205 83 101
113 185 189
140 127 17
199 179 101
70 98 34
66 61 185
118 169 38
79 172 161
157 132 20
51 56 128
50 171 161
193 164 155
45 120 88
216 68 154
105 192 77
193 185 131
143 106 216
238 115 110
105 223 161
198 58 85
229 153 113
154 52 62
136 164 197
213 80 182
121 56 96
219 122 117
62 173 176
28 151 105
118 58 171
205 147 161
227 105 78
164 101 23
99 76 196
70 64 142
166 167 182
163 87 203
174 176 62
202 96 206
50 99 83
56 104 210
126 233 86
83 180 109
158 61 205
121 57 205
84 169 80
90 120 43
89 172 51
97 111 20
139 64 68
169 184 112
187 133 219
99 84 28
17 122 118
99 58 91
82 153 218
59 163 62
28 108 173
233 145 137
172 48 85
123 45 161
150 58 87
196 65 185
155 56 134
48 147 59
91 45 146
36 115 132
110 170 188
234 137 102
143 47 73
168 193 91
157 228 98
70 155 208
155 238 124
193 127 38
188 101 35
152 194 101
220 147 75
101 195 105
170 46 107
106 187 161
204 157 64
197 52 134
103 52 191
121 55 51
168 72 67
57 89 205
113 113 17
22 97 101
39 119 60
177 162 71
187 160 203
149 211 145
154 151 205
97 236 101
165 224 145
103 172 73
50 156 119
46 64 158
58 173 83
93 194 87
66 184 146
212 167 91
131 180 79
50 176 115
103 128 39
148 163 57
214 144 128
104 162 34
150 176 79
59 147 78
207 93 161
207 147 97
121 45 112
116 56 124
140 45 164
191 80 206
38 151 76
21 99 149
37 99 187
184 72 170
95 175 201
168 185 141
145 45 110
128 211 99
213 151 185
80 64 89
190 81 78
34 75 99
182 63 102
214 139 143
167 186 78
82 83 219
122 112 218
76 47 146
138 56 141
78 189 158
234 98 156
167 175 166
37 167 117
135 56 127
164 110 43
170 202 152
49 108 172
77 127 225
123 228 167
238 110 139
41 100 61
126 46 83
184 154 42
118 207 153
75 61 116
212 128 198
134 149 230
77 197 130
19 125 146
112 49 67
184 56 73
199 169 181
190 68 149
197 169 72
88 58 152
103 124 235
58 100 182
140 77 29
112 169 215
74 181 172
204 122 76
151 82 49
52 84 155
107 191 178
67 104 60
156 249 98
187 85 185
146 241 106
160 174 202
177 124 226
156 136 42
109 233 146
204 77 124
39 159 88
30 77 124
56 134 73
165 75 192
143 186 88
139 186 188
89 225 139
77 56 69
135 186 65
217 112 193
181 167 85
82 182 124
47 83 123
89 220 112
146 103 235
111 69 192
86 46 107
51 158 187
180 184 88
99 48 75
83 51 177
156 87 25
169 74 40
135 167 36
143 113 17
121 147 22
70 78 47
88 150 32
126 78 27
207 134 50
227 80 110
171 52 182
185 151 67
208 170 158
141 93 42
195 112 39
103 57 156
79 99 53
128 190 89
32 123 71
164 173 52
172 113 25
219 167 121
122 59 79
45 62 109
155 249 134
72 173 108
57 57 92
54 72 187
96 163 215
143 223 150
63 146 182
125 182 196
107 149 208
167 189 128
133 70 196
118 231 101
122 127 218
71 171 149
229 80 136
88 61 201
97 67 212
80 95 200
181 95 57
32 138 77
122 167 193
112 85 25
37 152 175
146 66 38
160 237 151
39 110 144
58 153 167
94 248 147
112 181 83
82 178 66
128 110 238
60 82 169
168 118 209
84 76 65
84 46 132
42 94 136
229 91 93
135 83 229
178 157 213
140 250 159
66 124 218
138 201 79
238 105 122
88 61 52
25 140 97
46 123 168
108 45 117
189 114 195
140 56 100
103 56 137
224 101 181
117 64 40
135 223 167
225 129 180
45 89 111
188 183 158
49 90 55
97 177 168
98 202 118
123 123 35
145 57 164
184 87 38
109 76 53
155 170 44
26 127 168
58 152 202
88 85 54
119 186 168
49 145 95
203 158 112
202 76 142
212 122 90
181 176 114
89 245 121
64 66 62
104 99 41
131 204 173
122 109 36
64 139 41
92 198 163
61 115 191
215 113 99
88 163 187
33 95 75
33 76 144
217 101 114
145 64 213
71 174 124
79 156 66
236 127 151
134 244 87
221 101 68
205 149 197
109 244 91
91 88 202
37 112 118
198 54 151
205 105 47
157 137 232
138 154 47
116 45 97
210 88 147
106 138 21
213 118 162
182 47 110
166 159 193
199 81 53
151 186 162
198 139 180
82 109 206
200 153 89
184 127 198
175 200 141
103 194 151
164 142 48
55 63 80
118 125 17
21 94 115
111 213 166
119 155 227
92 191 137
215 63 132
136 165 58
70 111 32
142 221 103
229 138 89
113 165 58
103 59 169
51 155 107
137 168 216
237 129 112
140 50 190
108 59 82
220 130 67
153 117 235
99 46 161
27 87 154
98 158 57
79 70 46
128 175 45
233 87 124
77 192 105
139 180 199
187 64 113
99 110 213
66 102 217
70 71 167
64 68 110
116 158 30
131 58 171
178 65 89
76 194 118
197 110 213
63 164 99
179 99 224
106 108 235
145 171 186
177 136 52
215 81 72
111 45 139
214 115 56
138 45 119
123 45 149
216 69 97
126 170 64
108 250 159
85 181 144
24 149 132
170 45 134
173 177 191
116 146 43
27 114 81
188 51 160
119 202 97
100 93 208
210 173 114
118 127 236
113 220 88
54 74 123
55 136 178
133 223 86
65 161 86
201 97 77
47 122 50
207 62 160
118 51 194
80 59 128
98 169 184
77 128 202
91 234 111
192 73 162
102 249 136
187 173 128
197 124 213
157 45 156
45 79 183
56 78 100
133 147 22
133 45 141
222 72 141
86 218 123
65 182 100
39 128 144
162 57 124
185 169 195
143 141 41
107 205 147
76 66 201
168 212 145
94 89 227
162 250 144
96 45 119
92 189 111
200 107 181
172 100 205
98 133 212
168 61 162
181 60 190
116 94 213
214 92 65
36 70 110
185 186 102
223 81 163
182 84 215
94 103 231
49 146 157
226 157 142
27 100 84
34 127 185
167 182 101
220 160 97
186 159 175
60 71 146
31 94 173
87 51 74
72 136 58
127 64 66
66 49 111
140 77 202
99 177 83
82 181 180
78 143 197
158 57 100
174 46 146
170 153 34
148 240 161
134 229 153
155 60 169
155 186 183
149 170 67
160 67 182
164 81 31
192 184 144
231 118 85
49 153 144
74 105 199
18 118 107
126 241 167
171 59 149
42 116 197
105 247 112
180 165 50
199 96 178
175 202 118
138 94 234
180 137 199
214 131 155
140 66 188
22 138 112
187 106 220
215 95 137
39 137 134
119 174 182
201 162 135
70 154 44
167 206 102
28 146 159
127 150 210
40 133 104
208 119 172
144 157 203
213 138 102
105 64 41
212 149 66
165 237 111
130 99 17
105 210 112
166 52 69
94 46 90
99 144 229
85 200 152
217 108 142
201 65 76
134 85 23
187 170 102
150 244 143
101 240 157
126 219 154
118 201 79
148 78 224
111 61 179
59 125 41
187 147 188
158 192 81
59 181 110
144 139 213
88 85 31
129 126 238
88 136 206
143 160 222
180 60 124
69 189 129
153 93 210
39 138 188
45 169 95
143 51 61
168 66 208
22 140 139
218 156 86
55 103 44
110 57 98
133 202 157
37 167 136
198 144 206
155 220 131
91 73 189
163 113 232
74 79 212
29 118 178
109 220 107
56 54 137
