168 218 143
87 33 71
167 76 179
166 128 57
87 142 137
87 33 167
88 219 184
97 210 83
168 42 100
87 114 61
168 140 135
131 167 185
113 76 121
161 188 85
89 91 172
127 144 95
142 35 151
140 81 74
121 243 148
88 195 134
168 87 127
134 110 160
144 214 185
134 33 71
87 159 78
87 173 175
122 62 182
88 109 105
126 190 111
168 176 163
97 74 76
168 117 98
89 44 110
125 149 149
127 117 55
168 181 123
115 197 163
128 43 109
155 244 167
157 141 169
168 153 94
141 75 154
87 229 143
109 113 134
168 41 178
109 42 138
134 210 83
168 108 156
168 50 134
168 77 94
116 102 86
87 165 113
165 211 109
100 139 168
168 98 69
87 85 140
119 173 83
139 88 108
112 142 67
167 33 70
145 148 71
147 116 134
87 61 180
143 117 81
120 33 171
159 188 189
116 229 179
111 74 154
88 77 105
87 115 156
146 168 107
91 130 84
144 193 164
87 192 105
141 220 157
154 57 78
103 195 189
168 206 170
87 168 148
91 243 167
108 33 90
124 57 78
87 202 160
132 92 134
125 88 174
114 171 160
149 62 104
168 59 159
109 99 61
88 137 109
142 51 129
142 167 159
163 161 183
147 59 182
129 194 189
113 163 105
151 93 170
168 34 153
108 208 106
87 98 81
145 102 59
168 83 151
108 158 181
90 55 156
125 55 156
168 194 144
109 105 161
155 97 90
146 35 92
134 146 174
88 213 118
104 220 157
97 183 85
168 120 122
87 57 91
142 168 82
141 207 106
117 126 82
146 33 174
150 148 148
88 120 128
129 130 136
87 48 134
168 165 140
167 210 86
108 62 104
168 147 72
131 243 169
150 140 92
146 76 125
123 130 162
168 240 149
88 139 64
168 139 112
106 90 102
143 242 148
103 44 180
103 50 77
166 225 181
115 198 85
105 78 179
144 130 58
103 151 151
168 130 155
88 93 119
106 182 110
154 191 111
153 96 139
139 189 85
105 125 56
168 160 114
119 81 74
168 96 107
109 92 134
106 141 93
123 76 102
125 155 76
88 34 92
109 135 138
168 177 101
168 153 158
107 45 119
157 45 116
87 74 158
113 34 71
150 124 160
168 169 82
87 154 165
163 79 74
168 116 78
101 244 149
135 99 88
146 54 156
95 36 150
87 194 178
128 95 64
117 208 187
145 231 177
87 176 130
168 203 126
115 176 188
168 136 87
123 36 150
128 110 134
87 155 97
159 76 111
127 34 91
90 103 136
87 133 156
135 46 180
98 182 163
168 226 163
145 77 179
129 181 163
168 104 133
124 216 159
87 225 163
122 51 129
166 58 182
164 208 187
168 93 166
107 51 156
166 110 56
101 110 82
108 159 78
87 158 130
168 61 101
168 47 82
128 137 63
116 145 173
110 243 164
87 210 98
87 173 97
121 84 145
92 95 64
131 59 104
147 173 187
151 134 138
152 208 162
130 173 109
134 132 85
139 49 77
105 125 160
168 198 98
123 210 100
149 152 178
150 210 87
155 42 140
128 77 129
87 209 145
88 188 151
89 76 121
161 193 164
142 153 101
105 33 163
151 36 72
94 218 134
138 65 78
150 107 161
99 173 187
87 94 99
87 91 155
102 41 103
99 229 179
88 124 99
90 157 181
154 159 78
161 33 87
144 43 107
105 92 171
132 231 151
154 228 153
100 78 132
121 91 99
130 202 163
144 198 189
87 124 143
168 179 180
99 166 159
105 63 182
162 217 126
168 120 143
127 88 118
93 102 163
126 70 155
152 117 55
143 82 141
152 91 68
156 126 82
138 73 102
168 179 146
87 152 150
87 73 90
87 116 78
119 47 180
102 205 162
109 66 78
168 62 86
153 179 163
119 116 159
87 187 119
159 33 166
88 196 85
89 45 180
156 75 154
123 100 164
153 88 118
137 47 143
168 148 176
103 85 148
98 150 73
127 158 103
143 182 110
137 135 165
89 183 189
87 77 177
168 154 129
168 208 153
111 232 150
100 209 187
168 92 85
168 130 74
158 82 141
105 88 119
155 90 103
168 164 170
87 209 173
107 87 70
87 50 78
109 210 92
154 159 156
154 139 64
94 56 103
87 140 96
88 133 124
168 103 94
124 162 157
98 169 82
154 44 180
125 43 75
131 73 180
87 150 119
128 223 182
99 126 135
93 51 121
100 65 156
157 50 103
124 156 180
101 155 102
87 108 91
168 151 144
168 110 112
88 108 119
102 74 102
136 97 166
156 152 101
103 125 82
139 88 123
168 73 162
99 96 92
88 243 152
121 105 58
156 111 82
131 178 84
93 177 109
168 194 113
168 239 171
134 180 188
168 166 153
103 110 56
168 93 140
87 86 74
168 195 177
124 48 142
135 51 118
150 197 85
89 127 57
168 45 146
116 50 108
168 50 111
130 210 187
88 121 112
115 39 99
168 126 108
168 47 163
87 206 187
117 123 134
119 100 138
152 176 84
141 155 154
114 185 85
103 196 111
158 99 61
88 201 116
154 223 182
160 77 128
113 79 136
87 146 84
141 141 142
90 63 78
144 93 97
121 140 141
156 244 150
138 112 56
157 210 99
97 91 132
97 231 151
134 76 118
152 72 77
168 168 124
146 76 112
87 172 163
154 51 128
143 102 137
116 150 100
117 74 180
101 50 131
160 116 134
168 95 153
102 198 85
159 168 107
137 33 84
168 166 94
138 196 110
98 33 83
154 204 110
87 208 131
116 88 111
136 33 162
123 70 77
87 42 158
168 140 162
88 233 176
90 146 174
168 206 138
168 142 99
168 65 172
109 219 184
99 33 174
155 69 181
161 216 159
161 228 142
101 136 61
100 33 71
103 102 137
100 142 143
168 101 120
132 44 154
95 207 107
145 244 160
120 89 128
87 63 165
131 244 155
164 128 135
98 47 144
109 185 163
102 169 108
155 83 177
110 37 149
113 136 166
111 160 156
87 106 148
154 33 154
117 136 89
127 234 176
112 115 81
168 46 122
117 210 83
157 38 97
168 191 129
88 219 151
168 86 113
128 107 83
168 173 113
121 127 57
109 237 174
127 201 85
87 179 142
135 84 149
131 36 176
129 122 81
160 116 159
147 65 156
119 33 83
161 102 163
144 162 183
168 106 144
168 131 123
87 174 85
115 196 189
130 121 159
142 128 135
119 172 108
87 85 92
158 54 156
115 50 77
141 208 162
87 125 71
137 85 175
136 59 182
87 187 168
168 86 101
167 138 63
123 51 118
161 182 110
168 158 82
98 195 163
113 76 109
139 91 67
147 51 119
168 227 151
144 142 171
117 46 154
160 132 163
168 180 90
168 186 170
117 166 185
168 114 67
88 154 108
157 149 72
168 106 83
87 188 94
158 234 175
116 64 156
161 199 85
104 148 175
156 106 135
87 45 90
152 90 129
168 187 157
160 172 187
144 105 84
95 114 134
131 44 134
132 162 80
146 131 85
97 147 97
160 41 75
99 76 118
168 238 160
97 76 153
101 115 159
97 88 109
149 135 165
168 143 122
87 120 89
152 85 149
136 37 96
168 177 134
87 144 159
113 145 146
147 45 148
168 123 89
156 198 189
168 147 85
168 151 108
87 167 136
118 93 66
168 136 145
92 194 189
114 194 111
114 87 174
113 114 55
117 183 110
144 183 189
87 84 113
118 205 109
87 49 170
95 188 110
87 103 69
119 59 104
156 169 160
127 191 164
168 218 173
94 70 181
112 133 60
87 168 123
88 197 144
87 233 155
100 243 162
134 210 98
168 49 92
121 187 189
160 67 103
137 154 75
129 84 72
87 64 102
92 105 58
112 55 182
108 171 83
89 171 186
133 81 139
168 78 121
139 141 93
98 238 172
138 199 85
94 127 161
110 94 94
141 177 162
133 120 134
168 197 156
121 33 160
168 55 171
143 229 152
121 243 165
168 188 102
101 50 108
135 102 59
153 208 187
109 33 173
113 215 159
141 139 64
160 144 145
141 120 159
142 179 84
144 241 170
168 77 84
87 100 127
87 98 109
87 177 152
87 43 143
119 181 163
87 165 90
168 131 97
168 81 138
158 134 88
92 159 156
99 163 184
124 139 168
146 210 98
144 42 179
165 56 78
114 45 128
160 65 156
105 181 188
95 53 181
135 163 106
91 136 166
164 87 174
160 65 78
131 222 156
136 125 56
87 135 76
131 206 107
94 33 159
134 93 96
119 206 162
153 176 109
143 93 135
168 35 81
122 115 81
134 64 156
132 73 76
87 165 102
87 78 79
87 219 171
132 171 160
95 84 176
105 134 87
168 78 107
90 131 136
115 95 168
88 150 73
168 118 153
94 118 55
99 59 78
120 228 153
87 155 141
128 33 79
154 76 120
106 176 162
87 206 85
157 55 182
149 44 133
115 153 75
168 144 151
87 199 98
124 51 103
116 153 152
168 36 163
97 139 91
149 186 85
167 87 70
152 79 133
124 76 120
152 220 157
89 78 132
137 236 174
138 155 180
93 238 146
131 40 144
165 94 94
137 148 148
108 170 186
97 82 141
167 222 133
87 47 101
97 219 184
87 143 148
168 102 59
87 95 141
122 216 185
87 72 167
87 88 83
134 184 110
105 78 75
132 34 153
132 45 125
124 210 90
164 158 103
157 125 56
97 118 81
92 84 149
163 207 119
122 35 71
99 155 180
130 141 142
168 124 65
101 44 153
119 161 79
109 43 75
97 213 160
96 87 70
88 188 141
106 33 78
87 91 128
150 33 165
87 125 120
137 41 74
157 33 79
87 202 107
87 41 77
161 206 162
168 217 152
88 177 121
168 190 185
98 66 103
88 196 124
87 145 127
119 109 134
168 154 167
153 197 163
160 153 179
87 95 164
165 49 181
136 50 108
150 50 109
123 171 161
161 244 158
91 65 156
106 210 83
87 101 156
137 54 156
87 155 87
101 210 100
89 33 82
125 40 100
168 33 174
108 125 134
150 71 103
147 86 175
160 92 134
115 153 179
137 227 180
103 33 154
112 241 149
158 169 82
139 126 82
119 236 174
92 108 82
113 39 178
115 55 156
128 52 181
168 113 89
168 213 164
87 161 173
168 216 183
127 89 106
88 159 120
168 79 168
168 84 160
87 81 164
95 210 93
87 117 137
87 180 102
87 196 167
128 144 69
168 110 126
168 107 72
101 143 68
95 43 135
90 36 176
160 44 130
151 44 76
134 162 157
137 185 163
117 142 94
161 136 139
107 149 99
135 215 159
154 83 73
87 109 130
161 151 150
168 120 131
106 190 85
139 173 109
125 76 111
160 43 107
105 180 84
116 61 78
146 147 97
87 187 130
124 108 160
100 134 138
168 197 136
87 216 159
87 86 102
141 206 188
88 185 85
113 88 122
168 158 150
87 146 105
165 210 96
168 203 180
168 191 90
102 98 165
143 57 78
97 45 76
141 92 171
87 182 180
160 48 139
127 199 110
91 221 142
97 34 92
97 76 109
156 45 148
104 102 85
154 36 176
166 180 188
96 223 156
97 163 106
161 141 93
130 50 77
154 109 56
144 159 78
116 40 143
144 33 76
163 118 55
144 223 182
149 158 103
134 101 137
110 43 109
129 89 126
159 216 185
143 45 115
121 96 92
108 149 72
88 218 128
116 124 160
168 214 121
136 77 126
107 51 124
113 50 135
94 100 87
163 100 138
144 50 181
119 146 70
160 88 124
88 45 119
168 197 166
143 111 160
160 179 84
162 51 124
135 149 99
130 71 103
125 96 139
95 199 110
144 42 139
110 114 159
135 88 115
137 113 134
168 95 129
158 210 85
108 62 157
165 129 84
168 189 121
168 152 121
87 138 87
131 194 85
88 199 152
168 157 137
168 85 92
123 179 188
151 188 163
122 188 85
165 203 110
145 98 89
130 130 58
98 45 125
94 208 120
168 184 138
168 120 113
168 106 105
114 210 99
108 243 156
87 150 134
168 85 81
159 94 169
87 148 92
168 42 156
151 191 189
97 187 189
97 200 189
162 100 87
124 200 189
107 204 188
168 232 176
153 127 135
125 81 178
106 88 111
110 46 146
152 100 164
154 181 188
109 188 189
152 141 142
152 146 174
115 83 150
93 47 155
166 214 133
153 158 181
97 129 58
168 93 119
87 233 164
87 116 120
136 194 164
168 162 130
100 51 116
168 202 148
111 68 181
168 162 162
98 54 156
164 199 189
168 170 179
167 71 77
144 118 55
105 76 111
87 96 149
133 92 171
95 150 150
126 131 85
164 76 154
117 42 75
130 65 182
88 99 92
117 51 123
141 44 153
168 157 175
136 217 184
115 74 102
138 33 173
88 116 99
87 133 148
110 205 162
87 202 178
168 179 155
159 93 66
136 198 189
168 160 122
124 145 173
107 51 103
144 88 116
103 53 181
144 100 164
168 172 170
107 82 141
101 97 63
154 166 185
109 77 129
116 33 90
144 206 84
150 45 123
93 41 103
150 209 105
149 33 85
87 187 111
139 111 82
122 43 136
87 84 121
167 234 144
90 123 81
168 203 89
125 165 106
119 74 154
136 244 163
106 198 163
110 97 139
113 91 101
87 78 97
87 172 108
93 212 186
168 72 102
116 73 76
88 223 135
151 38 147
101 107 161
166 50 103
152 131 59
88 166 156
98 44 113
105 89 128
110 225 155
131 138 90
102 94 137
87 131 65
125 151 100
114 124 56
139 235 149
135 41 103
166 244 165
115 66 103
168 187 148
168 69 90
88 204 138
146 201 163
138 76 109
168 133 131
87 131 102
168 187 178
168 172 143
87 190 162
87 132 116
87 209 111
119 45 117
127 100 87
87 110 141
87 70 97
87 121 150
94 33 76
145 55 103
151 184 110
127 85 149
89 71 77
159 84 149
168 67 156
