83 116 50
176 204 211
87 60 211
180 205 41
174 108 134
175 57 38
82 158 166
77 205 39
177 62 210
83 70 123
160 131 58
143 132 209
107 205 210
111 131 112
86 58 38
173 158 164
78 117 208
128 179 41
174 158 108
171 71 92
129 90 40
120 123 162
82 158 79
132 85 207
173 103 184
83 93 167
101 158 209
82 79 79
142 177 207
173 70 155
120 137 38
151 123 101
178 98 40
82 156 125
178 163 41
178 150 208
87 165 39
82 115 133
126 158 178
116 123 75
145 131 137
82 117 88
113 115 209
154 131 171
173 107 82
81 184 207
174 158 75
87 126 170
148 205 41
109 204 42
161 103 213
171 75 124
148 152 39
82 88 198
174 76 62
173 142 135
156 157 190
142 117 39
83 85 50
136 205 211
96 140 56
109 134 187
85 95 105
174 74 183
155 80 39
108 109 39
104 131 140
84 143 193
173 134 87
174 178 207
172 97 109
82 142 102
181 136 42
170 124 200
105 80 209
109 70 40
172 98 159
154 180 41
83 70 179
141 131 76
115 180 207
127 152 209
173 127 114
76 137 39
156 77 207
84 78 147
82 141 149
131 123 186
170 122 154
111 159 41
132 123 119
99 134 209
84 102 69
126 131 94
172 142 183
135 109 209
101 182 39
84 71 100
178 89 208
87 119 112
137 140 56
79 160 207
93 123 69
170 112 59
104 155 188
85 107 187
95 103 213
133 138 171
82 93 132
85 205 210
98 131 90
158 104 40
85 113 153
155 192 209
178 184 40
125 123 138
150 151 209
117 136 59
141 123 155
82 156 58
173 122 177
172 150 56
122 132 206
98 128 40
84 134 130
177 77 41
158 123 81
151 131 191
161 123 129
156 133 39
127 198 39
77 137 210
82 139 70
172 117 39
108 89 41
95 174 199
123 118 46
139 70 41
170 115 100
174 139 163
128 168 197
102 131 160
172 86 82
78 182 40
173 85 145
115 96 207
92 123 196
82 99 87
84 158 143
131 123 62
115 143 172
149 131 119
81 99 39
138 135 38
98 189 208
145 151 174
164 163 206
172 158 128
163 138 209
82 71 197
174 95 66
174 139 70
163 195 41
129 151 41
178 111 209
173 141 104
174 156 147
122 70 207
84 72 62
82 158 183
156 120 209
91 74 39
141 70 208
82 97 149
171 155 91
84 158 95
111 167 197
101 145 39
171 83 166
128 190 209
173 158 183
112 123 96
106 123 58
174 79 109
171 76 201
155 123 147
84 86 182
107 123 174
100 123 121
86 104 119
78 101 208
173 145 119
84 142 166
146 93 207
174 91 130
170 111 119
84 74 163
173 122 71
91 198 39
145 94 39
171 87 52
144 164 197
82 133 53
141 188 41
112 144 209
179 135 209
82 136 86
140 123 89
82 84 116
131 106 39
86 109 172
174 70 140
89 79 209
155 174 200
168 151 40
174 71 77
116 187 39
172 109 170
118 131 127
124 75 39
127 131 151
100 144 197
80 151 41
138 131 107
87 126 146
171 100 199
84 86 66
156 117 46
137 134 195
148 123 58
118 123 195
96 117 209
121 205 207
87 127 99
82 134 115
94 105 43
82 111 101
146 168 39
89 131 183
157 144 198
163 131 99
131 123 171
172 99 94
87 149 207
173 136 55
122 123 108
129 123 80
173 135 149
113 124 39
145 123 182
152 141 53
174 88 179
172 141 198
160 123 183
104 131 74
102 138 176
85 100 53
169 121 141
84 155 109
125 165 41
174 108 149
158 161 40
116 161 209
176 191 207
113 173 41
128 176 209
178 165 209
174 157 197
151 205 209
78 70 41
168 173 40
173 129 130
132 123 202
148 107 211
82 116 67
82 119 183
143 160 184
93 159 198
82 80 134
157 131 157
119 102 43
117 159 188
173 70 171
160 146 181
86 111 200
86 124 39
151 131 89
92 123 132
112 123 151
88 134 202
150 166 209
104 173 209
127 130 47
164 70 40
89 138 41
146 129 47
171 86 193
163 203 206
119 123 180
154 131 71
158 90 208
127 97 210
108 134 46
93 123 52
112 193 207
174 100 54
84 146 135
101 93 207
173 118 88
174 123 53
113 131 85
168 138 41
115 139 197
161 131 117
84 84 98
89 131 158
82 149 87
84 142 180
88 93 209
173 113 193
98 123 107
139 158 209
143 193 209
119 123 59
134 131 128
174 86 98
144 123 197
122 132 172
133 140 209
87 170 209
102 123 188
166 123 166
139 83 39
172 145 82
146 123 167
98 169 40
78 72 208
110 130 205
83 104 161
136 123 144
86 104 138
98 156 40
100 123 149
116 131 143
114 153 178
87 128 78
109 123 132
172 85 119
117 85 209
174 108 70
84 147 51
78 85 209
105 119 46
162 131 139
156 92 41
170 128 188
166 113 207
82 154 198
96 202 206
144 105 44
84 72 88
138 159 39
129 131 71
118 123 119
84 70 112
145 123 126
82 80 173
125 141 54
136 123 50
172 96 170
84 153 155
126 131 194
137 205 38
171 108 46
95 123 177
169 95 212
146 131 149
85 107 79
132 149 171
120 123 88
132 131 162
174 126 99
172 97 140
79 85 39
105 131 101
132 123 101
171 83 71
125 115 209
164 123 109
167 96 41
87 125 121
159 136 184
84 88 88
82 71 51
166 131 79
160 133 199
133 160 191
171 74 52
177 122 209
168 205 39
88 125 209
86 124 60
83 113 39
117 83 41
97 71 207
143 82 207
171 149 68
100 81 39
88 187 41
145 136 171
171 112 159
82 147 118
164 148 206
84 149 66
171 153 174
143 117 209
162 123 91
131 121 39
142 123 68
100 142 186
155 145 39
88 91 40
158 181 208
164 125 46
95 123 164
164 131 176
83 97 183
152 193 41
152 123 112
151 141 209
172 70 104
116 149 41
167 123 61
139 178 39
99 131 64
82 100 195
171 102 125
130 165 209
148 134 59
121 175 201
94 123 84
119 205 42
172 145 145
159 123 194
173 97 78
174 195 41
107 194 41
171 82 134
119 106 210
139 147 41
99 133 199
82 119 163
82 80 190
102 99 39
83 126 193
84 70 73
83 152 175
82 94 118
111 131 166
104 109 210
87 114 122
102 148 209
85 194 207
133 131 86
166 174 200
146 123 81
164 131 150
127 132 58
154 131 132
173 152 137
152 130 205
91 131 112
178 76 209
88 110 211
174 155 47
121 131 78
107 123 82
82 71 139
171 157 118
167 80 209
161 123 71
106 131 126
79 172 41
101 131 115
174 86 41
99 205 38
112 71 207
87 117 143
173 129 41
172 70 116
172 149 161
168 131 159
171 150 100
128 141 41
151 71 39
170 119 126
82 87 146
98 131 170
138 131 95
157 203 42
98 136 47
174 114 182
168 130 69
143 123 114
123 142 209
120 92 39
108 123 197
166 70 207
131 75 209
109 123 106
123 158 196
171 107 108
162 154 197
98 123 96
151 124 39
82 124 134
126 188 39
87 126 89
137 123 134
106 147 179
78 191 40
136 157 177
86 104 128
141 146 209
84 84 163
148 184 207
172 142 209
171 79 155
84 102 97
116 131 69
165 80 41
174 80 90
82 125 69
116 139 48
133 131 139
148 140 197
85 110 111
118 111 39
115 123 51
86 109 56
143 131 162
153 131 106
105 138 58
148 137 42
108 123 160
128 131 115
135 138 47
157 123 120
103 123 68
170 115 78
166 194 207
153 140 173
82 130 177
170 131 209
147 123 142
168 161 40
86 108 88
86 118 79
92 114 44
84 117 192
135 97 42
111 140 39
95 131 123
118 131 157
94 131 149
122 125 41
109 147 196
92 133 58
171 158 64
92 163 206
178 149 39
82 158 69
104 158 196
82 80 59
88 156 41
154 162 197
173 117 167
152 112 39
122 123 152
172 93 151
141 102 207
171 73 192
137 131 119
117 131 97
152 123 156
176 99 207
152 131 142
97 123 140
92 123 154
138 185 209
173 129 167
171 108 93
147 131 98
100 70 41
171 157 206
107 131 151
84 99 174
91 143 199
86 117 96
160 137 50
118 196 41
76 203 210
121 156 39
88 70 207
78 174 209
126 124 209
158 123 53
106 121 206
84 149 98
138 112 45
104 182 209
85 106 46
151 70 208
82 158 50
84 78 106
172 137 114
98 131 186
112 123 185
161 123 153
132 123 153
150 86 41
131 123 91
163 111 45
121 123 68
136 131 65
107 131 92
82 149 147
174 117 147
172 95 120
124 109 45
157 157 209
78 160 40
134 131 207
144 140 49
152 97 212
117 124 209
95 131 79
152 123 67
137 168 41
123 143 171
87 66 41
178 65 41
171 117 111
99 166 197
157 170 41
168 171 209
99 117 39
91 131 192
82 158 133
117 170 209
153 131 80
111 98 39
174 78 99
164 131 126
87 179 209
120 131 113
117 152 209
171 154 83
151 175 207
171 95 87
174 132 195
134 197 207
173 152 189
78 126 209
84 70 155
168 130 108
87 101 210
162 123 203
124 88 207
156 123 176
121 123 130
82 93 71
171 90 162
84 72 187
84 77 46
173 96 189
116 123 139
89 131 70
148 122 205
94 131 101
142 126 39
110 131 60
177 172 41
162 144 188
82 134 161
104 197 209
89 168 199
85 204 37
121 151 174
171 77 176
112 175 201
114 116 46
82 78 125
94 131 135
148 116 46
106 152 39
134 118 209
140 174 200
150 156 183
153 148 176
131 123 127
86 105 152
97 126 207
82 80 203
87 118 170
80 151 209
105 100 210
120 186 209
122 173 39
171 116 48
111 131 135
153 123 137
171 124 81
124 131 135
83 149 183
126 123 195
173 136 177
82 158 87
151 99 39
172 101 176
170 115 200
92 141 206
150 123 189
104 123 114
171 153 154
89 123 188
158 123 163
170 127 90
125 131 122
138 123 163
115 123 171
97 151 197
173 149 129
119 131 199
102 135 38
85 96 159
94 96 40
84 91 55
91 131 175
122 131 103
130 81 39
172 145 50
84 80 71
178 112 41
93 123 116
84 96 202
87 120 202
143 204 206
83 120 103
107 165 209
142 199 39
85 103 106
82 158 116
99 190 41
116 135 210
118 180 41
169 129 144
171 121 186
84 158 191
84 133 150
88 127 47
172 81 56
85 95 141
170 111 142
84 102 60
125 160 185
171 134 99
155 113 210
174 119 134
151 123 91
84 99 77
91 134 49
82 80 87
174 78 143
166 123 101
131 123 72
156 131 124
140 123 103
141 124 209
171 107 206
126 199 209
154 131 150
172 105 63
174 74 164
148 176 39
156 152 41
132 130 41
126 107 207
149 160 41
78 129 40
82 151 162
157 129 47
173 149 198
172 158 56
87 174 41
162 164 198
105 173 39
115 201 207
127 123 51
84 134 193
84 70 147
87 83 39
121 131 88
104 132 181
108 131 197
132 131 101
83 134 103
144 131 86
116 134 192
124 131 163
118 164 41
144 131 66
173 95 48
164 131 87
138 123 80
152 84 207
161 123 138
84 141 56
78 92 208
87 156 207
174 104 164
144 134 193
82 77 156
86 110 180
80 64 207
87 118 56
173 80 47
104 140 50
84 121 151
171 86 207
86 119 127
158 186 40
148 174 200
168 181 40
145 131 129
131 114 39
102 123 181
84 153 74
172 71 39
145 76 41
163 131 192
150 197 207
168 190 40
102 129 47
127 100 43
172 80 189
174 120 194
174 80 78
88 187 207
90 123 105
178 184 209
95 110 209
88 174 202
91 131 86
163 130 205
108 140 191
100 109 44
159 131 92
85 98 112
137 131 168
173 137 129
120 131 63
162 139 178
149 184 41
135 150 209
158 123 104
112 123 123
80 109 207
136 123 192
136 194 39
110 182 39
98 123 57
110 117 39
83 143 207
170 102 212
82 111 145
104 162 39
82 86 130
105 139 209
158 125 40
83 132 66
139 95 211
112 104 207
174 158 98
85 96 93
82 128 84
87 135 210
91 205 42
139 146 171
169 129 121
166 137 203
127 205 42
174 93 197
174 70 206
171 100 102
82 111 164
111 141 54
171 102 117
171 101 147
174 72 86
164 131 51
170 117 65
173 144 41
174 153 123
134 123 180
109 123 89
155 123 60
150 131 159
101 123 200
84 77 118
126 123 165
87 85 209
134 174 205
108 131 119
148 123 119
98 169 208
145 131 110
120 117 39
114 131 104
108 86 209
173 198 207
119 158 181
167 123 116
171 95 181
173 105 192
92 131 165
82 153 139
156 134 209
174 75 131
110 126 46
82 118 118
139 159 197
169 130 59
100 149 190
87 129 139
173 149 180
84 125 54
85 98 124
117 162 197
84 135 183
153 123 200
119 77 207
84 126 161
138 131 47
86 109 69
169 130 136
172 101 72
120 123 203
174 93 103
83 150 129
148 159 209
129 132 172
173 108 199
84 147 198
91 196 209
104 123 41
83 93 193
171 184 209
170 115 174
141 132 58
103 123 52
172 102 42
172 152 111
164 147 199
171 119 206
171 106 155
84 96 47
87 120 45
78 92 40
172 93 56
147 143 172
78 122 40
84 138 135
123 163 209
85 104 202
148 123 51
174 120 118
121 134 46
172 83 183
108 132 39
158 98 208
130 172 41
148 131 73
107 79 39
102 123 155
174 101 132
107 123 139
124 123 117
138 104 39
116 131 120
160 131 108
120 131 151
133 101 210
95 123 76
87 131 39
113 109 45
84 142 82
130 138 58
140 165 209
119 194 209
138 89 41
94 121 45
82 158 151
83 104 145
151 123 77
138 88 207
157 174 209
103 123 168
101 123 134
125 123 183
137 123 110
127 183 207
154 131 115
110 123 71
147 76 207
167 123 134
84 78 196
170 204 206
87 129 198
84 70 132
166 123 179
170 64 208
103 128 209
84 93 178
