73 61 4
-51 -118 -2
-82 35 1
75 -73 3
6 -6 -37
-16 111 17
-39 -36 32
2 33 35
7 -83 -31
58 -10 27
8 63 -32
-58 -20 -27
31 -118 17
40 110 -7
-48 78 -21
25 -61 31
-78 -66 1
60 15 -26
-31 26 -13
46 -40 -30
-20 -86 29
8 -13 14
-40 61 27
26 75 26
-40 -66 -29
-47 11 30
-81 -15 12
83 -20 -9
-7 -118 -8
38 34 8
48 -98 -19
0 102 -22
78 22 12
47 54 -26
-22 -20 -13
7 26 -18
39 -8 -5
60 -47 24
24 -62 -7
-55 -88 18
-49 96 10
-14 -71 -5
48 -85 22
-64 14 -24
-70 68 4
-30 -99 -25
31 11 33
-10 77 18
-16 11 17
-24 56 -31
42 77 -3
-60 46 -22
-32 110 -13
16 106 19
-2 -112 24
31 -29 33
-32 2 -34
-59 -89 -16
-17 -14 36
25 -118 -14
-43 1 1
-80 -36 -12
74 -48 -15
30 15 -34
20 -90 28
-63 -51 22
-21 40 16
-31 -48 6
52 55 24
30 -34 4
-35 -37 -33
-33 -111 20
-62 37 22
25 88 -25
34 -14 -34
73 37 -14
45 -69 -27
56 -108 7
61 -15 -26
-43 50 0
-38 -64 29
7 55 18
-14 30 -35
-80 -8 -14
-75 14 17
-20 84 -17
0 -74 17
28 43 31
81 7 -11
13 -15 -13
25 41 -33
-58 -13 27
79 -6 13
6 6 36
55 20 27
40 96 16
-63 -56 -22
-25 -24 12
-13 7 -18
78 -32 13
-14 -71 -30
-7 -103 -27
-13 56 32
16 28 17
-27 24 34
34 20 -11
-8 45 -18
-39 75 8
26 -98 -26
57 76 15
-19 -18 -36
34 9 11
-84 12 -5
-38 24 8
23 -64 -32
-47 29 -30
24 59 -15
60 71 -16
28 -31 -20
65 -70 -18
-80 -41 11
34 58 11
55 95 -3
68 41 17
-10 -8 2
20 110 -17
-32 -118 -14
66 -91 -7
-29 88 23
6 87 26
1 15 -37
-63 -101 2
46 31 -30
17 -13 36
-31 -49 -15
78 -53 9
-38 -13 33
-61 86 -6
46 -61 27
0 77 -19
37 -9 33
-32 62 -13
21 4 -16
8 -118 6
-59 60 19
40 74 -24
42 -118 -4
-42 41 29
15 7 17
-24 60 15
-18 -68 20
51 -30 28
-72 31 -18
29 -53 11
39 49 -7
-36 111 10
8 -73 -14
-40 90 -7
-19 6 35
-4 -12 -22
-38 -16 -33
-55 -39 -28
-65 65 -14
-2 -92 29
47 1 -31
42 92 -17
-41 47 -29
4 45 -34
2 69 30
-18 -118 10
-50 -2 -30
-48 -105 -17
-65 -71 17
-31 -4 -13
-38 -94 23
-56 79 15
20 26 35
27 -9 10
6 -116 -23
68 8 21
-29 -1 13
23 35 -16
-76 53 -4
-31 21 -34
47 37 28
30 -51 -22
-69 -26 21
-2 24 18
-44 -84 -25
16 -108 25
40 -103 20
-13 25 -18
18 -68 16
-51 -108 13
-72 -82 -3
33 -78 28
11 -74 32
65 -87 10
-12 94 23
-30 73 -27
67 -31 -22
69 54 -14
-14 65 -18
19 60 31
-15 10 -36
-18 102 -21
-29 45 -14
-17 38 34
83 -39 -3
12 29 -36
82 25 -5
29 -80 -29
0 -12 31
22 -21 21
65 79 -1
24 90 15
-66 -5 -24
-18 -89 -29
-71 -3 20
10 46 -18
67 -67 16
36 -45 32
-47 105 -4
34 111 11
-86 -4 1
-4 43 18
56 -56 -25
71 -3 -21
-58 -73 -21
-71 50 13
-26 71 27
5 2 -19
17 -17 -32
-77 -54 -11
-31 -49 25
-85 -20 -4
-8 59 -32
46 5 30
-2 0 18
21 0 -36
73 21 -18
79 37 5
2 50 33
42 79 21
71 -18 20
-20 -103 25
-26 -25 29
47 -23 -31
17 75 -17
-15 -115 -22
-30 -34 -10
-62 19 24
-10 -13 19
-55 -36 27
53 -83 -21
9 -98 -28
-8 -73 32
-27 -60 -4
35 60 28
-8 89 -26
31 -40 -33
0 105 20
-32 95 -20
38 -110 -19
12 75 17
-29 -78 -30
-24 -63 -20
-28 51 31
22 -21 -1
33 59 -29
-43 -51 -30
23 47 15
60 33 -24
30 -48 -5
-42 36 -5
-53 -64 24
58 -106 -8
-36 -118 6
30 -38 20
-67 -32 -22
11 90 -18
-28 40 -33
78 -60 -5
85 -6 -4
-74 -56 13
42 18 2
-42 -80 26
-47 26 29
-1 -74 1
-5 16 36
-46 -51 29
-33 12 -12
-37 75 -10
20 62 16
-75 34 14
-75 8 -18
20 19 -16
-47 13 -31
-59 2 26
-7 60 18
45 -117 11
-35 45 11
-67 -85 10
-50 58 -25
2 60 -19
38 34 -8
-70 -70 -14
-15 74 -29
41 -55 -30
30 23 13
-35 95 11
2 -12 -4
-25 25 15
-42 78 22
31 99 -13
-31 -8 1
-26 -26 -25
46 104 6
31 78 -13
-12 -4 -37
36 73 10
84 -18 5
21 1 35
54 90 10
67 24 21
54 -72 23
66 -34 22
21 -118 0
21 70 -29
40 6 -6
56 84 -12
-28 -58 15
-30 -55 -32
40 63 -7
-60 30 -25
-25 77 15
31 29 -33
15 43 33
20 55 -32
42 90 0
84 11 3
40 -88 -25
-43 15 -2
33 29 32
-32 4 34
-71 -45 -19
-47 -29 -31
-15 46 -33
-27 -72 30
62 -43 -24
25 -9 -10
20 -66 -19
60 48 -21
-33 11 11
17 -110 -24
60 63 17
-12 70 29
27 -27 -35
-82 -51 1
-24 100 20
-50 -24 29
36 -91 24
-3 16 -19
73 -19 -19
-77 -23 -16
11 78 -28
-85 -33 1
-17 -8 -16
-73 44 -13
76 50 -4
-20 -67 7
51 -99 16
42 18 31
-81 27 -10
43 14 -32
-43 63 -1
-51 49 25
10 -118 21
-24 -118 -2
-82 21 9
-81 1 11
-37 58 9
7 -118 -10
48 -46 28
-26 -26 0
-70 -40 19
12 -72 -27
-22 16 -16
49 68 22
-80 -28 12
35 1 -34
-19 53 -17
-25 72 -15
-7 2 36
-14 -117 22
39 48 29
-5 -84 -31
-14 -71 -18
36 86 10
-57 -108 -7
71 -80 -7
-51 -61 -26
-31 -38 20
0 72 -30
-31 -35 6
58 32 25
17 -5 16
66 71 9
64 -98 3
-7 -118 5
-51 88 -15
77 -35 -14
-66 -93 -6
78 9 14
55 -31 -28
-17 -3 17
-5 84 27
10 95 18
10 -72 6
70 -6 21
25 -25 11
-67 75 -5
69 10 -21
13 14 -36
40 -4 6
22 -21 -20
-28 -9 -35
-41 67 -25
-30 38 32
42 43 -29
40 46 6
28 102 17
28 -108 22
27 46 -14
25 35 14
9 -13 -24
2 13 18
12 103 -21
0 -74 -27
66 53 17
-44 89 18
20 85 25
-20 -105 -26
69 -59 -18
-14 30 17
71 -48 18
6 20 36
18 -90 -29
58 4 26
-63 82 4
-2 4 -37
58 -4 -28
60 -22 26
-35 15 33
68 69 -7
-8 -103 26
8 -85 30
-26 -66 -32
-27 -8 35
15 -70 -5
12 38 17
-21 33 -17
31 85 23
45 -17 31
1 79 18
30 -50 22
53 -114 -2
-49 -6 30
15 70 29
1 31 -36
-45 -116 -12
-42 99 -14
80 -10 -14
52 65 -22
-19 83 26
22 -77 30
-33 84 -24
32 0 -12
-17 -17 6
-3 -74 -12
-11 -72 12
-70 -16 -22
-71 -15 21
45 -10 -32
33 -69 -30
24 -62 6
-56 95 0
47 99 -10
-39 35 7
47 81 -19
-73 -71 10
2 68 18
-31 -39 -20
-15 -15 -24
-48 68 22
58 -91 -16
-10 110 -18
-40 -24 32
-43 82 0
24 78 15
-72 19 -19
3 -102 27
31 -40 -14
13 -15 4
-48 -98 19
-15 21 35
-70 55 -13
49 -109 -14
56 -61 23
57 43 23
29 -54 -32
-52 39 -27
-46 -118 9
-78 44 5
-27 -60 26
13 65 -18
-55 68 -20
0 90 18
3 90 -26
-62 70 14
-62 48 20
-31 -86 27
81 -50 -3
-42 -97 -22
59 -80 18
-67 -81 -13
-20 -8 -5
-43 25 -1
-33 -26 -34
-7 -9 -12
52 23 -28
-68 7 22
-37 -6 9
-70 26 20
64 -81 -15
21 -8 0
-20 -118 -12
0 -8 6
3 36 -19
8 13 -18
23 98 -21
75 50 7
-31 -45 -5
30 -118 6
41 -33 31
23 -21 35
-19 -18 25
-57 78 -15
-57 -100 -13
-74 58 5
32 49 -31
-32 85 12
-38 -8 -7
-1 -94 -29
1 -118 13
-26 109 14
35 -65 30
-5 -113 -24
-9 31 35
-31 83 -13
21 -117 20
5 111 -19
10 -4 36
73 -68 -11
13 -15 24
35 89 -11
-17 87 17
41 -31 -32
54 -68 -24
30 76 -26
37 -100 -22
-38 3 -9
19 -77 -32
27 -98 25
21 18 16
70 -77 11
-53 -78 22
14 40 -34
-58 -96 13
-10 79 -18
-20 92 -24
-43 97 2
17 16 35
42 68 2
-8 -13 -33
35 -118 -12
-57 -110 5
3 -9 -14
-5 49 -34
-56 29 26
-34 58 -29
-21 19 -36
84 -28 3
-38 12 -33
33 0 33
60 58 -20
81 -41 7
-30 35 13
3 -107 -26
-48 -16 -31
-2 -81 31
38 -55 30
27 -108 -23
46 28 29
-3 59 32
29 10 -14
1 34 18
22 24 -35
56 -90 16
-18 48 32
-41 -118 -3
20 -118 10
47 -5 30
83 0 6
16 -118 -19
41 58 4
25 69 -15
-23 50 15
26 -59 19
29 67 13
42 63 -26
-60 -25 26
-57 5 -28
-44 106 7
-59 58 -20
-8 19 -36
-33 67 11
-14 67 17
16 -6 -17
1 -12 21
61 83 8
-38 31 31
74 -62 11
42 38 0
39 68 25
-7 -1 -19
-36 53 -11
13 -98 27
63 24 -24
-32 -43 33
-51 -92 -20
-32 78 25
-36 35 -32
42 28 2
8 78 28
-41 -6 -33
-52 96 -9
-24 80 -26
10 -72 22
-40 -108 -19
-42 -112 16
52 -48 -28
-18 64 -31
-24 62 30
18 96 22
80 36 -4
-81 -46 -9
-55 89 11
-31 -45 -29
-70 67 -6
-67 -92 4
-30 -103 23
47 89 16
28 -13 34
-23 -1 -36
30 -35 -6
-21 111 -17
39 97 7
43 -77 26
-30 -34 29
-49 -74 -25
-4 68 -19
32 43 11
-52 38 26
-70 -60 -17
28 -55 -13
-44 2 31
-84 0 -8
36 -19 33
71 -83 3
-19 -18 -4
-42 90 -19
-12 95 -18
-7 46 33
39 -112 17
-32 49 -31
30 -38 30
-83 10 8
11 53 32
-63 -46 -24
-78 36 -10
17 53 -17
83 20 3
38 -46 -32
-39 88 7
-18 -69 31
61 87 -1
-9 -73 21
3 55 -33
63 16 24
-44 -41 -31
-34 -85 -27
-25 -112 -22
-56 -47 26
-40 45 -7
51 38 -27
-69 41 17
-23 -118 19
-54 23 -28
-39 106 -9
-50 48 -26
32 94 -20
26 64 29
-67 4 -23
-28 -57 6
72 33 16
41 8 4
23 -23 -11
19 -18 12
-10 55 -18
58 -36 26
20 90 -17
-67 -59 18
-14 55 17
5 45 18
-8 -11 37
-28 102 -14
-58 -6 -28
-29 -55 -23
-44 -70 27
84 -9 6
-25 14 15
-28 -19 -35
-9 -118 13
-37 -51 31
-66 37 -20
27 -28 25
-4 39 -35
23 35 33
28 -87 27
-76 -65 -9
-2 53 18
-39 6 7
-13 20 17
-14 -118 -3
-31 -118 13
-25 29 -34
32 54 -13
35 69 -11
17 -118 -9
1 -12 -30
72 60 -8
-14 100 17
-15 -5 36
25 110 15
-34 69 26
74 -39 16
31 51 30
18 43 -17
-37 49 29
-28 -27 -17
-25 92 -15
25 26 -15
28 -55 2
42 99 -2
-65 23 -23
-35 -73 29
27 6 -35
-24 -19 35
-85 -16 4
-55 -30 -28
-53 20 28
-24 92 15
-25 13 34
7 1 18
7 25 18
-13 -97 -28
-2 90 -19
52 97 6
81 17 -10
-75 -75 2
20 79 -27
-24 2 -16
-9 -8 11
78 -1 -15
-85 -11 -5
-31 -48 16
-40 -75 -28
-50 58 24
13 33 34
-10 -90 29
-14 -80 31
-35 34 -11
35 -23 -34
0 -5 37
58 5 -27
52 74 -19
51 14 -29
30 -52 32
45 -78 -26
32 94 11
-47 -32 30
23 33 -34
-21 -8 3
-78 -6 15
31 -40 -23
2 51 -19
31 108 -13
-13 45 17
60 -96 11
60 -24 -27
31 20 33
81 28 6
-55 -48 -27
-67 60 14
74 2 18
36 82 -23
12 64 17
79 -15 13
26 -60 -25
64 -59 19
-7 -75 -33
-57 -82 -20
84 4 -3
-17 -80 -31
-73 -49 17
64 -14 24
-76 -21 17
70 31 -19
77 -64 3
-84 26 -1
26 10 14
9 111 18
-10 34 -18
55 -101 -14
17 92 -24
30 -6 -35
68 -11 -23
18 -10 -37
-48 -41 29
-79 19 -13
63 76 -10
-56 -56 25
70 -39 -20
40 103 -12
-43 72 1
-15 85 -27
-28 -57 -15
-33 101 16
1 -74 27
-44 37 -30
-29 64 -29
-25 -110 22
73 18 18
31 39 -13
41 83 4
-22 30 34
-46 -15 31
-49 81 18
53 -16 -29
14 88 17
28 -1 13
-12 -14 29
49 12 29
50 -107 13
-39 67 -8
-74 -35 -18
11 86 -27
82 -30 -9
31 -44 2
-3 76 29
50 92 -13
70 -27 20
45 61 25
-20 -67 -1
10 -13 32
-15 55 -32
-40 65 7
-21 42 -17
21 -65 24
33 -8 2
33 68 -27
20 -67 32
-83 -39 -4
43 110 1
-3 96 23
-75 -34 17
12 -1 -37
36 19 9
17 -102 -27
-17 73 -17
40 24 -7
-40 -105 20
37 103 13
37 34 -32
80 -43 -10
-80 -49 9
-40 2 -33
52 46 -26
-64 -8 24
-13 -15 -9
-39 26 -32
-43 40 2
-21 36 -34
27 93 22
-22 -97 -27
61 -105 0
23 -22 -28
28 -30 17
11 -14 -3
85 -14 -2
50 101 -1
-42 19 31
13 4 -18
-81 29 9
63 -55 -22
28 85 -14
-16 -96 27
20 -66 0
70 45 -15
-21 -66 -13
69 60 11
-67 47 -18
45 -92 21
-25 13 -35
29 -32 -28
-66 -34 22
6 82 -19
-57 -65 -24
-18 -9 -37
-83 -31 -7
65 0 23
-76 5 16
-33 -70 -30
-19 -68 -25
-81 -17 -13
37 -118 2
-86 6 0
77 -54 -10
-28 -27 21
-43 56 -27
78 25 -12
-44 -87 23
-32 -21 34
-74 -6 -20
-5 82 -28
22 48 32
-5 10 18
-8 -73 -24
19 70 16
-8 88 18
52 -22 29
-85 -8 8
17 63 -31
-9 2 18
76 6 -16
40 36 30
44 23 -31
-26 -118 7
11 -118 -2
10 58 -18
60 -62 -22
-40 80 -22
15 83 -17
-38 94 18
8 -110 24
35 -60 -31
-8 105 18
-74 -75 -6
74 -26 -17
21 11 -36
-79 1 -14
-35 98 -11
-84 -26 6
15 -8 10
-32 59 29
66 32 20
-9 -73 0
38 97 -8
-84 18 2
68 -90 1
62 -99 -7
-10 38 18
-48 -59 27
26 -5 35
-67 -23 -23
-71 -64 14
49 48 26
-65 -67 -19
37 -79 -28
-69 -76 13
-31 51 13
79 42 0
-67 76 3
-27 -86 -28
26 -26 3
-75 61 -2
12 70 -30
50 -117 5
38 10 32
49 -60 -27
12 39 -18
5 -74 -32
-29 -32 -29
-16 -16 13
-14 -107 25
-9 -118 -19
29 53 13
18 103 -17
75 42 10
29 -91 -27
10 -6 18
-78 -60 7
-4 9 -19
-29 -55 31
54 -39 -28
1 -8 13
15 21 -36
-55 15 -28
6 99 -19
-8 9 -37
59 55 20
-75 41 11
-43 89 1
