173 208 166
97 13 97
90 144 88
159 89 165
68 238 146
143 238 67
99 157 175
176 147 104
150 73 85
82 81 141
166 13 139
83 212 87
107 25 166
117 235 187
187 239 112
160 149 168
137 178 71
70 183 132
97 88 89
137 126 76
149 17 90
75 132 136
113 107 174
176 100 119
174 195 96
134 189 185
89 202 170
172 56 125
148 46 168
183 176 137
84 39 129
114 49 84
110 66 169
123 13 130
105 239 70
157 239 181
69 239 109
99 180 79
177 135 139
185 239 148
129 137 181
81 114 105
118 208 70
185 210 130
86 238 174
138 13 166
169 226 84
160 106 91
85 63 107
77 174 101
127 94 79
154 153 79
79 160 152
105 117 81
84 110 155
152 118 173
160 46 96
116 152 74
89 13 143
162 180 171
67 213 127
148 207 74
88 56 152
131 85 176
174 108 147
165 62 152
113 207 186
140 218 187
166 24 112
170 75 105
97 130 171
75 144 111
181 173 110
122 21 86
140 162 180
94 87 164
79 88 115
82 239 86
73 213 153
162 177 83
91 38 104
110 182 182
175 82 136
165 37 147
163 131 89
72 198 106
139 51 83
77 184 156
177 125 116
142 13 114
86 13 119
120 44 172
115 73 83
77 109 132
181 218 104
175 157 151
154 201 178
180 196 148
71 161 127
134 63 172
117 15 108
167 128 159
175 237 168
182 153 129
158 19 158
184 194 115
91 178 171
97 220 180
80 61 130
118 13 152
141 15 142
91 35 153
99 219 73
182 218 149
82 131 156
119 161 182
133 106 178
99 64 92
118 187 70
84 192 89
143 106 79
70 218 107
123 232 67
152 70 166
137 237 187
106 31 91
171 164 95
118 132 77
175 178 155
162 220 177
134 158 73
92 107 91
111 142 177
66 235 127
166 208 82
179 239 95
189 230 129
170 34 129
103 48 166
97 161 80
160 88 93
147 136 175
111 89 172
82 221 168
87 147 165
122 113 76
135 32 171
102 13 127
154 224 72
169 43 111
83 132 99
103 199 74
76 125 119
179 115 131
133 197 71
110 99 81
164 106 162
138 31 85
172 114 101
82 156 99
132 69 82
120 169 73
123 121 177
133 217 67
151 189 74
69 200 141
170 87 152
157 15 124
97 111 169
93 69 161
73 183 115
87 80 100
100 236 184
133 13 96
77 236 161
122 20 170
185 192 132
171 98 102
147 177 179
141 143 77
147 89 82
161 239 75
100 13 156
152 120 84
166 59 106
74 149 140
84 94 152
147 100 173
173 73 122
104 139 81
73 173 145
100 48 93
102 195 178
159 29 98
171 52 141
68 197 124
93 125 88
176 98 135
85 50 115
158 13 103
148 167 75
88 170 89
171 143 158
85 29 115
167 195 171
157 164 172
166 147 92
175 179 96
78 93 131
145 83 171
84 25 134
80 74 123
125 221 187
86 99 102
172 132 102
126 174 183
181 158 114
154 59 92
78 104 117
69 223 139
149 30 166
165 193 85
82 171 161
76 227 96
109 13 89
109 13 141
180 140 118
128 207 186
127 40 84
92 232 76
176 223 163
168 168 163
184 180 123
120 194 185
174 86 114
138 124 177
120 75 175
104 13 113
77 199 155
114 222 68
173 122 147
187 224 115
172 68 137
84 68 146
148 41 89
79 120 142
153 137 80
75 162 109
159 48 160
102 171 178
185 208 113
83 49 138
147 151 176
148 228 183
162 77 158
107 121 174
142 15 127
176 210 93
160 135 170
90 203 81
166 23 148
180 162 139
135 47 172
111 221 187
91 24 103
169 21 126
109 85 82
84 189 166
141 204 185
127 57 81
75 208 97
91 100 160
73 226 152
107 170 75
80 146 151
86 80 153
80 209 164
99 143 173
89 50 102
177 113 113
122 95 177
100 36 162
85 225 85
122 148 182
91 122 163
178 148 140
163 119 93
153 15 146
161 164 86
71 188 144
102 208 179
122 58 174
170 74 148
184 167 127
136 83 80
74 147 127
184 230 104
90 161 167
170 239 84
128 15 114
145 58 170
81 105 144
128 147 73
187 226 141
154 188 179
69 225 117
174 197 160
180 130 127
101 75 87
104 151 78
72 173 122
159 33 159
114 13 120
146 13 156
109 62 84
183 207 143
78 186 101
73 161 139
117 31 169
176 89 126
178 226 93
94 191 82
85 38 142
134 148 181
162 69 98
103 80 170
157 60 161
158 199 77
180 184 106
74 239 95
143 62 83
121 84 79
97 25 159
168 98 153
127 15 141
182 232 157
116 34 86
128 15 160
117 131 179
82 144 98
142 226 68
153 212 180
89 26 145
85 13 131
179 203 104
88 181 85
173 135 150
81 62 118
110 13 162
90 13 108
152 99 86
140 73 173
171 184 165
170 227 172
102 106 83
172 46 131
70 207 118
133 16 85
131 136 74
120 13 96
133 115 78
188 239 137
151 30 90
86 118 96
168 117 157
163 206 175
106 188 75
91 69 99
161 119 166
90 228 174
100 96 167
88 155 88
76 135 125
150 178 77
168 155 162
178 171 147
167 50 151
82 78 110
82 73 134
126 123 77
94 49 159
163 13 114
78 129 109
143 13 103
181 142 129
176 164 105
136 95 176
184 200 125
159 214 76
81 50 127
179 211 158
142 114 175
172 63 114
77 197 96
96 187 174
91 214 79
97 59 161
174 94 145
98 37 96
107 15 103
108 127 79
113 178 74
163 38 104
137 207 69
89 91 96
112 153 178
88 215 174
77 117 126
127 182 70
73 156 118
127 233 190
97 13 137
113 170 182
165 237 174
157 99 166
90 137 164
179 185 148
82 120 153
128 157 183
136 172 181
111 56 169
148 238 186
66 224 127
123 111 178
144 157 77
83 179 94
188 219 125
81 94 141
169 85 102
80 83 130
157 78 92
170 202 89
71 228 106
112 143 75
176 146 150
148 17 165
76 139 144
86 40 115
146 216 72
112 23 87
70 213 141
102 21 92
152 13 111
167 29 140
135 101 78
147 127 79
143 117 80
141 189 73
132 237 67
133 13 122
158 146 85
95 171 81
177 124 136
89 44 151
189 239 122
75 173 111
168 174 90
151 234 70
84 59 140
132 21 168
130 73 175
96 134 85
66 233 138
115 119 79
152 15 132
108 131 175
114 13 132
99 209 75
108 38 168
115 238 66
73 171 135
99 98 89
125 160 72
121 101 78
161 229 179
174 124 105
136 13 153
72 194 115
109 160 77
81 165 95
165 49 105
105 228 183
169 184 90
83 231 168
169 36 117
185 219 135
108 162 178
77 169 153
146 191 183
155 80 167
147 53 88
150 161 178
122 183 185
108 43 88
129 28 85
165 96 95
77 219 159
83 161 161
155 170 80
139 140 178
97 150 84
168 157 90
104 54 87
185 201 137
155 126 169
171 40 139
110 194 184
172 51 116
162 14 151
112 198 72
102 72 166
144 198 71
162 223 78
107 228 71
174 156 98
68 204 131
180 148 113
142 38 167
118 59 83
177 134 109
86 21 125
169 61 143
176 169 156
95 13 116
131 198 186
170 141 98
78 152 106
173 58 134
86 108 100
173 105 110
68 234 118
162 57 96
95 151 169
168 217 83
79 219 91
90 65 153
95 55 94
176 188 158
175 110 138
127 207 67
122 68 80
127 51 172
125 193 69
157 184 78
85 141 157
133 13 106
82 204 89
153 107 169
162 68 159
156 175 177
93 169 169
167 109 96
163 170 171
77 125 131
74 154 132
133 228 68
85 31 126
81 152 157
79 96 113
116 116 176
69 195 133
155 222 182
161 41 154
97 116 85
139 166 74
169 216 169
68 216 118
183 189 122
121 142 74
85 86 106
182 168 118
182 188 140
101 13 146
114 109 78
160 155 86
175 82 121
132 180 183
136 39 85
98 120 170
93 81 93
185 228 149
90 90 157
168 126 97
143 23 87
74 218 98
176 105 130
142 70 82
110 210 70
129 166 182
112 46 168
79 99 125
164 91 157
144 92 172
166 142 165
96 239 73
172 43 123
145 212 185
163 22 104
84 181 165
117 94 80
168 27 120
91 114 162
121 67 174
172 64 124
79 126 148
78 228 161
169 14 121
178 174 102
156 142 173
183 181 114
122 13 120
133 13 131
146 127 175
96 229 181
140 95 81
119 13 87
170 22 136
122 224 68
100 126 84
93 79 160
122 48 82
108 238 187
105 106 171
133 115 177
163 231 80
72 195 148
114 17 168
70 210 108
111 79 173
93 239 180
94 197 174
173 85 144
70 184 124
174 219 89
155 153 175
86 45 108
103 62 168
164 160 169
183 239 103
122 87 176
169 13 130
120 203 184
172 95 110
126 27 169
84 86 147
172 77 115
159 193 174
185 183 131
182 205 151
141 22 166
94 210 177
93 15 152
138 151 76
180 195 108
148 147 79
74 164 117
89 239 79
73 236 153
153 48 92
141 13 87
151 89 169
120 140 181
132 129 178
138 229 188
187 210 121
71 219 147
154 90 88
125 15 104
187 231 120
178 156 107
151 161 79
158 114 86
85 103 152
76 180 148
75 182 107
169 109 154
178 119 120
74 144 119
167 33 109
155 15 95
141 179 183
74 190 108
153 23 95
81 70 114
89 129 94
73 205 147
96 27 96
104 18 161
89 20 113
99 228 73
148 13 122
165 79 98
86 138 96
163 56 157
142 135 78
81 194 160
82 122 104
77 113 116
138 80 175
91 162 85
116 100 175
122 201 70
144 13 135
78 137 106
150 113 81
92 15 124
179 218 95
86 31 138
129 106 77
179 222 156
68 228 145
119 216 69
125 77 79
85 18 138
138 54 170
171 192 89
152 42 162
176 111 121
145 79 84
95 41 156
174 216 163
172 162 160
99 13 105
174 92 119
174 233 90
81 82 120
127 167 71
104 219 183
93 222 77
183 210 106
76 116 135
101 88 169
171 128 153
87 33 109
162 139 87
118 177 182
180 153 121
146 168 178
103 150 174
152 67 89
152 23 163
175 117 141
77 154 146
80 91 124
79 232 89
169 202 167
164 30 151
80 104 110
78 110 124
152 61 167
140 196 183
107 15 155
154 54 164
115 124 178
109 77 85
176 187 100
158 231 73
184 218 112
72 236 102
79 137 151
81 67 138
167 71 154
148 205 181
119 217 187
76 164 145
96 74 93
81 68 127
112 229 187
132 216 186
170 175 162
156 207 77
174 68 130
154 127 84
177 204 157
115 188 182
173 75 132
154 36 92
141 104 174
172 107 102
91 27 152
98 104 169
77 177 154
85 70 104
101 182 178
82 188 94
176 203 94
106 96 172
147 221 183
88 197 86
80 115 148
91 115 91
106 69 85
74 141 137
91 130 164
142 147 180
86 72 152
176 90 133
141 31 167
128 84 78
179 132 118
125 104 176
145 183 73
178 163 149
163 184 83
103 115 171
117 15 139
185 202 118
159 95 89
85 53 144
112 135 76
179 141 142
92 107 164
107 217 70
179 239 162
96 143 83
140 131 177
123 239 188
75 138 114
136 62 81
114 164 73
72 202 112
179 197 155
184 202 110
131 51 82
136 23 87
66 239 135
163 188 171
109 202 182
76 166 104
85 46 145
126 190 184
121 178 71
106 15 95
170 81 109
122 32 84
164 30 104
160 23 153
178 158 144
69 218 132
99 187 76
67 231 111
166 135 164
135 15 146
126 131 76
158 122 88
117 13 126
89 57 101
98 196 78
131 174 71
83 41 122
166 200 83
98 44 162
153 14 161
125 129 180
87 57 109
167 139 92
69 191 127
98 167 174
83 198 166
75 140 130
126 217 67
148 15 98
85 155 163
173 118 109
135 39 172
107 110 81
137 75 80
79 112 141
153 232 181
170 68 144
129 97 176
143 172 73
160 63 94
122 37 172
189 239 129
92 99 91
106 177 75
140 220 70
147 96 82
147 72 171
122 228 189
149 144 175
171 70 113
153 168 177
152 130 174
115 41 84
155 114 168
135 185 70
182 168 142
152 213 73
146 198 181
84 152 93
169 20 118
101 84 86
156 192 78
115 66 81
158 70 91
76 151 114
66 229 132
127 15 170
135 208 187
181 155 138
171 209 89
141 66 173
91 44 100
187 232 110
167 67 102
175 96 127
116 15 158
173 101 149
177 141 112
92 142 168
85 212 168
96 137 171
166 82 156
182 177 144
184 199 143
90 187 172
115 125 78
106 31 164
153 181 177
97 176 176
175 231 166
74 205 155
106 205 72
162 112 165
181 162 124
126 15 88
104 165 79
165 91 99
69 210 134
96 33 157
150 83 85
114 73 173
181 239 155
162 15 145
68 204 124
147 224 71
105 37 88
168 53 110
114 37 170
94 203 174
160 83 161
126 214 186
126 239 65
142 44 170
129 64 80
92 61 96
120 52 173
157 207 177
83 56 114
89 221 83
70 177 127
113 56 85
72 194 140
148 104 84
109 233 68
172 121 154
103 126 172
154 109 86
99 65 163
76 128 125
158 73 164
168 43 146
147 66 168
108 93 84
112 214 186
74 206 104
176 239 89
99 77 164
173 155 157
136 13 137
136 13 116
158 26 158
170 121 101
107 13 122
183 211 149
144 47 85
173 73 141
89 27 111
133 91 78
162 125 165
149 37 166
82 187 160
179 167 111
184 194 138
185 217 119
158 52 93
81 73 141
90 136 88
81 216 163
84 233 83
176 83 129
140 87 175
111 176 180
83 95 108
102 131 81
136 108 79
154 13 140
184 187 116
140 88 82
125 15 153
151 15 105
152 95 171
141 13 121
140 15 160
120 15 146
144 15 150
180 158 133
106 145 80
83 37 135
84 125 157
68 225 110
156 134 85
169 149 159
86 160 93
165 238 80
89 229 82
102 55 164
105 142 175
83 239 169
103 189 180
158 106 165
130 154 74
