-14 -72 28
11 124 -29
4 34 30
0 -19 -32
12 -121 -29
-20 97 24
-8 59 -31
20 -22 23
29 -67 -9
30 78 6
15 -120 27
-30 -1 10
-32 -119 1
-20 -71 -24
27 24 -16
22 124 21
-30 55 9
-29 124 -11
-17 19 -27
-31 -41 5
-28 86 -14
21 -84 22
17 86 -27
28 -28 -12
3 69 30
31 -107 -2
-8 -39 30
26 12 16
10 -85 -30
-17 -106 -27
-4 -1 30
-31 -86 3
29 46 10
30 109 -7
-16 -106 26
8 -53 -30
22 55 -22
17 -53 15
-27 -18 -17
-2 -116 1
-20 27 11
-10 103 -30
11 96 20
-6 122 30
-27 43 -17
-18 -42 -26
16 -1 -17
6 35 -31
-28 123 15
30 -8 4
-30 81 10
-17 -21 16
-31 19 -8
-13 52 28
-24 -63 0
-24 105 1
-7 81 -23
5 12 -31
3 -95 30
-11 -2 -21
27 -88 -14
-22 64 -9
22 63 21
-12 124 -27
20 -48 -12
6 -65 30
30 -36 7
-24 -55 19
-10 19 29
27 74 -14
-26 -90 -17
10 105 -21
-12 78 20
18 -121 -10
17 -102 15
10 13 29
-9 -87 -30
2 -20 31
7 -35 -23
-10 -121 -17
14 -3 18
2 -103 -31
-17 -88 16
-31 -21 2
-4 -121 29
22 31 21
28 -69 12
29 99 9
8 69 -22
22 42 -7
30 26 4
22 -121 9
-13 38 -29
20 -103 -24
-3 103 30
30 -90 6
9 -37 21
-2 -68 -24
-29 -103 12
22 90 -6
23 62 0
-25 104 -19
18 -20 -25
-29 0 -12
20 123 -12
6 52 22
18 -70 -25
-15 -121 14
-23 -106 -7
30 124 3
-29 -47 -12
23 11 -3
-32 36 0
-20 6 23
30 -54 3
-27 -74 15
13 78 19
-18 -39 15
-7 -56 22
-28 -121 -16
-25 42 18
12 111 28
5 50 -23
-21 -32 -12
3 87 30
4 -81 22
-24 66 19
-9 37 21
-17 -24 -27
-13 113 19
-30 -75 -11
-20 70 -25
6 -4 -31
23 -23 2
-23 12 4
-12 -57 -29
27 -12 -14
-19 29 -15
6 -116 14
20 39 -24
14 16 -19
5 -116 -15
-3 -43 -32
4 93 -31
-17 -9 26
-2 24 -24
-6 -119 -31
20 112 11
23 -79 -3
-18 -58 -15
3 -49 30
-24 -9 -2
-19 90 -25
-9 -87 29
-21 56 -24
22 -36 -22
-31 74 -4
-15 -121 -2
19 46 23
-2 -107 23
23 -41 20
24 86 18
-24 90 1
-31 52 -7
14 -72 18
-17 116 -16
-20 11 -13
-11 67 29
25 103 -19
21 -100 -9
-31 117 3
-6 93 22
-28 105 14
-23 69 5
20 -56 -24
15 -82 -18
1 114 -24
-10 -25 29
26 8 -17
5 79 -31
-18 52 15
8 123 21
12 -116 1
9 -8 29
4 23 22
-27 -13 15
21 116 -23
22 -116 -22
-7 6 -31
-23 -31 5
23 -113 20
-31 -96 -4
-19 28 24
1 -92 -24
-6 -31 -23
22 36 6
28 59 -12
-28 -116 13
23 -39 -3
-10 48 -22
-31 23 4
14 -103 27
-13 -94 -20
-23 85 21
-27 16 16
22 104 21
-23 46 3
11 30 -21
-31 99 -8
27 -1 14
27 -16 14
-19 -118 -25
0 8 23
29 -121 -3
-23 -51 6
-17 123 26
23 -64 1
15 -47 27
-17 -12 -27
-15 -81 -18
-3 -12 23
20 68 10
19 74 -25
15 19 17
-20 -64 12
22 -1 -6
9 65 21
7 -74 -31
20 55 10
-2 -52 -24
11 59 -29
-22 4 -23
12 -92 19
18 -62 25
2 105 -31
-3 44 30
-3 44 -32
9 39 21
22 28 -5
-16 -118 26
-3 -75 30
10 -61 -21
-15 18 18
-30 112 -9
0 58 31
15 -94 -18
-32 -107 1
-23 -86 -6
-20 -31 24
-20 94 12
-25 20 -19
6 -56 22
18 6 25
-20 -8 -13
0 78 23
26 -94 16
-23 -76 4
-6 94 -23
-7 -8 -31
-5 -110 -23
-23 -95 4
16 -8 -27
-2 -31 23
9 -104 -22
-18 -45 25
-30 -61 -10
17 -30 15
-2 113 23
11 -47 -21
23 -100 4
23 78 -4
-19 79 -15
-31 -28 -8
25 85 -18
-26 -109 -18
21 -44 8
18 67 -15
29 -111 9
31 53 1
15 94 -18
-19 -110 14
10 -16 20
0 124 -30
20 112 -12
-32 -53 0
30 5 3
-19 96 -14
12 -28 28
-9 71 -30
29 -53 -9
28 -114 -12
-8 -18 -22
-9 83 29
-17 -61 26
7 -19 -23
20 -72 -12
27 -57 14
-32 62 0
-10 -1 21
2 66 -31
28 -40 -13
-30 34 10
20 -20 -12
31 38 -2
21 20 8
-10 -76 -30
-6 14 -23
-21 51 -12
24 75 19
-27 71 -17
-30 -61 9
21 -82 8
-27 -32 16
-24 3 -2
14 85 27
9 7 -22
23 101 -3
23 116 -2
-28 -91 13
12 -96 -29
-17 -94 26
21 85 8
5 -115 30
2 -29 -31
-6 -63 30
13 -77 27
-27 -44 16
-20 6 12
-14 107 -19
11 23 -29
-24 28 -2
-30 94 9
29 61 9
28 48 -14
30 121 -8
-13 105 28
10 112 -30
-20 116 11
30 -73 3
-4 -95 22
23 -13 -3
30 113 7
23 -91 -2
-7 59 22
-7 113 -31
-3 -121 10
19 -60 -14
-13 -50 -20
20 -11 23
-2 -79 -24
28 35 -13
-17 40 -17
-10 65 -22
-18 -78 15
5 -121 -6
-8 -79 21
14 48 -28
31 -31 -2
21 6 9
1 -61 -32
-5 32 -31
-25 -39 -19
14 -29 -28
31 71 -3
18 41 14
-24 -51 -20
-23 -114 4
0 0 -24
-24 122 -2
13 72 27
-32 -69 2
31 87 -1
13 29 27
-23 -20 -4
10 79 -21
-20 -6 12
2 -37 31
4 117 30
17 48 -16
-24 -47 -3
-23 81 -5
13 98 -29
9 46 29
1 -121 -23
-8 31 30
-29 31 -13
19 7 -25
20 -9 11
-23 111 21
28 30 13
30 -20 -5
-18 40 25
10 2 29
20 26 -24
-21 -96 -11
9 -87 29
4 -115 -31
28 97 -12
9 97 29
-30 -10 -10
-24 -29 -21
30 6 -8
-11 31 -21
-22 -20 8
-22 124 -22
15 -111 -28
-8 -41 -22
18 35 -15
-31 8 -6
-20 -88 -25
-32 83 0
27 -30 15
0 -11 -24
-20 -115 -12
23 -112 1
-2 -68 23
-18 105 15
31 16 -1
16 -28 -17
12 -40 -29
21 18 -10
10 117 -21
0 18 31
-23 38 -5
23 46 2
7 89 -23
19 -63 12
-2 38 -24
13 59 -19
-19 77 13
28 -78 -13
-8 -104 -31
30 -44 2
-15 67 18
9 39 -22
-17 -104 -17
-24 -100 20
21 122 8
-21 -67 -12
-31 -12 5
22 54 -6
-2 73 -24
-4 86 -31
1 -84 -32
-21 75 23
-8 -100 30
16 -108 -17
-32 -2 0
-21 -83 23
-14 -68 18
27 -1 -15
-12 7 28
19 -87 -25
14 -13 -19
23 -49 -3
18 79 -15
-7 -121 20
26 -78 16
-9 -47 21
-24 57 1
-18 116 -26
29 83 -9
5 -24 22
-11 -72 -21
-11 47 20
-10 -111 21
-10 -35 21
15 87 17
-31 7 4
-21 45 -24
-9 116 -22
8 -13 -30
30 -98 -4
-14 -99 18
-22 -98 -23
-8 22 -31
8 -108 21
-29 71 12
-17 123 16
-30 46 10
30 -84 -6
-8 -20 21
23 94 4
30 -17 5
-24 -37 -2
3 92 22
4 59 -23
22 -45 -22
-21 62 11
20 65 -24
-9 -36 -30
-27 -23 17
20 102 10
-20 -62 -24
16 -115 14
10 -74 -22
22 114 21
-2 -41 23
-22 -86 9
27 -103 15
-27 56 -17
-5 107 -23
5 -121 5
10 57 29
-22 33 -22
-24 -79 -21
25 -96 -19
12 108 19
-21 55 23
-18 38 15
-17 79 -27
19 -20 12
-23 -55 -7
24 -24 -20
-16 -19 -18
-24 -6 -21
-10 -66 -30
-8 124 22
9 -6 -22
-4 69 22
22 -31 7
6 16 -23
-9 24 21
15 -44 17
-16 -51 17
-18 -21 25
3 -106 30
22 -70 21
-24 -4 20
-14 9 -19
-13 8 19
-12 73 -21
1 20 -32
27 21 15
-12 -52 28
23 71 2
-24 113 -3
-23 78 4
29 90 8
-7 -121 -6
-8 -24 -31
13 -81 19
17 55 25
20 -98 23
23 -75 -20
0 -9 31
-13 114 28
-4 75 30
0 31 23
-21 -44 -12
-32 101 1
31 98 -1
-15 23 -19
-31 -115 -7
-6 105 22
-6 -95 -31
-20 -98 12
-22 102 -8
-4 94 30
-6 -110 30
22 -72 6
29 -104 -11
-2 -75 -32
19 96 23
1 42 23
-16 27 -28
19 23 24
-29 -103 -13
-22 -71 22
-12 -116 8
-8 -13 30
-17 14 26
-15 87 17
-16 89 27
29 16 8
-15 86 -19
28 -48 11
23 -4 4
4 -91 22
1 -43 -24
1 -83 31
-23 82 -22
27 116 15
22 -2 21
31 -61 -3
-23 -78 -4
22 -29 -4
23 18 -20
-28 9 -14
16 124 -21
-30 -79 9
8 78 30
26 120 -17
23 20 -2
27 39 15
17 -39 26
7 -82 -23
-13 98 -20
-18 103 -26
11 3 -29
21 -92 10
-11 92 -30
-32 47 1
-15 2 -28
1 124 25
-22 124 8
15 118 17
-31 -41 -6
-24 -118 20
-18 67 -16
-31 92 -4
23 -11 -21
-29 113 11
-25 92 -20
26 95 16
-13 56 -20
27 -86 14
26 -57 -17
17 24 -16
-3 -86 23
-15 -96 -28
-26 118 -17
4 -57 30
-12 -114 -29
-3 18 23
9 22 29
15 27 17
30 24 -5
11 -95 28
10 -64 -30
-31 -33 2
-26 30 17
-19 -29 13
-29 -52 12
-22 20 -9
17 -111 26
-27 89 15
5 -121 24
8 -48 21
-22 13 -23
15 103 27
17 36 26
23 53 20
4 53 -31
2 0 23
17 106 -26
22 -50 22
-11 51 -30
30 61 -4
23 106 4
1 61 23
21 97 -23
-31 -15 -4
22 -57 5
30 -8 -5
-30 61 -10
6 105 30
-30 -28 9
17 102 -16
13 -121 -21
-10 -46 -30
4 31 -23
6 114 22
-16 61 27
14 52 18
-7 -102 -23
-31 28 -6
20 92 11
13 69 -29
-31 -98 4
19 78 12
-12 -12 20
16 123 26
-30 -83 -10
-12 98 20
-5 -54 -31
6 -45 -31
-23 94 -6
16 10 16
-24 71 -3
17 7 -15
19 14 23
-14 77 28
26 108 16
10 -26 -22
-26 8 17
22 -14 6
14 -55 -19
21 -111 -8
21 -35 -10
-30 14 9
21 -91 -10
-12 -113 -21
-10 -90 21
-20 123 -12
30 -102 7
8 6 21
25 42 -18
22 -32 22
-18 -52 -26
-22 102 8
-4 -53 30
-21 2 -10
2 8 31
-8 -60 -22
-21 -121 8
14 -121 8
30 34 6
-2 -121 -15
20 -37 11
-24 -28 -3
9 -43 29
30 -28 6
-32 109 0
1 26 31
-4 96 -31
-9 -16 -30
-11 97 29
-19 -34 -25
20 -1 -24
-27 78 17
10 -112 -22
20 -10 -12
-22 -21 -22
-31 74 5
17 -78 -26
-19 -89 -15
-23 -110 21
24 -67 -20
-24 -63 20
-15 -80 27
21 47 -23
-23 35 6
-10 42 29
-22 22 22
31 114 -1
28 69 12
-22 20 8
1 98 -24
1 -27 -24
-23 -2 4
-23 10 -5
30 14 -8
18 87 -15
-16 -27 -18
-23 120 21
25 -121 17
22 -70 -5
-14 -11 -19
-20 87 -13
3 -101 22
5 43 -31
-23 -59 6
15 -67 -18
-28 -32 -15
-26 -66 -18
26 111 -17
22 66 -7
6 82 22
23 123 -4
3 116 -31
15 -3 27
20 96 -12
30 -80 6
-2 -29 31
-23 -16 21
-27 -83 15
-4 111 30
14 -15 27
-15 -65 -19
-30 78 -11
14 -61 18
-21 86 11
-14 123 -19
-8 85 21
16 -48 -27
17 -86 15
-27 57 16
-3 46 -24
9 87 -30
-31 38 -8
-7 -87 -23
17 16 -26
8 72 21
-31 122 -4
28 7 11
20 -81 -11
1 6 -32
3 -92 -31
2 79 -24
-21 -17 -11
15 64 27
12 11 -29
-23 -91 21
-3 48 23
23 4 1
13 38 -29
4 -7 22
30 44 -6
-13 -1 28
-19 -121 -17
30 -121 6
27 66 -16
15 69 17
-23 64 -22
25 -83 -19
-15 31 18
-23 47 -4
-10 -121 -25
7 -53 -23
22 13 6
27 -48 -16
-19 109 -14
4 -73 22
-3 -111 -32
13 79 -29
30 67 4
30 -76 -6
7 -108 -31
24 -108 -20
15 30 -28
19 32 12
-31 -67 -6
13 -37 -19
-18 69 25
-21 -39 23
-22 35 22
-25 50 19
22 -105 21
-24 102 20
-21 46 11
-14 9 -28
19 -1 12
4 100 22
-23 -68 6
-20 -14 12
0 74 -32
23 32 -21
-2 65 -24
30 -65 4
16 -89 26
2 -114 23
-30 124 8
2 -61 -24
-14 65 -28
-21 72 -10
27 -121 -15
22 -21 -5
23 -106 -3
3 -16 22
14 -121 18
3 51 30
-22 55 9
-23 -12 5
14 -116 -15
30 93 -6
-11 -116 -11
-4 53 -31
-22 -115 -3
6 16 22
-30 93 -11
-13 -33 28
28 54 11
-20 15 12
-11 -27 20
22 -61 -6
5 -65 22
-24 -88 1
-23 55 -6
17 -116 -4
30 54 -7
-19 -74 -14
8 -95 -22
-30 -20 -10
23 35 -2
-13 -60 19
-6 79 -31
-19 -53 24
2 -111 -24
28 -8 12
-22 -121 -8
-7 -102 22
-9 -79 -22
-18 -38 -16
25 -23 17
30 -114 -5
-30 -20 10
-13 109 -29
29 122 10
19 88 23
-4 66 30
20 57 -12
-17 0 16
10 -53 29
15 74 -18
-21 44 -11
21 81 -23
-24 -70 -3
19 -72 12
8 -25 -30
14 -57 -28
11 -21 28
-5 6 -23
-18 -5 -26
-9 41 -22
22 28 7
-27 111 -17
11 118 28
21 6 -9
-18 -57 15
-31 -104 -6
-14 59 18
-30 -36 10
-12 -112 28
-3 -44 30
-3 -91 30
4 28 -31
-31 86 -7
-4 36 30
-30 -70 10
-12 -35 -21
10 -60 29
28 -40 13
2 10 -24
8 -33 -30
30 -37 -4
3 124 -24
0 89 -24
-25 94 19
-28 24 -14
-29 -54 -13
0 -68 31
0 -103 -24
17 58 15
-21 25 -24
9 -121 -12
-23 -44 4
-15 57 -28
-21 -39 9
22 62 7
-8 22 -22
-30 69 -10
-29 -94 -12
-6 -121 4
-17 -1 -17
-31 -76 -4
21 48 -10
-21 -26 -10
10 23 -22
-27 -60 15
2 -12 -31
27 90 -14
-14 86 -28
-27 -110 15
-18 103 -15
-30 47 -11
15 42 -18
11 -26 20
-26 -74 -17
24 -62 18
17 -100 -16
-29 6 11
18 76 25
17 -54 25
3 -68 -31
18 123 14
15 -10 17
15 3 17
-7 117 22
-30 62 10
15 110 -18
6 99 -31
19 -96 -25
-20 -112 -24
-22 110 7
-8 -79 30
-18 82 25
-23 114 -22
8 29 21
-30 -121 8
-23 -48 21
-22 28 -9
-14 -82 -28
7 0 -23
-4 -116 -19
15 -36 17
0 -35 -24
25 47 17
21 -105 9
9 65 29
-16 51 -18
28 106 -13
17 99 15
19 69 23
20 -28 -11
0 -48 23
-6 -95 -23
-3 58 -24
23 -98 -3
-23 28 5
0 -116 16
10 -116 -6
31 105 1
-7 15 -31
20 -121 -17
23 78 4
23 52 4
28 80 12
-31 -90 -6
-7 57 30
-6 120 -31
-31 67 6
-30 -110 -11
22 -121 -2
-10 -116 16
-8 12 30
-32 -60 1
29 -61 8
-12 26 28
-32 30 1
8 95 -22
29 -96 -10
10 37 29
31 -91 0
