147 95 111
123 255 130
113 169 148
113 39 141
103 116 136
137 148 104
135 206 118
147 129 145
130 81 152
107 73 115
145 52 115
151 172 134
112 176 110
119 116 103
104 144 117
117 40 110
118 138 152
141 52 145
130 193 145
150 100 140
120 227 132
126 110 153
149 123 114
105 88 139
140 176 108
151 73 130
138 156 151
153 147 126
132 72 104
111 195 127
105 100 116
110 63 142
125 94 103
102 166 128
132 41 129
106 53 123
119 137 103
104 123 116
145 192 129
104 146 139
118 157 104
132 212 137
132 174 151
126 190 109
132 239 122
138 110 104
149 161 114
117 60 107
153 116 130
127 63 151
110 103 146
134 127 103
119 212 122
146 83 144
114 185 143
135 38 111
131 38 146
135 222 123
149 45 130
113 122 149
146 71 114
136 96 151
130 127 154
148 145 143
103 73 131
142 112 149
120 155 152
114 78 148
143 183 142
153 89 129
143 68 146
119 80 105
105 181 131
149 139 113
132 56 106
119 203 139
107 160 113
153 132 126
102 133 131
133 164 103
119 51 148
151 108 116
112 38 124
149 179 120
102 102 130
103 86 122
136 141 152
119 91 152
141 190 115
151 158 136
137 86 104
150 59 128
144 169 146
123 242 132
114 104 106
113 189 115
108 50 137
125 176 104
106 160 141
132 231 133
111 89 109
150 83 117
143 39 141
144 39 120
108 133 110
106 132 143
139 199 137
102 153 127
119 201 116
125 229 120
112 147 107
153 102 128
120 214 134
105 174 119
153 163 125
124 38 119
133 249 130
106 173 139
112 148 148
136 98 104
111 51 113
127 106 102
125 147 102
152 137 136
130 50 149
121 39 133
139 207 128
107 112 112
149 118 142
102 115 124
120 178 149
124 166 153
104 65 123
146 151 110
125 47 106
126 249 122
103 134 120
148 61 138
140 63 108
143 132 107
107 77 140
122 127 103
130 137 102
139 122 151
142 120 106
152 126 135
126 219 119
141 199 122
111 93 146
118 169 105
109 62 113
129 149 153
148 171 114
118 66 149
121 41 147
127 221 136
116 112 151
139 78 149
116 70 107
130 202 141
120 102 152
148 62 118
143 80 109
141 38 131
105 63 134
144 94 146
108 113 144
114 194 138
120 129 153
133 197 113
105 98 139
130 184 149
115 204 130
107 42 131
135 186 109
102 144 130
111 121 108
107 184 122
122 239 123
148 75 140
135 106 152
148 183 133
150 90 139
129 116 102
151 97 119
151 109 137
102 125 125
112 157 148
137 165 151
127 136 153
145 158 146
126 209 116
126 64 104
142 166 108
136 60 149
128 81 103
153 121 122
140 132 151
102 92 131
108 44 118
103 126 136
144 103 108
122 188 146
119 184 109
138 191 142
142 147 149
127 72 151
151 152 117
135 38 121
140 156 105
126 120 154
135 219 133
128 157 102
102 106 122
138 46 109
143 103 148
131 255 124
147 48 138
106 152 113
133 38 137
137 44 147
147 115 111
127 96 153
120 221 124
107 82 115
104 108 138
145 138 147
151 74 121
110 167 109
130 158 153
136 69 150
152 149 134
147 187 122
140 177 148
132 240 133
108 140 144
139 86 150
109 187 136
133 231 122
149 52 122
104 81 133
152 81 125
151 131 117
119 146 152
142 141 106
103 96 123
105 91 116
113 132 149
124 234 134
126 167 103
140 72 107
133 214 119
133 115 153
103 173 131
153 109 125
112 176 145
133 174 104
124 38 140
112 78 109
116 94 105
102 158 133
152 141 121
106 123 143
147 176 140
151 82 133
126 38 111
150 167 140
114 195 119
118 51 108
104 73 122
152 172 124
115 130 105
103 164 120
115 59 147
149 53 133
143 60 144
114 86 149
140 56 109
121 81 151
125 56 105
130 89 152
120 193 112
145 182 115
111 46 142
150 66 132
142 199 130
121 248 128
107 141 111
144 189 137
110 71 144
126 200 113
141 92 107
137 215 126
121 87 104
115 202 123
128 183 106
125 208 139
123 197 143
124 42 126
123 57 150
151 66 124
105 56 130
152 95 134
109 181 115
107 167 143
113 38 117
114 112 106
103 156 120
108 181 140
145 87 110
153 154 124
119 149 104
120 232 126
149 152 141
104 167 136
147 45 118
113 38 134
110 99 110
149 101 114
102 110 129
106 69 139
127 103 153
111 154 108
110 56 142
141 40 113
117 161 151
119 121 152
147 39 127
123 71 105
113 161 107
106 46 125
124 173 152
102 119 130
145 122 147
132 247 123
153 140 128
136 205 137
102 150 133
104 138 139
137 78 105
120 102 103
147 40 134
129 100 102
127 251 134
135 235 128
144 61 112
148 106 143
151 166 118
120 109 103
130 90 103
108 189 128
151 178 128
108 105 111
110 82 145
106 167 115
137 133 104
137 169 105
135 119 103
152 90 121
133 64 105
152 164 134
152 103 122
118 38 121
130 43 107
132 143 102
150 145 114
126 45 149
108 56 116
153 125 128
146 54 141
102 140 124
106 153 142
136 149 152
145 77 145
105 130 115
153 95 126
133 133 153
144 111 108
145 157 109
128 123 102
127 228 136
151 115 117
114 97 150
124 133 102
134 154 103
153 154 131
131 168 152
118 192 143
149 136 142
120 72 151
113 198 133
147 68 141
147 129 111
115 85 106
103 80 125
111 68 111
117 212 128
131 225 120
110 191 121
108 125 111
135 225 130
147 78 114
104 177 126
120 207 118
104 114 118
118 177 107
106 48 131
143 46 143
114 141 106
103 171 124
112 45 113
125 255 123
118 208 134
134 105 103
152 160 119
128 40 134
125 142 153
149 89 115
144 193 123
134 242 127
123 161 103
134 50 107
122 115 153
130 38 116
151 144 138
137 212 132
152 103 134
137 200 117
145 152 147
127 75 104
130 57 150
113 141 149
118 169 151
125 214 137
126 242 121
152 118 136
139 171 149
113 57 111
136 187 146
131 255 130
108 98 144
102 160 127
134 180 106
107 67 116
120 220 133
140 38 125
108 174 114
104 68 128
113 183 111
138 210 123
116 44 146
103 132 137
129 40 122
153 127 121
121 38 114
130 204 115
140 126 105
149 183 126
149 81 139
134 196 142
152 168 129
151 130 138
104 137 116
124 152 102
153 132 132
146 113 145
107 147 144
140 183 110
103 86 128
106 103 142
102 150 122
109 41 138
128 234 120
118 123 104
105 78 119
145 137 109
136 38 142
113 107 149
122 41 107
125 140 102
105 106 116
114 51 145
143 195 133
136 127 152
106 56 136
107 118 112
149 125 142
147 57 116
133 76 151
120 143 103
150 173 119
148 94 142
136 55 148
126 180 150
141 141 150
132 45 149
130 131 102
139 204 122
147 177 115
147 166 111
110 127 147
152 147 120
147 106 111
125 90 153
115 71 148
153 116 124
144 88 146
145 145 109
149 162 141
143 68 111
108 87 144
106 61 118
142 150 106
116 181 147
143 163 148
138 115 151
135 81 151
134 121 153
130 150 102
111 193 132
116 46 109
106 118 142
119 107 152
102 97 129
102 120 123
138 101 151
122 135 153
126 154 153
131 110 102
108 146 111
134 179 149
110 84 111
121 237 130
114 152 149
120 217 121
149 178 135
149 57 122
106 177 136
116 38 128
131 169 103
106 179 120
139 115 104
135 230 128
105 74 136
122 62 150
122 160 153
144 117 147
148 155 113
119 227 126
110 162 146
148 46 123
139 93 150
111 115 108
137 142 104
149 59 134
119 38 140
110 136 147
142 128 149
114 136 106
110 118 146
116 127 151
138 182 147
129 60 105
128 243 134
126 84 152
133 65 150
137 190 111
139 104 105
141 195 118
110 77 144
149 69 118
107 92 142
141 38 136
144 174 145
137 68 106
116 207 124
153 160 130
108 93 112
132 100 153
103 154 137
107 40 125
153 109 132
113 66 146
141 72 148
115 65 108
103 142 136
118 217 127
136 59 107
108 51 117
110 152 146
129 236 135
104 60 127
121 232 131
150 77 135
119 86 151
141 51 110
102 130 126
103 128 120
124 114 102
130 144 153
124 186 107
121 244 125
147 165 144
120 96 152
147 182 138
121 64 106
145 143 147
143 97 108
135 38 132
135 160 152
144 171 110
114 125 106
103 97 134
150 78 119
132 95 103
104 93 137
124 126 153
150 71 134
128 53 106
111 73 110
139 204 133
109 171 145
153 142 133
126 130 153
138 38 116
127 69 104
107 62 138
116 203 135
144 75 110
131 225 135
142 82 147
138 137 152
131 219 119
133 155 153
111 38 129
109 39 120
117 174 149
146 100 145
115 173 107
140 194 139
134 201 140
121 97 103
147 188 133
119 74 105
131 189 109
123 233 122
102 126 131
102 145 124
153 137 124
116 99 105
146 65 114
153 121 132
104 163 137
143 44 114
127 41 149
105 128 140
129 189 147
147 120 111
135 49 148
104 112 139
109 108 145
151 137 117
140 162 105
127 214 118
149 51 127
124 147 153
103 91 124
117 133 152
110 186 117
135 159 103
145 187 117
109 158 110
107 46 135
103 163 132
144 127 108
135 44 108
111 108 108
118 164 104
103 105 134
118 185 146
148 134 112
104 150 117
125 76 152
124 185 148
134 81 104
138 109 151
106 52 128
114 117 105
123 67 151
152 89 134
123 52 106
151 121 118
139 66 148
102 139 130
148 172 141
137 90 105
121 225 122
105 87 118
103 100 122
107 88 113
140 83 107
126 115 153
152 77 126
115 117 150
105 83 139
110 129 108
129 38 140
128 195 112
105 68 134
122 224 135
126 50 149
118 196 115
121 180 106
148 87 142
132 206 139
139 40 145
141 87 107
124 246 133
153 136 130
121 173 104
136 39 128
144 179 112
150 114 140
102 109 134
137 174 106
114 102 149
125 194 145
115 152 105
109 157 145
136 219 128
106 184 127
113 198 123
102 105 126
128 163 102
132 218 136
114 166 106
123 204 115
125 84 103
111 181 143
118 188 111
136 138 103
105 59 122
151 71 126
102 114 129
105 156 115
103 169 131
146 73 143
142 156 149
124 99 153
122 197 113
103 136 135
119 55 107
108 78 114
124 118 102
109 163 110
140 151 150
107 185 131
117 40 145
138 195 115
148 49 134
113 189 140
116 143 151
129 107 153
138 41 109
125 238 134
150 94 116
149 75 117
113 200 128
148 141 144
148 183 120
147 187 126
102 135 125
133 210 118
114 91 149
132 138 153
129 48 106
147 44 137
104 160 117
131 245 133
126 223 119
134 227 124
146 64 142
147 84 113
140 97 149
151 148 139
152 112 120
119 58 149
139 161 150
120 39 128
103 139 120
123 250 132
122 105 103
110 171 111
110 138 109
134 86 152
118 38 135
148 110 113
144 191 119
151 103 118
104 96 119
144 51 142
104 120 138
133 253 127
102 149 127
130 197 143
125 42 130
123 212 118
147 134 145
143 179 144
149 66 136
113 61 109
140 99 105
152 172 129
141 203 127
132 164 153
135 39 146
129 172 152
152 85 128
122 252 125
110 150 109
105 72 118
150 104 139
142 187 142
152 167 124
113 95 107
153 145 129
129 229 120
143 54 112
122 122 102
153 100 124
118 75 150
130 78 104
123 139 153
103 110 120
153 120 127
110 52 141
150 62 124
104 102 138
133 134 103
151 142 117
151 127 117
125 39 136
124 100 102
149 110 141
115 80 107
103 89 134
150 55 129
128 67 151
152 108 121
151 152 137
111 98 147
107 72 141
136 124 103
142 185 114
143 197 125
150 86 137
103 80 130
122 39 123
131 39 109
117 38 115
102 111 125
135 92 152
140 77 107
133 193 111
104 73 126
126 127 102
143 107 148
130 86 103
125 89 103
105 169 139
104 91 120
135 218 123
133 202 115
148 50 119
105 143 141
149 131 142
149 149 114
138 144 151
117 203 119
123 219 135
118 62 149
151 83 121
122 77 104
137 52 108
114 180 109
127 255 132
142 137 106
153 106 128
115 199 120
133 236 132
134 111 153
146 99 111
107 97 113
127 171 103
151 98 136
115 148 150
126 38 115
111 142 108
136 171 151
103 118 119
135 191 144
125 80 152
128 176 151
116 199 137
147 43 121
127 143 102
121 182 149
116 145 104
105 111 115
148 156 143
118 106 104
107 49 121
132 251 124
152 80 129
151 87 119
105 169 118
140 58 147
113 136 149
111 194 123
104 177 131
130 179 105
122 151 153
150 176 123
116 192 114
116 208 131
117 127 104
114 74 108
110 48 115
137 216 131
126 203 141
114 49 111
129 54 150
122 248 124
153 151 122
151 168 135
152 133 120
145 41 116
130 121 153
148 142 112
137 152 104
122 157 103
114 173 148
110 103 109
146 149 145
104 104 118
132 70 151
145 38 130
122 110 153
106 148 114
140 167 149
131 93 152
130 180 150
114 91 107
145 123 109
149 105 114
136 209 135
119 67 106
140 172 107
113 170 108
118 189 144
112 192 118
147 79 143
121 207 138
111 191 136
138 211 128
120 45 107
136 214 122
122 220 121
126 41 107
102 163 124
115 166 150
118 220 129
124 194 111
139 185 144
153 99 132
133 101 103
129 214 138
104 85 135
153 151 128
114 161 149
117 196 140
107 128 144
108 188 124
128 253 122
108 58 140
150 96 139
118 131 103
131 125 102
104 158 137
145 92 110
127 239 121
128 112 102
133 38 142
104 77 133
121 190 110
131 120 102
151 121 139
113 40 113
131 235 122
146 59 141
111 87 147
152 115 134
150 177 132
108 177 140
134 40 124
147 185 136
148 41 130
115 55 109
141 38 119
141 63 146
107 162 143
143 175 110
139 125 151
144 186 139
111 184 141
130 67 104
145 43 140
144 131 147
103 167 122
135 74 105
136 176 150
107 81 142
122 38 111
125 39 147
