22 17 -84
-18 -66 86
21 66 52
-18 -67 -24
-23 21 -9
-33 -50 -108
22 -14 44
-22 23 86
-21 66 -62
22 -66 -77
22 65 -16
22 -18 -33
-23 -48 31
-23 -12 -67
-20 66 18
22 -66 10
22 25 14
-23 7 38
22 -60 59
22 65 -82
3 -24 86
-22 66 66
22 23 71
22 27 -39
-23 29 -86
-23 -23 -14
-22 -66 -69
12 -25 -87
22 -59 -31
-23 60 -21
22 -23 6
-23 29 -48
9 55 86
-23 -24 59
12 66 -49
-23 -39 -46
22 60 18
-23 40 42
22 7 -12
22 -39 -58
-23 -17 18
-12 -67 54
22 -8 -63
22 -43 33
-23 0 -37
-14 -67 6
-23 -39 -82
-8 58 -88
-5 4 -88
-23 -8 85
3 -67 -52
12 -52 86
22 16 42
22 40 -66
3 8 86
-23 -38 84
-23 38 13
22 -8 74
-6 66 43
6 -67 33
22 35 -11
22 -33 64
1 -52 -88
22 -44 -9
-4 66 -4
-18 50 86
-23 8 65
22 -1 22
22 44 38
6 -67 -11
-23 -41 6
6 36 -88
-23 7 12
-23 13 -66
22 47 66
4 32 86
-11 -18 -88
-23 34 65
-23 44 -67
-2 66 -31
22 49 -35
0 66 66
3 -67 71
-23 37 -25
22 3 -40
-23 -46 57
22 18 -62
-22 -66 -46
1 66 -69
-23 53 -43
22 -44 -82
-23 -45 -22
-23 0 -12
1 66 21
-23 -16 39
22 -5 -85
-2 -67 -73
22 -31 85
22 -61 -56
-23 46 -6
22 -39 -29
22 -43 12
-16 -62 -88
-15 -67 26
20 66 73
22 40 85
0 -67 -32
-23 -17 -47
-23 -47 -64
22 -21 -13
22 -25 25
21 11 86
22 1 56
-23 22 24
-7 66 -49
-7 -51 86
22 52 -2
-23 -3 -85
-23 17 -29
-7 66 83
22 -25 -71
-23 59 49
-23 64 -3
22 33 53
21 -66 80
22 -3 4
22 -65 41
-23 20 51
-22 66 -80
-23 47 -86
4 -67 11
21 45 -87
21 66 -64
-23 -33 44
-4 -35 -86
22 -23 -51
-23 -7 55
12 66 4
-23 54 32
19 66 34
-23 -56 -5
-23 -63 68
5 -67 51
19 66 -33
22 51 -52
-23 -26 -32
22 43 21
-23 0 -54
-23 -12 2
-23 -29 -68
-30 -66 -106
22 -65 -7
10 -8 86
22 -45 52
-23 -65 41
22 -50 73
-8 20 -88
-23 -32 27
8 54 -88
22 -58 26
22 28 31
-23 23 7
22 -16 61
-23 -23 76
-23 13 -84
-6 -7 86
22 -30 46
-14 8 86
5 -9 -88
22 5 -72
22 22 -2
-23 -2 25
22 -50 -46
22 -3 -24
6 66 -17
-23 -56 13
22 15 -28
-23 -53 -38
-23 50 64
-23 65 86
9 -67 -85
-20 66 -35
11 6 -88
-12 35 86
22 49 -18
-1 -65 86
-23 14 -44
22 -52 -68
-23 29 -69
-9 -67 -9
-23 -37 69
7 21 -88
22 8 70
22 36 -26
-7 -36 86
-8 43 -88
-23 -37 -9
22 31 -79
-23 -51 76
-10 -67 -59
-7 -67 40
22 12 9
22 31 -53
-23 -53 -78
-10 66 29
-23 -9 -24
-23 -26 6
21 -17 86
22 53 -73
15 -67 -44
-12 -47 -88
-10 66 -17
19 27 86
-14 -21 86
22 39 7
8 66 46
22 -7 -10
22 -36 -43
-23 -9 69
22 1 36
-23 40 27
10 -67 -64
-4 49 86
22 -9 -49
-23 52 12
22 15 -48
8 -37 86
22 47 52
22 -22 73
21 62 86
-7 66 10
22 -53 2
22 -14 17
-23 -21 -79
-6 22 86
9 -39 -87
-23 40 -39
-23 27 37
22 12 26
1 66 -83
-9 -67 -43
-11 66 58
-23 -52 44
20 -67 -20
-23 16 76
-22 66 -48
-23 3 78
22 18 55
-10 -67 73
18 -57 -88
-22 66 38
-23 -51 -51
-23 55 76
-23 2 1
-23 2 -73
-23 33 -2
-23 7 52
-23 40 80
22 60 63
-23 -59 55
-10 66 -73
-23 5 -25
22 -35 2
22 55 42
22 -18 -83
22 -1 86
-23 -39 -33
10 -67 1
22 -32 -19
22 53 28
-23 54 -57
22 19 -17
15 -67 68
10 66 58
-23 44 -51
13 -67 23
-16 -30 -87
1 66 34
22 -32 -87
22 40 -46
-23 50 -32
-23 -36 -57
-23 29 -34
-23 42 55
-23 25 -21
22 -47 -21
-23 -61 -57
-23 54 -75
-23 38 -78
-23 10 26
22 6 -59
22 -10 -74
-23 -43 20
22 -12 28
7 44 86
8 66 81
-19 -54 86
13 66 23
22 -53 42
-9 66 -61
-23 -12 -36
-23 36 -13
22 -43 84
-23 -24 -57
-4 -62 -88
11 -66 86
22 64 -3
-1 -23 -86
22 -38 -72
-23 22 -59
-23 -65 -35
3 66 -41
22 34 67
-23 -60 -16
13 -67 -33
-4 -67 22
22 51 77
-23 30 76
-23 -2 44
7 19 86
-10 66 70
22 -55 14
5 66 -57
22 62 -44
16 -67 51
15 30 -88
-5 32 -88
22 50 10
22 -8 -37
-20 58 -88
-23 -33 14
-5 -67 -22
-23 12 -14
22 -55 -12
-23 32 50
9 66 -27
-23 -60 31
11 66 -78
-22 -27 86
-20 -67 -6
-23 -35 -20
-23 13 -2
9 -67 -22
-23 -22 49
-18 66 7
-12 -7 -88
-21 -67 16
-23 -57 -26
21 -66 -66
-23 21 62
-23 -12 -13
22 -32 74
-23 -18 28
-23 -35 58
22 33 42
-23 -11 -55
22 -15 -4
22 -37 21
22 -24 37
22 51 -63
22 30 -66
22 18 -72
22 7 -2
19 57 -88
-23 20 -75
22 -56 85
-23 -65 -80
-22 -14 -87
-23 45 5
-5 -67 62
-12 66 -27
-14 -67 -74
22 -27 -61
22 -47 23
7 -67 62
-4 -67 2
22 -26 56
22 6 46
22 61 7
-23 -29 -42
22 -40 42
-23 -26 36
-16 66 47
22 -7 64
-2 66 55
-1 -67 -63
-23 -26 -5
22 -46 64
3 12 -88
-22 -50 -87
-17 37 -88
7 66 12
22 -26 -4
-12 -67 -33
-23 -45 -4
22 -28 16
-23 49 22
-23 -42 -72
-23 -40 36
-23 -7 10
-23 -8 34
22 -27 -38
-23 13 85
13 65 -88
22 24 -25
-22 66 27
13 -15 -88
21 5 -87
14 66 -9
22 33 79
-23 32 21
12 -67 40
12 -22 86
11 -48 -88
-23 52 -13
12 6 86
22 57 -24
-1 -43 86
3 -54 86
22 1 -51
22 40 -77
22 -16 -23
22 -32 32
-23 9 -56
22 13 -38
22 33 -2
11 66 -67
6 -67 -42
-23 -10 -78
-22 66 -12
-17 4 -88
-23 -63 4
19 52 86
22 37 -36
22 33 22
-23 -62 78
22 42 -55
-8 66 -39
22 43 -3
11 66 68
22 -48 -57
8 -67 -75
21 -66 -86
0 61 86
-22 66 56
6 66 -4
-23 50 42
22 19 81
22 -60 -41
22 -6 49
22 -53 -78
18 -67 32
-23 -57 -66
-23 -55 64
-23 -50 -13
-23 53 1
22 -16 -67
22 9 61
22 24 47
21 66 -53
-23 65 76
22 6 -24
14 -67 -54
12 46 -88
-14 66 -4
-16 66 -86
22 -66 20
-23 34 -55
12 36 86
22 17 19
-3 -16 86
-9 -67 14
22 38 31
-23 -21 -24
22 -46 -35
-23 -14 61
-15 -45 86
22 6 17
-23 -13 78
-22 -23 -87
-23 18 14
-23 -43 48
22 -57 68
-23 49 -22
3 45 -88
22 -9 37
-23 -1 -65
-23 -3 -46
-23 8 -34
-23 -53 4
11 66 -38
-15 -3 86
22 24 62
-23 14 44
-23 -6 -5
22 2 77
5 -30 -86
22 40 58
-10 -61 86
-19 -67 61
-15 19 86
-23 34 86
-16 -67 -52
22 -62 2
-2 40 86
-23 58 20
10 66 37
-23 -58 22
-23 35 35
22 62 26
-23 -11 47
22 -57 -22
-23 -47 -31
22 54 -10
-23 -31 -77
-15 14 -88
-22 2 86
-15 -39 -87
13 -67 9
19 66 43
-22 66 -70
-29 -57 -106
22 36 -86
-2 -43 -86
22 63 -72
22 55 55
16 66 11
-23 18 32
-23 18 -52
-23 -2 63
-17 -67 -14
22 58 -36
22 -17 -58
-23 59 -31
-23 12 -74
-3 -67 31
-5 4 86
22 -43 1
-23 50 54
22 9 -80
-5 -67 50
-23 0 17
-7 66 -85
-15 -67 44
-15 66 -53
22 9 35
22 -1 12
-23 21 -40
-7 66 20
-2 66 -21
22 -11 8
-23 -16 9
0 66 6
-23 46 35
-23 42 69
22 -22 49
22 -56 52
-8 -55 -88
22 27 6
22 -41 72
-16 -32 86
22 -30 -29
-23 52 -67
22 -58 35
-4 -7 -88
5 0 -88
-23 29 -78
0 66 74
6 -67 80
22 65 -24
22 51 -82
14 -2 -88
-23 -46 84
-23 23 70
22 16 66
-12 66 38
-23 32 8
-23 -26 22
-23 -42 76
-15 51 -88
-23 -17 -5
-23 -31 79
22 -35 10
-12 -12 86
22 -15 -43
-15 66 -44
-12 44 86
-8 -67 -81
-23 -36 -1
22 31 -20
22 -31 -79
-22 20 -87
-15 63 86
0 -67 -82
22 -33 53
-23 -21 -65
-23 -55 37
22 0 -32
-6 -67 -51
3 -67 40
-1 52 -88
22 -25 -22
13 -67 77
10 27 86
22 -29 -11
-23 -10 22
1 -3 86
22 59 -59
-23 -26 68
14 18 -88
-2 -67 -14
-1 16 86
0 -32 86
14 66 -59
22 -25 66
-23 1 33
-23 -16 85
-23 4 -82
16 -42 -88
-23 -58 -47
21 -66 -50
22 15 2
22 -59 77
-8 -26 -86
5 -17 -88
14 -43 86
-18 66 -21
16 -67 -12
-23 -58 -87
22 60 79
8 -59 -88
14 -67 58
-23 58 66
-23 47 -59
22 -10 82
-23 -2 -29
22 49 -44
-23 36 -65
-23 -38 -65
14 -29 86
22 0 -65
-7 59 86
-5 -26 86
22 45 -10
-11 -67 -2
22 10 78
-23 -43 -55
-23 30 28
22 -30 -53
22 20 33
22 -51 -87
-23 37 -47
-6 31 86
13 66 -21
-17 29 86
7 66 27
-23 6 -8
22 -1 -77
-14 66 79
22 13 -55
22 45 -24
-23 57 -7
22 27 -13
22 1 -8
6 -14 86
22 29 -32
22 12 -66
-23 -1 -21
-23 -43 65
-23 -48 10
-23 13 -23
22 23 23
22 51 36
-23 -28 -51
22 25 -59
-23 -30 52
-23 59 8
-1 25 -88
22 3 28
-11 -67 34
-23 2 69
-9 -67 -68
13 15 86
22 43 72
22 27 -85
21 -66 -27
-23 59 -51
-12 -67 81
22 15 -10
-18 -67 -63
21 -25 -88
-22 -66 24
19 -63 86
22 -57 -63
-23 33 -40
22 38 48
22 34 14
-23 -17 70
-23 44 -14
-23 47 -74
-23 -25 13
-23 31 57
-23 -54 -58
-23 58 41
22 23 -78
-8 15 86
22 -52 -27
-3 66 -11
22 1 65
-19 -67 33
22 -9 -19
-6 12 -88
-23 4 -47
-2 -67 -41
-15 66 -66
-23 47 74
22 46 -71
14 -67 -80
-23 14 59
13 66 51
22 -32 -67
-23 -51 19
-23 -44 -38
22 -12 -87
22 -11 55
0 60 -88
22 32 -46
15 66 82
22 51 18
19 66 66
22 -40 -51
-23 -47 38
22 -51 34
-17 -67 -39
-23 -40 28
-23 -31 -84
-23 -6 78
22 -35 -6
14 44 86
-23 13 6
-23 55 83
-23 20 -68
22 -40 -19
22 46 31
-23 25 -2
-22 -66 -87
20 -67 -38
13 -32 -87
-16 27 -88
22 -66 65
22 -24 85
-22 -66 53
22 19 9
22 21 -51
10 -67 16
-2 66 -77
-23 1 56
-23 9 72
-7 66 3
22 42 -17
22 4 5
-14 66 13
6 29 -88
3 -67 19
22 0 -18
-3 -67 -6
-1 18 -88
22 -58 -50
22 -15 77
-23 30 -62
-23 15 -37
-23 -47 -44
5 66 52
-23 29 14
22 -53 -38
-23 29 -14
-23 -54 -20
4 50 86
22 27 39
22 44 13
22 -17 34
8 -59 86
15 -13 86
-22 45 86
22 5 83
-8 -40 -86
-17 -67 70
-23 -59 84
20 34 86
22 -43 -64
-23 38 -6
22 7 -46
-23 -31 -27
22 20 -43
-15 66 24
22 -48 7
22 -58 7
-23 19 2
22 -40 56
-4 66 -65
22 -7 17
-23 5 21
22 -48 -4
4 -67 -69
22 7 -34
-15 66 -11
-23 -52 -70
19 66 19
-23 18 39
22 -24 -79
13 -67 -71
-23 -7 -61
22 10 51
15 66 -72
22 47 82
-23 31 42
22 -52 57
-23 59 -70
-23 59 -81
-23 55 58
-23 -52 53
22 -58 -73
-23 -58 -73
22 54 67
22 42 -31
22 44 -39
-23 -25 -73
-23 -39 53
22 -16 69
22 50 59
-1 66 -53
-23 20 -17
-2 39 -88
-15 66 -79
5 -67 -4
-7 -13 -88
15 -67 -4
-23 12 18
-17 66 33
22 -11 -27
22 58 -68
0 66 82
16 66 -43
-23 -46 -82
22 32 61
22 23 -68
-1 66 14
-23 5 46
22 -6 -69
22 -2 -58
-23 -27 -22
-9 66 52
22 -3 42
22 58 34
11 62 86
-23 35 -32
22 -37 -36
-23 46 14
-23 -18 -34
-4 66 27
22 -17 10
6 -45 86
-23 -5 -71
22 -62 -13
-23 5 -17
-7 -67 -28
9 -67 -50
16 -37 86
22 -38 -12
-23 -20 2
19 -50 86
22 -18 23
-23 0 8
-23 44 49
22 -62 50
22 -44 -74
-23 -57 73
4 66 40
-23 6 -40
-7 -67 -37
22 53 49
-23 44 62
22 19 -36
22 -41 26
-23 -24 -38
-23 60 -41
-23 -24 42
-23 38 3
-22 66 -87
-22 66 47
22 60 -51
-17 -55 -88
15 -9 -88
-6 -67 83
-5 -49 -88
-22 -66 -18
15 -2 86
22 -17 -73
-23 -43 -12
22 -33 38
-23 -58 -33
22 25 80
22 30 72
16 66 57
-23 -32 37
22 25 55
-23 -11 -48
4 -67 3
0 23 86
-3 -67 10
7 -67 -31
1 -67 -21
-23 32 -8
-10 36 -88
13 66 -3
-4 -67 72
-8 50 -88
22 -56 -6
-12 -67 62
-5 66 35
22 -5 -3
22 63 -9
-23 15 66
-23 -62 10
22 61 69
-23 52 -82
8 -28 86
6 66 -51
-6 66 77
5 -67 26
-23 -29 -13
-23 -60 49
13 39 -88
22 -29 -44
-23 22 77
22 -46 41
22 50 -28
-19 66 -28
-23 -15 54
14 21 86
22 29 -72
22 17 72
-23 39 -84
-23 -32 -34
-23 -17 -56
22 -40 65
-22 66 -55
7 66 -87
-23 -35 6
-23 28 65
22 -22 16
-23 25 -27
22 -15 3
9 -67 71
22 -6 28
-23 6 -66
-23 -3 -78
-11 -67 -22
22 -10 -81
-23 -26 28
22 18 49
1 -58 -88
22 33 6
22 -23 -44
-23 14 53
-23 32 -21
22 -58 -83
18 -67 4
-18 66 70
-23 64 12
-9 -66 -87
21 -66 71
-23 -40 42
-23 -31 65
-23 -47 70
-23 24 56
22 2 -82
22 -2 70
22 -40 6
-12 53 86
22 -36 80
-3 -57 86
6 66 3
6 66 -33
-12 -39 86
-6 66 62
-23 -7 -17
-8 -1 -88
15 -58 86
22 42 79
-23 -36 22
-23 53 -37
-23 -54 27
-23 51 -52
-23 40 -56
22 48 24
-23 -61 -41
22 33 34
8 -67 46
-23 45 -28
16 -67 14
15 -67 -61
-23 22 -33
22 -51 49
22 34 -58
22 -21 80
11 49 86
1 5 -88
-16 -12 -88
22 -21 -1
1 -67 56
-23 -12 -29
-23 -17 -18
22 -15 -17
-15 66 64
5 66 -64
22 -8 -55
-12 -54 86
-23 18 82
22 57 23
22 35 -73
-23 48 -40
-23 23 42
-23 -42 -27
