13 -19 -18
46 99 65
-74 91 -41
46 -96 66
-73 -96 -42
42 6 66
15 73 -18
-72 -1 -41
-3 -96 0
63 -43 24
-31 29 3
-31 -49 -58
67 52 27
-31 47 -58
3 -47 35
9 56 40
-34 98 1
-38 -39 -3
52 -96 14
31 27 -3
1 3 33
44 99 15
-22 -96 -45
-23 0 -49
40 -42 66
-73 -49 -37
63 4 24
-70 45 -31
-22 91 -44
28 -61 -6
0 99 31
-47 -82 -10
44 53 66
10 -89 42
0 35 -30
-2 -59 -32
-19 65 15
-49 -82 -68
68 -75 44
-49 81 -69
-48 -1 -12
71 88 40
-20 -67 14
41 -18 6
-52 18 -65
-46 62 -10
-52 -21 -65
41 62 5
61 -20 51
-22 -12 11
20 -18 50
62 28 50
-3 99 -6
19 25 49
-10 -27 -39
28 -94 -8
29 -70 58
-6 32 26
25 77 54
-61 53 -59
3 -95 -30
-10 61 -40
12 10 -20
-58 -29 -21
-54 91 -20
-52 27 -16
51 -67 13
52 30 15
27 98 -7
37 -96 39
29 99 37
-58 -53 -59
-29 -96 5
-15 -38 18
-65 -72 -27
-48 -96 -36
63 64 50
20 -96 17
-22 -96 -20
-9 -92 24
1 92 -31
61 -46 52
-19 -71 -48
-70 24 -45
-67 70 -28
21 48 -12
-29 -24 -55
-1 -22 31
42 -43 7
14 -44 -18
31 2 -3
-25 25 -51
-50 -57 -13
-69 -27 -47
-16 12 17
69 -96 30
66 -19 27
-7 11 -36
53 -70 61
-3 75 30
21 -45 51
42 -18 66
-29 71 -57
-46 91 -45
59 73 21
-22 99 -20
-67 -75 -51
-2 -70 30
18 99 14
13 -73 -19
-18 92 16
38 29 66
60 3 51
-32 6 2
51 99 43
43 76 67
63 -95 51
25 49 55
-32 52 3
-40 -3 -63
-65 76 -55
47 4 10
-36 -97 -62
68 29 29
13 -65 44
27 -92 56
-1 -10 -31
-37 -16 -2
-61 9 -25
-59 0 -58
16 3 47
-43 61 -68
-34 75 1
-15 -47 -43
-6 53 26
67 -64 27
-36 -68 0
28 -28 -6
12 89 43
59 85 56
14 30 -18
-63 -93 -24
-61 -96 -58
41 83 4
-48 37 -67
61 97 23
36 -79 1
3 55 -28
-38 -65 -65
41 42 5
-72 61 -44
-34 91 -61
28 98 56
-14 43 -43
-45 -41 -67
-44 42 -9
70 -34 39
0 -40 -30
7 37 38
-37 91 -27
62 -81 23
-18 45 15
-60 -10 -24
71 69 34
-6 -77 -37
54 -28 16
64 45 48
-57 52 -19
-40 -96 -19
-9 80 -40
29 -5 58
28 69 -6
13 99 -18
-1 99 11
-25 -50 9
-30 -80 -59
54 57 16
-35 14 -60
69 -8 40
69 14 40
-62 -51 -24
11 -33 41
-21 -84 14
-11 -4 22
29 -30 58
28 13 57
9 -11 40
-61 31 -58
55 -11 17
-65 29 -27
-8 -53 24
-59 91 -59
8 -96 -13
70 -51 39
40 -60 66
-71 -17 -34
33 64 62
51 40 57
50 -84 53
52 -96 32
-57 -37 -57
42 19 6
-43 14 -8
-12 26 -40
13 71 44
27 -45 -7
-70 42 -47
2 74 -30
-45 84 -8
52 22 60
41 -81 67
5 18 36
51 -31 62
-15 -12 -42
50 -6 61
20 -7 -12
-73 -65 -38
8 -96 28
16 -96 2
-71 -33 -33
40 -59 4
40 -96 3
-52 -42 -15
-74 -81 -36
-12 -21 20
52 86 14
15 99 30
-56 74 -18
36 -96 23
-17 28 16
-33 -96 -35
-56 68 -64
-35 29 -61
-29 -29 5
-48 -96 -52
23 -96 33
-48 -22 -13
-14 -96 -33
-21 55 -50
47 -82 10
24 -80 -10
63 -63 50
16 -59 -17
-13 95 -33
4 -96 14
-4 -37 28
24 84 -11
-50 -96 -67
53 64 61
-20 -34 -47
51 -51 62
2 21 -28
-55 -71 -17
3 -26 -27
-34 94 -13
19 -81 50
33 52 -2
-6 16 26
-57 91 -34
-6 -96 -16
-22 78 13
61 18 22
58 43 20
-70 16 -33
47 99 29
31 99 22
-68 -58 -50
56 -54 18
31 99 6
-42 28 -7
-31 -81 4
-69 84 -29
-17 99 -5
65 99 47
-40 -94 -4
-37 -53 -2
-15 -96 -6
-55 -66 -64
-65 -14 -52
67 83 27
10 85 -23
30 -54 59
43 -96 53
22 20 -11
-63 18 -55
15 99 -1
-73 77 -44
34 85 63
41 99 52
9 42 -22
-15 -84 -46
-12 -75 21
-7 88 26
29 35 58
-25 18 9
71 41 35
-60 -83 -60
-4 99 -20
-31 -11 -56
-28 -63 -56
-17 14 -44
49 70 12
-34 -36 -60
16 46 46
-39 -19 -63
20 60 50
70 56 39
0 62 32
6 -77 37
-12 -60 -42
40 -5 4
13 60 -19
-35 -96 -48
-61 -96 -38
53 -41 15
29 -14 -5
10 -5 -21
11 -87 -22
-67 -43 -47
56 98 57
53 9 59
4 -74 -28
-19 79 -49
66 77 46
-47 -56 -68
-29 65 6
-25 38 -52
69 99 34
-67 7 -50
-54 -94 -16
-5 49 -35
2 5 -28
0 -86 32
37 -31 2
3 86 35
21 -96 46
7 -54 -24
-51 -8 -65
69 -21 39
-9 67 24
-41 48 -67
18 99 48
-73 34 -38
-36 77 -64
20 -32 50
-10 -1 -38
12 -50 43
-38 -3 -3
26 38 -8
-10 -96 9
-27 90 8
62 -32 50
19 -32 -13
-20 0 14
-61 41 -24
22 6 -11
69 -88 43
5 -59 36
-69 -88 -50
-38 -86 -66
-33 91 -39
28 -96 4
67 -32 27
0 -10 32
51 15 14
-68 58 -29
61 -78 53
37 41 65
31 14 -3
-20 -28 13
70 -78 32
-6 -89 -38
-67 91 -51
58 73 56
2 48 34
60 -95 22
70 -64 40
-63 64 -56
59 17 53
-7 99 21
-58 42 -61
-44 -70 -8
68 -8 28
-35 41 0
46 53 9
50 53 57
-21 -96 14
55 -93 60
-13 80 20
-11 -64 21
-26 39 7
-23 55 11
-31 -96 -12
35 -50 0
-40 -28 -6
51 87 64
-59 -61 -21
-28 -60 7
42 18 66
59 -8 52
-23 -17 -49
-58 63 -20
-68 -59 -30
62 -96 40
-59 -83 -20
-21 66 -50
39 9 4
-21 -57 -49
21 -59 51
-6 -47 -35
-45 -48 -9
70 3 37
-52 54 -66
-47 7 -67
-23 -44 -51
22 88 52
-31 3 -56
-34 17 0
-53 40 -16
-59 20 -22
32 80 -3
41 -30 66
-9 99 3
39 30 4
42 -70 7
8 98 39
21 62 -12
66 63 26
-66 -41 -28
21 -68 -13
-34 62 -61
-25 -88 -54
34 92 -1
-18 -56 15
7 -22 38
-46 91 -67
68 -52 28
68 13 29
-25 12 -51
-23 92 -32
35 -89 64
46 -30 9
-38 65 -2
-60 -27 -58
-47 73 -10
7 99 23
-51 -32 -66
-41 54 -5
18 -92 -16
-29 -8 5
18 14 48
29 -41 58
-19 99 8
53 -96 46
19 35 49
-44 25 -67
59 -68 20
-34 86 1
28 -17 57
-10 -38 -38
21 -7 51
-29 82 -58
-49 -96 -25
-26 -39 8
-53 10 -17
7 -65 -25
34 52 63
-68 2 -31
48 -54 11
69 29 41
49 -18 12
-66 -4 -50
-44 -11 -9
56 -61 57
-5 70 -36
9 -36 -22
-38 -51 -65
-71 -96 -31
38 72 2
-11 42 21
48 -8 11
49 43 12
-8 6 24
-45 71 -69
-25 91 -55
44 -70 66
-48 -71 -68
51 -17 61
-58 79 -62
-38 39 -64
5 99 1
8 99 -9
-68 -84 -29
33 -96 49
10 11 41
5 -16 -25
-27 -72 8
-27 -19 7
31 -96 15
35 -68 0
-15 56 18
55 -85 17
38 99 34
23 -54 -10
-39 -80 -3
-52 -13 -16
-2 83 -34
11 28 42
-52 -48 -66
60 54 53
-8 39 -37
-63 91 -25
-66 -25 -29
-1 25 31
56 3 18
55 -39 58
19 -71 49
36 95 64
-49 51 -13
6 99 -25
5 74 36
-47 -33 -11
41 98 5
-54 29 -64
-12 -96 -43
33 38 -1
3 -35 35
-59 -96 -48
37 -7 65
45 36 66
50 -84 64
15 -25 45
-43 91 -57
-36 91 -51
-71 12 -43
42 62 67
47 72 59
27 -80 56
-12 90 -43
-74 69 -38
10 19 -21
26 23 56
-58 9 -59
-61 -73 -59
-41 92 -5
-68 55 -50
26 3 55
-59 91 -43
-32 -96 -25
-2 -96 31
70 -43 32
6 32 -24
-3 -60 29
-16 4 -43
31 74 61
-60 -19 -23
59 33 21
59 83 21
17 40 -15
31 -38 -3
32 -86 -3
-56 -2 -19
59 -21 20
20 95 -13
53 99 16
-68 -9 -31
-53 83 -15
-42 -29 -66
46 91 9
-13 99 -24
57 32 56
-73 53 -36
-41 91 -19
71 78 37
65 -41 46
22 -18 -11
-28 58 -56
-70 -17 -45
-6 -82 26
-72 25 -36
46 34 9
47 79 10
33 19 62
69 -86 29
-41 -61 -5
-27 -36 -53
-19 33 -46
7 -1 38
-25 9 8
-59 -17 -59
17 -96 -8
48 -96 22
-62 78 -24
-32 -44 3
70 21 35
-4 -18 -33
0 65 -31
27 57 -7
40 -86 4
-71 -68 -46
59 -36 20
14 49 -18
-49 91 -27
42 87 67
-5 25 -34
4 -84 -28
22 72 -12
-13 -75 -43
-71 -36 -44
26 59 56
27 -96 25
-61 -63 -58
34 3 62
52 -75 51
61 -4 22
-55 -89 -65
-52 91 -53
65 90 48
-10 99 13
-67 31 -51
27 -71 -7
-69 68 -49
1 40 32
43 -96 14
-63 -34 -51
37 -52 65
-74 83 -37
59 -69 55
33 -7 -2
34 -78 63
68 67 43
65 -53 46
-10 -44 22
60 52 21
61 99 33
65 0 44
7 66 38
-64 46 -55
-35 -73 -63
-8 -96 -25
-42 15 -66
-6 -15 26
0 -96 -9
4 -93 36
-69 82 -50
-51 45 -67
-53 1 -64
-50 17 -14
15 -5 45
48 -43 64
-9 24 23
32 -63 61
-64 51 -26
-31 94 -21
9 82 40
60 -87 55
65 -72 25
-11 -29 21
66 43 26
55 -75 17
-58 -38 -21
-5 -68 -36
70 -27 33
-35 -88 1
-14 -86 20
63 36 49
-15 70 -45
-28 81 7
-24 -9 -50
18 82 -16
-42 -96 -43
44 -96 30
-24 -96 -36
-3 -45 29
-46 -92 -9
-16 -22 -43
10 -96 -24
-16 -46 17
-41 -96 -68
13 -73 43
-47 7 -12
-16 37 17
-24 27 9
24 69 54
7 -45 -24
5 -68 36
13 62 44
-21 -75 13
-10 99 -11
49 -60 63
71 -95 40
0 45 -30
-14 -96 19
-71 50 -44
-73 -87 -43
-5 94 -36
68 92 29
33 99 48
20 29 -12
-23 -78 -52
19 99 37
9 75 -24
-4 -33 -33
10 45 40
-52 58 -15
39 53 4
-62 -1 -25
-13 54 -42
-22 45 -50
-55 -96 -31
-29 99 -8
9 -96 7
66 73 26
-28 -96 -53
-35 -58 -62
55 -1 56
-5 -96 16
-31 -91 -60
65 -26 45
33 -24 62
16 -39 47
42 99 42
-72 91 -33
-49 91 -11
-72 -26 -37
-55 86 -65
47 28 64
-40 79 -4
16 3 -16
47 -78 60
55 22 17
-43 -13 -66
-58 23 -60
0 13 32
-14 3 19
7 99 13
51 78 63
70 -15 33
-64 86 -56
-51 68 -14
59 42 55
35 99 13
-25 -70 -54
-27 -96 -5
30 -96 42
17 -88 47
-40 37 -5
-38 6 -62
-52 -40 -64
-63 -49 -51
23 99 3
-72 -73 -34
24 41 54
-8 -9 -36
-27 0 7
34 -14 63
-54 -52 -17
-26 -88 9
-20 -19 14
46 -91 9
-29 30 -55
16 -12 -16
16 16 -16
0 14 -30
61 -60 22
18 83 48
5 29 36
-19 -5 -45
64 14 47
-2 -84 -33
54 67 53
36 -69 65
-14 71 19
26 -3 -7
-56 -77 -64
57 -25 55
48 46 65
68 48 42
28 84 57
-53 -84 -14
-27 99 7
-73 61 -34
35 20 0
0 -49 -30
6 -85 37
-58 -45 -57
-67 -49 -29
47 2 64
-68 35 -30
17 -80 -17
23 -39 -10
-55 -22 -18
32 63 -2
-38 9 -3
31 -22 -3
-49 33 -13
-52 -31 -16
30 -54 -4
-59 31 -22
-10 18 -38
27 99 30
-73 -88 -33
31 43 60
-13 35 -41
-14 -13 19
-18 20 15
5 83 -28
9 65 -23
18 -96 9
-43 91 -38
-22 -96 -28
-41 -96 -27
-73 -57 -40
70 61 32
-24 69 10
-39 87 -67
0 -96 22
17 -96 29
-35 55 -62
31 -96 31
-67 -95 -52
37 -42 2
-3 99 -29
-18 21 -45
34 -95 -2
13 -52 -19
24 -53 54
-70 -9 -45
71 -84 36
71 -57 33
-2 -2 -32
-31 -52 4
-65 -32 -28
31 -78 -4
52 77 15
10 -80 -23
62 -53 23
46 -11 65
-40 46 -4
-34 -60 2
5 -4 -26
47 -61 10
-3 -96 -35
56 92 18
9 -26 -22
-24 -26 -50
-65 -68 -53
-10 -18 -39
-29 -96 -42
26 -63 56
38 -96 66
11 -96 15
-13 -96 -17
32 -97 58
7 -96 -6
63 -26 24
71 48 34
-15 -96 4
27 99 13
15 92 -19
-51 91 -40
47 -38 10
-35 -29 0
46 12 9
-12 31 21
-65 -22 -53
46 25 9
3 -16 35
16 -13 47
-73 -41 -36
-16 62 -45
19 75 50
-3 83 30
-18 99 -13
27 49 -7
-65 91 -35
-72 74 -33
57 24 55
52 99 50
-55 -59 -64
-56 61 -64
18 55 -14
16 99 -9
70 -70 32
-66 91 -43
61 -12 22
11 20 42
-1 -29 31
-4 -26 -33
12 -57 43
-50 -96 -43
55 67 17
-18 91 -37
-9 -83 -40
-28 -3 -54
-46 -90 -69
1 99 -13
63 89 24
-32 -36 2
37 1 2
-65 -15 -28
1 -54 32
8 -40 39
-68 16 -48
-6 0 26
62 -97 29
25 -26 54
-64 16 -27
29 87 -6
-18 84 16
-68 23 -30
-54 -96 -56
15 -28 -17
-50 -75 -13
33 -37 62
33 -45 62
-31 88 -31
-30 23 -56
1 -66 -30
53 47 16
-12 50 21
48 15 64
48 -73 11
66 -14 44
-15 -38 -43
-70 -67 -31
-40 -79 -67
50 57 63
-51 73 -67
64 -73 49
-39 67 -66
39 99 27
55 -12 57
-64 -88 -56
65 57 48
13 -96 40
45 -54 66
62 80 52
40 70 66
14 -96 22
-45 -96 -58
55 -46 58
49 -23 63
54 99 36
-36 26 -2
55 99 25
-60 -73 -22
-20 -90 -50
-5 59 -35
-66 38 -52
60 -53 53
26 16 -7
65 -80 48
-65 24 -52
70 33 34
-20 85 -50
-34 -96 -1
-20 97 -26
-24 76 -53
-6 44 26
-8 77 25
67 22 43
12 39 43
26 -86 -9
-36 -42 -62
8 92 -25
48 59 11
-72 -8 -38
-24 45 9
35 44 1
-15 -67 -44
-36 -13 -61
7 48 -24
-30 13 4
-57 -7 -60
-7 -74 26
-7 32 -36
15 -66 -18
4 -96 -20
-25 -52 -52
-56 -96 -63
-38 -96 -10
68 96 42
64 -7 46
-12 91 22
16 55 47
32 30 61
-48 -65 -11
-65 -65 -26
62 58 23
-28 98 -16
-61 71 -59
24 99 19
42 -1 66
-73 43 -41
-31 -42 -57
56 49 58
62 -88 23
51 -2 14
36 -17 1
9 56 -23
55 37 17
-26 -80 9
-62 -97 -30
-6 -56 -36
-4 4 -33
-21 -38 12
-32 -1 2
0 32 32
-20 7 13
-3 7 28
0 28 -30
-48 24 -12
68 40 42
26 25 -8
24 -38 54
34 -57 0
58 9 53
56 12 18
46 67 63
-64 2 -53
27 79 -7
-4 66 28
-34 -3 -58
