209 161 119
8 91 155
90 161 98
142 96 157
246 91 157
10 152 100
56 95 99
185 96 98
51 160 157
145 161 141
120 100 98
79 102 157
246 115 99
246 147 156
194 103 150
8 102 105
100 154 155
8 140 149
166 155 98
187 155 157
52 154 114
242 154 98
44 103 140
218 95 120
153 95 120
128 154 105
88 95 120
239 119 136
111 103 145
24 161 130
75 161 135
175 161 128
106 161 125
216 161 152
240 157 128
8 129 121
246 90 127
181 95 126
34 95 115
222 103 152
194 154 98
168 95 150
125 95 124
23 161 156
15 112 140
125 160 157
9 89 128
241 90 99
64 103 124
34 160 98
239 134 116
161 102 98
79 103 98
15 126 98
209 103 98
162 154 157
219 159 98
148 154 118
75 154 157
30 96 157
126 154 132
246 117 157
199 154 139
74 154 113
57 96 157
53 154 136
141 95 98
239 109 118
107 103 114
90 95 141
140 103 136
197 103 116
9 121 157
110 160 98
146 161 98
10 151 120
208 103 135
246 140 138
26 95 138
245 134 98
70 95 141
25 97 98
221 154 133
100 96 98
60 160 98
234 160 147
229 103 134
187 154 115
246 103 142
230 153 113
227 103 105
164 103 133
125 103 157
36 154 145
15 111 122
98 99 157
174 103 111
142 154 157
89 154 126
26 154 113
162 154 139
13 156 143
239 132 152
114 161 143
15 139 133
92 161 141
41 161 126
138 103 113
167 161 113
106 95 130
51 103 113
41 103 99
98 154 111
154 103 147
121 161 118
182 155 141
126 95 141
15 105 156
181 103 141
203 154 157
70 95 111
8 127 141
64 161 148
245 150 115
208 98 157
14 90 112
8 137 106
80 103 131
47 95 126
181 102 157
195 95 131
8 98 141
75 157 98
8 119 109
195 161 125
246 96 113
43 103 155
11 153 157
239 104 156
246 122 120
181 161 101
204 161 105
174 161 152
66 154 127
161 154 124
34 103 128
241 89 144
133 154 145
12 91 98
227 154 157
48 154 100
121 103 112
39 161 111
155 154 106
56 95 140
89 95 106
133 154 120
166 95 121
15 112 98
37 159 157
103 154 137
112 95 157
22 95 124
86 161 154
153 95 135
111 154 109
211 161 137
207 95 109
85 161 114
219 95 139
111 161 156
239 123 109
63 161 114
246 108 129
138 161 110
231 95 118
150 103 107
194 161 148
15 123 130
20 160 98
8 102 129
239 130 129
185 95 114
226 161 122
238 102 98
217 154 111
118 103 131
172 95 101
140 154 131
237 150 139
140 95 124
198 95 99
66 103 99
96 103 130
25 103 109
33 103 146
239 142 107
153 161 131
20 95 150
130 95 104
239 144 128
155 161 149
47 161 146
68 95 153
80 103 143
246 123 147
15 139 119
135 103 147
206 95 126
161 95 110
219 95 98
172 95 139
206 154 129
24 161 143
231 95 148
233 160 101
32 154 123
15 130 151
113 154 131
83 154 145
157 97 157
18 159 119
56 161 124
184 154 128
207 95 145
13 156 130
17 148 109
79 103 112
102 95 145
99 154 98
73 95 124
15 110 110
145 95 146
174 154 119
8 110 149
239 111 146
8 146 139
123 161 98
62 103 147
120 154 149
96 103 112
15 129 110
192 161 107
43 95 107
216 103 111
8 114 131
56 154 149
223 154 145
62 161 137
64 154 106
231 161 136
238 158 157
190 95 143
15 140 98
8 101 118
64 155 157
86 95 151
202 154 114
173 154 107
129 103 131
246 106 108
96 161 120
134 160 98
72 154 145
246 132 109
246 128 137
60 95 114
111 95 107
38 154 133
18 103 135
173 161 139
87 154 106
141 161 124
74 160 121
206 161 147
139 161 150
101 161 147
239 141 146
237 95 133
47 95 147
41 103 118
15 139 157
192 161 135
239 125 98
191 96 157
157 161 98
179 95 148
104 161 107
178 161 113
20 152 150
187 103 121
98 95 122
223 95 130
109 102 98
115 95 139
189 103 107
54 103 129
223 161 107
53 161 106
90 103 98
88 95 130
112 95 120
13 89 138
155 103 127
236 103 126
65 95 131
15 121 116
234 95 106
165 102 157
243 154 148
239 108 136
15 117 150
8 131 132
170 154 146
133 161 134
160 95 144
215 154 123
246 138 126
184 161 149
16 158 109
37 95 140
64 103 109
8 143 128
95 103 147
209 154 100
157 160 118
27 161 105
239 117 125
18 103 102
175 103 131
145 154 148
34 154 105
246 136 157
246 115 110
200 103 141
30 154 153
189 103 133
132 103 122
123 161 108
36 103 107
246 100 124
235 160 118
45 154 152
198 103 106
152 155 157
50 154 126
240 91 119
81 161 105
109 154 120
132 95 157
19 103 117
15 136 143
151 95 101
40 154 117
216 103 130
121 103 145
142 154 105
8 100 152
239 122 153
73 95 98
98 161 133
23 153 137
223 95 109
128 95 114
85 161 132
77 161 150
38 95 150
225 103 120
104 103 138
245 148 134
231 153 127
32 161 136
21 153 126
133 102 98
8 119 99
153 154 139
158 103 116
246 145 101
164 161 130
201 161 133
77 95 148
246 94 137
50 103 101
108 154 148
185 161 122
230 98 157
15 103 147
117 95 148
105 103 124
239 129 143
8 112 116
246 121 130
127 161 145
122 161 137
47 161 118
8 143 114
79 95 137
166 103 145
79 95 106
207 103 120
135 95 132
215 95 151
147 103 120
227 103 143
194 95 110
146 103 152
98 154 125
239 111 105
92 154 149
60 103 136
42 161 101
192 103 99
213 154 143
81 103 122
8 121 125
213 154 157
177 102 98
52 103 150
143 95 110
89 103 156
38 95 124
118 161 128
89 154 136
246 98 152
183 95 135
71 103 148
102 95 107
30 95 105
196 161 116
171 155 157
126 95 150
8 132 156
236 150 104
164 161 149
43 103 130
22 153 103
144 95 132
213 103 143
246 135 146
105 103 153
148 160 108
170 95 130
206 103 150
170 154 131
246 114 137
200 154 148
227 154 100
121 154 113
63 102 157
174 103 151
172 103 121
32 161 118
55 161 143
246 98 99
56 95 124
16 148 131
219 161 117
219 161 128
230 95 139
245 150 124
242 89 109
239 144 118
117 154 98
26 103 153
236 103 111
236 103 147
98 95 134
191 154 144
185 154 98
82 154 120
200 95 150
60 154 120
117 103 154
24 103 130
8 108 137
29 103 117
230 98 98
179 95 105
129 154 152
129 161 123
246 110 152
238 158 110
120 95 105
139 103 104
24 103 144
11 113 157
246 113 122
174 95 157
124 154 122
179 154 150
72 103 128
160 95 128
8 137 139
200 154 105
161 154 114
204 95 135
73 103 137
89 103 136
44 154 109
196 103 126
8 117 141
19 95 109
222 161 138
49 103 122
15 95 118
174 95 116
88 103 111
158 103 106
32 103 136
239 119 116
169 161 105
104 161 116
115 154 157
246 139 116
33 161 128
137 103 156
245 127 157
158 161 141
246 146 147
200 160 98
246 125 103
8 93 105
181 161 135
70 161 110
213 161 106
119 103 123
198 154 130
107 103 106
119 154 141
239 135 136
15 144 150
70 161 155
8 111 105
166 103 113
198 95 122
64 154 142
8 123 149
234 152 150
85 161 123
85 154 98
244 152 107
158 154 148
83 154 157
9 90 145
8 92 120
111 161 135
94 161 157
238 158 140
69 161 130
48 95 118
72 103 120
8 130 101
239 113 155
222 95 157
53 161 132
15 95 157
15 130 125
239 133 103
169 161 122
45 154 143
19 151 117
113 161 106
79 95 116
29 95 149
157 103 139
246 130 123
130 103 108
229 161 153
50 95 134
17 103 125
56 154 103
161 161 107
15 119 103
221 154 152
39 154 98
237 149 112
94 161 109
53 103 142
53 95 110
15 128 138
177 155 98
238 95 152
197 154 120
209 161 157
66 95 104
177 154 135
70 154 134
216 102 157
150 154 130
11 102 98
17 149 142
39 161 140
209 95 117
221 103 137
106 154 103
33 161 150
80 154 134
47 95 157
149 154 100
238 148 156
98 103 101
37 96 98
192 161 156
215 95 107
58 154 129
136 95 144
163 95 101
188 154 105
147 161 155
15 94 131
149 95 153
126 95 132
153 103 98
139 154 113
239 140 157
194 154 113
147 103 141
30 95 128
59 95 149
94 95 115
189 154 134
189 95 124
136 161 157
8 142 157
8 130 113
200 161 155
15 110 130
179 159 157
10 152 112
222 95 147
162 103 124
130 161 111
59 161 154
107 95 150
222 161 157
143 161 116
117 95 114
15 140 111
19 159 148
26 95 114
72 103 105
239 142 99
213 154 135
211 161 127
15 123 145
73 95 131
239 119 145
107 154 156
116 161 150
30 103 101
121 95 156
36 103 154
86 161 146
82 154 112
153 95 112
113 161 118
65 95 121
213 95 131
133 154 137
8 96 133
8 138 122
144 103 98
116 103 104
92 95 99
204 103 128
216 103 122
180 154 111
208 154 149
117 95 129
209 103 106
246 140 107
143 154 139
227 154 120
102 161 156
9 149 147
233 95 126
8 144 103
66 154 114
15 133 101
246 109 115
159 161 156
18 159 137
207 154 108
17 148 98
8 95 113
168 103 106
180 103 124
89 103 122
136 103 129
15 121 137
68 159 98
41 103 148
239 143 135
225 103 112
238 95 113
239 118 101
75 154 105
8 109 125
117 154 125
185 161 109
137 154 151
132 154 128
72 103 156
196 102 157
58 103 98
53 159 98
91 154 114
230 153 138
209 95 100
43 103 109
98 103 120
217 103 98
17 95 141
141 161 132
223 161 147
239 137 124
102 154 117
219 154 103
18 95 100
242 89 133
209 161 99
102 161 98
236 151 132
201 102 98
194 154 156
113 103 137
54 161 113
200 95 143
145 95 118
31 154 139
191 154 125
81 95 128
239 111 130
150 95 128
246 114 147
94 154 131
75 96 157
28 154 130
104 96 157
191 95 102
18 150 157
204 160 125
246 103 134
15 118 125
107 95 139
84 103 150
181 103 105
115 95 100
25 154 144
81 161 141
234 152 119
26 161 113
209 154 119
16 158 156
242 109 98
8 106 157
79 154 151
94 95 152
15 143 125
231 161 111
77 161 114
158 154 98
92 161 149
200 161 140
246 123 113
38 154 152
202 95 116
168 95 107
156 95 150
140 154 122
69 154 152
147 103 133
60 103 117
246 134 132
96 154 139
39 154 126
43 161 133
128 103 139
69 161 139
128 103 148
82 95 99
170 103 136
215 161 145
45 161 154
172 161 98
228 161 130
56 154 157
135 154 101
22 98 157
138 95 151
9 150 133
245 89 150
14 91 151
49 95 99
206 154 138
189 103 141
239 127 116
246 95 145
106 103 131
165 161 137
110 154 138
130 161 104
63 161 107
58 95 131
213 103 150
39 161 118
15 103 111
225 95 101
15 127 157
128 155 98
117 154 105
203 103 112
246 104 157
8 133 145
183 95 143
160 103 151
56 103 109
53 161 150
126 154 145
92 161 129
130 161 152
191 160 98
104 161 137
136 95 107
45 95 141
239 130 109
99 154 147
143 103 126
151 161 124
107 154 126
129 103 115
167 161 157
189 161 129
52 102 157
141 154 98
39 96 157
30 159 157
157 154 133
118 161 157
108 161 147
211 95 139
77 154 140
184 103 113
184 95 153
166 154 109
200 96 157
107 95 116
62 161 129
154 161 105
34 161 105
62 154 98
15 143 104
246 142 152
237 95 98
162 95 137
114 103 116
186 161 143
98 103 140
141 103 145
47 154 119
8 124 115
173 95 123
15 132 117
87 103 128
138 95 117
125 103 125
239 124 127
239 126 134
8 117 151
234 103 104
155 154 119
242 154 135
223 101 98
241 156 117
15 137 150
51 154 107
113 103 126
69 154 120
8 104 143
170 103 128
66 103 133
15 132 132
177 95 132
239 113 139
164 96 157
225 154 107
170 161 146
171 103 99
14 157 100
239 91 127
158 161 124
14 90 104
164 161 99
246 99 107
128 96 98
189 161 114
173 95 145
172 154 139
59 154 113
24 103 137
227 103 127
32 161 144
15 111 148
32 154 98
188 154 151
246 91 120
246 130 152
146 155 110
153 103 156
108 95 99
33 154 113
150 158 145
64 95 140
221 103 144
25 161 149
246 129 116
8 125 131
37 95 133
10 151 127
26 154 119
239 113 113
189 95 131
194 95 148
53 103 135
146 103 113
223 154 125
28 161 124
62 154 134
195 95 137
124 160 130
204 161 112
165 154 150
246 110 103
96 95 107
246 143 122
246 143 130
243 153 156
125 103 101
13 89 123
214 161 113
202 95 105
138 103 122
92 95 126
246 93 105
51 159 139
16 146 116
92 155 98
115 161 113
132 161 117
131 95 120
88 161 108
246 120 141
203 103 156
180 95 118
58 103 153
239 130 122
8 98 124
15 136 128
81 154 103
184 154 121
31 95 143
233 103 141
230 103 149
225 95 115
50 155 146
245 149 140
13 156 150
238 148 145
202 154 98
238 95 143
98 161 141
25 156 98
116 161 100
168 154 120
84 96 157
98 154 104
13 156 122
231 153 144
9 96 157
178 159 147
14 156 115
41 154 157
90 156 157
52 95 153
234 160 131
20 160 104
68 161 122
219 154 117
8 103 112
37 95 104
228 154 132
140 161 139
183 103 147
155 95 142
225 161 115
106 95 122
132 95 139
128 161 139
15 113 116
175 159 122
70 154 100
38 103 138
111 154 100
140 161 101
122 161 148
118 154 118
227 161 99
239 104 141
151 161 137
123 95 118
175 161 107
73 161 105
184 103 99
215 154 149
69 103 112
135 95 101
125 95 109
41 95 119
246 106 120
8 147 108
246 145 111
113 103 109
226 95 152
91 103 105
