49 -5 -38
-108 40 30
-103 -57 -39
107 40 32
-8 39 31
108 -57 19
-36 -5 -38
-109 20 -44
112 20 -35
-108 -27 19
50 15 21
103 -41 -39
-55 3 19
3 -15 13
96 -9 5
-83 -8 -17
7 -7 -30
-68 40 28
-109 19 -4
87 -9 -32
36 -9 -4
-108 -21 -39
-102 -50 -6
27 40 26
-33 -9 -4
-89 5 19
64 -15 13
84 18 23
-18 9 21
108 20 3
18 11 21
-38 37 25
105 -45 -9
65 39 31
-64 -12 -39
64 -9 -14
108 -29 20
-105 -9 -1
-104 -58 19
-59 -7 -7
-74 -15 14
-7 -6 -8
105 -6 -17
108 -16 -39
107 5 22
27 -14 -39
-108 19 20
-89 29 26
-15 -15 -39
36 -2 18
-89 -8 -39
-19 -12 14
-105 -6 -24
14 -9 -5
86 39 28
-69 19 22
108 -57 -27
-103 16 -24
102 16 -17
-45 -15 13
0 20 24
84 -9 -12
-39 17 22
-108 -3 18
102 4 -39
70 4 18
-50 -9 -25
-22 -5 -21
66 -15 -38
46 34 24
35 -5 -23
104 24 21
22 -15 14
-34 0 15
-85 -5 2
-105 -45 -25
-22 27 22
9 36 25
1 3 19
33 21 24
-94 -14 14
53 -5 3
90 2 19
-102 4 -39
-53 29 23
78 -5 6
-72 2 16
67 23 21
105 -44 8
108 -12 18
-68 -5 -23
-108 -43 14
-107 -38 -39
45 -15 13
53 -1 18
48 -5 -14
19 -5 -20
-59 -9 10
-8 -9 -24
-47 -14 -38
74 -9 -25
-36 -8 -19
19 26 22
102 -45 -24
-73 -6 -7
-22 39 31
15 -2 17
-4 -5 -38
59 -6 -28
-46 -5 3
-6 -5 7
85 -14 14
-102 17 8
103 -27 -33
-97 -5 -12
100 -8 -30
-94 18 20
4 -9 -15
-17 -9 1
-76 -5 -35
91 28 23
-56 39 31
29 -5 7
-108 -8 -39
-81 39 31
67 -5 -2
16 -5 -39
102 -54 -39
105 -6 -4
-53 16 19
-104 28 28
75 -5 -38
111 20 -10
-84 -7 17
8 -5 6
-108 -57 -27
-45 -5 -10
-102 -57 7
95 13 19
77 31 24
-96 38 31
-31 -15 13
40 -14 -39
104 -57 7
-102 7 23
46 -9 -25
-91 -9 -27
-13 -2 18
-112 17 -33
56 26 25
-70 -5 6
-112 17 -16
-76 29 23
103 17 -42
26 -9 -11
-25 -9 -32
40 11 19
-80 14 22
-102 -29 -33
-55 -5 -35
102 -40 18
-10 26 25
-101 -5 10
-29 14 19
111 21 -24
103 -21 13
-64 29 26
-108 -13 13
8 -15 -39
-46 -3 17
24 -5 -30
103 -3 14
-7 11 19
94 -9 -6
34 -15 13
91 -9 -22
-23 -5 -9
79 -3 17
94 -15 -39
106 16 13
102 20 -31
29 7 17
-42 7 20
-102 16 -12
42 -5 9
35 33 24
63 13 19
-98 -14 -38
98 40 25
-33 26 25
55 -15 -38
33 -5 -37
-102 14 -36
0 32 24
-58 -7 -17
-105 -44 3
-25 -5 8
108 15 25
7 14 20
-102 -35 19
-63 10 18
108 -6 -38
45 24 24
102 16 -6
77 -5 -4
-15 -5 -33
74 -5 -16
-108 -48 -36
-24 1 18
8 26 25
73 14 22
25 -5 17
-105 -51 -16
87 -5 1
-9 -15 14
66 -4 14
3 -5 -3
-81 -14 -38
75 -12 14
102 -49 -1
17 37 31
-37 -5 7
39 39 31
58 -6 -7
75 38 31
-88 -7 -8
102 31 28
-40 -8 -28
18 -8 4
-31 -15 -38
-14 -9 -16
-43 27 25
54 40 26
102 -49 19
-65 -5 17
105 -11 6
39 -9 -14
94 -7 16
-78 -9 -25
-15 19 20
55 -11 13
83 9 18
108 -48 -35
108 9 -34
79 -14 -39
45 -5 -3
-46 37 31
12 -11 13
61 -7 -39
-103 -12 -16
108 -32 -39
67 33 24
-66 -5 -12
-102 -20 17
-101 -5 -33
56 -8 -19
44 3 16
-64 -5 -32
-80 -9 9
-84 22 21
-99 -1 18
-102 -49 14
94 -5 -38
-94 -5 1
3 39 31
-102 -10 19
6 -6 17
25 18 23
-102 36 25
-108 8 -33
87 -5 10
-15 34 28
61 -9 7
103 -51 -16
99 5 17
26 31 26
-4 -5 16
-112 20 -24
12 6 17
-66 -9 -2
-29 39 25
-74 -8 -17
82 -9 -22
11 -5 -22
-72 11 18
-56 -5 2
16 -8 -30
0 -5 -23
14 19 23
-80 5 19
-38 -7 16
40 -5 -31
-89 40 25
4 -6 -39
-51 -5 10
-46 -5 -35
14 -9 -14
27 -9 -2
-85 -15 14
-102 -28 13
0 -15 -39
102 -16 -33
-107 6 16
96 21 24
45 -7 17
56 9 20
68 -5 -31
-97 29 23
96 -9 -14
-108 -49 20
17 -15 -38
-108 -29 -39
104 -12 -23
-61 20 21
-105 -16 -33
-93 -5 -19
-102 -41 -33
-84 -9 -32
-89 -5 9
-55 -14 14
-8 -9 0
76 21 21
-102 -50 -30
-102 18 26
-56 -14 -39
-31 -9 -12
22 3 16
66 -9 -22
-27 -6 16
-66 -13 13
108 -45 16
-105 -7 -9
-33 -5 -30
-24 19 23
71 -9 5
61 4 17
-76 -5 17
108 31 23
108 -24 -39
-102 16 0
59 19 23
-44 -5 -19
-105 21 -18
-34 7 20
24 -5 -39
-102 -43 19
-61 38 25
111 19 -43
-102 -44 -11
-108 -1 -33
-47 20 23
101 -12 14
-92 -6 16
-13 -9 10
110 17 -17
-16 -9 -25
-22 -6 -39
-81 -9 -10
93 36 31
108 1 -33
-103 21 15
-97 8 17
104 -36 -33
-77 -9 1
58 34 28
-50 40 26
-40 -12 -38
-4 -5 -30
-108 16 12
84 -5 -39
-59 -9 -27
-20 -4 14
102 20 7
-108 -34 13
49 37 31
84 27 22
22 -5 10
108 -57 -36
31 -5 -16
42 -5 -20
15 31 26
-108 19 4
-56 -4 17
-40 -9 -2
107 -21 19
-108 11 24
98 -5 -23
-104 25 21
-97 -6 -39
32 36 30
-70 -6 -39
101 -9 -39
-88 16 22
40 19 20
31 -9 -30
-108 -22 14
-7 4 17
48 9 18
71 40 26
102 -50 -29
-108 -55 13
70 -8 -8
108 23 27
-102 14 18
-25 -9 1
49 -5 9
-25 33 27
-17 -6 -6
-71 -9 -31
79 -9 -32
-73 -15 -38
93 -14 13
-3 -5 -14
-46 13 19
-8 35 25
86 -13 -38
-99 -9 -27
-51 -9 -15
-43 -9 10
102 -50 12
102 -12 -7
-75 39 25
-108 -25 -33
-29 -9 -22
102 17 19
0 11 21
108 16 -28
-84 35 25
-108 13 -39
-33 20 21
-104 -12 7
52 -8 -30
98 -5 -1
-102 -46 -39
-104 21 -38
-102 -58 -31
-51 9 18
79 39 25
-33 37 31
-76 22 24
26 -5 -24
33 12 21
-3 40 26
0 -8 4
-37 -6 -8
-8 21 21
102 12 -37
102 20 -24
35 -9 5
-51 -6 -6
-48 33 25
7 -9 -8
86 32 27
108 -36 18
85 -5 17
93 -6 -28
30 -9 14
-7 -15 -38
19 -5 -10
-24 8 17
-22 -15 -38
104 38 25
30 0 15
106 3 15
101 10 21
11 -9 1
88 22 21
-31 -9 10
-61 1 17
-97 -9 -4
-15 5 17
52 23 21
-94 -5 -32
77 6 20
108 -20 -33
-107 -16 20
14 -5 9
-102 20 -30
47 -15 -38
103 16 1
63 27 25
-108 -56 -35
-18 -5 7
108 -5 17
-102 -50 2
-19 39 25
35 40 25
59 -4 15
81 -9 13
103 -28 13
105 -6 -26
103 -12 0
-69 33 27
103 -57 -32
11 38 31
-108 23 26
105 -44 -16
-102 -5 -17
103 -57 15
-32 -5 3
-69 26 23
102 18 26
51 30 26
24 36 31
-64 -8 4
-103 21 -7
-90 -14 -38
-105 -44 -18
108 -32 13
108 33 29
108 19 20
20 37 25
7 1 16
106 -10 -33
38 -10 14
84 2 16
43 -9 -36
85 -5 -27
-86 -5 -24
37 5 19
21 -5 -4
-10 -9 -30
-95 35 25
102 -2 21
10 -5 -35
-67 4 19
-2 -9 12
-105 -10 -30
108 10 20
108 -51 14
-102 -26 -39
51 -9 -6
-102 -35 -39
103 -12 -15
72 -2 16
108 16 -4
-47 4 16
-71 -9 13
105 21 -14
41 -5 -8
102 -46 -36
54 -9 -12
-92 -9 -13
-63 36 30
81 36 31
72 -11 -38
97 31 24
-4 26 23
102 -31 -38
0 -8 -8
-63 -5 -38
-21 -6 -28
45 -8 3
-40 1 18
40 28 23
72 -9 -1
-33 32 27
84 -9 6
-55 33 27
-86 10 18
-28 -5 -37
8 20 21
-86 0 18
100 38 31
108 5 -39
-107 -1 -39
60 -5 -1
-10 -8 16
-101 -14 14
91 8 20
26 12 20
-21 15 19
-108 35 26
19 17 20
72 28 23
1 -9 -34
86 -6 -17
51 -5 -22
108 15 -37
100 -6 -8
19 -7 16
-88 37 31
88 14 22
-102 8 -34
-51 -7 17
79 15 19
-12 40 25
-39 38 31
-53 22 24
-95 23 24
-102 -50 -21
103 7 -33
-105 -6 5
32 27 25
105 -6 3
24 -9 -17
2 26 25
-102 -38 14
32 -5 1
108 -18 13
-62 -5 -22
108 -41 -35
-57 11 21
-25 -12 14
105 -44 -3
-107 -6 13
85 -9 -4
6 -9 12
-102 -12 -6
-44 40 25
34 -15 -38
-12 -9 -37
-102 -21 -34
-96 -9 12
-65 -5 10
102 -44 15
-103 35 31
-4 15 22
103 -3 -33
101 -5 9
105 -49 5
-102 -44 9
-102 -27 19
58 -9 -34
42 39 25
-26 -9 -16
108 20 9
32 -7 -8
-39 -14 14
-108 -41 19
-77 33 27
45 13 22
-50 -9 -1
22 -5 2
55 -9 7
5 33 28
105 -51 -22
-83 30 23
-79 0 15
102 -23 -37
-51 -1 15
72 34 27
-39 31 26
-21 -9 -4
-58 27 25
-13 12 18
-103 41 27
60 40 27
39 -9 -26
104 -51 -6
95 -2 18
52 -7 17
25 24 22
-105 31 23
61 -9 13
63 -5 -9
-18 -5 -14
-34 -5 -24
77 -9 -11
102 -30 19
67 -8 -39
-8 -5 -19
-108 16 -20
6 -9 -22
104 21 -37
63 -5 -33
59 -5 -15
90 -9 -14
68 -6 -17
92 -9 1
-65 16 19
70 -9 13
-105 -45 -6
-51 -9 5
95 -9 -33
106 -8 13
-28 29 23
-39 -5 -14
-15 24 22
-50 -6 -30
56 38 31
-73 39 31
-104 0 15
-12 -5 2
68 16 20
-14 38 31
-106 16 -31
51 4 16
40 -5 2
40 -4 14
-10 -5 -13
-31 -5 -17
-107 21 9
-102 -51 19
-40 24 22
-35 12 18
-65 -9 -27
-99 21 21
-80 -12 14
-82 -5 -28
113 19 -29
-108 -15 -39
-94 3 16
-112 17 -38
92 38 25
3 38 25
-102 -10 -39
-102 20 3
104 21 -2
12 -10 -38
-89 -5 -3
-78 -5 -4
-108 -35 -35
-108 16 -9
-46 -5 -3
76 -9 -20
9 -5 -13
105 -8 -10
-89 24 22
78 -5 -27
-28 -5 -6
22 -11 -38
-60 -9 -1
105 -36 13
-84 -5 -38
-101 -5 -1
-107 11 18
-65 -8 -17
0 -2 15
-75 16 22
-108 -43 -33
-28 23 23
72 9 18
18 -5 -25
105 -46 -30
-18 -10 -38
55 -9 -2
-86 -5 -13
80 -5 -17
-33 -5 17
-110 21 -12
-50 -5 -19
66 0 18
-71 -5 -13
60 -5 -21
-108 -48 13
56 15 19
-49 -8 -39
65 -8 3
91 -5 5
108 -23 13
47 40 26
-14 30 23
-103 -12 -22
65 38 25
60 -15 -38
108 16 -22
9 -5 -3
51 -15 14
-94 12 20
-61 -5 14
74 -5 -32
78 25 25
-110 21 -29
95 -5 10
29 -9 -35
-59 -9 -12
-97 40 26
-80 -9 -39
51 35 25
-18 2 18
-64 24 24
11 10 21
-45 -5 -25
48 -2 15
64 7 20
100 -6 17
-108 4 -37
3 18 20
-99 -7 4
-38 -9 -34
-40 -6 3
-108 17 26
100 -14 -38
102 25 28
-101 -9 14
-29 -8 -28
13 15 19
-75 -5 10
108 -51 19
70 -5 -23
-78 -5 -21
-46 -9 -30
-86 -9 6
-78 -5 -13
-28 0 16
-108 -28 14
14 40 25
-50 36 28
-54 -5 -25
-12 -9 -8
-20 31 26
89 -5 -4
-97 -9 -16
62 23 21
-103 0 21
47 21 21
102 17 -12
75 -5 12
46 -7 -8
89 -9 -27
-105 21 -25
42 32 27
89 -2 15
12 29 23
-107 -11 19
65 -5 -27
-16 -5 -20
105 -49 -39
-9 16 22
106 21 -27
106 -53 -33
31 -5 17
75 2 18
105 -16 19
2 -9 -27
-18 20 23
-105 8 -39
-47 -5 -15
108 -57 14
-102 -49 8
56 -5 -38
-105 -48 -2
-76 7 17
87 -9 14
49 -9 -1
103 32 23
-103 23 27
-94 -6 -8
-97 -5 -22
22 6 20
-59 -7 -39
51 -11 -38
104 -44 19
-8 -2 15
108 -27 -35
108 -44 -39
-47 25 22
11 -7 17
5 -8 3
107 16 -9
107 16 5
64 19 23
8 5 20
29 20 21
-65 35 25
102 -25 18
-70 -9 -9
-80 19 23
-108 21 15
-108 -30 -33
-99 11 21
-13 -12 14
-33 15 22
-102 -44 -29
102 16 -27
-66 0 15
3 7 17
-4 -12 14
-107 -22 19
-63 -7 -8
2 -7 16
103 13 24
-80 25 23
-100 -5 -6
91 18 22
-26 -11 -38
89 -5 -35
54 -5 11
20 30 26
-31 5 16
37 -9 -9
-89 -5 -31
96 27 25
95 -5 -19
89 -9 -9
-105 -49 -11
79 -5 1
-60 -13 14
102 2 -34
103 21 -7
16 -9 -21
58 1 18
-55 -5 -14
106 -10 -39
30 34 24
-41 -5 -33
-86 -9 -4
104 14 -33
-84 40 27
-56 39 25
-4 34 28
25 36 25
-75 -9 -38
-40 -9 -22
26 2 18
103 -19 -39
21 -9 -28
48 -9 13
-71 -5 -27
-102 17 -18
-73 -5 2
-89 -8 3
37 15 22
19 -5 -35
105 -8 19
35 -6 -28
-72 -4 14
-84 -9 11
-1 -8 -19
-11 6 20
66 -9 9
-42 -8 -7
-7 -9 -35
-75 -9 6
54 -9 -24
-103 17 -42
-101 -9 -12
22 -9 7
35 -5 9
-50 -12 14
-49 -9 -11
-21 -9 -17
-59 -5 6
46 -9 -20
20 21 24
-102 16 -5
-95 -5 -27
-25 11 21
-41 -5 -39
40 23 24
84 13 22
-90 -9 14
-97 -9 -33
-54 -9 -30
-67 -9 -36
45 -9 -14
-70 -5 -3
-34 -5 -12
48 27 23
35 -8 -17
-102 -36 -33
80 -14 14
-103 21 -3
-20 -5 -33
-102 -23 13
105 -44 2
72 -5 -5
69 -14 13
50 -8 -17
108 41 27
-105 -17 13
-107 -35 19
56 5 17
102 -47 -20
-97 -6 17
-13 -5 -3
-3 -5 2
-91 0 18
108 10 -39
-2 37 31
40 1 18
91 32 27
-41 11 18
-7 -9 12
-28 39 31
102 -32 -33
102 3 21
-108 16 -16
-102 -4 -39
17 -9 11
106 -2 -39
-13 -5 -27
-108 6 23
62 31 24
-28 8 19
74 -9 9
-76 -9 -30
-25 -5 -25
-74 -9 -22
106 -36 -39
-15 -8 -30
-10 -9 6
100 -9 -20
-40 -5 12
71 -5 -35
-102 32 27
27 -8 3
-36 -9 -27
-27 -5 -12
75 -7 17
-92 -5 -37
102 18 14
-104 16 14
85 22 24
-65 -8 14
-61 32 24
101 -7 3
-21 -8 4
108 -54 -39
108 -14 -34
95 3 16
15 24 23
-62 13 21
84 -6 -8
14 3 19
-76 -9 14
-75 -9 -11
-17 -7 16
-5 -9 -12
4 31 24
-89 -9 -21
-36 -9 2
-57 16 22
