124 175 116
177 37 203
98 36 55
96 112 202
177 106 54
182 120 163
96 50 141
92 123 54
130 175 190
174 36 55
92 118 135
113 51 203
129 175 53
148 118 107
148 119 203
92 171 156
135 118 156
92 173 82
176 83 200
99 53 96
137 123 62
98 80 53
93 155 201
108 118 94
136 54 55
182 123 88
181 118 126
130 171 152
103 123 170
177 71 57
182 123 199
125 144 202
146 51 199
95 79 199
103 154 54
95 53 175
92 173 123
130 171 84
123 123 125
156 118 176
153 123 134
103 175 181
130 123 183
156 118 81
128 148 54
132 123 87
112 123 69
110 175 140
104 175 103
160 123 54
111 171 203
113 123 147
109 175 65
175 60 204
103 134 202
98 54 73
113 54 54
159 53 57
93 123 112
97 50 118
99 102 57
122 120 203
97 36 199
160 123 155
93 118 79
169 123 108
177 123 68
173 104 202
113 175 162
93 175 53
108 118 188
123 123 104
108 134 54
96 59 202
179 123 144
111 175 84
93 118 154
164 123 192
93 175 197
121 119 53
128 170 171
95 60 54
130 171 134
177 118 181
121 123 167
136 123 138
174 89 55
176 54 54
130 161 200
109 152 198
107 118 123
99 53 157
99 96 200
129 54 200
118 163 54
139 118 121
109 175 123
130 171 101
92 120 182
145 118 187
92 171 139
92 143 58
163 50 200
92 123 95
124 175 70
164 123 122
99 50 190
182 123 53
142 118 170
126 118 73
117 170 184
109 123 109
127 133 54
147 123 93
142 118 75
168 118 166
182 119 103
93 175 170
165 118 94
92 171 67
135 123 198
167 118 136
125 174 203
147 118 147
116 123 84
107 118 57
108 120 203
92 172 96
118 175 98
93 126 202
152 118 64
117 134 198
116 144 58
172 118 80
105 168 54
111 118 159
92 174 110
125 118 146
164 123 68
93 142 198
147 123 53
97 123 67
130 163 58
170 118 203
136 123 109
151 123 118
116 118 135
118 123 180
105 170 151
171 118 153
118 170 148
95 50 84
118 160 202
96 50 61
171 118 58
92 163 58
181 123 114
116 175 53
152 118 164
100 165 198
105 118 79
113 170 109
102 118 143
124 51 57
176 48 200
128 132 202
119 118 191
119 170 128
137 118 98
104 170 75
106 175 193
121 118 93
173 72 203
147 50 54
158 118 144
93 118 122
108 170 172
119 118 115
96 91 57
99 48 202
92 171 185
117 129 58
102 170 162
93 118 166
98 123 192
157 123 102
102 170 89
98 54 131
99 52 108
166 123 178
103 170 114
98 113 53
101 118 103
122 118 156
122 170 161
159 121 203
121 175 138
131 118 168
182 122 77
174 93 204
156 118 186
105 144 58
132 120 53
120 170 81
102 123 132
100 123 88
99 170 131
96 133 58
113 143 202
103 123 153
119 175 193
119 175 173
175 123 191
175 123 97
158 118 111
127 118 62
147 123 156
101 174 203
101 148 202
123 153 198
130 172 63
103 50 53
128 175 180
108 118 177
141 118 131
176 123 171
129 170 124
120 154 58
151 123 195
97 70 53
173 118 119
95 69 199
126 118 135
181 118 153
142 118 85
182 122 135
114 175 74
130 175 143
102 118 114
142 123 179
92 123 144
152 123 74
101 175 60
132 123 129
167 50 55
164 123 86
168 123 144
96 50 166
156 118 92
125 118 176
103 127 58
109 128 198
116 170 118
122 170 107
177 45 57
118 170 64
123 170 92
115 123 99
109 162 198
99 175 145
155 54 200
160 123 168
156 118 127
175 63 54
128 118 117
109 175 93
92 154 56
177 81 54
112 155 54
174 98 56
121 50 199
137 51 203
128 118 191
135 118 147
97 87 202
174 123 161
182 118 188
122 168 198
171 123 127
114 118 62
143 123 114
177 112 203
102 123 182
96 54 149
102 118 161
113 175 153
103 158 202
93 167 202
123 139 58
181 118 60
125 123 80
104 118 66
149 123 82
116 118 126
99 105 200
174 118 89
130 171 75
134 123 75
111 123 166
110 170 132
97 170 176
166 123 77
149 123 171
130 175 109
95 45 54
113 123 53
130 171 197
130 175 161
96 118 175
96 175 74
108 123 139
92 119 104
116 118 75
134 118 177
145 118 138
144 123 69
121 123 64
101 175 121
108 170 186
151 123 180
148 118 126
127 125 198
137 123 188
113 118 196
102 175 170
142 123 162
182 119 174
140 118 203
93 118 197
123 175 59
98 170 105
99 129 198
142 123 103
143 123 194
127 123 161
153 118 153
123 168 54
103 118 196
127 156 54
117 150 202
102 175 69
97 54 183
106 143 198
100 139 54
133 118 68
130 118 103
113 170 59
166 118 185
101 175 83
99 175 154
130 175 92
176 118 107
92 171 148
92 120 88
142 118 57
95 118 60
130 123 151
176 118 132
114 123 119
103 170 140
100 170 98
117 125 198
166 118 113
98 175 190
108 175 53
106 54 200
102 161 58
130 151 202
100 120 53
123 170 188
125 118 87
140 123 152
96 54 196
127 126 58
129 118 203
102 123 97
115 170 168
161 118 62
119 123 151
99 123 120
98 120 203
165 123 161
117 175 89
174 118 140
109 163 58
161 123 136
128 118 96
108 123 102
113 175 178
99 118 74
170 54 201
170 118 66
112 170 195
113 170 101
122 123 141
174 118 73
111 123 89
142 123 143
151 123 143
115 137 58
98 167 54
106 118 86
123 175 152
111 175 115
153 119 53
176 114 54
93 175 61
96 134 202
92 173 131
135 118 81
113 118 105
108 118 131
122 170 179
146 118 98
159 123 117
168 123 100
160 123 181
165 118 150
123 123 187
98 123 138
93 175 89
124 175 101
152 123 111
182 118 71
125 175 128
111 135 202
166 120 53
125 137 198
120 134 54
92 175 103
96 175 161
96 53 54
161 118 73
117 123 159
110 118 152
110 123 183
162 118 104
116 170 141
125 175 79
130 139 56
114 123 189
121 130 202
99 118 127
113 123 174
182 122 96
95 50 102
107 175 109
109 118 117
147 123 132
147 123 62
108 151 58
92 118 190
118 170 156
123 170 143
173 66 200
97 149 58
129 118 125
147 118 176
106 175 159
103 175 134
174 118 197
177 119 203
127 123 68
143 123 124
124 123 113
100 123 109
138 123 93
94 175 117
115 118 203
118 175 203
166 123 200
98 153 198
94 123 161
176 118 166
110 123 76
118 175 113
159 118 162
95 123 130
182 118 83
93 170 192
124 159 202
109 123 63
176 123 61
165 118 127
95 42 200
121 123 74
113 123 130
100 123 79
136 118 193
122 118 182
166 118 173
116 118 164
92 120 72
118 175 123
109 170 145
106 170 84
118 50 53
129 53 53
93 123 171
173 123 114
154 50 54
156 123 87
99 53 66
102 174 53
173 43 203
94 161 198
96 50 78
119 139 202
98 50 125
135 123 161
156 118 193
120 175 166
181 118 119
151 123 188
100 141 202
108 170 166
115 118 142
122 147 54
98 175 137
156 123 149
106 168 198
142 53 57
127 167 202
139 122 53
171 123 85
96 123 150
182 123 183
177 123 82
122 161 58
156 123 62
153 123 96
110 170 72
108 175 78
133 118 134
110 146 54
98 65 57
108 118 171
108 118 144
129 170 118
101 170 186
175 123 185
108 170 180
105 170 63
93 170 165
97 118 98
116 167 202
96 175 181
93 148 199
130 139 202
130 168 55
140 118 65
172 118 175
127 118 110
132 123 120
137 123 174
171 118 188
116 175 132
98 74 203
97 159 54
99 96 54
116 155 198
132 123 143
168 123 91
116 150 54
157 118 68
99 86 54
151 50 203
130 145 199
95 52 113
99 51 89
166 123 59
120 170 72
119 118 101
172 123 136
155 118 138
129 123 174
96 75 57
140 123 79
120 123 133
154 123 160
122 175 184
99 175 197
177 54 202
107 54 57
113 175 199
126 175 87
99 64 200
118 145 198
176 123 155
99 53 170
118 118 69
167 123 155
142 118 109
137 118 115
105 175 176
181 118 109
147 118 73
120 123 174
113 175 190
109 139 58
94 118 116
170 123 72
114 118 184
172 118 101
172 123 149
158 118 98
150 118 86
117 118 88
177 59 58
118 140 54
124 123 97
147 118 115
142 118 156
131 118 161
132 123 97
98 118 188
99 118 84
157 123 197
103 123 73
147 118 195
113 175 146
98 170 150
99 50 136
118 175 106
129 170 186
164 118 82
97 170 63
160 123 92
98 170 170
98 175 109
121 123 88
148 123 102
100 118 150
106 123 193
132 118 186
106 123 119
122 118 78
135 123 168
122 170 121
126 175 174
116 175 68
106 170 121
117 170 93
95 100 202
102 170 194
94 175 203
153 123 202
181 123 192
93 138 54
177 94 54
174 76 54
98 108 57
123 128 54
178 118 78
134 118 58
113 130 202
158 50 204
161 123 174
147 118 166
124 170 66
129 118 79
112 170 127
104 164 202
103 170 107
98 125 58
115 118 95
102 134 58
109 129 58
162 123 142
154 118 105
150 118 59
136 123 181
122 118 60
157 123 122
151 53 57
174 120 53
169 118 194
128 118 141
125 118 196
132 118 91
104 118 136
113 118 80
108 118 71
106 159 54
162 123 98
146 123 77
103 123 203
122 118 130
105 170 129
122 170 133
151 123 128
131 123 113
142 118 93
105 118 109
128 170 95
173 87 203
177 100 201
99 50 178
93 129 54
98 118 181
116 175 59
92 175 176
180 118 195
178 118 160
105 129 202
173 49 55
126 123 53
137 123 132
174 42 54
108 123 83
168 118 87
177 123 103
122 118 164
179 123 177
163 118 156
141 118 182
102 118 174
113 175 185
177 123 129
124 118 170
125 123 155
161 118 132
122 118 122
150 123 68
127 123 90
176 123 121
123 174 53
116 170 175
105 123 162
99 118 168
101 123 63
136 118 104
100 170 125
98 170 84
96 170 113
115 170 86
171 118 181
105 175 144
115 175 80
131 123 156
177 118 115
127 175 121
152 118 147
113 175 171
111 170 159
108 170 97
130 172 69
98 115 199
96 118 142
128 170 158
105 152 202
99 137 198
127 175 195
143 123 201
114 123 59
102 147 54
173 79 202
119 168 58
113 131 54
99 55 57
114 123 113
138 123 69
171 118 94
147 118 181
138 123 87
142 123 98
161 118 89
93 130 199
94 123 82
182 120 147
93 168 58
101 53 202
164 118 203
176 118 147
170 123 172
105 123 92
162 118 179
118 125 54
161 118 119
137 123 123
138 118 141
126 123 119
161 118 190
106 123 147
161 123 108
118 118 170
149 123 149
120 175 158
98 175 95
126 175 168
93 118 148
181 123 64
141 118 148
124 123 193
96 123 101
97 118 108
104 123 176
177 123 74
93 123 119
97 175 127
157 123 130
145 123 86
171 118 160
118 118 147
111 123 155
111 123 95
160 123 80
101 118 91
120 175 144
121 170 170
173 123 203
103 175 97
127 170 164
130 175 201
98 169 202
125 123 179
105 170 69
125 51 203
174 109 57
96 53 161
130 156 198
182 123 122
154 118 171
114 160 58
117 123 138
122 175 95
123 118 67
129 118 180
154 118 122
113 118 56
106 118 156
99 144 58
122 118 110
150 118 159
150 118 78
149 123 138
126 143 54
139 123 157
98 170 157
111 170 81
121 170 87
107 175 89
118 170 163
93 170 74
131 123 61
99 83 199
112 139 198
92 175 143
117 54 200
113 157 202
111 125 202
122 162 198
132 50 57
98 118 133
133 50 200
179 118 98
95 118 54
95 50 93
162 118 56
182 118 168
177 75 201
177 107 200
96 123 186
158 123 188
118 118 176
111 118 137
142 118 196
130 123 194
130 171 147
144 123 168
173 118 125
138 123 118
128 123 137
142 123 185
122 170 113
94 123 177
159 123 70
97 170 143
117 170 191
102 175 77
103 170 177
109 175 99
99 52 145
160 118 199
99 170 70
99 47 57
99 41 57
125 170 74
130 173 129
156 118 58
124 149 58
181 118 91
106 157 198
99 159 198
96 91 199
99 53 82
95 84 57
122 131 58
107 134 198
122 149 202
102 168 58
98 175 174
103 118 60
151 123 89
97 123 75
105 123 127
108 170 104
154 118 114
117 123 91
145 118 122
156 118 157
105 118 166
119 123 79
119 175 77
149 118 94
111 175 106
177 86 58
148 118 134
95 53 202
170 123 118
98 175 166
102 123 189
98 123 93
111 118 98
106 123 113
116 118 111
107 139 202
128 175 149
177 69 202
92 120 203
163 52 53
111 175 129
127 175 65
182 118 203
167 118 71
124 123 148
125 147 198
162 118 169
136 118 171
102 118 121
146 123 108
155 118 73
151 118 101
146 118 64
166 123 167
110 118 65
166 118 122
127 118 156
138 118 160
173 123 78
100 118 156
108 175 198
106 118 182
118 175 84
129 123 73
150 118 141
99 154 58
166 123 130
179 118 55
165 118 197
176 123 90
120 118 198
112 170 137
110 170 91
98 175 65
106 175 117
156 123 165
111 170 150
173 123 142
107 175 73
121 118 137
122 158 54
119 123 121
122 134 202
99 123 162
171 118 112
152 123 175
110 166 54
130 157 58
182 123 107
97 50 152
176 66 58
129 170 112
93 123 125
181 118 137
96 170 89
171 54 55
104 170 203
151 123 56
165 123 104
171 118 144
176 123 109
142 123 59
126 170 150
95 51 69
160 118 152
157 118 181
135 123 149
172 123 177
92 149 55
108 175 151
174 103 57
115 51 57
128 175 98
120 53 57
92 120 64
97 123 167
108 50 54
130 145 58
180 123 167
177 42 200
101 124 198
98 118 65
98 123 173
120 123 108
111 123 195
113 118 190
98 123 144
113 118 121
133 118 122
137 118 89
124 175 162
105 122 53
181 123 159
