24 116 148
246 159 97
141 157 161
228 78 151
95 121 95
176 118 96
213 158 161
9 159 96
74 160 158
22 78 96
233 101 95
108 117 147
183 118 147
44 123 95
8 159 161
232 121 137
136 123 114
65 121 134
246 159 138
20 77 151
176 154 153
147 117 147
209 123 110
108 152 153
17 153 128
41 152 154
19 123 116
234 131 95
164 122 124
69 121 106
94 122 123
20 106 96
206 118 135
238 159 162
44 119 120
20 136 95
120 122 95
230 78 103
152 122 95
188 122 120
234 101 150
85 117 147
128 118 134
238 153 117
48 117 147
115 122 117
231 122 116
26 96 143
195 124 96
194 155 160
160 159 162
166 112 143
123 158 161
26 159 162
146 119 129
8 159 142
90 153 153
56 160 161
8 159 115
220 121 95
30 121 132
218 116 147
77 121 122
26 122 101
235 147 100
226 152 153
137 118 97
107 119 131
26 91 103
220 119 126
163 121 107
177 118 132
87 120 109
59 118 96
59 122 118
80 124 96
235 116 96
108 117 102
197 119 147
18 150 103
152 122 116
123 117 147
191 120 135
69 116 147
202 119 122
99 159 162
228 89 143
17 152 150
151 152 153
131 152 153
96 118 138
175 122 114
45 118 134
36 123 109
185 123 105
80 120 135
50 121 107
64 152 153
125 121 108
237 153 130
207 118 97
238 152 146
235 116 148
35 112 143
228 91 102
205 153 152
102 123 114
246 160 124
158 120 137
246 160 152
58 112 143
19 105 149
246 159 110
137 112 142
127 120 121
31 119 120
146 123 106
228 109 103
197 123 111
164 118 96
26 84 144
222 121 107
164 153 153
8 159 126
29 152 153
182 159 162
225 160 161
53 152 153
19 121 135
228 108 142
55 121 129
70 118 96
233 124 104
118 119 128
17 153 114
88 159 161
119 153 152
217 120 137
235 85 96
171 160 161
136 119 126
37 159 162
17 152 139
26 116 110
36 117 101
13 144 96
19 90 150
158 119 147
235 122 125
216 153 152
109 159 162
115 120 140
208 117 147
19 95 96
235 85 151
174 120 142
217 122 116
191 112 143
14 160 106
60 123 106
26 101 102
186 118 97
79 152 153
198 117 103
26 114 138
142 120 138
172 123 104
17 153 160
238 156 103
110 124 96
26 113 96
228 115 130
186 153 153
167 118 133
78 117 103
100 123 104
203 158 161
130 124 100
132 160 159
54 120 140
67 119 125
98 119 147
114 123 106
210 121 127
154 112 142
143 122 121
236 152 155
48 156 161
87 119 129
179 119 123
106 122 122
24 131 103
235 78 144
39 119 147
232 137 103
240 139 96
131 120 142
20 142 103
215 117 102
66 157 161
228 120 145
156 117 102
228 125 96
76 112 142
19 124 107
193 119 126
13 159 135
140 153 153
155 121 128
26 82 102
85 119 120
37 121 127
15 159 121
23 122 124
12 160 153
75 122 113
98 152 155
22 127 95
183 119 138
101 112 143
37 120 137
200 112 142
147 160 155
243 151 95
31 120 143
247 159 161
92 117 103
90 112 142
228 115 120
22 86 95
16 155 96
63 120 142
162 120 116
127 117 96
203 124 101
26 107 142
35 124 96
88 124 99
72 118 137
185 119 129
167 119 147
26 115 128
212 124 99
221 152 159
151 120 140
44 117 103
226 117 101
228 101 102
118 117 103
160 124 100
144 124 97
22 159 155
190 121 111
88 120 140
73 120 129
199 158 154
137 122 104
180 112 143
97 121 131
228 98 143
228 116 111
104 118 138
64 117 102
68 122 114
118 112 142
65 124 97
15 159 145
55 117 103
190 160 156
152 155 160
77 120 145
182 124 97
238 154 138
56 118 147
51 124 99
35 158 154
235 108 96
51 120 117
233 93 96
154 123 109
45 122 113
212 112 143
235 93 150
230 159 154
149 117 102
94 159 155
75 124 102
241 160 130
22 97 149
198 118 136
191 120 142
171 121 127
228 80 96
218 160 155
145 120 113
80 155 160
102 117 97
157 159 154
112 158 154
228 82 144
127 113 142
19 120 143
94 121 112
71 152 156
224 122 120
43 160 155
136 121 135
116 152 160
193 122 104
239 158 96
167 152 159
243 160 118
207 120 117
224 121 134
92 153 160
26 82 151
131 117 103
58 152 159
135 153 160
169 124 97
169 117 101
202 121 129
31 153 160
241 159 146
122 122 115
23 78 144
178 119 103
125 157 154
102 159 154
209 159 154
29 123 108
83 158 154
195 152 153
231 154 160
121 120 135
140 118 147
182 122 113
228 89 151
110 122 111
228 113 148
182 152 158
212 120 142
20 78 103
60 158 154
169 120 118
106 152 160
239 157 110
47 121 127
39 124 103
235 78 97
43 113 143
228 113 96
222 112 142
159 152 159
228 114 137
235 124 96
81 123 108
144 112 143
19 114 96
22 152 155
123 124 102
228 96 150
66 112 143
49 118 96
125 119 127
91 119 147
37 122 116
164 160 155
26 108 103
111 112 142
195 122 118
26 92 96
172 159 154
8 160 102
26 123 115
228 106 149
128 154 160
29 120 95
112 121 125
10 151 96
26 91 147
55 122 112
50 112 143
26 121 138
228 88 96
203 121 107
168 122 111
81 119 127
47 120 140
134 119 120
239 155 123
228 105 97
86 118 96
234 141 97
108 124 102
201 152 158
20 143 96
157 121 121
15 160 161
114 117 97
175 155 160
228 122 128
151 118 134
59 118 136
24 100 95
15 159 113
150 119 123
218 124 102
26 115 103
29 159 154
129 122 113
25 110 149
14 160 128
188 124 98
26 102 148
228 84 103
142 117 103
226 124 103
136 124 97
101 124 96
55 119 122
83 122 114
145 152 159
231 130 102
168 120 140
114 118 133
216 123 110
52 118 134
225 122 113
119 160 155
140 160 155
117 119 146
23 120 95
162 121 131
235 120 143
161 117 142
100 120 121
203 120 140
235 123 111
86 152 159
61 119 129
241 145 95
235 109 148
26 116 118
8 159 149
68 160 156
195 118 97
208 120 103
212 118 132
146 118 96
176 124 99
213 118 96
17 153 120
239 156 151
190 117 102
157 118 96
186 114 142
51 160 157
228 96 98
31 120 113
123 120 142
234 79 151
38 152 160
90 122 116
45 124 102
177 116 146
222 120 142
163 117 102
170 152 153
212 119 120
19 112 149
115 120 111
211 152 159
18 149 97
108 118 96
203 123 113
188 159 162
180 158 154
32 119 126
116 158 161
24 121 131
243 160 104
33 122 104
106 121 107
83 114 142
94 124 103
73 120 118
42 121 108
39 118 96
229 124 108
102 119 126
71 117 101
178 123 107
124 117 102
131 121 108
141 121 108
115 124 100
202 120 95
107 120 116
29 113 143
26 107 96
140 121 129
50 117 102
119 122 121
189 116 147
224 159 154
151 124 103
237 151 96
57 124 101
170 118 96
206 112 142
63 120 110
19 124 101
148 159 162
99 117 103
173 120 109
86 123 104
157 152 154
17 154 107
130 121 126
96 115 143
109 120 142
104 120 144
40 118 132
239 159 136
127 124 96
235 122 120
241 159 156
189 152 158
47 154 153
247 159 132
58 152 154
219 157 161
62 119 122
134 157 154
130 117 147
77 118 140
157 123 114
195 116 143
173 120 136
15 156 101
15 138 96
197 160 159
31 118 137
63 117 147
181 120 118
216 121 131
26 78 99
207 122 122
70 124 100
167 124 102
225 119 95
34 116 147
132 121 95
68 117 141
74 122 95
230 83 150
109 118 137
138 117 141
232 160 161
21 84 150
196 121 131
172 115 143
91 120 135
100 120 135
227 120 140
153 119 146
17 154 134
160 112 143
235 121 132
22 137 101
203 119 147
21 159 162
178 118 137
52 152 159
35 152 153
247 159 146
235 160 155
8 159 134
146 154 153
232 136 97
63 152 158
181 119 95
221 154 153
64 122 103
17 157 154
73 155 160
132 119 131
165 160 161
174 122 123
68 121 129
237 152 109
111 152 157
119 121 106
224 116 146
183 117 102
206 152 158
146 118 135
85 120 135
218 117 141
157 118 132
8 160 108
94 158 161
85 117 100
107 158 154
8 159 156
26 83 96
26 125 96
217 121 122
59 124 96
121 153 160
17 153 145
159 119 126
30 118 103
9 160 120
157 120 142
52 119 145
113 117 102
150 122 111
35 122 122
85 152 154
172 118 147
205 124 96
226 154 160
100 154 160
83 160 161
32 159 162
157 122 104
89 119 124
227 114 142
100 120 110
92 121 128
213 122 104
106 124 98
81 122 103
228 101 148
175 160 159
27 119 123
24 124 106
230 118 96
22 123 112
25 120 144
125 152 156
80 120 118
51 121 122
221 117 102
198 124 103
208 160 161
228 103 143
111 119 120
228 117 106
46 152 158
35 121 131
114 152 153
181 117 142
149 115 143
72 157 154
228 118 125
194 158 154
184 121 133
188 121 126
185 160 158
222 120 116
19 122 129
26 88 99
16 157 140
141 122 116
136 117 103
146 120 142
95 120 144
42 121 129
19 119 148
104 159 162
134 116 145
237 153 160
26 96 149
106 114 143
198 121 125
68 152 159
26 96 102
157 124 96
39 120 142
232 119 148
214 119 146
42 160 160
18 130 96
122 121 125
134 118 138
24 78 149
145 121 125
127 118 140
172 152 158
24 132 98
77 152 158
52 122 103
24 122 120
206 119 126
136 158 161
83 120 144
70 159 162
230 129 97
235 78 102
108 121 127
103 153 153
207 121 131
204 117 102
163 118 137
237 151 103
73 115 143
97 124 99
127 160 157
53 121 95
176 121 128
78 120 131
65 120 95
206 120 144
26 119 106
235 143 103
89 158 154
79 160 157
147 120 118
188 119 138
220 118 132
151 157 154
241 160 122
128 121 104
29 118 147
51 122 113
123 121 131
112 121 130
23 155 160
115 122 95
194 120 138
138 121 122
231 124 99
224 121 125
165 122 119
231 122 123
191 120 118
203 160 156
167 119 128
41 122 123
153 120 103
115 115 143
63 160 158
90 121 95
123 115 142
73 119 124
55 116 143
229 121 133
83 118 138
155 160 160
69 118 133
83 122 124
98 121 126
228 93 146
69 119 120
55 158 154
195 120 122
61 156 161
115 119 122
130 122 118
83 118 131
243 160 141
140 153 160
27 152 159
42 120 138
212 155 153
228 96 103
203 116 144
62 120 114
182 121 108
222 118 138
239 158 115
56 121 134
90 122 120
199 120 118
46 123 107
232 154 153
151 119 128
167 123 106
12 160 139
136 120 109
164 124 97
208 118 140
39 124 97
240 159 100
26 117 132
75 118 134
65 157 154
174 122 95
62 115 142
72 123 110
178 121 111
121 123 110
142 121 133
162 116 146
42 116 147
213 120 137
69 123 95
26 102 143
228 117 116
31 124 99
15 159 98
222 124 101
15 156 125
181 121 129
169 122 123
14 159 117
27 117 141
33 121 108
141 124 103
75 118 96
100 120 140
85 124 96
218 117 99
47 122 116
43 155 160
132 113 142
77 158 161
45 117 97
170 120 144
180 124 103
26 97 97
47 115 143
214 120 113
143 116 145
34 118 96
238 154 99
172 119 103
230 78 146
190 155 153
97 157 154
185 122 123
20 90 96
104 118 133
117 118 137
39 120 113
207 123 106
17 152 154
91 121 105
128 159 162
23 110 96
176 120 118
189 121 131
64 122 119
21 140 99
238 156 133
247 159 114
12 159 124
190 118 96
159 120 109
246 160 156
202 118 133
230 109 95
139 118 132
220 123 113
228 86 147
24 93 150
136 153 153
92 118 140
26 106 146
187 120 103
73 120 143
155 119 123
64 121 127
132 123 104
224 124 96
26 103 97
127 120 145
27 122 126
58 120 142
64 119 138
212 116 145
239 156 143
215 119 125
238 133 96
50 121 129
141 118 96
222 160 158
186 120 114
113 160 159
155 152 158
35 160 158
235 137 95
77 156 154
113 117 147
90 123 111
92 124 97
170 155 160
76 120 109
50 118 138
180 120 135
19 146 102
59 120 103
223 119 129
111 121 104
26 110 144
138 118 137
229 152 157
200 120 144
246 160 120
221 120 122
10 160 145
96 118 134
73 123 105
136 119 147
157 116 143
193 122 113
100 120 116
15 158 149
228 84 99
142 119 124
239 157 127
130 158 154
78 116 143
96 121 105
210 122 115
38 116 144
242 160 109
201 154 153
59 122 113
226 120 109
118 118 96
228 117 134
88 120 144
128 121 131
228 120 120
77 121 126
120 118 140
103 117 147
21 82 96
207 124 101
243 160 161
228 92 97
152 119 120
67 119 146
56 123 108
195 121 108
185 123 109
232 105 96
58 121 125
174 121 131
26 155 153
41 122 116
217 112 142
243 156 96
243 159 135
196 112 143
233 112 96
104 124 103
146 123 110
19 122 122
228 112 101
149 121 131
142 157 154
205 157 154
233 89 150
144 160 158
29 123 103
51 156 154
228 109 146
12 159 158
16 134 96
35 120 142
215 124 96
165 116 144
232 97 149
133 121 112
211 117 103
218 152 156
231 122 96
26 115 124
164 123 110
216 123 106
161 152 156
161 120 121
151 160 161
182 154 153
87 114 143
52 119 125
103 121 130
60 121 133
98 160 156
87 122 113
119 120 117
89 152 157
161 123 104
104 119 103
79 124 100
199 123 106
55 120 118
123 160 158
26 120 110
39 160 156
52 157 161
25 89 150
20 120 139
217 153 160
123 154 153
95 122 120
156 120 116
209 121 95
93 117 99
90 124 103
39 117 103
23 124 99
228 101 97
109 154 160
213 159 155
237 153 113
155 121 134
69 120 111
69 113 143
73 119 147
233 97 95
221 119 146
153 116 143
149 118 138
79 117 147
176 113 143
70 122 124
48 124 96
171 123 114
