96 120 127
253 128 150
170 150 11
129 124 245
3 128 157
77 140 25
173 123 174
134 126 68
58 110 174
116 131 188
202 123 126
149 120 125
44 124 126
126 132 20
126 141 150
123 140 104
93 121 162
5 127 123
131 115 213
175 126 142
67 126 147
147 120 157
223 126 149
151 139 32
127 160 19
103 141 32
122 119 121
197 110 174
29 126 149
250 127 123
159 102 141
122 119 164
125 139 47
195 137 174
60 135 174
102 103 144
198 123 151
138 133 177
127 139 216
135 123 92
133 139 127
73 122 125
111 126 143
155 109 177
84 160 17
119 137 81
171 132 25
134 118 140
224 125 127
98 106 177
134 120 193
129 103 231
24 125 128
145 139 13
108 140 13
120 124 227
86 126 144
169 121 124
139 128 111
78 124 174
48 125 151
120 137 169
117 126 206
131 138 197
119 122 102
157 125 142
127 147 31
120 137 64
184 120 161
116 133 128
105 124 176
237 125 139
157 126 170
2 127 140
91 140 14
69 118 161
170 151 28
185 122 130
165 121 155
133 139 91
123 119 180
137 135 160
129 129 35
60 125 133
137 128 208
138 134 141
211 123 139
109 120 157
127 146 12
135 129 225
126 125 54
160 140 17
189 122 177
122 123 77
136 121 170
138 138 26
16 125 142
96 116 148
132 139 74
116 130 113
126 140 183
134 137 58
110 119 127
187 118 144
121 118 148
116 132 155
152 113 145
89 140 31
136 120 121
116 141 24
38 127 138
91 124 176
251 130 136
195 126 137
64 123 175
125 141 117
79 122 154
133 119 156
120 120 195
121 119 134
75 121 137
117 134 94
130 119 109
145 124 137
137 128 80
103 116 137
131 117 227
122 122 90
170 159 19
118 136 142
85 153 28
136 137 102
163 140 31
165 120 135
176 140 18
84 123 130
84 131 19
84 149 11
115 127 171
50 123 139
138 132 190
121 136 202
147 126 176
154 116 165
122 125 65
182 126 152
134 132 47
13 126 131
98 125 142
140 127 150
123 115 204
128 141 137
119 130 217
211 125 150
98 140 23
132 139 170
128 129 236
122 137 37
213 125 128
139 131 122
193 124 167
64 126 157
102 118 167
222 124 138
156 121 180
100 125 153
125 134 226
128 142 21
137 124 184
121 120 213
133 140 35
127 140 161
160 112 155
235 126 129
135 138 115
157 126 160
66 117 151
94 112 158
174 124 132
124 128 45
154 117 136
118 139 13
150 140 22
164 119 146
138 126 101
26 127 139
65 119 140
132 137 207
35 125 129
118 135 179
122 138 192
68 127 166
190 127 157
90 120 137
85 144 21
143 118 148
132 119 130
135 137 151
135 139 13
95 109 140
139 125 161
173 120 150
113 141 33
89 125 154
99 116 177
190 117 154
149 125 149
158 122 128
134 120 203
136 123 216
115 121 115
39 127 148
57 122 148
120 134 55
139 132 131
164 125 176
103 113 155
176 140 27
124 140 90
64 123 125
7 128 147
129 120 236
243 128 146
107 138 22
122 140 126
232 127 146
116 132 104
108 118 148
186 125 138
128 120 100
117 125 181
115 126 123
115 127 135
170 133 16
191 127 148
130 122 83
121 138 72
193 123 125
244 126 131
141 119 130
128 151 21
134 138 184
138 132 92
97 126 170
61 121 165
55 123 126
113 119 137
134 133 214
134 128 59
142 140 34
135 137 82
118 128 83
169 144 21
123 134 28
118 136 119
138 132 199
79 120 146
153 107 139
116 125 162
127 118 172
130 118 148
116 128 196
84 135 27
69 124 133
128 140 66
171 141 11
120 134 210
160 113 142
202 127 145
185 123 170
131 133 26
132 119 178
160 125 150
119 119 156
204 126 135
250 128 158
125 140 175
103 123 132
136 134 67
4 125 131
158 139 25
71 123 156
138 121 114
161 119 168
127 118 197
151 113 157
119 137 150
122 120 110
61 126 141
128 141 97
191 129 173
81 140 16
100 140 15
131 140 107
84 128 176
130 123 74
103 120 123
217 128 144
152 119 172
128 135 13
122 123 236
230 127 137
119 137 110
140 126 142
130 118 187
251 125 142
127 139 57
69 119 169
153 140 13
118 129 75
120 138 135
100 126 163
71 121 144
84 152 20
127 154 14
171 152 21
132 119 164
180 121 145
114 126 151
127 118 140
168 126 149
22 127 146
119 121 186
125 112 229
132 138 43
44 127 142
119 121 174
89 120 148
74 126 150
147 118 141
120 141 30
131 119 117
126 118 219
191 118 161
82 125 139
139 133 170
131 134 222
46 126 134
95 119 172
20 127 134
117 127 92
94 125 148
85 145 28
178 120 138
111 128 177
158 123 135
116 131 147
103 113 147
129 141 84
156 116 151
153 104 145
140 119 155
161 119 161
88 121 124
180 122 125
142 139 20
193 116 174
119 137 159
135 138 134
170 143 29
32 124 141
119 118 141
95 123 133
133 139 177
104 125 147
196 122 144
136 134 75
123 138 18
101 116 161
9 126 141
138 125 177
132 139 157
128 124 62
76 123 131
138 126 195
117 119 126
93 119 155
62 119 157
134 122 223
197 124 131
121 134 44
90 139 21
95 117 141
69 126 140
151 123 132
127 142 37
97 139 30
169 125 139
187 127 164
133 124 232
51 127 145
137 127 87
131 138 50
152 123 164
102 109 140
143 120 121
184 126 145
191 121 134
84 140 11
133 139 145
121 139 97
130 133 230
62 117 173
129 118 124
52 123 131
119 121 201
166 139 25
128 140 190
135 141 19
127 118 159
251 126 130
125 106 226
132 140 121
123 130 231
63 129 174
118 132 68
133 134 38
116 132 167
140 125 132
29 125 133
109 141 28
126 141 144
131 141 28
128 118 208
124 119 226
150 125 141
138 123 106
137 135 109
152 124 155
127 142 130
136 118 150
144 141 26
216 124 136
150 118 149
124 140 79
113 139 17
245 128 139
127 156 26
123 130 37
83 126 150
96 116 165
117 134 193
140 124 125
106 125 153
71 123 174
139 125 119
118 135 88
142 119 137
136 129 219
168 123 130
209 123 133
2 128 150
114 118 149
158 108 145
226 124 143
119 130 61
106 118 141
81 121 125
129 121 94
85 158 24
204 124 151
180 124 133
171 155 15
180 123 174
139 126 168
116 123 109
164 126 144
145 125 153
249 130 146
129 126 47
160 113 148
116 134 136
116 133 173
124 118 128
123 134 220
95 102 141
122 123 84
125 137 208
125 126 241
113 120 121
170 120 144
109 123 135
134 138 97
62 120 146
135 137 190
117 132 203
139 131 183
155 120 123
120 122 221
171 125 154
131 125 239
114 123 129
86 120 142
162 121 123
92 125 140
116 128 99
161 118 152
135 127 74
138 133 154
132 139 164
97 123 175
104 119 153
157 140 32
190 120 171
156 115 176
61 125 151
121 120 207
103 124 138
84 155 13
135 131 53
137 135 87
122 129 51
160 117 137
178 122 154
40 126 132
184 121 155
248 128 152
13 127 146
137 136 122
134 121 103
207 123 144
125 124 70
98 118 133
171 138 21
118 122 169
128 138 201
124 119 115
84 121 153
56 122 141
89 120 130
175 126 149
170 127 177
138 118 144
125 118 190
131 115 204
237 127 147
8 127 135
136 123 209
159 107 139
80 126 144
71 122 164
103 141 26
131 135 21
220 126 133
46 123 146
138 132 104
98 115 155
54 126 137
62 125 169
100 114 142
158 119 174
123 126 59
166 139 16
139 127 156
85 144 15
85 136 15
238 127 133
118 128 212
69 126 160
34 124 134
74 126 142
186 118 166
123 136 23
39 123 143
95 139 18
125 141 26
183 121 140
138 133 98
194 123 160
125 140 12
122 140 155
127 146 18
102 121 172
184 120 149
127 141 124
124 139 41
122 138 52
95 113 137
118 136 100
95 125 155
34 124 146
132 135 32
122 121 95
82 140 28
194 123 155
160 124 166
136 121 160
130 140 112
131 129 42
139 131 163
136 123 97
127 130 28
170 157 24
137 124 201
80 120 133
136 133 61
139 131 116
125 119 232
18 126 129
71 121 151
54 125 151
213 123 144
189 119 139
155 140 20
148 119 134
103 122 160
153 123 176
126 140 73
94 112 152
156 115 159
117 124 192
200 122 136
123 140 111
127 120 242
144 126 147
116 127 105
137 133 205
2 127 145
139 132 149
116 130 119
230 126 131
127 151 28
26 125 144
128 146 25
15 127 137
216 124 149
127 114 224
132 139 68
100 104 139
187 122 125
169 145 15
185 125 158
130 118 136
134 123 79
115 129 160
97 105 145
43 124 150
207 123 128
122 139 186
173 121 128
163 120 130
64 125 136
87 124 137
189 127 169
123 115 212
120 130 226
129 141 102
43 123 138
133 140 139
136 121 188
131 140 79
249 125 147
124 139 61
112 119 132
136 119 135
155 116 141
93 141 26
138 126 189
114 118 144
120 136 197
85 148 24
69 121 137
193 126 143
131 127 53
140 139 15
134 123 86
137 136 127
152 123 169
82 141 21
85 136 22
135 141 30
156 117 170
64 127 163
200 126 140
131 119 168
153 124 137
67 117 157
123 139 68
143 122 159
143 128 177
119 137 130
193 121 150
206 127 141
153 141 27
123 118 153
7 128 152
118 132 79
101 124 168
118 139 19
116 126 117
156 126 165
120 133 48
61 121 137
154 103 141
108 120 122
118 135 187
114 124 158
133 120 213
121 139 146
131 138 17
115 138 29
115 128 129
136 137 165
6 130 141
145 123 132
123 136 214
162 124 138
127 121 88
130 107 227
122 140 121
197 126 147
129 141 32
51 123 147
158 119 133
119 140 35
80 120 139
146 141 30
89 139 26
21 128 140
202 122 144
203 123 131
67 118 146
148 140 18
250 125 137
132 128 233
159 124 156
105 125 142
76 121 150
125 140 166
135 136 195
113 124 138
225 125 134
119 124 215
234 128 141
210 127 146
136 130 70
109 125 149
122 119 199
64 117 161
66 127 153
63 119 168
94 113 144
192 120 144
129 141 89
140 125 137
171 141 17
118 120 119
139 130 136
115 119 154
63 124 130
106 119 130
186 121 135
98 124 137
104 139 19
160 123 176
98 120 180
120 138 174
119 137 115
107 119 137
138 119 126
119 121 181
171 120 133
121 138 181
218 125 128
129 118 152
61 123 160
119 127 222
166 120 140
133 119 183
134 120 198
115 126 146
191 125 138
124 140 84
119 121 161
168 120 152
29 128 143
162 141 26
77 124 136
125 118 186
94 118 135
139 131 159
49 124 126
137 131 84
99 117 170
129 140 179
152 119 167
187 127 151
109 139 33
162 139 21
125 130 33
117 126 200
30 125 128
130 137 211
153 113 138
137 126 212
98 111 177
128 122 78
152 117 160
130 139 12
116 126 185
118 136 165
146 119 129
137 127 92
118 134 74
242 126 141
3 125 135
130 118 222
116 130 181
89 126 149
94 122 168
175 125 137
151 115 152
130 131 30
193 122 130
243 126 136
135 137 173
126 128 40
252 129 141
220 124 144
127 136 219
168 139 30
104 121 127
123 141 21
152 109 143
134 124 227
66 126 171
155 116 146
75 120 142
77 140 20
59 126 147
133 137 63
124 141 32
159 116 166
116 126 176
117 119 137
116 133 123
234 125 135
179 126 144
146 119 151
131 140 149
85 120 137
205 123 140
67 122 129
136 137 146
96 115 160
160 117 156
178 123 129
134 136 202
103 117 146
140 138 30
169 148 24
96 125 165
120 138 92
118 124 96
209 126 137
177 140 23
138 134 186
148 138 27
96 125 160
123 140 132
85 150 16
119 128 70
121 125 232
85 132 23
134 138 86
134 121 110
113 138 22
4 128 127
79 126 151
150 118 138
171 149 16
120 135 59
73 121 129
122 138 27
127 155 19
47 126 139
39 124 127
32 127 137
192 124 171
98 116 137
115 130 139
252 129 154
167 124 134
131 140 135
120 120 115
193 121 138
114 140 13
134 134 43
158 140 14
139 129 179
122 133 34
6 125 143
117 134 109
37 127 142
98 110 142
117 133 183
134 128 229
124 118 145
152 121 127
121 121 106
129 118 201
151 118 145
24 125 135
128 118 215
58 124 129
123 121 99
133 141 24
70 124 169
87 140 16
131 136 215
90 120 152
211 127 142
182 126 141
193 119 156
121 138 77
57 122 135
109 119 152
63 127 145
118 126 87
171 133 21
225 127 139
121 139 141
186 123 174
124 140 170
117 119 132
156 125 146
126 119 106
195 122 135
71 125 137
126 118 149
93 121 124
108 125 139
126 118 135
194 132 174
119 123 210
175 120 144
115 129 151
171 126 146
99 141 27
93 119 148
121 138 163
136 137 180
184 123 165
69 123 125
137 123 166
126 142 18
73 121 133
70 126 152
161 114 159
136 121 180
124 138 199
133 138 29
126 139 51
127 107 231
161 123 160
98 125 146
93 122 129
61 122 154
123 116 217
117 130 208
121 139 87
152 139 18
225 128 145
134 138 109
163 123 133
132 133 227
156 122 131
132 138 39
90 123 133
134 137 54
4 130 137
118 136 155
123 116 208
138 134 135
186 117 155
116 128 191
247 128 135
120 133 216
119 125 79
99 122 131
231 125 142
249 128 127
138 129 97
84 156 19
213 126 136
129 125 58
103 119 163
131 118 192
58 126 137
119 136 68
138 140 34
75 122 153
134 119 125
122 130 41
122 138 56
159 117 144
133 137 47
156 110 141
135 132 57
246 126 143
57 127 142
134 120 207
17 126 147
85 154 23
138 135 114
70 119 158
171 141 24
136 119 130
170 155 19
139 127 172
47 127 146
125 103 229
173 140 30
170 120 140
139 132 127
132 139 187
115 127 167
216 127 139
130 118 144
132 140 117
189 124 130
167 125 154
189 118 148
59 123 125
