130 123 27
167 72 236
100 163 157
164 117 110
109 135 235
99 161 83
135 101 175
100 71 230
166 72 19
99 72 20
95 164 23
159 122 219
112 127 120
135 101 72
103 163 201
164 119 151
130 100 235
164 118 47
111 131 61
113 126 196
136 100 133
116 128 158
100 163 119
160 139 18
164 118 185
142 144 238
97 165 234
154 103 20
135 124 97
163 120 79
110 101 20
138 102 206
100 159 52
110 136 90
138 100 43
106 147 178
112 143 33
163 99 234
138 124 58
147 125 130
127 123 218
110 147 138
142 124 165
139 124 190
136 100 106
136 143 17
124 119 138
112 142 211
108 93 232
143 121 235
122 119 79
132 100 21
161 135 237
113 114 234
137 103 154
121 119 45
110 148 107
152 125 31
120 120 177
143 125 79
105 148 68
111 126 22
116 122 102
133 120 117
110 147 160
154 124 96
154 120 201
166 118 22
164 118 132
126 139 230
100 162 138
100 163 101
106 156 222
147 125 148
155 124 64
113 84 22
102 163 182
111 145 50
161 116 169
160 87 23
166 119 234
147 104 231
112 142 194
138 103 89
130 119 154
148 125 112
105 158 35
156 85 231
112 130 139
138 120 43
104 150 21
121 139 19
143 120 218
106 147 123
112 129 220
127 122 234
151 125 178
127 123 202
122 119 63
111 132 172
136 103 190
149 144 27
109 151 90
114 137 75
135 102 221
113 79 233
100 162 67
151 125 50
111 131 44
138 103 58
135 120 177
105 149 235
106 157 169
144 120 20
117 113 24
114 135 109
154 143 228
141 120 205
107 154 149
161 116 34
153 120 159
136 124 138
109 138 150
157 123 122
127 119 189
138 101 119
107 154 190
117 128 208
133 120 70
104 151 207
100 163 213
124 123 91
116 123 33
118 103 231
154 125 230
121 119 113
108 138 20
127 119 166
112 72 25
123 123 125
164 118 208
113 126 81
116 129 184
106 157 129
111 145 225
114 136 128
164 117 96
159 127 20
151 125 190
157 124 141
117 125 230
156 75 24
119 120 149
164 118 60
157 72 229
157 109 231
138 102 31
133 120 84
110 148 79
129 119 54
121 99 24
164 106 24
108 153 58
144 120 102
135 120 227
156 116 21
129 123 38
154 124 75
144 125 68
103 154 113
108 142 60
118 126 71
164 118 196
133 120 128
130 119 106
150 121 86
135 101 143
113 142 99
117 121 216
113 126 91
104 151 44
142 120 31
117 127 52
150 121 40
141 120 155
138 103 164
117 124 167
105 160 233
136 142 228
109 138 185
131 142 26
103 153 99
111 133 32
105 161 22
162 97 21
110 136 161
148 125 210
110 136 204
110 137 119
141 124 89
106 157 76
144 100 21
155 120 106
99 162 43
114 126 130
117 142 234
143 120 119
148 121 58
103 153 160
115 132 99
123 121 20
153 124 168
99 162 192
104 80 21
163 117 69
113 142 170
132 142 237
103 153 137
112 127 148
143 120 182
134 124 211
104 161 92
106 148 217
151 143 17
109 150 199
153 143 238
138 124 110
118 120 188
146 120 138
113 126 111
130 123 146
155 93 235
108 142 41
122 119 225
164 117 142
156 124 131
114 137 54
100 163 225
105 150 31
160 122 88
104 80 232
158 141 26
97 156 233
136 125 20
106 148 168
103 163 110
164 117 225
160 122 177
140 144 26
106 156 178
138 101 229
115 93 24
113 139 142
164 80 233
108 72 236
164 79 24
109 140 81
114 136 227
106 146 147
142 120 51
118 120 201
136 100 81
151 125 222
114 145 23
106 146 188
135 120 196
154 120 149
125 119 211
149 126 21
103 162 148
100 162 173
130 123 62
164 117 120
115 134 193
134 124 160
111 146 115
115 134 213
157 119 55
116 123 141
125 123 100
146 125 200
146 143 229
110 102 235
127 123 179
143 120 173
100 162 165
161 116 160
97 156 24
119 120 158
116 132 22
106 156 66
158 123 39
101 163 29
108 90 20
109 140 133
118 126 61
104 161 60
114 87 234
132 123 47
137 100 97
103 153 84
130 123 77
154 120 184
112 143 68
111 109 21
145 125 228
156 119 210
135 120 218
157 124 114
106 156 106
133 123 170
108 143 92
109 139 221
146 125 95
161 121 27
133 123 185
115 126 176
161 136 229
122 119 28
102 155 196
155 102 235
107 155 214
130 119 20
107 154 121
114 137 179
115 133 84
136 100 198
156 119 46
155 93 20
136 103 50
134 120 33
105 149 130
116 132 234
157 117 231
144 125 37
139 124 146
100 162 129
126 123 69
116 96 234
136 100 213
111 131 70
137 125 235
108 153 229
149 125 123
158 123 194
112 143 203
117 121 85
160 134 25
119 120 132
141 124 125
121 118 235
129 141 18
111 145 129
147 125 159
122 119 37
122 119 195
107 73 19
113 119 20
107 142 232
144 143 17
138 103 65
105 148 154
165 110 233
136 100 183
117 125 40
129 123 135
131 119 91
113 72 230
118 125 223
163 120 103
110 148 97
116 105 24
111 127 235
137 120 104
122 119 106
116 130 201
150 121 216
109 140 112
137 120 25
148 121 74
115 133 38
102 157 186
146 120 194
159 122 164
157 119 136
108 152 37
145 125 45
106 156 48
100 163 74
109 138 104
119 120 55
130 123 123
114 138 44
104 73 26
136 120 77
114 137 64
158 77 235
115 134 154
114 138 27
106 145 25
154 120 173
129 123 195
129 123 225
102 156 153
119 124 119
159 125 235
126 123 159
100 159 219
136 103 126
112 129 166
149 120 25
158 118 74
112 129 227
107 155 26
117 121 209
117 121 95
112 144 87
161 91 231
159 141 234
105 149 224
160 117 202
106 156 202
158 109 20
112 143 154
122 138 235
135 124 204
161 116 216
144 125 25
148 121 165
112 129 104
136 124 152
106 86 234
158 123 154
151 125 137
152 120 118
163 73 26
102 156 144
149 125 103
126 123 115
142 124 212
106 147 55
116 121 77
126 119 130
108 142 164
115 133 116
122 119 170
159 81 20
156 124 83
102 157 228
139 120 67
123 99 233
138 104 22
158 118 126
138 103 112
109 139 49
150 121 143
108 142 75
152 125 154
112 143 180
148 125 184
138 124 223
110 148 43
123 123 143
156 119 31
141 103 235
161 113 23
116 123 182
109 140 125
138 120 133
112 144 217
111 131 54
116 129 31
111 149 233
127 119 45
105 150 75
119 126 23
126 123 83
121 119 70
103 154 91
108 152 143
108 152 184
164 119 41
125 123 152
113 126 214
158 118 189
110 148 207
114 135 166
147 126 234
112 129 190
139 124 198
116 108 235
106 157 42
116 131 77
126 119 175
111 119 231
102 157 30
113 126 66
110 148 61
160 73 19
124 123 50
149 120 230
157 119 95
116 121 125
125 123 57
151 125 69
149 125 80
144 120 84
137 124 38
115 126 46
112 130 180
154 120 225
99 161 206
105 158 208
144 120 109
164 74 231
137 124 83
159 122 206
110 147 173
135 120 165
152 120 195
129 125 21
110 132 24
118 126 152
109 138 69
157 119 62
101 157 71
123 123 185
103 153 53
105 159 160
109 151 50
163 117 175
112 143 121
135 120 144
136 120 51
116 130 133
106 147 102
108 142 141
102 73 236
122 123 163
105 149 116
130 119 98
133 119 233
106 146 35
142 120 96
105 148 194
113 77 23
115 98 20
108 141 199
135 120 61
154 122 20
123 124 230
107 73 229
149 121 64
111 106 231
105 159 139
127 119 33
100 159 106
112 128 35
111 132 198
102 157 122
158 118 83
104 151 62
124 119 205
149 103 24
120 124 193
160 122 67
108 152 134
112 130 88
100 162 37
124 139 25
116 128 143
137 124 29
115 132 49
125 102 20
114 138 198
103 152 174
118 125 108
113 126 98
110 136 96
160 122 50
157 143 20
135 103 234
133 120 111
123 123 75
161 122 230
157 98 24
132 124 231
138 124 173
160 117 181
105 158 86
157 123 101
154 120 69
114 137 135
163 122 20
142 120 73
159 114 235
107 153 165
156 124 27
137 124 120
109 153 21
108 141 158
112 128 154
139 120 169
145 125 55
151 125 204
163 117 87
135 124 90
122 119 120
106 147 86
101 158 177
150 121 132
133 123 56
116 130 124
138 124 183
159 131 231
130 119 183
130 119 214
113 142 107
109 139 174
136 100 160
101 165 24
107 85 23
143 120 149
147 125 175
109 94 24
105 159 118
157 72 236
161 121 116
138 124 217
100 159 96
137 100 149
160 105 234
141 120 227
110 137 214
108 144 20
113 139 189
123 123 32
115 138 20
136 100 37
129 119 66
137 124 70
126 123 108
104 161 125
158 118 146
111 131 112
107 153 80
113 142 147
150 121 98
164 118 126
119 124 173
129 119 142
116 130 57
106 148 203
117 128 85
115 133 207
106 146 110
116 131 93
132 119 201
113 141 116
125 118 231
123 123 199
142 124 133
154 124 43
138 100 170
113 72 20
134 120 189
118 125 114
109 140 29
122 123 213
159 122 109
148 121 34
108 152 158
122 119 219
99 161 144
113 126 27
152 125 58
110 148 150
113 140 92
113 126 203
113 139 86
136 103 138
105 159 194
117 128 218
151 125 37
142 124 178
111 114 24
127 119 74
114 137 219
110 136 38
110 148 73
143 125 115
117 112 231
129 123 95
113 126 162
116 130 170
137 124 130
132 123 102
139 120 114
108 152 126
113 126 75
124 119 181
104 161 187
147 125 169
148 121 126
125 119 95
119 124 81
117 121 66
122 123 41
155 87 20
120 124 205
142 124 139
164 119 220
111 131 159
127 123 170
158 105 24
105 158 55
152 125 146
156 124 188
112 144 235
152 120 207
152 125 162
101 157 46
145 125 222
141 124 103
103 153 38
129 119 222
109 149 213
109 151 113
129 123 210
161 132 19
103 152 181
153 120 112
101 157 63
141 120 187
140 143 233
106 146 133
113 126 56
145 125 31
100 163 56
142 120 62
147 144 238
109 137 230
144 125 153
125 119 148
163 120 191
110 137 57
164 119 54
109 150 26
117 128 102
124 123 132
146 120 212
117 121 226
102 153 233
104 160 215
129 123 87
113 141 161
116 130 67
115 134 187
153 124 127
136 120 124
108 141 190
159 122 149
158 123 170
105 159 174
110 148 192
107 145 222
160 86 235
111 132 80
101 157 132
110 148 32
104 160 102
103 153 219
107 153 70
113 142 78
99 160 197
111 133 66
107 153 195
154 120 219
148 121 49
138 124 50
106 146 46
101 157 166
100 159 78
97 160 20
161 121 139
154 120 165
113 141 230
153 126 235
150 143 232
99 160 88
132 141 231
104 151 187
117 127 189
103 163 133
113 126 135
100 77 22
124 119 155
127 119 60
113 142 57
101 157 212
133 120 41
117 141 24
105 148 140
157 98 231
104 151 200
120 126 234
100 161 234
112 142 185
110 148 165
110 135 131
133 120 137
115 134 139
107 144 207
121 124 103
154 127 24
111 132 147
145 125 61
99 160 114
158 118 156
113 73 235
108 143 183
149 121 172
152 102 231
134 120 208
157 118 26
127 140 236
137 103 179
154 124 216
141 120 38
134 120 157
142 120 143
135 102 26
162 116 230
127 119 124
100 77 232
112 129 207
115 133 104
147 121 114
158 123 224
112 144 38
149 121 225
108 143 170
113 126 224
157 123 60
109 138 195
112 130 130
118 118 21
138 120 90
132 123 108
149 121 201
115 132 175
138 119 235
117 121 59
114 137 35
136 103 102
112 142 45
160 119 234
157 119 119
105 159 183
116 129 113
131 123 176
111 132 120
141 126 232
104 160 155
111 131 96
102 164 230
106 157 94
104 161 40
115 132 162
135 143 22
152 120 93
152 120 78
101 157 203
163 120 156
125 119 25
161 121 34
112 142 136
104 155 20
127 123 127
138 124 208
109 138 139
110 135 225
111 104 24
153 124 88
116 121 162
108 75 23
136 124 194
130 123 139
129 119 119
109 150 84
129 119 161
130 123 43
130 123 190
121 124 64
138 120 148
112 130 212
116 131 149
116 121 90
149 125 195
100 162 49
120 124 28
115 132 225
164 104 231
126 119 40
131 123 32
110 137 166
164 111 20
117 122 235
167 75 24
141 124 43
160 117 222
136 120 95
125 119 85
107 155 154
158 118 102
107 144 118
103 154 79
161 92 23
159 118 42
115 122 24
108 141 25
152 125 109
110 135 84
153 124 210
116 129 194
138 101 77
163 117 75
109 140 179
110 135 191
148 120 20
120 136 232
122 119 101
104 151 146
103 153 68
156 83 24
127 102 231
104 151 124
156 124 179
157 123 93
142 125 20
161 121 201
111 146 144
116 122 146
138 103 217
110 135 210
119 124 130
106 156 135
161 116 106
120 124 37
107 155 32
138 124 78
142 120 25
164 118 64
148 125 141
119 124 99
105 149 80
131 119 171
131 119 79
133 123 199
109 151 64
110 137 144
145 125 87
134 124 67
113 92 235
107 145 82
147 125 135
114 136 123
102 157 126
159 122 214
141 124 93
141 124 98
136 120 100
102 156 149
158 118 152
122 119 190
112 143 28
160 122 182
104 151 212
110 147 92
107 144 69
119 124 177
135 101 61
156 124 161
121 124 85
147 121 177
161 121 72
136 120 182
135 119 20
147 121 69
155 88 235
105 158 113
117 121 43
130 119 228
102 155 190
119 124 93
114 138 206
136 120 213
103 163 221
124 123 175
157 119 198
115 126 20
129 123 51
164 119 163
113 83 231
114 137 99
101 157 40
114 88 22
164 117 147
106 148 160
103 152 104
141 120 195
108 143 152
101 157 172
134 124 221
111 148 20
117 110 20
145 125 50
148 121 221
159 118 132
157 119 90
108 142 56
134 124 74
129 119 207
158 123 77
