194 75 150
57 230 97
57 25 97
199 227 148
84 127 150
144 174 96
146 28 96
119 228 150
199 151 149
102 51 150
62 163 96
61 93 96
196 113 96
60 195 150
145 119 141
164 231 97
119 82 103
198 24 122
199 186 104
119 172 150
152 24 150
57 81 148
110 230 96
58 24 150
103 132 99
168 73 106
164 191 150
143 74 150
152 123 97
102 33 102
101 181 110
79 231 137
158 231 138
106 93 150
187 114 141
57 153 137
190 149 110
66 57 118
199 54 97
158 155 141
57 115 128
66 195 112
199 230 112
119 24 133
97 200 141
199 189 141
60 128 96
179 46 141
199 85 116
89 82 119
89 159 141
116 136 141
133 200 141
86 24 131
169 181 116
180 28 96
132 222 119
71 54 150
166 132 122
165 92 141
166 24 124
128 123 118
78 100 141
80 132 118
85 222 108
128 181 120
141 82 122
132 48 141
114 73 129
198 24 150
199 56 124
57 217 127
105 222 127
190 210 128
74 172 122
199 126 120
57 33 124
57 82 122
78 74 97
58 128 150
199 168 124
177 214 150
190 211 96
145 82 97
166 132 150
126 33 111
169 67 150
177 132 97
178 168 150
131 100 150
145 175 150
81 183 150
78 33 110
57 227 149
99 123 130
136 152 150
137 231 97
80 181 97
89 72 150
57 146 113
58 49 96
120 174 96
155 48 150
180 73 130
145 33 125
99 25 150
179 231 127
57 105 150
199 94 138
57 173 149
111 116 150
120 65 150
156 222 116
153 212 150
183 172 97
190 106 118
76 209 141
97 223 150
190 74 96
105 181 131
57 71 103
83 123 97
147 172 124
199 52 147
57 208 97
130 126 96
190 41 112
140 231 149
190 135 138
115 207 150
66 109 110
97 82 97
58 183 96
173 28 150
73 149 150
156 73 133
199 133 98
57 182 127
130 29 150
146 132 122
190 187 122
79 28 150
104 33 123
57 59 137
98 141 150
74 82 132
179 148 150
163 181 97
199 92 97
185 230 96
68 231 118
66 133 131
161 109 150
182 97 150
164 33 106
99 176 150
168 172 133
198 24 103
135 133 150
195 208 150
199 163 98
146 92 141
57 41 141
66 98 127
106 158 150
94 107 150
185 24 136
131 181 138
180 187 141
112 132 118
130 222 137
57 163 121
122 84 150
196 173 150
199 202 114
182 123 113
149 139 141
115 222 112
181 82 114
173 222 111
92 39 141
99 82 133
199 38 133
116 24 96
87 24 97
70 82 110
131 132 132
199 73 129
199 151 129
115 43 141
66 200 129
178 231 146
68 24 135
99 231 111
190 63 110
113 172 118
198 231 131
183 172 115
164 82 121
89 90 150
148 191 141
107 73 113
198 123 150
70 116 150
116 189 150
72 172 139
126 117 141
92 172 122
61 146 96
66 212 113
131 82 136
96 123 112
57 126 115
172 123 137
73 83 150
74 227 96
185 172 132
93 24 113
122 157 141
85 58 141
157 33 137
183 24 114
79 123 135
130 73 111
139 24 113
190 62 137
166 123 108
162 172 150
149 222 102
118 102 141
62 231 133
92 231 127
73 40 141
190 217 113
71 70 141
115 123 104
146 58 141
85 141 141
85 181 133
153 73 114
112 24 112
199 110 131
156 172 108
96 222 97
106 77 150
57 42 111
119 172 132
156 82 150
157 123 131
164 206 141
107 231 139
65 24 112
198 105 150
190 159 139
66 46 129
143 34 141
118 231 125
137 212 150
131 181 104
179 84 141
124 222 97
87 73 132
138 132 108
94 174 96
187 123 129
140 231 130
191 38 96
118 123 129
57 173 110
72 193 141
66 71 127
57 97 111
84 172 108
131 31 96
190 139 123
123 82 121
70 181 108
199 224 98
57 210 149
57 114 97
182 60 150
187 34 150
145 231 113
154 24 115
133 24 131
57 94 138
66 195 97
140 164 141
198 148 96
59 147 150
59 66 150
73 33 124
174 116 150
79 222 122
89 209 150
72 230 150
66 37 99
188 222 137
153 132 108
170 222 137
165 56 141
190 84 130
190 198 103
104 24 135
153 172 138
109 74 97
173 33 133
199 172 110
182 203 141
199 202 136
132 68 141
101 67 141
179 82 99
116 24 150
73 132 105
66 60 98
183 131 150
126 231 108
107 181 97
66 148 128
172 158 141
165 231 123
70 135 150
199 101 107
92 73 106
66 108 139
131 189 150
66 160 110
183 231 113
160 82 99
124 144 150
71 123 123
96 121 150
199 97 124
188 33 124
71 24 98
72 164 150
144 106 150
153 128 150
170 172 106
199 73 110
66 218 138
140 181 114
199 116 111
199 139 113
165 146 150
106 217 141
190 160 118
131 82 97
194 89 150
57 222 108
196 138 150
163 132 97
68 183 150
57 186 140
163 226 150
84 46 150
172 106 141
145 219 141
161 34 150
198 24 136
133 172 128
64 80 96
167 24 97
96 190 150
155 181 119
97 132 140
105 107 141
95 172 138
86 170 150
57 77 135
199 220 122
121 33 123
79 73 113
188 123 99
175 33 120
121 126 150
199 177 135
110 148 141
66 164 131
87 132 106
190 90 107
199 124 135
57 186 114
87 231 148
70 173 96
90 33 122
57 117 141
57 202 120
84 113 141
169 45 150
99 73 123
169 73 137
144 73 137
156 64 150
110 35 150
147 33 108
66 217 100
177 181 128
190 46 129
175 139 141
66 71 113
155 101 141
157 123 118
84 181 118
90 222 139
121 55 141
122 132 110
149 157 150
110 198 141
107 172 140
57 206 136
163 231 111
199 215 138
143 181 132
195 176 96
188 73 120
64 35 150
57 54 150
135 222 105
186 181 105
154 200 150
118 222 136
57 141 138
85 194 141
87 132 131
190 102 135
140 82 110
69 181 131
172 201 150
145 207 141
171 80 150
123 211 141
135 84 150
102 208 150
199 38 148
69 100 150
163 24 144
57 58 106
172 73 119
190 194 133
57 49 121
173 182 150
57 139 123
78 64 150
57 81 110
157 181 131
80 24 120
135 73 127
107 123 140
190 51 105
190 197 150
129 172 112
124 33 139
66 134 116
98 132 122
137 123 127
163 172 122
140 45 150
88 149 150
158 33 124
126 93 141
96 222 119
77 231 110
190 62 97
180 132 121
67 122 137
68 218 150
85 82 102
57 29 136
199 211 105
147 222 127
115 83 140
153 82 127
92 99 141
122 197 141
149 181 105
57 64 121
199 34 115
170 24 113
137 117 150
111 82 120
116 181 124
123 109 150
199 139 131
187 48 150
66 121 106
186 72 141
69 205 150
126 43 150
90 24 142
86 230 96
130 225 150
60 161 150
188 148 141
160 218 141
141 132 97
157 33 97
160 117 141
133 56 150
190 200 122
66 104 99
57 198 105
152 24 128
174 181 100
199 66 142
162 132 137
85 123 123
132 144 141
132 164 150
57 102 121
190 135 105
144 123 115
111 172 106
145 73 104
66 142 106
112 72 141
199 167 140
144 24 137
109 185 141
199 83 139
105 128 150
186 222 125
57 126 129
70 90 141
169 99 150
145 132 133
66 58 129
66 187 121
174 222 99
199 150 116
146 146 150
130 177 150
103 40 141
57 175 138
115 33 104
161 222 130
173 123 120
112 24 124
111 33 132
80 202 150
188 217 150
66 51 106
78 73 125
113 56 150
129 231 125
78 220 141
66 151 116
63 231 106
163 82 133
190 157 102
66 90 119
57 113 115
151 226 150
156 183 150
190 62 121
199 57 113
132 173 96
189 231 144
79 155 141
88 33 105
84 85 141
116 152 150
57 226 119
199 51 135
151 115 150
180 132 133
89 231 115
74 82 120
99 91 141
180 33 106
145 172 110
61 91 150
199 190 129
135 110 141
190 104 97
151 82 139
189 183 138
144 123 104
198 201 96
118 132 98
92 123 138
187 222 103
172 132 111
106 57 141
199 84 105
66 34 115
199 147 139
78 107 150
190 168 104
107 229 150
67 159 141
102 172 115
81 33 139
66 54 140
189 158 150
132 33 125
92 55 150
144 197 150
199 192 118
174 82 124
67 221 127
199 47 110
129 24 116
120 73 114
188 92 141
182 79 150
101 33 113
199 114 141
111 140 150
124 73 132
190 39 139
162 46 141
84 172 139
115 218 150
95 181 128
109 132 135
68 146 141
122 231 139
105 231 121
123 222 125
98 33 135
199 156 107
127 123 106
57 49 133
97 123 99
123 73 99
98 24 122
190 207 108
57 194 129
146 231 139
66 46 115
114 181 111
57 30 110
169 195 141
129 205 150
72 124 96
171 123 98
98 24 96
180 34 141
190 85 97
66 168 118
137 33 105
81 33 97
127 24 103
199 65 103
174 54 150
110 178 150
118 123 114
151 82 107
57 92 124
146 73 127
90 181 107
160 222 104
177 63 141
68 24 122
57 105 131
178 24 128
190 231 121
69 25 150
141 150 141
77 134 141
137 98 141
116 166 141
130 74 150
164 73 127
185 108 150
95 211 141
101 156 141
95 161 150
99 82 116
57 164 139
96 82 150
65 74 150
170 222 121
82 24 107
175 231 106
155 73 102
165 181 138
198 123 96
57 173 98
84 70 141
182 123 139
57 224 139
70 73 103
185 73 105
73 174 150
109 168 150
190 107 107
96 50 141
103 198 150
66 111 124
121 132 125
84 123 113
136 132 121
97 41 150
160 160 150
86 100 150
95 184 141
173 172 124
74 182 141
74 222 105
79 215 150
147 230 96
152 231 128
118 181 137
152 97 150
190 193 113
169 82 111
103 181 120
158 191 141
149 48 141
145 185 150
82 222 132
73 172 112
162 67 141
74 231 128
170 75 96
85 82 128
162 24 133
66 209 124
97 172 106
118 75 150
127 166 141
155 132 127
79 140 150
183 121 150
178 181 112
139 24 146
199 181 114
78 49 141
107 24 103
190 51 139
57 158 104
190 164 130
164 181 107
188 169 141
172 33 99
106 82 102
141 24 123
57 211 106
168 231 133
71 222 115
90 75 96
57 73 116
199 109 120
172 168 141
190 94 121
57 107 106
119 231 100
95 131 150
57 131 140
139 135 141
141 96 150
178 94 141
166 210 150
105 65 150
66 153 99
76 132 129
66 91 107
190 148 130
182 24 149
135 73 98
67 33 131
66 102 118
189 133 115
138 24 102
139 64 150
190 114 123
77 181 125
85 35 150
199 220 112
199 207 127
138 73 116
127 82 108
190 211 139
57 214 116
82 158 150
126 181 130
199 127 106
154 24 139
178 193 150
107 222 106
111 92 141
126 132 140
199 37 103
57 184 150
66 168 104
126 172 122
78 123 105
77 92 150
105 73 132
190 140 97
161 24 106
73 126 150
110 106 150
137 181 123
190 70 129
101 73 103
106 132 108
133 33 136
190 189 99
70 231 140
156 142 150
152 38 150
172 90 150
87 117 150
199 88 128
199 142 122
136 190 141
190 49 120
149 110 141
121 161 150
66 117 115
192 65 150
137 33 115
113 231 114
137 231 107
127 24 141
121 181 104
115 222 100
199 195 107
148 123 124
185 186 150
57 37 103
138 231 120
137 222 130
98 231 133
126 222 112
164 123 124
66 87 131
199 199 146
57 220 98
88 132 97
84 172 97
107 24 145
66 191 135
99 231 145
73 82 97
141 222 97
105 83 141
57 87 102
57 72 142
164 140 141
66 138 97
161 172 98
79 24 140
57 122 104
96 144 141
86 207 141
118 82 113
122 82 131
129 123 135
57 70 129
57 147 130
66 208 137
92 73 118
121 147 141
122 96 150
98 231 98
116 121 141
105 123 114
92 222 129
86 222 150
109 123 127
66 187 102
109 82 129
131 231 135
186 140 150
163 73 116
143 172 135
199 65 122
163 132 108
90 181 150
66 60 108
101 150 150
186 206 150
98 222 108
155 56 141
92 200 150
155 82 118
57 175 119
79 231 119
188 83 121
57 24 126
197 185 150
173 173 96
92 32 96
191 231 103
180 221 141
93 82 107
109 125 96
66 136 140
172 24 141
188 172 123
85 33 130
185 33 115
190 118 110
169 34 141
95 132 113
161 168 141
136 209 141
74 43 150
161 121 150
66 205 98
135 171 141
151 132 99
106 172 97
67 99 141
109 161 141
121 24 111
166 150 141
172 222 150
179 82 132
136 123 108
188 24 122
180 73 113
163 33 116
115 111 141
158 132 116
190 113 132
185 231 136
65 45 150
111 207 141
151 149 141
187 181 114
111 45 150
69 194 150
177 123 129
166 231 142
138 172 120
57 135 114
182 33 132
57 87 133
95 24 132
164 52 150
69 65 150
149 163 141
57 164 112
154 206 141
183 88 150
57 141 105
137 59 141
152 222 135
112 33 119
190 156 125
157 231 119
156 181 140
145 222 110
87 63 150
106 220 150
57 60 97
116 64 141
190 93 131
88 132 141
199 104 97
199 159 145
199 160 129
90 231 139
57 105 97
57 186 105
155 90 141
59 138 150
121 135 150
199 160 118
156 73 150
189 28 96
182 106 141
148 56 150
146 181 123
144 133 150
77 146 141
143 183 141
190 24 145
60 118 150
57 108 141
106 222 97
199 136 141
63 71 96
188 132 97
66 65 136
154 167 150
179 222 118
80 82 113
175 123 107
175 181 137
71 73 120
57 57 127
172 231 118
154 172 119
84 33 116
190 56 130
199 32 140
169 33 125
98 222 135
112 87 150
183 175 150
177 210 141
179 73 98
180 42 150
143 220 150
163 108 141
127 73 120
97 172 129
89 138 150
128 60 141
57 39 131
86 192 150
143 163 150
144 82 133
121 200 150
140 85 141
190 35 105
181 164 141
168 83 141
156 225 96
151 180 96
137 181 96
121 124 96
66 41 137
72 114 141
172 156 150
94 109 141
177 116 141
