148 48 123
107 253 142
107 148 113
148 204 115
148 109 143
106 5 141
107 85 113
147 161 143
107 194 143
148 253 114
107 50 144
148 5 116
107 118 143
112 223 115
147 136 113
147 86 113
147 229 143
118 29 115
128 79 144
136 23 144
122 180 115
121 113 115
107 162 142
147 192 143
148 166 113
123 61 115
128 140 134
119 253 116
107 224 143
134 253 138
138 229 115
108 5 115
106 93 138
134 52 144
148 111 117
127 177 139
106 199 117
130 214 134
148 70 135
107 27 135
106 70 132
148 133 142
129 152 115
126 104 144
141 29 115
106 140 138
106 47 121
124 13 128
148 5 140
107 127 119
126 206 115
148 90 134
108 238 128
107 170 122
149 185 121
126 90 115
148 38 140
127 132 115
148 65 113
149 151 126
121 36 144
106 108 126
149 219 127
133 116 129
146 239 127
108 210 131
147 210 143
130 43 115
148 21 129
106 65 115
118 65 144
119 16 145
149 125 128
134 74 115
122 236 115
108 179 136
149 177 136
134 14 115
135 191 115
108 153 129
131 5 140
134 253 123
135 177 123
107 242 113
147 244 143
135 104 115
148 55 141
144 80 145
116 160 115
106 20 117
149 201 131
120 253 134
114 140 124
107 184 114
108 77 145
118 116 131
138 94 144
138 121 115
106 252 126
137 142 123
134 116 144
132 166 115
106 99 115
108 239 143
137 214 120
146 165 129
148 253 131
109 12 129
106 191 129
119 91 144
119 215 142
147 76 123
119 77 115
106 33 122
148 239 113
108 84 127
106 56 132
121 216 123
106 127 132
148 147 143
149 35 124
136 68 144
148 98 121
107 42 133
119 13 115
107 115 114
148 221 113
148 18 115
138 53 115
120 115 145
108 225 128
148 110 130
136 35 144
148 18 142
119 196 115
147 140 132
119 48 115
107 18 145
114 210 115
111 102 145
147 61 126
146 9 128
121 177 128
142 153 115
118 142 142
137 244 115
121 48 144
106 206 142
147 120 138
137 142 142
119 147 115
127 223 115
109 38 145
107 97 127
136 13 132
120 5 140
107 61 142
142 40 115
122 102 115
129 28 115
115 134 115
149 230 121
139 178 142
147 192 113
148 187 132
144 177 115
137 204 115
108 151 140
106 74 121
108 129 143
107 215 121
138 92 115
119 124 115
148 125 117
108 232 118
107 40 113
114 92 115
148 97 142
106 104 135
108 253 113
109 180 125
117 178 142
125 143 122
148 65 145
108 55 113
119 170 115
140 214 132
111 28 145
127 27 144
107 164 131
137 136 115
148 88 123
106 159 121
137 104 144
147 46 133
147 28 136
142 46 144
148 80 133
106 117 132
138 12 144
127 246 115
149 219 137
135 63 115
148 144 118
146 176 127
106 138 119
149 228 132
146 209 123
142 116 124
149 56 116
108 200 134
125 251 142
119 76 144
130 116 119
108 246 135
147 194 124
108 174 113
130 89 144
108 83 137
108 172 143
131 179 115
117 214 133
147 154 136
135 177 133
121 38 115
106 231 137
128 116 137
108 59 122
108 22 128
146 133 123
106 218 135
147 170 143
108 135 128
106 5 124
106 144 127
144 253 140
124 20 115
148 99 131
127 13 137
141 13 121
108 30 113
133 215 142
147 201 143
108 119 122
146 213 115
108 206 123
149 75 114
140 162 115
125 253 125
138 140 132
145 251 123
111 88 145
125 189 115
127 70 144
129 142 115
131 236 115
124 70 115
107 18 136
133 83 115
115 140 133
114 108 115
117 244 115
106 185 142
138 59 144
106 90 121
147 25 121
139 251 131
115 65 115
144 102 115
129 17 144
148 160 121
143 29 144
141 116 133
108 190 121
115 12 138
117 116 122
148 88 144
117 253 124
129 124 115
137 146 115
106 109 143
149 54 131
116 253 142
147 182 142
149 244 134
106 244 123
142 185 115
120 228 115
127 13 119
148 170 121
149 129 135
126 179 122
144 13 137
128 54 115
108 172 131
108 163 113
125 159 115
114 179 118
107 70 141
139 221 115
136 252 115
132 44 144
108 5 132
114 20 115
121 217 115
149 95 114
110 13 117
131 215 115
115 188 115
114 57 144
114 116 138
124 116 126
140 110 115
147 209 134
110 77 115
113 216 126
128 142 142
148 234 137
141 80 115
106 215 142
108 48 129
149 15 123
148 32 115
140 216 140
128 253 132
119 106 144
126 55 144
138 21 115
147 74 142
107 67 124
119 85 115
144 116 144
147 104 136
147 106 123
144 143 138
148 158 114
112 142 115
144 246 115
122 84 144
140 236 115
106 106 117
114 153 115
148 61 136
108 152 121
141 5 140
107 198 126
149 68 128
117 13 127
111 47 115
147 35 133
108 192 113
108 158 135
108 190 136
106 211 114
147 194 135
106 78 131
148 69 120
148 164 136
108 49 136
147 140 124
116 57 115
114 101 115
149 48 115
130 35 115
136 76 144
108 42 126
140 196 115
113 35 115
143 179 132
113 71 144
129 110 115
107 156 113
110 123 115
127 79 115
149 29 128
131 214 124
130 97 144
149 39 118
106 147 134
127 179 132
119 27 144
108 33 139
114 237 115
106 82 120
112 12 144
146 158 129
108 95 145
144 102 145
131 200 115
119 204 115
136 173 115
115 177 133
127 173 115
107 133 114
131 60 144
115 117 115
130 110 144
147 25 113
108 35 130
149 147 133
131 140 126
148 47 140
149 201 123
134 13 126
149 118 130
109 253 133
148 183 115
107 12 138
106 185 131
149 217 120
114 21 144
123 142 130
146 171 133
106 225 119
107 218 113
148 119 113
147 85 138
148 15 132
108 25 121
145 228 115
143 38 145
129 253 116
112 45 144
147 42 124
138 85 144
109 179 143
106 29 128
112 214 139
146 243 122
112 168 115
142 170 115
108 225 135
106 42 140
148 25 145
137 116 119
131 159 115
125 43 144
106 145 120
107 63 131
147 82 119
113 216 117
107 91 113
146 223 120
106 72 115
125 200 115
107 89 132
134 97 115
147 125 143
112 201 115
149 140 142
125 216 137
121 140 116
107 14 123
123 216 130
108 122 137
148 222 143
107 55 139
147 238 143
136 127 115
114 112 145
139 211 115
143 59 115
108 145 142
114 82 144
145 13 145
137 116 138
108 110 136
147 153 143
142 214 125
147 8 121
138 180 115
106 232 128
143 140 115
147 5 134
147 183 128
108 126 125
108 74 136
124 21 144
106 24 141
148 12 113
149 82 126
108 168 138
148 32 142
136 33 115
130 33 144
143 20 144
136 47 115
108 246 128
106 179 118
124 45 115
108 132 135
116 33 144
148 121 122
131 68 115
106 53 124
106 239 119
107 247 143
114 97 144
108 103 123
108 38 119
107 216 129
106 83 143
143 55 145
148 151 117
149 234 129
142 110 144
106 136 142
149 114 139
136 154 115
106 113 121
134 185 115
126 165 115
112 253 119
149 197 119
128 103 115
149 131 129
106 99 139
123 119 115
121 100 144
148 237 119
129 230 115
142 253 117
139 251 142
138 179 128
131 13 141
123 143 138
126 116 144
112 229 115
130 22 115
108 201 140
149 55 125
108 239 136
108 134 122
147 214 130
113 251 128
112 5 138
136 29 144
106 97 121
133 177 139
107 97 133
121 12 140
147 60 120
149 206 139
143 70 145
106 164 125
108 221 123
121 152 115
123 62 144
115 251 136
108 204 113
108 187 126
107 208 136
146 247 127
148 115 123
106 253 120
148 79 140
147 94 126
107 228 113
148 176 142
109 64 146
148 136 136
144 70 115
148 138 119
112 129 115
108 159 128
146 177 121
108 231 143
147 183 136
108 236 113
141 13 115
149 232 114
126 214 120
148 23 138
146 226 125
107 32 145
129 194 115
142 126 115
148 91 119
148 75 130
147 191 119
122 129 115
116 175 115
148 85 130
149 194 130
143 13 131
148 189 126
148 174 114
149 145 127
113 249 115
107 10 113
133 140 119
122 13 123
133 221 115
108 211 125
120 96 115
126 116 132
117 43 115
128 49 144
134 209 115
146 206 128
106 196 136
108 165 119
127 183 115
126 93 144
130 179 126
131 251 127
142 117 115
136 216 136
123 110 144
114 81 115
111 116 126
108 122 130
148 130 115
140 177 120
107 205 128
108 91 128
108 60 136
108 246 118
134 216 128
130 251 142
121 135 115
144 146 115
127 216 142
107 178 130
139 251 124
108 74 128
108 140 130
114 177 127
143 216 119
106 124 142
143 63 144
113 194 115
120 108 115
122 55 115
140 86 115
148 127 122
106 13 143
146 248 138
106 168 114
138 10 138
148 216 143
144 91 145
147 52 136
108 235 123
112 142 142
146 220 132
108 140 123
107 157 143
118 221 115
106 25 115
131 147 115
136 116 124
106 9 119
108 110 131
134 119 115
119 179 121
123 116 138
123 32 115
114 25 115
148 91 139
147 105 131
141 132 115
108 65 137
118 214 128
136 13 120
123 212 115
108 55 119
131 49 115
145 199 115
124 84 115
131 137 115
108 127 138
136 110 144
146 136 128
146 50 145
136 42 115
139 97 115
121 177 139
148 170 127
108 69 119
143 97 145
147 30 120
142 116 139
147 80 113
117 214 121
149 142 136
112 242 115
146 117 119
135 17 144
146 44 114
125 14 115
106 43 117
107 175 123
138 67 115
107 78 125
148 95 135
108 229 122
124 76 144
106 196 121
123 253 120
125 253 136
147 117 134
123 13 134
148 106 116
130 93 115
121 25 115
106 207 118
149 48 129
106 185 121
106 117 138
147 214 136
144 206 115
109 60 114
143 18 115
107 89 142
147 67 140
108 234 132
111 216 134
142 142 126
148 247 118
149 12 119
148 142 113
107 55 144
106 153 134
115 140 118
127 214 129
147 202 136
147 65 123
147 20 134
148 103 141
149 150 138
148 187 139
112 13 133
120 70 144
106 196 131
120 186 115
110 138 115
120 179 133
125 232 115
123 75 115
147 152 131
106 102 130
136 89 144
106 172 136
130 74 144
139 100 144
149 20 120
148 61 141
136 112 115
107 19 123
148 181 132
118 143 127
148 170 138
130 177 119
149 10 138
112 41 115
148 42 130
148 159 134
147 90 129
146 44 145
148 5 126
106 50 116
107 37 136
148 253 120
107 44 145
124 8 138
149 249 142
148 74 137
138 48 144
147 109 138
107 83 132
113 142 128
144 50 115
126 116 116
147 36 113
108 110 113
149 210 118
109 250 138
149 122 134
147 66 132
125 12 143
149 64 118
106 222 132
110 116 135
112 177 139
142 76 115
111 140 136
123 31 144
107 119 116
107 213 136
106 242 130
119 68 115
142 177 125
122 247 115
118 166 115
148 100 126
121 253 129
149 214 126
148 165 120
114 53 115
117 182 115
144 235 115
138 179 138
113 53 144
138 167 115
148 149 121
110 95 115
125 241 115
147 110 126
136 57 115
110 17 115
106 64 120
149 206 121
131 129 115
111 67 115
127 63 115
106 175 140
135 239 115
107 61 127
132 82 144
129 13 133
149 155 123
147 198 138
148 33 137
107 104 142
112 184 115
143 140 121
133 251 118
108 179 114
108 23 133
131 251 136
107 128 113
148 118 143
107 78 138
106 7 136
138 214 126
147 38 128
133 226 115
148 25 126
108 137 134
147 187 113
119 211 115
135 63 144
117 129 115
123 147 115
131 22 144
128 74 115
131 28 144
125 217 115
118 234 115
127 13 125
119 58 144
124 253 115
141 190 115
148 165 141
141 35 115
121 41 144
138 72 115
147 100 137
106 220 118
124 195 115
147 40 134
134 100 144
125 106 115
146 239 132
147 57 134
108 190 143
108 8 127
146 248 132
148 230 136
144 179 142
148 14 138
147 162 117
111 147 115
149 239 137
149 224 137
107 113 126
106 10 132
147 61 131
126 177 117
119 21 144
120 253 138
134 94 144
149 234 124
126 36 144
131 104 144
107 247 113
138 55 144
106 18 130
147 76 118
108 202 120
108 87 117
148 100 115
109 112 145
144 85 145
148 39 145
147 9 143
145 217 115
149 252 136
147 14 128
146 91 115
142 142 142
108 211 140
147 46 119
107 185 136
108 5 119
134 253 130
147 133 118
110 214 115
146 127 131
126 177 128
107 172 117
129 216 138
130 216 119
107 155 124
147 253 126
108 229 133
147 43 138
108 248 123
144 116 129
108 131 126
110 116 119
121 214 137
108 14 134
114 14 115
108 168 126
139 143 136
112 61 144
108 31 134
127 140 119
144 143 130
108 29 118
148 181 123
112 17 145
106 46 114
133 142 141
107 194 125
142 241 115
149 174 131
126 86 144
124 125 115
121 161 115
111 33 145
132 171 115
136 198 115
142 231 115
124 226 115
131 68 144
126 116 121
127 138 115
144 122 115
106 101 119
141 226 115
131 115 115
148 160 138
144 76 145
147 155 119
106 149 128
148 233 142
108 222 139
148 244 113
130 177 134
123 177 120
108 109 121
108 28 141
107 168 134
106 152 117
117 46 144
106 155 138
146 170 117
147 87 119
108 68 145
141 33 144
138 114 145
106 59 118
124 179 142
147 95 130
147 136 140
147 199 128
147 53 121
107 87 138
123 221 115
108 163 138
129 179 142
117 138 115
147 196 143
113 37 144
147 60 114
144 9 140
106 168 142
146 132 132
140 253 138
106 147 138
108 78 119
106 36 116
106 181 139
108 157 117
147 112 121
135 142 129
149 27 117
143 216 135
109 102 115
147 127 139
113 251 123
106 47 141
106 44 130
148 198 134
148 31 132
112 93 144
107 45 136
149 72 125
149 224 129
113 74 115
106 93 118
136 6 138
108 88 125
107 53 135
134 132 115
136 234 115
119 13 130
128 253 121
131 116 140
130 243 115
127 38 115
