-30 -2 13
80 -99 -17
80 72 -18
-81 -99 -11
-16 91 -18
62 -13 13
1 -81 13
-81 59 12
25 44 13
-81 -31 -18
12 -28 -18
-39 -64 -18
-29 51 13
51 -64 13
-73 19 -18
61 25 -18
34 89 -8
-3 22 -18
78 -43 -18
-75 -62 13
-59 82 -17
-19 -43 13
15 1 13
28 -81 -18
80 44 13
-74 -6 13
-39 -24 -18
3 78 13
17 -48 13
61 76 13
-34 89 13
-57 27 13
-4 -62 -18
-36 -81 13
-42 38 -17
45 -14 -18
80 -4 -18
10 65 -18
64 -98 13
-52 -34 13
50 18 13
28 31 -18
58 -68 -18
-74 52 -18
-78 -67 -18
78 -47 13
-9 23 13
-12 -10 -11
80 12 12
50 64 -15
-30 64 -13
-63 -97 13
80 -76 3
39 -30 6
-62 81 12
-81 -33 11
3 -24 13
28 -81 13
-62 -10 -11
80 44 -17
29 73 13
-3 53 6
-19 -81 -9
52 44 13
-54 53 6
-81 33 4
8 93 -9
-32 21 2
-50 -60 5
-57 -81 -7
80 -24 -2
33 -60 -4
39 -3 6
28 21 5
-69 -48 -7
-79 73 -7
-3 -58 6
-18 38 -8
-52 -11 13
45 -81 -3
65 -25 -18
80 18 -10
21 -10 -6
-24 -60 -2
-38 88 -10
6 -81 -9
-81 0 -8
-8 -4 13
57 -41 13
-81 -81 4
-13 92 8
80 -65 -17
80 68 8
-22 -29 -4
30 64 -7
-52 21 -8
10 38 -3
55 83 -6
-34 -23 13
47 38 -8
17 -62 -18
-42 68 13
-20 70 13
67 -60 -1
18 92 9
-56 -29 -7
67 38 -2
-81 13 10
-57 -78 13
-65 38 -8
63 -94 -7
37 -49 13
18 -29 0
-36 -10 -5
43 87 10
-46 8 6
-30 22 -18
-11 67 -18
74 -4 1
31 -29 -18
-53 64 -12
10 20 13
-63 -98 -17
-58 -65 -18
26 -14 13
-7 -28 -18
64 -79 13
80 -99 2
45 64 5
65 57 6
-15 -71 13
12 61 13
5 -10 -18
-37 -47 13
-81 -98 9
13 -68 13
-64 9 13
-43 37 13
59 -10 -8
-16 -21 13
-37 -81 -7
-81 35 -15
-66 -23 13
13 21 -11
25 77 -18
57 -29 -1
68 28 13
56 2 6
44 21 -16
-81 -18 -7
-25 34 13
2 -41 6
-70 21 -2
71 -30 13
2 -10 -1
69 -82 -18
80 54 -3
38 -67 -18
58 21 -2
-20 -65 -18
-64 -49 13
-69 40 13
-72 -83 -18
70 77 -2
73 -41 -3
-66 64 2
-81 51 -3
79 -16 13
-34 38 -2
-17 8 6
1 9 6
1 37 13
-13 21 -5
50 -60 -7
2 37 -18
-23 -22 -18
39 34 13
-17 64 -3
-81 -64 -3
42 78 -18
-51 85 0
27 38 -2
30 -65 13
16 -60 -1
48 -81 -18
-80 -50 -18
-3 82 -18
-31 -62 13
-42 -29 -1
44 -79 13
-2 64 -6
-7 -80 -18
-76 74 11
73 -65 13
80 -20 -17
66 64 -11
-66 -23 -18
78 -88 13
-69 -33 0
48 -29 -14
63 78 -18
-70 68 -18
-19 -10 3
80 30 4
-26 91 -1
23 -81 -4
-3 -29 -4
47 -18 13
15 64 -3
34 57 13
27 -34 13
-51 38 0
28 -13 -18
75 30 -18
-39 76 -18
-49 -77 -18
-42 64 -2
80 -85 -9
-81 -50 6
-60 28 -18
32 10 13
43 21 -2
-5 38 -2
-43 22 13
80 -53 -2
-64 -99 -3
-15 45 13
19 91 -18
-81 -19 11
59 -81 -1
-45 -10 -18
-66 79 -2
-64 -60 -1
4 93 6
-24 -81 6
-70 6 -15
66 13 13
-72 23 13
-20 77 -18
-30 -76 -18
-7 -81 -3
-7 93 -5
14 34 13
-16 -57 13
-29 14 13
14 -76 -18
11 49 6
-70 -2 0
56 -53 6
-73 -8 -18
-15 29 -18
-45 -70 13
-70 -39 -18
-71 -77 13
12 -13 13
-37 -60 -3
80 58 -16
23 56 6
41 45 6
-66 57 13
1 21 -5
12 -36 13
-55 68 13
-81 15 -6
16 38 -16
31 90 6
69 -1 13
45 -10 -5
68 -11 -18
14 -81 10
-44 22 -18
-29 -37 6
-8 -34 13
-28 -10 -15
-56 -1 6
-28 35 -18
4 -60 -6
74 9 -18
-10 61 13
-63 -87 4
-47 -81 5
67 42 13
54 60 13
-46 82 13
74 10 -1
55 31 13
-60 -62 13
-42 54 13
-50 -60 -10
-81 -43 -7
80 40 -4
-51 -45 6
-11 -60 -4
-66 -37 13
-3 -68 13
73 -53 -14
45 9 6
52 -29 13
-52 -26 -18
-81 -9 3
-10 77 13
66 38 -14
80 -33 -10
-69 -58 -15
-81 47 13
-81 -30 -3
45 74 13
34 -29 -6
-81 -84 -10
27 -51 6
-71 59 -9
-48 -10 2
28 -2 13
69 -29 -5
46 -44 6
23 65 -17
21 14 13
-31 64 5
36 65 -17
16 80 13
-74 -89 13
10 77 -18
26 21 -11
-81 10 -17
-22 85 13
-38 -34 13
7 -56 13
-27 -49 6
26 30 13
-53 43 13
68 -98 -18
43 -60 4
53 35 -18
-34 77 13
70 21 2
-81 62 0
-81 62 -18
-71 42 2
19 -7 6
80 -12 -5
78 57 13
-18 20 6
37 20 13
54 -10 3
-28 89 -18
44 87 -2
15 21 3
57 64 0
51 84 -18
-29 -60 -12
80 -78 -18
80 71 -5
54 38 4
-40 21 -7
80 -65 -3
-42 64 -14
-39 88 2
-7 -46 13
-60 -78 -18
71 64 -1
49 -3 13
-11 -81 9
-80 -18 -18
66 -45 6
-64 -11 13
72 75 13
69 21 -11
-18 54 6
4 0 13
12 10 6
-71 54 3
7 -29 4
-48 86 -17
80 -38 7
-70 10 0
59 -81 -12
-39 -8 13
-46 -21 13
32 -24 13
-14 38 5
48 -61 -18
-53 13 13
80 2 -7
18 92 -3
-39 45 6
80 -1 10
2 63 6
36 38 -15
55 -10 -18
-47 21 3
33 -10 -1
-31 -29 -13
6 -68 -18
19 -26 13
-25 21 -7
-56 38 -15
-11 -29 4
64 -60 -12
-27 -73 13
-62 -10 2
-34 6 6
36 -10 -12
-9 8 13
76 -77 13
-71 32 -18
48 54 6
-42 -59 13
63 -62 13
-52 64 2
-1 -13 13
33 64 4
-59 -29 4
-69 -45 4
-59 18 6
-24 -30 13
59 82 4
76 -99 12
30 -60 -18
-9 38 -15
-81 24 -11
34 87 -18
2 -21 -18
73 -33 -18
24 7 6
69 -99 2
-70 77 -12
10 -29 -8
-62 38 5
34 82 13
-56 -16 -18
-3 93 -16
-75 -45 13
-2 19 6
-19 -7 13
-81 -93 -1
-5 89 13
23 -29 -12
79 22 13
-81 2 9
18 -59 13
-50 75 -18
-30 24 13
-29 -12 13
80 29 -7
65 -10 2
-71 45 -10
-79 73 -17
8 -81 2
36 -81 4
19 -20 -18
36 -81 -9
57 38 -8
-81 -70 6
80 -60 7
-81 22 4
61 51 13
57 14 6
71 -54 13
-81 -57 -10
-81 40 -4
-63 -88 -15
-16 -29 -14
-72 -93 -18
-26 41 6
19 39 6
-54 -53 13
31 50 6
37 -13 13
53 74 -18
10 -48 6
6 27 -18
39 -38 13
80 19 0
53 -81 10
-39 -81 -18
68 -88 13
-78 36 13
52 82 13
24 -60 -10
74 39 6
63 -90 3
1 68 -18
-68 69 13
39 38 -1
80 -46 -9
71 -10 -9
-21 65 -18
14 -10 -15
-26 60 13
47 -52 13
-81 -74 -7
45 -29 -5
19 70 13
18 28 -18
-13 -19 -18
-45 38 -8
10 88 -18
38 -60 13
36 -20 -18
10 -10 -6
9 89 13
-35 -54 6
42 64 -9
-31 -10 4
-16 92 -2
79 33 13
-14 -39 6
28 -29 5
-39 10 13
43 87 -13
80 -25 13
-80 -78 -18
34 22 -18
41 -60 -12
-81 -41 -16
-14 -73 -18
71 63 13
52 9 13
-11 33 13
64 -36 6
4 -78 -18
5 55 13
-81 47 -14
-4 69 13
-8 64 2
-79 -1 -18
64 -23 13
-50 -10 -8
24 -72 13
-24 0 6
-10 -10 0
56 -72 13
80 -71 -10
71 -41 13
-2 47 13
-47 1 13
-5 -12 -18
73 -32 4
-12 -60 -14
-71 -48 -18
73 65 -18
15 -81 -10
-81 -41 5
37 -77 -18
-32 -29 -4
3 -34 13
-43 -29 -10
-53 21 -17
-17 -50 6
70 52 13
16 52 13
-81 -90 -18
-46 -42 13
30 -40 6
-59 82 -8
-15 15 13
-11 77 -18
-70 15 -9
-48 -81 -7
-62 21 -8
-70 -2 -9
-72 41 -18
-79 -81 13
50 -36 6
6 29 13
70 77 -13
-81 -60 6
73 -99 -7
-24 -10 -6
63 -90 -15
25 38 -12
-81 27 13
-72 50 13
-62 48 13
-54 -25 13
44 58 13
8 -4 6
-64 64 -9
76 61 -8
80 47 4
-69 -54 5
80 -87 -18
47 -71 -18
-34 -81 4
-38 16 6
-63 -85 13
-46 -34 6
-66 -29 -7
76 51 -12
71 4 6
9 43 13
-3 -32 6
58 -3 13
53 -23 -18
-39 -42 6
9 -60 -15
-33 -17 -18
32 -59 5
-51 31 -18
26 88 13
-69 -38 -9
-14 -3 6
71 -64 -18
-19 -11 -18
2 38 -9
1 -29 -13
-72 -99 9
49 21 -9
37 2 13
37 14 6
-57 -42 13
45 26 13
-20 92 -10
5 13 13
9 -60 5
80 -90 -2
-81 8 2
-39 -2 6
36 68 13
-35 32 13
61 69 -18
66 48 6
28 -46 13
-26 -54 13
-72 -99 -9
39 30 -18
73 -49 2
17 72 -18
41 -70 13
17 26 13
58 22 13
80 62 0
-81 55 -11
31 37 13
-71 2 13
63 67 13
24 64 0
-18 26 13
-65 18 13
35 45 13
-64 75 -18
-11 64 -9
-81 -25 5
-9 47 6
80 -69 9
36 21 -8
72 -10 13
-52 76 13
28 63 13
63 80 -8
-63 -90 -5
-31 68 13
51 85 4
25 91 -8
-58 -57 6
78 20 -18
-81 69 7
5 -73 13
45 37 -18
-60 -29 -15
-60 -38 6
-29 56 6
-10 21 4
52 22 -18
-68 78 7
63 -29 -11
23 -81 6
-49 -62 -18
50 -81 -10
-17 21 -14
-63 -70 13
-57 59 13
-47 -79 13
30 -69 -18
-2 0 6
-5 -71 -18
55 -20 13
-29 64 -4
2 -48 13
10 -19 -18
-57 10 6
-32 38 -10
-8 -23 13
-17 1 13
-44 58 6
-35 43 13
-81 -8 -14
67 79 7
80 6 3
-58 36 13
76 54 5
10 64 5
41 -28 -18
-81 64 -10
44 42 13
30 -54 13
79 -57 -18
-65 2 6
21 -36 6
7 64 -4
53 72 13
-73 -27 13
-19 -79 13
-34 59 13
-9 53 13
41 -25 13
-70 -68 -18
56 53 6
33 76 -18
39 55 6
67 -71 -18
33 -74 13
-68 31 13
31 2 6
-35 -69 13
-20 -60 -11
-71 -53 13
-26 78 13
-29 -81 -8
-5 15 13
51 -60 3
-66 -12 -18
-81 -25 -11
80 10 -11
80 -34 -2
-33 -29 5
-38 -60 -11
-11 -57 6
-81 41 5
-3 -81 5
73 -40 -11
-12 -29 -5
-22 64 5
24 21 -3
-9 -12 13
-20 -81 -17
-50 55 13
-58 -60 -9
70 14 6
73 -57 -6
-48 43 6
-23 -29 5
50 64 -7
54 -44 6
49 -41 13
22 -69 -18
-36 -10 -13
72 -90 -18
-72 -99 0
-69 -57 -7
1 41 6
9 39 6
-60 82 4
80 -16 5
-39 87 -18
80 -11 -14
5 21 -12
74 38 -16
-25 91 8
2 93 -3
-23 9 13
-45 -50 6
-76 -70 13
21 -40 13
7 68 13
-58 -5 13
-71 -29 -18
50 -10 -11
-11 -63 13
10 92 0
49 36 13
15 -42 6
68 -71 13
-81 28 -3
33 38 -7
-57 68 -18
-81 54 6
-10 -81 -11
-6 31 -18
-81 18 -17
-57 -81 6
72 -19 -18
-70 -9 4
76 74 4
-73 76 0
-64 37 -18
80 -60 -11
-7 -42 6
-9 88 -18
-13 84 13
29 -10 -9
-46 47 13
64 35 13
-31 81 -18
-27 9 6
48 1 6
-32 21 -10
28 17 13
17 38 -6
-37 1 13
-7 12 6
-5 -10 -8
-81 -1 2
18 64 -10
80 -21 -9
46 21 5
-53 38 -8
-16 -81 -2
61 -48 13
-3 30 13
-8 40 13
12 -60 -8
80 -46 2
9 -45 13
-17 57 13
41 -50 6
2 20 13
19 -56 6
-62 59 6
-48 -3 6
6 21 4
74 7 13
-18 44 6
55 -78 -18
44 -10 5
-74 11 13
-81 -9 11
-67 21 -14
-49 67 -18
58 21 -12
80 67 -12
27 -10 5
-31 -64 -18
62 -4 6
74 1 -16
-29 90 -8
-45 87 -7
12 57 6
-68 19 6
-3 -8 6
-14 62 6
66 -56 6
-81 -87 9
44 68 -18
-55 84 9
-76 -59 -18
26 91 0
-36 25 -18
-65 52 6
74 21 -5
-69 -10 -9
5 -63 13
27 52 13
-31 49 6
-24 -19 13
34 -31 13
38 -42 6
80 -83 0
-5 -76 13
44 -81 6
80 -92 7
-81 -7 -5
-3 59 13
80 -8 7
47 38 2
-20 38 -15
-52 -10 -15
-52 -68 13
-22 -41 6
26 -60 -2
-4 93 4
27 89 -18
3 -50 6
21 -5 13
10 -5 13
-10 55 6
-27 43 13
-25 -57 6
30 39 6
63 58 13
78 -27 -18
-41 88 9
10 34 -18
16 83 -18
-17 -34 13
-52 -69 -18
22 6 13
-23 18 13
-69 -66 13
-59 -32 13
29 70 -18
-48 64 -6
-72 -19 -18
-26 38 -6
80 -78 -6
-4 74 -18
53 -9 13
-33 -81 -14
-66 -99 5
27 -81 -10
4 -10 -10
53 -29 -7
2 -81 -3
-81 -64 -12
-67 -4 13
-11 92 -11
17 2 6
-46 -30 13
63 3 13
16 -81 0
-52 -30 6
-62 -49 6
-39 64 5
-11 22 -18
-81 28 -18
-11 -66 -18
14 92 -13
-31 -60 3
52 63 6
73 -47 -9
-59 74 13
55 -60 -17
68 22 -18
-35 66 -18
62 -82 6
80 -28 6
58 -29 -18
10 -81 -16
59 -17 -18
18 48 6
-77 65 13
62 38 5
-81 -36 -11
52 -81 3
11 75 13
72 -23 13
59 41 13
-31 -33 13
-52 -52 6
47 29 -18
45 -32 13
-48 28 13
45 13 13
53 -47 13
-32 7 13
-8 -49 6
17 62 6
24 79 13
-38 53 6
49 -73 13
47 50 13
-24 -63 13
51 21 -1
-10 38 -7
10 8 13
-35 64 -8
-45 -60 -5
-81 -17 2
80 39 -11
-48 -29 -5
-42 -81 -1
-39 21 0
-4 -60 -5
-24 21 0
11 -10 2
-71 51 -5
-3 -81 -12
38 64 -2
-9 -56 13
38 -5 13
-6 21 -11
37 75 13
-81 70 -1
-65 11 6
-81 -86 -2
63 -87 -6
65 -37 13
-17 -60 4
13 -34 6
5 64 -13
-5 64 -14
80 48 -7
-12 -11 -18
-70 6 -8
12 -26 13
-44 38 0
-38 -10 4
-78 -53 13
30 14 6
16 44 13
27 22 -18
-57 19 13
-45 -69 -18
-49 -59 13
-72 -1 -18
80 -5 -5
4 49 6
-62 21 -1
58 64 -11
-46 -49 13
-23 29 -18
57 82 -14
21 15 6
74 38 13
-64 -99 -10
72 -10 5
73 -57 3
10 38 -12
72 -29 -11
76 -71 -18
48 85 -9
-28 -81 13
36 89 -1
66 64 5
-77 -98 -18
21 -11 -18
-23 -74 -18
-70 60 6
-36 33 -18
-46 15 6
80 -82 10
-53 84 -11
19 21 -15
63 33 -18
