87 231 142
174 10 110
81 98 140
174 161 110
82 10 110
173 242 142
167 86 142
81 165 111
122 59 107
131 188 142
128 119 107
129 10 142
130 242 110
86 50 142
158 132 142
109 143 142
160 206 110
174 56 107
103 204 110
174 113 107
123 87 142
163 35 142
83 124 107
82 74 107
170 185 142
83 191 142
122 170 110
136 22 107
125 47 142
151 84 108
140 228 142
83 243 109
95 15 142
164 243 109
92 42 107
113 91 107
138 158 142
128 119 142
81 129 139
82 159 142
114 244 135
114 214 142
175 213 136
131 206 118
107 173 135
150 62 142
149 173 119
174 10 141
172 156 142
111 10 113
154 132 109
97 77 142
81 218 118
149 50 108
151 10 127
174 111 142
174 59 134
105 132 119
151 204 142
175 89 118
81 191 117
150 105 142
174 138 122
88 98 107
104 110 142
174 33 121
174 186 113
81 28 126
115 34 107
152 244 130
107 242 110
151 109 108
81 143 119
174 223 113
141 30 142
134 132 125
113 29 142
81 68 130
158 24 108
107 194 140
149 177 142
133 97 107
104 114 107
145 83 142
101 64 107
93 210 142
118 66 142
128 170 130
102 173 113
129 140 142
140 68 108
87 173 128
92 244 127
159 224 140
167 173 127
129 10 121
133 244 132
132 208 139
169 74 107
81 114 123
81 88 122
111 10 135
81 51 121
95 10 125
100 24 107
175 138 141
92 204 125
105 53 142
172 196 128
93 33 142
174 119 126
120 158 142
174 240 125
149 204 123
114 206 125
81 28 108
155 18 142
155 151 142
132 102 142
100 127 142
100 158 140
123 228 140
106 231 142
149 46 142
174 73 125
106 91 142
163 41 108
81 82 139
147 242 109
126 77 107
154 132 126
175 129 108
145 122 142
118 131 130
97 80 107
147 11 109
91 142 142
129 44 107
156 64 108
174 155 125
169 10 126
174 27 136
163 173 112
174 208 117
133 62 142
87 204 109
81 218 135
120 131 113
93 177 142
174 102 127
164 70 142
84 158 126
82 114 142
164 170 142
82 59 107
138 132 109
174 48 121
98 244 142
174 43 136
89 132 125
81 14 135
118 205 109
81 233 121
120 20 107
106 47 107
143 36 108
163 55 142
175 227 141
145 140 142
156 190 142
118 244 119
119 178 142
167 100 108
143 205 109
173 146 109
168 201 142
97 129 107
89 64 142
118 106 142
161 206 130
144 244 142
158 238 142
175 24 108
134 170 117
111 75 107
97 10 111
114 125 142
161 116 142
143 10 141
174 226 127
113 170 122
81 203 134
120 199 140
128 25 142
160 10 114
82 244 136
122 105 107
143 215 140
81 42 131
160 119 108
164 102 142
84 179 111
95 100 142
151 164 140
173 124 142
141 173 132
137 83 108
81 25 141
110 126 107
142 241 122
81 146 132
81 101 127
86 111 107
81 185 128
133 176 142
142 194 140
111 42 142
174 88 131
95 197 142
175 236 111
104 206 132
105 101 107
133 75 142
81 172 140
138 109 108
81 38 116
95 241 114
174 61 119
155 93 142
165 131 132
175 165 134
81 14 122
83 87 107
146 122 108
82 152 110
83 227 109
138 10 130
135 56 108
174 95 142
97 222 140
174 172 117
105 241 122
135 10 110
175 77 140
101 131 131
174 21 125
164 241 132
131 237 142
105 182 142
161 212 142
164 132 116
104 66 142
111 77 142
138 204 130
174 197 109
164 86 108
131 219 142
175 185 131
93 116 142
175 39 109
149 97 108
161 10 135
164 143 140
141 95 142
81 65 118
143 132 132
127 32 107
95 53 107
137 50 142
100 173 125
82 136 109
102 35 107
124 89 107
82 38 142
95 88 142
154 173 130
81 56 131
154 75 142
119 10 126
125 206 128
118 137 140
109 164 142
174 110 118
116 16 142
167 21 142
81 206 122
81 125 118
131 244 121
164 52 108
116 116 107
175 149 135
91 165 140
97 92 107
145 132 118
127 167 142
104 21 142
151 34 142
142 10 119
96 46 142
81 228 131
81 78 126
110 204 142
81 101 116
133 38 142
154 244 118
166 17 109
142 172 109
81 46 108
131 150 140
123 241 128
123 173 121
174 92 107
174 173 142
82 71 142
172 213 126
92 170 113
102 241 132
175 100 116
146 25 108
82 209 142
174 120 114
129 66 107
145 150 140
116 236 142
81 136 130
164 206 119
167 233 140
124 10 112
81 124 130
116 188 140
96 106 107
109 101 142
150 74 108
110 154 142
119 56 142
133 132 135
141 183 140
102 206 122
149 233 142
113 64 107
95 119 107
110 19 107
175 66 141
81 177 121
120 147 142
118 96 142
154 36 108
116 47 107
112 170 110
167 30 108
82 244 125
88 20 107
119 170 136
173 53 142
161 181 140
91 154 142
127 129 142
81 195 127
81 80 116
93 70 107
120 35 142
140 168 142
175 79 117
82 149 142
81 165 132
164 244 119
107 133 142
175 195 139
173 35 142
107 241 142
91 132 136
124 244 139
175 129 130
91 132 114
104 213 140
145 71 142
102 10 139
141 113 142
147 60 108
102 37 142
123 210 142
81 20 114
140 44 108
160 160 140
136 18 142
86 182 139
174 69 113
128 130 107
116 244 110
97 188 140
100 140 140
172 188 122
169 218 142
175 111 132
159 170 122
91 30 107
174 18 116
92 10 135
141 206 142
133 199 142
174 214 110
82 214 109
154 141 140
91 206 134
91 241 136
96 232 140
154 170 111
88 10 117
172 138 131
174 199 119
165 44 142
152 213 140
86 200 142
106 119 142
81 116 114
167 61 108
104 10 127
116 116 142
138 129 142
84 167 119
174 14 132
174 82 107
95 206 114
81 89 134
174 163 119
149 223 140
95 56 142
165 192 142
129 132 117
174 179 123
81 33 134
127 10 131
149 25 142
115 223 140
101 149 142
174 147 119
88 107 142
165 128 107
81 110 134
87 219 142
88 124 142
138 241 113
120 204 118
133 205 109
154 123 142
175 174 132
143 244 131
118 83 107
158 96 108
81 140 139
161 110 108
129 110 107
132 86 142
174 39 127
120 75 142
106 84 107
174 137 113
98 173 134
81 57 140
86 91 142
137 143 140
154 204 134
110 204 117
174 244 115
169 205 109
175 240 134
114 206 134
140 206 118
151 10 118
104 10 118
84 158 117
114 131 119
81 134 118
87 10 142
120 124 107
169 10 117
152 204 113
105 56 107
169 206 134
84 212 130
154 10 139
91 61 107
113 109 107
141 91 108
175 104 136
141 42 142
160 199 140
138 170 125
84 154 135
84 236 128
172 221 121
84 221 127
168 133 142
160 74 108
81 199 113
131 172 109
172 47 107
173 176 109
135 124 108
135 34 108
175 87 140
164 12 142
155 16 109
102 16 109
82 104 107
174 102 107
81 237 141
141 236 140
146 206 132
105 221 142
172 232 132
118 173 128
84 38 107
128 56 142
102 83 142
89 82 142
110 61 142
81 20 130
128 93 142
123 39 107
127 109 142
170 122 107
120 10 136
127 70 142
149 129 142
174 53 127
160 27 142
113 86 142
104 170 142
155 111 142
107 29 107
168 61 142
89 21 142
111 241 127
116 98 107
156 206 123
175 206 141
102 123 107
102 201 142
122 131 122
81 226 139
174 65 127
161 10 123
167 170 119
155 52 142
174 19 139
156 83 142
156 47 108
81 59 123
164 124 142
175 222 135
125 131 132
105 132 109
125 174 139
174 30 128
89 173 136
161 132 123
174 80 127
167 226 142
149 186 140
141 60 142
174 41 118
81 93 113
142 17 109
165 244 141
135 75 108
84 143 111
174 164 142
128 17 109
84 66 107
84 150 123
124 241 116
122 219 142
170 147 142
167 110 142
147 170 136
88 79 107
167 170 135
157 169 139
84 188 135
83 187 109
82 16 142
155 241 111
136 243 142
172 232 117
81 177 132
81 120 137
174 155 114
111 172 142
174 25 117
87 10 126
81 36 125
151 132 134
101 29 142
175 156 132
81 208 114
175 131 137
155 132 117
174 74 132
120 27 142
118 10 118
81 52 113
125 182 140
170 132 123
81 235 113
158 43 142
174 51 135
132 230 142
129 158 140
91 71 142
165 78 142
113 50 142
113 131 112
110 244 117
125 204 109
146 170 127
151 195 140
95 134 142
81 226 121
107 173 127
132 89 107
174 172 125
92 170 121
175 32 109
141 176 142
98 165 140
89 11 109
150 241 137
98 132 114
81 242 117
145 80 108
124 19 142
97 132 125
114 131 136
160 244 126
122 206 135
86 173 116
101 74 107
168 177 140
102 97 142
150 42 108
164 154 140
116 164 142
149 115 142
152 118 108
137 69 142
89 128 107
133 113 142
91 88 107
145 113 108
115 55 107
81 46 137
155 231 140
175 206 128
124 191 140
84 185 119
106 173 119
134 170 137
172 145 126
136 10 139
97 206 137
81 65 139
156 176 142
127 53 107
175 179 137
143 102 108
136 214 142
97 204 130
109 16 142
81 43 121
116 70 107
122 124 142
174 35 134
146 16 142
168 30 142
175 12 122
116 244 142
81 196 137
81 106 140
85 243 142
169 244 127
86 52 107
98 241 126
137 221 140
158 218 142
167 161 142
140 29 108
114 10 142
89 187 142
111 183 140
165 10 109
110 204 110
172 192 114
132 204 125
84 200 121
168 107 108
101 244 117
172 188 136
123 236 140
102 236 140
84 213 122
107 204 127
89 244 118
172 165 127
113 231 140
118 170 117
146 199 142
175 200 134
169 204 123
150 241 123
93 170 128
129 204 134
101 194 142
114 147 140
81 71 123
154 102 108
95 147 140
124 98 107
81 75 132
134 122 142
136 244 126
175 118 135
161 91 142
111 109 142
111 69 142
143 102 142
149 91 142
129 173 123
175 95 134
154 10 112
136 136 142
81 110 117
81 48 127
174 131 116
155 173 117
116 208 142
142 132 125
124 64 142
81 83 131
174 214 119
174 46 130
174 96 125
171 169 111
87 213 140
145 160 142
97 106 142
147 68 108
101 60 142
158 100 142
158 82 108
123 114 107
145 130 107
100 242 109
134 115 107
82 117 107
168 10 137
98 131 137
169 210 140
118 10 109
146 10 135
84 134 142
82 18 107
88 39 142
172 178 116
175 75 110
174 46 113
156 64 142
168 118 142
174 109 126
152 29 108
101 42 107
88 98 142
174 233 142
136 132 116
163 137 140
156 241 136
172 231 123
119 46 142
127 200 140
113 10 128
127 34 142
124 136 140
170 104 142
97 68 142
142 24 142
81 21 121
137 190 142
89 105 107
134 24 142
158 132 132
81 27 132
172 47 142
134 32 142
154 158 142
97 113 107
114 23 142
160 205 142
105 75 142
81 95 119
110 10 119
165 93 108
114 197 140
140 204 136
174 230 109
173 16 109
101 206 116
149 18 107
119 77 107
159 127 107
167 116 108
95 123 142
83 165 142
152 125 108
84 221 110
95 98 107
81 173 111
93 16 109
123 46 107
125 41 142
81 107 123
129 60 107
141 170 117
114 35 142
175 64 109
92 227 142
110 42 107
146 56 142
141 78 142
107 68 107
146 241 117
134 183 140
145 35 142
97 172 142
81 32 119
160 107 142
154 91 108
165 96 142
160 57 108
128 104 107
105 131 136
143 50 142
84 236 135
123 10 142
134 10 117
81 120 125
175 123 131
81 172 125
174 23 131
128 80 142
119 82 142
81 116 132
131 27 107
81 71 117
81 20 136
81 14 116
81 14 128
123 244 110
128 170 117
143 73 108
118 172 142
89 243 109
174 55 121
174 219 127
115 28 107
136 56 142
167 68 108
107 119 107
84 151 117
160 173 130
105 95 107
81 159 111
175 60 141
97 30 107
113 92 142
147 91 108
142 10 113
98 48 107
174 57 114
149 98 142
96 25 142
93 217 140
158 10 128
174 88 125
100 115 142
140 87 142
136 50 108
173 24 142
134 170 131
86 10 132
151 134 140
127 145 140
118 131 142
84 137 123
160 241 114
95 241 121
81 145 126
82 96 107
132 163 142
164 221 140
161 230 142
105 188 142
114 159 140
100 227 142
100 170 118
175 150 128
81 212 136
123 152 140
91 236 140
141 241 136
102 177 140
84 179 126
111 173 116
116 152 142
127 241 134
141 55 108
88 170 142
146 207 139
81 32 113
167 24 108
175 203 113
172 244 121
89 131 142
86 77 142
169 38 107
81 215 141
170 87 107
145 133 139
105 244 137
87 206 117
161 204 136
173 70 107
131 244 139
169 141 142
152 181 140
87 244 132
84 230 117
84 161 136
84 140 116
86 206 127
97 172 110
81 87 113
84 191 123
87 177 142
155 207 139
174 41 142
97 181 140
106 158 140
161 132 137
175 109 112
140 149 142
107 244 131
84 164 127
84 200 128
88 241 123
172 143 136
97 244 131
97 204 121
152 169 142
159 204 118
164 187 140
165 204 114
122 206 123
129 173 135
87 116 142
134 105 107
81 241 130
138 204 123
172 178 128
87 57 142
172 142 118
115 142 142
88 192 140
84 134 135
137 244 118
170 244 134
161 18 107
123 244 123
105 226 140
161 204 125
115 206 118
98 217 142
96 237 142
111 177 140
141 125 108
84 228 126
172 217 114
175 151 141
174 119 142
88 203 138
86 29 142
84 223 132
128 82 107
172 155 119
113 173 131
86 132 112
106 149 140
155 24 142
92 48 107
131 44 142
147 155 142
147 77 142
88 149 142
156 146 140
81 39 136
98 59 107
146 172 142
143 65 142
161 18 142
92 203 142
161 165 142
131 10 136
81 131 127
81 96 130
136 107 142
172 226 118
119 65 107
137 10 122
120 131 135
120 101 142
129 241 128
154 170 125
143 10 127
172 227 135
81 51 134
