147 59 161
92 240 98
164 172 159
94 123 96
93 9 96
164 240 119
164 96 98
91 195 159
164 23 97
116 123 161
92 21 160
132 189 96
102 66 119
124 240 159
164 9 152
148 143 118
164 107 152
99 165 122
91 83 160
126 17 128
133 199 139
164 223 160
126 106 119
142 60 96
91 198 98
119 164 160
164 180 119
124 232 119
164 50 127
91 229 141
91 115 133
91 32 125
110 52 160
161 209 96
119 147 96
134 74 130
154 138 160
91 145 151
134 27 161
133 9 96
92 89 96
133 94 161
120 143 135
164 84 130
117 40 107
99 200 128
162 160 96
164 127 97
164 212 131
157 115 125
136 170 135
156 17 124
122 86 97
145 237 96
111 90 139
92 51 96
130 47 139
164 37 157
92 153 96
111 214 161
148 239 145
164 157 135
164 79 157
149 195 160
94 109 161
143 34 108
91 59 142
91 172 146
134 121 139
140 167 110
139 106 97
164 71 102
138 218 161
91 219 113
91 141 125
123 190 161
123 187 119
102 98 117
116 240 96
115 62 97
115 76 161
126 127 107
91 10 138
143 98 136
158 185 96
164 47 103
141 215 122
164 190 142
99 175 99
106 17 114
101 240 119
114 177 139
130 143 160
107 42 139
101 237 161
147 195 113
157 134 137
143 145 96
110 106 96
143 91 114
153 66 139
144 29 139
119 221 139
140 54 121
91 81 131
113 213 116
113 65 139
142 171 160
142 114 160
114 17 160
91 29 103
113 100 161
111 143 116
113 195 103
91 42 155
144 151 137
104 132 139
110 239 142
120 165 107
91 215 156
143 239 119
91 185 117
104 155 139
109 21 139
115 114 139
164 231 100
164 28 138
164 231 138
104 177 160
97 70 96
147 187 132
164 56 151
164 133 117
164 32 116
120 54 124
135 75 160
164 155 114
129 50 160
94 64 161
99 119 114
138 224 139
144 80 99
91 96 142
132 150 112
91 51 125
107 148 160
126 21 110
164 98 117
114 199 139
157 218 112
152 10 96
152 22 160
91 126 151
144 123 106
157 67 118
164 200 112
99 214 96
164 152 154
115 10 96
126 34 126
151 204 139
151 91 160
113 34 160
91 84 113
164 205 159
156 240 160
164 123 159
151 46 139
129 61 108
91 9 119
99 43 111
91 104 104
157 172 138
91 190 142
91 27 143
150 39 123
104 213 139
129 88 139
126 240 135
164 143 102
96 161 160
157 112 107
107 183 124
119 161 135
107 198 160
164 104 136
91 133 109
144 152 160
140 17 119
147 83 139
99 224 127
152 163 126
126 205 120
140 237 160
104 156 107
134 232 107
157 83 111
157 171 108
126 109 161
164 195 127
149 41 161
91 177 131
164 189 159
151 54 108
118 94 111
110 54 112
108 39 122
144 106 121
164 9 113
105 232 104
129 184 139
91 202 113
134 128 160
91 74 146
113 118 106
119 79 132
91 42 137
153 117 139
106 83 98
128 62 139
135 202 160
91 59 109
120 93 126
133 176 121
145 195 98
105 133 160
121 29 139
154 219 139
91 100 127
104 144 96
105 54 130
135 140 126
111 232 128
152 17 139
149 94 99
91 153 116
124 64 161
137 185 160
152 213 161
152 232 131
105 195 116
164 224 123
164 75 142
99 69 135
126 106 136
164 42 143
114 229 161
158 59 96
132 195 111
116 179 107
134 88 125
139 137 139
154 21 111
125 100 96
151 72 160
157 34 102
136 137 106
91 157 132
91 171 111
164 137 150
153 240 108
164 205 143
125 176 160
114 106 126
125 212 161
95 240 132
137 195 126
132 157 139
164 94 160
125 111 106
134 90 104
153 151 106
128 221 128
153 105 160
91 204 142
91 127 125
104 83 119
91 229 155
158 84 96
151 137 106
155 97 129
164 10 138
143 67 122
164 93 143
164 59 111
91 22 114
101 93 161
138 17 136
123 131 139
98 22 131
91 140 138
164 145 130
126 54 97
164 69 130
100 107 139
164 122 145
103 188 96
115 134 106
128 227 160
91 210 123
124 140 118
140 41 132
103 29 112
111 16 127
164 24 154
91 113 147
107 143 128
164 196 99
157 124 111
129 213 139
146 175 119
107 78 139
118 239 109
132 76 98
97 240 146
91 185 102
91 234 113
153 165 161
164 127 128
91 72 121
164 59 138
135 232 127
102 121 160
152 75 128
163 65 160
152 126 160
145 102 108
91 180 160
153 131 122
98 21 96
164 113 96
106 65 160
151 226 160
140 67 139
113 106 113
101 176 139
107 94 104
128 150 126
118 53 139
164 10 98
129 240 97
100 142 109
137 40 161
120 151 160
132 164 161
153 106 96
124 195 130
164 170 127
164 166 146
153 232 118
102 109 106
143 17 106
139 54 133
147 165 139
123 179 128
141 210 135
157 207 119
91 190 130
92 227 97
164 45 116
152 54 126
121 89 161
116 138 160
91 218 136
134 240 150
101 224 160
163 174 97
131 176 108
164 181 107
105 183 112
106 228 139
91 136 160
136 37 118
131 144 97
106 90 128
119 188 96
104 61 102
151 67 99
101 38 161
142 140 161
99 41 96
155 151 126
144 177 139
101 208 160
119 202 161
153 184 161
118 42 131
114 188 133
147 140 130
109 166 139
137 26 113
164 233 154
91 164 100
121 26 160
157 240 97
164 217 150
153 93 139
164 146 142
164 181 150
140 240 136
104 81 160
91 96 113
110 112 161
157 94 108
101 121 139
133 27 139
164 26 127
91 113 122
118 17 117
155 188 124
100 33 139
129 61 123
91 9 160
159 47 160
114 150 107
161 240 131
151 162 114
151 187 106
99 207 106
139 54 106
91 128 137
157 219 100
110 232 117
91 158 143
164 109 116
164 38 126
121 54 113
94 138 96
123 240 147
100 127 105
157 136 96
137 78 120
164 180 135
116 28 107
107 161 160
125 172 139
121 18 139
91 96 154
99 52 161
99 150 124
124 40 161
143 150 111
164 210 107
115 181 160
108 17 103
100 90 138
124 187 107
139 187 104
99 42 127
114 212 135
126 32 112
128 65 97
101 106 127
125 74 139
110 169 107
123 217 120
128 99 109
120 65 131
137 98 126
113 72 98
91 31 156
99 51 138
164 21 113
164 121 118
97 100 96
123 143 106
144 90 128
120 150 117
99 196 107
91 117 107
105 143 139
134 117 106
164 80 118
106 26 161
114 240 154
164 103 107
140 18 161
91 64 127
91 18 150
104 10 96
155 34 139
102 212 120
141 204 122
133 240 116
164 118 135
91 52 151
144 31 161
134 60 161
138 104 160
164 60 123
108 221 122
91 10 107
91 147 106
164 161 160
145 109 139
121 95 139
99 132 117
119 239 127
113 61 123
99 188 160
143 61 113
130 143 139
124 15 97
94 110 96
91 80 102
155 40 112
91 85 141
99 164 134
154 183 139
99 219 106
99 88 107
107 195 126
164 214 121
154 65 128
164 10 126
137 80 139
164 165 117
158 240 141
101 203 139
142 239 108
120 42 121
97 240 107
157 43 96
131 163 108
158 150 96
92 119 160
157 219 128
91 37 114
99 52 116
148 195 124
157 31 161
114 200 116
147 229 139
164 143 119
91 172 121
143 126 139
164 94 133
138 187 114
91 236 123
128 119 160
164 108 126
138 85 160
99 229 118
132 54 116
154 151 161
137 150 121
164 189 114
99 109 116
91 221 146
154 106 122
133 153 161
157 198 135
152 143 138
99 122 130
128 54 132
164 240 105
157 67 108
139 50 160
144 113 106
120 232 102
118 54 103
102 187 132
123 152 139
157 196 117
156 17 102
157 204 106
111 94 119
164 219 140
128 93 118
99 164 111
164 224 111
92 152 159
99 19 107
164 132 106
91 42 103
141 176 128
113 187 116
101 237 96
157 138 127
154 106 136
99 76 113
91 91 133
91 183 149
101 103 160
161 112 160
123 121 139
130 231 139
114 150 124
124 40 139
123 131 160
122 76 97
107 99 133
155 77 138
91 169 156
153 240 124
105 239 130
157 32 123
157 23 133
153 122 131
99 17 139
164 166 104
130 187 130
133 98 136
124 179 116
115 94 99
91 32 135
157 176 127
120 232 135
91 214 103
123 100 160
144 205 161
132 17 103
141 199 133
91 136 147
164 21 145
114 134 139
111 170 160
91 38 146
99 53 106
164 118 108
106 76 130
92 62 98
106 65 130
102 16 123
99 66 108
106 239 111
113 220 131
117 17 106
124 196 139
157 51 118
135 107 139
157 51 133
92 239 157
157 84 123
157 180 113
109 37 112
137 106 109
150 157 134
115 180 121
99 36 104
119 106 100
109 54 98
154 232 102
133 63 131
158 85 160
128 151 103
139 221 130
99 203 118
156 143 111
99 175 116
158 240 151
111 152 134
164 89 111
142 187 123
99 232 135
108 54 139
104 17 160
100 222 136
99 79 137
144 16 96
91 17 125
125 195 99
91 167 135
99 117 100
111 29 139
91 209 133
140 161 160
142 106 130
164 74 111
113 85 160
113 160 107
91 86 122
156 194 96
102 143 118
144 61 133
145 232 104
157 42 130
157 200 161
164 195 150
164 109 143
118 47 161
121 196 120
126 18 161
119 222 160
144 180 160
91 105 135
162 133 161
164 85 149
132 106 128
133 150 133
91 208 151
164 37 136
142 66 161
164 64 146
132 193 160
157 205 130
91 71 156
128 240 123
96 143 160
138 232 118
145 26 107
134 221 120
99 220 118
107 185 139
91 198 123
164 132 142
147 40 114
99 98 133
138 143 113
91 9 150
157 123 102
91 145 114
119 56 160
143 131 160
164 226 149
137 35 138
99 136 103
164 27 107
164 115 151
164 156 123
128 83 160
161 56 160
116 88 132
99 70 126
91 148 137
91 71 103
91 156 107
91 57 118
144 79 160
115 66 161
91 72 137
109 189 160
126 98 130
144 98 160
99 131 128
164 85 138
145 218 139
153 122 118
153 106 113
91 17 100
142 228 160
140 194 160
91 105 152
91 85 151
116 75 139
159 17 160
164 155 103
116 106 137
144 81 129
126 86 131
92 207 160
164 214 159
99 80 126
164 99 126
105 195 138
157 177 102
96 127 161
91 210 113
99 157 98
132 131 139
99 150 133
158 75 96
164 80 102
142 42 122
148 54 96
134 99 98
129 222 138
148 54 136
105 150 113
164 56 102
129 17 117
91 36 97
153 127 139
120 195 108
91 48 111
138 99 114
109 143 106
119 143 126
91 124 113
99 180 126
155 230 139
99 90 119
113 240 121
157 51 100
137 188 137
139 46 139
91 222 122
113 187 107
99 214 127
116 61 113
135 37 109
157 133 113
157 158 103
163 37 96
154 195 106
95 205 96
157 155 138
91 91 104
133 232 98
92 172 96
155 151 114
134 195 102
135 177 139
139 143 133
99 185 106
139 91 139
91 9 130
132 39 133
97 79 96
135 17 111
91 199 151
115 240 135
91 165 117
164 96 151
151 51 160
102 72 161
164 32 146
91 181 109
101 240 138
91 43 121
118 108 161
116 43 139
91 227 109
164 45 154
110 150 99
143 71 99
164 51 142
91 157 123
91 55 135
91 119 141
91 69 113
154 65 160
91 104 117
135 89 113
109 233 97
139 161 139
164 67 138
99 38 119
114 187 125
159 72 160
153 143 100
149 188 118
129 113 139
157 26 103
148 239 157
128 166 135
157 164 132
164 71 121
164 203 133
145 150 122
105 74 119
100 62 139
156 174 161
164 203 123
148 16 116
127 93 100
141 85 121
157 115 114
164 233 127
98 33 130
99 213 112
132 85 98
157 86 132
102 187 118
126 54 106
116 221 116
132 188 122
102 195 99
91 234 104
156 186 132
157 167 97
149 195 135
114 54 132
101 232 126
152 61 119
139 98 104
130 17 139
91 238 141
146 170 132
157 227 112
91 157 152
164 190 133
99 129 96
100 99 106
148 187 97
157 209 138
121 232 111
118 99 131
134 127 107
162 104 96
124 72 131
142 143 104
100 232 111
120 68 98
109 180 131
91 134 130
91 134 119
140 195 108
147 232 125
156 141 119
164 128 152
164 19 122
164 53 118
164 36 106
134 239 141
135 176 161
157 170 122
91 203 104
115 194 161
99 170 106
91 65 147
102 167 160
91 189 154
159 145 161
164 157 147
157 100 103
125 158 161
134 54 127
99 85 132
164 224 133
145 101 99
144 150 102
106 114 139
91 48 142
135 239 103
91 177 140
133 210 120
157 45 106
91 185 136
99 198 160
109 207 139
121 187 136
139 61 125
109 240 103
164 198 140
105 98 126
123 74 160
162 102 160
121 232 160
148 54 116
91 165 149
143 232 112
114 23 113
135 61 116
164 232 113
164 138 137
91 124 104
164 189 102
134 57 96
125 239 113
143 75 139
99 227 103
148 239 131
133 234 160
164 208 114
158 228 160
99 28 161
113 143 137
123 26 116
98 17 115
119 140 112
141 175 113
107 99 96
139 157 110
143 97 122
105 70 98
135 240 130
135 37 126
157 117 97
132 195 132
92 91 160
157 226 96
164 17 104
162 181 160
91 231 132
148 16 132
164 65 116
119 209 116
110 99 111
157 96 96
99 80 104
91 76 111
113 232 137
139 88 99
98 165 96
99 174 132
129 195 122
148 101 128
134 83 130
164 188 126
157 32 112
110 193 96
157 202 96
111 108 106
123 134 106
99 46 103
98 28 123
99 28 106
105 106 118
144 75 123
150 39 133
99 141 135
145 185 139
157 212 104
164 169 135
91 184 125
133 136 160
101 113 161
91 132 102
109 45 161
130 143 114
109 54 119
164 218 106
164 18 137
134 106 121
116 195 131
157 93 116
164 134 130
99 41 135
91 74 130
91 150 130
109 207 161
126 219 161
164 90 118
