187 132 141
26 53 108
50 199 140
128 53 109
230 53 109
76 115 141
158 205 108
233 198 141
21 142 105
127 142 104
234 116 105
180 72 141
111 186 141
21 99 141
75 166 104
129 99 141
207 167 104
76 63 123
234 149 141
155 168 137
234 86 141
188 199 141
53 154 141
168 114 105
108 144 141
53 114 105
98 114 106
166 64 104
111 64 141
21 174 141
147 132 141
42 66 138
22 135 141
199 165 138
127 88 108
146 66 136
167 166 105
218 118 139
79 178 141
41 168 109
25 89 109
142 199 141
165 104 139
201 114 109
199 63 115
108 168 114
82 140 122
188 143 108
98 93 139
202 93 139
65 87 141
139 114 118
101 63 105
46 114 135
220 140 116
230 82 109
234 167 116
215 63 140
53 66 106
158 140 114
58 143 106
139 168 108
110 117 133
21 115 118
183 85 109
127 166 133
158 84 121
101 141 104
224 174 141
25 199 140
165 186 123
39 140 122
169 149 139
77 118 115
61 168 123
82 154 141
129 143 129
89 199 141
89 72 141
181 114 126
21 65 129
181 168 125
209 144 139
67 136 139
102 165 137
157 185 98
210 198 139
44 177 141
21 166 119
41 89 139
122 115 104
167 63 126
151 88 141
86 168 123
166 199 141
30 154 141
145 189 115
147 63 114
129 78 139
234 63 127
167 125 141
117 66 121
129 123 141
89 135 141
214 166 123
199 112 141
174 178 141
144 152 141
129 56 135
181 93 139
67 65 141
45 133 141
108 149 121
96 63 125
159 117 125
233 117 125
73 65 104
215 66 105
91 114 128
81 147 104
232 106 141
147 152 104
69 199 139
233 130 139
146 107 139
34 116 104
55 66 125
26 79 141
130 185 141
28 117 141
200 74 141
154 172 119
199 143 123
68 152 118
184 71 123
188 166 104
37 66 114
81 97 139
174 143 121
95 158 105
216 117 120
207 142 104
39 142 104
188 150 139
234 142 106
41 166 127
194 181 141
60 182 139
62 117 129
183 65 104
22 143 123
162 75 141
111 81 139
129 71 109
58 140 125
151 114 105
122 168 104
218 158 141
60 103 141
59 168 106
217 80 139
67 164 141
172 142 104
145 143 125
170 192 107
112 102 141
217 66 123
148 184 139
123 117 122
167 80 108
95 184 141
39 117 120
217 99 141
196 166 119
223 168 104
210 182 139
230 101 108
27 156 108
202 128 139
217 117 104
143 166 127
199 117 125
231 140 127
181 117 141
174 83 124
120 152 139
93 150 127
186 117 109
176 163 141
97 122 141
234 166 133
134 66 126
55 75 139
160 140 130
234 69 141
26 53 137
79 82 139
104 199 141
35 104 139
117 172 141
32 186 141
196 63 132
127 129 110
229 54 137
27 129 109
111 129 141
95 107 141
126 199 141
25 105 108
103 118 120
56 123 141
140 168 141
125 168 119
230 156 108
220 133 141
156 197 122
114 166 127
117 63 104
25 72 109
87 66 114
233 65 104
128 103 108
118 140 118
153 166 104
136 116 104
28 166 133
164 90 139
186 140 128
153 118 141
168 166 119
138 117 133
67 114 106
233 185 141
228 127 110
21 168 105
84 116 104
34 140 135
100 163 124
125 137 141
134 140 116
192 101 141
166 178 113
127 157 110
40 163 141
120 112 141
70 149 139
158 153 111
88 166 136
80 158 116
157 156 141
151 179 108
221 191 141
161 180 139
190 83 139
30 65 141
143 78 141
171 117 118
167 168 132
169 63 139
141 140 105
114 143 105
65 63 114
158 69 119
21 117 105
97 153 139
54 117 118
87 168 111
35 66 127
38 198 141
213 168 136
137 89 139
182 187 139
186 172 139
171 114 133
89 140 112
41 149 141
175 137 141
73 168 128
150 194 103
51 168 135
105 66 116
132 147 141
197 139 138
54 143 137
100 140 129
220 143 130
49 142 115
102 73 139
228 63 115
28 114 128
221 142 104
80 119 128
69 140 115
174 82 139
123 66 138
179 166 112
79 140 134
117 140 132
108 152 109
89 114 115
175 66 116
55 63 137
153 143 141
86 123 139
51 168 118
180 104 141
77 66 135
153 185 124
101 140 116
155 63 129
48 103 139
68 166 114
120 88 141
208 106 139
132 110 141
111 117 109
200 153 141
23 63 116
231 117 136
189 64 141
31 142 114
90 85 141
199 194 139
46 188 139
203 65 104
136 64 141
109 157 141
157 192 141
53 89 141
208 66 130
74 126 139
165 199 115
187 63 115
153 65 104
208 117 134
151 117 116
190 117 133
40 123 141
192 166 129
158 65 141
84 188 141
171 188 139
178 75 109
102 167 104
208 140 118
222 145 141
115 199 139
69 142 104
179 66 132
42 63 104
39 76 141
148 117 128
103 177 139
221 168 115
137 135 139
89 63 134
127 63 118
203 168 127
188 161 141
134 158 139
159 133 141
30 92 141
21 161 140
31 63 105
176 198 139
223 166 130
66 117 116
66 63 130
227 114 116
30 128 139
22 147 139
158 76 111
81 150 126
104 63 132
47 140 129
47 66 118
207 166 115
137 63 112
234 166 104
183 85 120
67 142 129
203 63 140
32 167 104
158 144 104
69 188 139
172 140 132
60 194 141
93 147 104
90 65 104
209 143 128
227 94 139
70 99 139
97 168 115
126 117 133
59 171 141
230 140 116
199 143 113
155 100 139
129 172 141
168 73 123
127 117 113
23 109 139
88 146 139
102 136 139
145 166 116
190 114 119
70 76 141
138 179 139
202 174 141
213 89 140
160 114 113
223 69 139
183 140 118
222 109 141
166 159 139
63 112 139
154 166 127
228 72 110
45 117 111
76 165 137
56 133 141
59 149 119
31 166 114
32 173 139
123 163 141
233 160 141
197 168 108
229 78 139
160 166 113
165 63 114
160 195 101
89 174 141
146 63 126
84 107 139
161 114 136
224 114 128
208 66 113
108 90 141
211 125 141
93 140 122
150 145 111
101 114 138
80 146 114
80 160 126
119 181 139
68 178 141
77 168 115
134 193 139
194 123 141
232 139 141
234 173 140
145 140 134
114 114 122
100 119 129
45 63 127
119 123 139
22 184 139
209 156 141
204 83 139
81 158 104
54 114 141
125 63 127
189 63 125
22 71 139
229 92 110
21 87 139
118 74 141
144 63 105
181 143 136
223 63 130
79 195 139
119 191 141
103 101 141
80 133 141
144 119 141
101 160 112
209 75 141
189 111 141
90 115 141
136 166 118
62 63 105
208 117 115
32 166 123
117 142 141
116 66 130
117 168 113
167 140 113
218 63 114
53 117 128
189 74 139
111 166 104
48 142 104
102 64 141
111 112 141
131 166 104
39 114 141
149 197 112
67 121 141
193 115 104
206 136 141
180 153 141
22 140 114
21 123 141
31 142 126
165 172 141
22 63 107
75 66 113
158 174 109
47 82 141
172 99 139
133 114 125
89 142 130
127 63 104
89 159 126
48 166 104
73 90 139
73 114 132
154 80 141
188 166 115
171 72 141
79 73 141
59 161 139
52 179 139
74 157 139
201 66 123
39 166 118
90 95 141
98 82 139
179 116 104
137 125 139
146 175 141
163 181 103
109 63 108
95 142 141
215 175 141
131 66 134
206 189 141
171 185 115
162 143 138
195 140 104
25 140 135
105 157 119
214 114 128
161 143 122
223 182 139
95 63 115
175 166 133
180 140 109
101 153 125
214 143 111
83 63 141
137 168 133
222 199 139
96 192 139
157 109 141
173 114 141
108 142 128
145 94 139
137 97 139
209 114 106
140 187 141
73 114 122
95 166 130
103 186 139
48 123 139
164 71 109
137 140 129
119 114 113
67 166 104
111 168 136
159 125 139
175 125 139
122 168 127
146 153 112
110 140 120
105 168 128
120 140 109
127 80 110
31 117 118
33 146 141
221 166 141
41 117 128
189 93 141
175 63 106
192 63 106
21 116 134
37 96 141
203 119 141
227 156 139
136 73 139
192 189 139
60 94 141
150 73 141
34 85 141
37 132 139
108 140 112
82 114 135
107 122 139
30 63 121
215 166 105
84 118 121
28 114 109
221 88 139
183 71 114
225 115 104
158 85 113
161 170 124
97 119 115
37 168 134
158 76 123
67 168 134
49 168 127
200 104 139
32 164 141
194 173 139
147 192 139
88 66 122
157 63 113
167 136 141
153 143 123
54 188 141
59 149 141
207 117 123
56 66 116
77 140 105
162 179 120
179 63 123
79 147 139
150 163 139
63 128 139
224 124 139
181 63 141
58 166 132
122 102 139
115 94 139
140 145 139
225 102 139
25 80 109
183 125 139
182 82 139
94 64 141
111 178 141
234 166 125
230 109 109
27 97 110
165 195 121
148 182 116
153 199 139
230 135 108
91 160 141
174 114 111
220 114 112
83 89 139
213 112 139
120 63 112
110 72 141
22 168 129
84 120 112
72 109 139
120 131 139
181 114 115
60 140 133
48 95 139
74 142 141
145 114 112
150 186 102
196 88 141
60 114 112
82 63 129
228 63 139
51 69 141
208 97 141
69 66 120
228 168 137
129 91 139
45 156 141
167 114 126
189 140 135
41 140 141
74 142 126
48 63 134
63 73 141
62 142 141
96 171 141
76 186 141
187 66 132
145 168 134
228 166 112
39 184 139
147 140 118
149 141 104
180 168 104
161 115 104
197 117 116
60 140 113
222 63 104
131 140 136
181 79 124
33 63 134
125 142 115
201 184 139
154 178 141
228 148 108
49 147 141
30 139 141
228 140 135
44 169 138
161 165 141
33 117 135
87 140 104
105 114 127
165 198 106
49 161 139
161 83 139
172 168 111
152 150 139
93 118 121
208 63 122
110 63 122
201 143 133
100 152 106
58 166 113
90 165 105
56 82 141
117 114 134
80 63 104
141 161 139
181 179 139
124 166 112
164 187 141
74 117 105
35 69 141
215 151 141
66 154 139
27 103 139
112 150 141
193 143 119
175 168 120
111 137 141
225 140 122
130 140 122
134 118 141
112 168 120
172 168 141
159 190 125
123 143 125
186 166 134
233 66 120
125 146 139
178 117 133
116 163 139
140 117 125
227 133 139
194 132 139
233 117 114
156 178 103
27 122 110
128 136 108
127 110 110
31 140 107
63 80 139
218 140 137
165 83 124
154 114 134
103 66 123
202 146 141
105 108 141
225 166 123
65 142 122
105 116 104
225 63 123
139 109 139
164 188 100
104 151 139
171 73 109
172 63 132
234 123 140
228 61 108
225 140 111
183 79 113
42 115 104
146 114 136
157 201 114
134 140 107
128 147 110
195 68 141
38 154 139
150 170 113
148 168 123
45 109 141
192 144 141
94 128 139
178 140 127
23 63 140
132 168 123
86 78 139
95 76 141
105 114 113
134 81 141
89 154 105
130 69 141
164 171 116
48 114 121
232 97 141
27 179 139
150 192 122
104 142 135
129 117 105
143 117 105
170 193 116
153 66 122
158 93 139
86 181 141
122 95 141
48 139 138
138 63 119
26 146 110
61 117 122
30 110 139
228 192 141
104 168 121
40 140 130
119 81 141
152 126 139
42 142 116
215 66 132
28 72 141
195 158 139
145 140 141
208 166 141
55 99 139
83 167 104
213 192 139
22 114 126
28 66 129
187 182 141
58 114 134
161 66 135
82 140 112
101 128 139
146 166 104
22 154 139
111 193 141
59 63 130
84 139 138
230 179 139
139 63 135
179 68 109
146 187 109
111 145 115
25 165 110
97 63 135
183 194 139
174 143 138
230 121 109
107 170 141
130 63 111
165 140 104
74 66 141
80 164 111
44 143 109
143 140 112
96 164 108
204 168 135
25 136 110
172 89 139
67 142 136
123 175 139
175 114 122
45 168 121
197 97 141
196 80 139
74 168 121
82 168 129
216 140 122
39 66 121
155 199 105
118 168 133
127 106 139
179 131 139
161 63 120
172 131 139
83 165 141
47 66 109
41 101 139
70 114 112
75 172 141
83 172 139
164 153 141
185 114 135
169 166 126
211 168 129
176 140 115
192 167 141
193 66 113
47 166 112
203 199 141
116 143 123
111 152 116
168 80 141
104 80 141
216 107 139
217 128 139
134 103 141
61 63 122
227 116 141
72 146 115
31 63 112
67 93 139
174 107 139
144 101 141
45 117 141
197 168 133
213 69 141
26 170 141
98 114 123
90 114 107
95 199 139
24 189 141
197 117 136
65 145 116
195 199 141
127 158 141
76 102 139
70 63 135
166 143 127
52 129 141
150 143 129
55 140 118
95 140 134
136 173 141
80 153 112
136 114 111
89 102 139
176 184 139
232 63 134
48 63 141
213 168 111
58 68 141
176 69 123
128 97 110
213 140 104
152 177 115
21 140 130
153 153 106
221 114 134
175 66 137
69 63 109
126 122 109
79 165 121
195 140 132
161 66 128
213 168 118
155 143 135
165 114 119
73 132 141
140 66 129
209 63 107
189 117 125
182 166 119
144 66 120
130 168 113
152 114 122
115 156 139
223 117 122
39 114 112
95 177 139
217 184 141
60 156 141
38 172 141
144 146 106
38 140 111
103 146 126
88 118 132
44 198 139
103 160 141
112 114 115
166 110 141
69 71 139
72 82 139
83 140 129
127 129 139
172 119 139
62 166 118
118 117 128
218 74 141
148 168 141
204 111 139
39 66 133
55 166 122
141 83 139
35 114 127
61 117 105
132 114 136
73 143 109
95 159 127
134 199 141
60 117 141
168 140 121
69 172 139
220 168 135
124 168 137
86 129 141
196 168 126
82 63 118
54 165 141
214 161 139
73 181 139
206 151 139
203 114 119
180 168 136
102 63 112
204 140 123
223 66 111
33 194 139
174 153 139
27 59 108
33 75 139
62 175 139
45 76 139
186 107 139
210 83 141
52 117 135
117 108 139
