-64 -9 -13
63 -110 18
64 84 18
-62 -110 18
43 -13 -19
-38 84 18
-2 -63 18
-8 32 -18
36 32 18
16 84 -15
62 -53 18
-47 -64 -17
-63 49 -18
-19 -12 18
64 52 -19
29 -64 -19
-38 34 18
-62 -41 18
63 -3 18
63 -89 -19
0 -13 -19
23 -15 17
-23 84 -19
-63 -101 -19
31 34 -19
64 -47 -19
0 82 18
-1 33 18
-8 -61 -17
64 16 -13
-64 59 17
-63 9 18
-59 84 -12
-64 -76 11
51 84 -15
64 51 17
31 -64 18
-35 -63 18
-32 -12 -18
32 81 15
-64 -39 -16
64 -82 10
-39 32 -13
64 -25 0
-48 -15 12
-64 19 -19
-64 34 4
64 24 15
50 -64 -4
-63 84 14
51 35 -4
13 32 -2
62 -110 -7
64 68 0
1 -15 5
44 -12 7
15 -64 0
-19 35 4
-18 81 4
-64 -78 -12
-61 -56 1
24 -12 -7
-25 -61 -2
-64 -26 2
64 -8 -17
-38 81 -4
-61 -95 2
-61 65 -5
-4 81 -11
62 -32 18
-16 -15 -7
-61 10 -1
34 84 -5
14 81 4
64 -70 -16
-55 -61 18
63 -28 -19
64 1 0
-32 -12 3
64 -44 0
-45 -64 2
-64 -8 6
31 35 0
18 35 17
50 81 4
61 33 -19
10 -62 -19
-6 -61 1
-64 -58 -17
64 70 -18
-47 -12 -7
33 -61 0
64 50 -1
48 -64 15
61 -93 -2
9 34 -19
-55 34 18
-47 35 2
-29 -62 -19
-61 -91 18
-18 -64 14
-64 -110 -6
-55 34 -19
64 -66 7
61 68 17
-61 50 2
64 84 -5
52 35 18
14 -64 17
-3 32 -1
46 -63 -19
-42 81 -19
61 -18 15
-61 -24 -19
-23 35 -16
64 38 8
-64 -20 16
55 -15 -6
-52 84 3
-22 83 18
46 34 -19
61 -95 16
15 -12 -19
64 17 2
47 83 18
61 -78 -5
-22 33 18
17 82 18
31 84 -19
8 -12 18
-1 81 4
-63 72 -19
-62 5 -18
-61 -42 4
-61 71 8
-64 24 15
61 -56 -8
-33 -15 17
39 -15 -6
-61 -70 -1
-64 45 17
-61 24 -6
-32 35 -1
16 -12 5
29 -14 -19
64 28 -7
-13 -12 6
61 11 14
44 35 7
-51 -13 -19
35 -14 18
64 84 -19
3 -64 -8
7 -12 -8
64 -105 4
-61 41 -8
-64 -53 14
-50 84 18
-64 -91 -10
-61 -83 0
50 -12 18
29 -12 6
-62 -5 18
62 -72 18
-30 84 8
-25 81 -7
64 -11 4
61 -101 -15
-64 80 0
-19 -14 -19
-55 -61 -9
-59 -15 -4
20 35 -13
5 -64 7
-64 -48 -9
64 77 7
64 -36 -9
64 59 -9
61 59 8
64 5 -19
64 -42 11
-64 -106 7
-11 84 14
55 -15 -18
-64 60 -15
23 84 -5
-3 -12 18
-64 -64 11
4 35 7
-12 32 12
-61 -30 -9
-16 32 -8
24 -61 7
-37 -61 -7
-28 -15 -8
-33 -61 7
37 -61 -11
-61 0 -6
7 84 -8
18 -61 -11
41 32 -7
-64 4 8
61 40 -7
61 -54 5
5 83 -19
-4 -12 -5
-62 -70 -19
-50 35 -9
-20 -64 -12
27 32 10
-15 84 -11
-61 -30 15
64 -59 -19
-64 19 5
40 81 6
56 -64 -13
4 35 -9
64 -19 -14
-64 32 -13
-64 74 18
-54 -64 7
41 -61 7
-40 81 8
-61 59 6
-49 84 -8
64 -32 7
64 28 4
55 32 6
-45 -61 15
40 81 -13
-43 -12 4
-61 74 -9
-41 -15 -15
25 84 8
61 -68 -6
55 -61 7
-24 -15 9
-64 12 -11
-61 53 -9
-35 35 8
53 81 -6
56 81 12
64 -8 -6
-56 -15 7
61 -79 -15
-16 -64 -2
53 -15 7
-61 -110 -17
64 6 -9
18 35 6
64 33 18
-54 35 8
7 81 10
-64 36 14
-64 -20 -10
61 42 -16
-55 -12 18
-46 32 14
58 -62 18
-37 -12 -6
9 35 18
-61 -86 10
-8 84 -1
61 3 9
61 -91 7
-8 -12 -13
-61 -100 -7
63 23 -19
27 -64 -7
-63 -85 -19
-63 -48 -18
61 75 -11
-52 84 -19
29 32 -10
64 -87 -10
-64 -98 11
-8 84 -19
-6 -64 -9
61 48 7
-36 84 -12
-22 -12 1
62 -86 18
61 -46 -10
-31 35 -11
-64 -58 -8
-57 35 -2
61 -75 4
-61 43 8
-20 -61 5
-27 -61 15
61 51 -10
15 -15 -6
0 -64 -16
-64 -38 -5
61 42 16
-55 -61 -18
61 -27 -10
-46 -64 -8
59 84 3
-64 40 -17
21 35 -2
61 60 -17
62 -111 -16
64 -38 -17
61 -102 -5
64 -16 -4
-12 -61 8
64 -23 8
-37 -61 -17
0 32 -16
-63 -71 18
-64 -67 -11
55 32 -13
-64 -83 18
46 -12 -11
62 59 18
-64 81 -18
23 -64 16
9 -15 9
-4 32 7
40 -64 16
64 69 8
-12 32 0
48 -12 0
26 81 -12
-64 -19 6
-42 -12 18
-47 34 -19
-12 -15 15
-50 -15 1
61 -104 12
-11 -64 18
-64 -35 7
-57 -15 -12
9 83 18
-61 53 11
-25 35 9
-40 35 -4
60 -61 1
44 81 -1
-33 34 -19
47 -61 -11
61 19 -6
64 68 -9
36 -12 -13
-4 -64 10
61 -7 11
33 -64 9
32 84 4
37 -63 -19
-64 -15 -18
-64 -8 -4
61 -2 -13
5 -61 16
-64 16 12
-30 -61 -10
-52 -64 -1
36 -12 10
-64 -11 14
-32 84 -19
39 32 -16
-31 81 1
61 -34 0
61 76 0
64 41 1
-51 81 10
-64 42 1
13 32 11
36 32 5
40 84 16
-24 32 -2
61 60 0
5 -61 0
-64 70 1
-61 26 4
-63 -4 -19
44 35 18
29 35 18
61 76 18
14 84 11
-64 -50 5
64 35 -12
-62 67 17
61 -86 0
60 84 -12
-30 81 17
-56 84 -5
43 -61 0
31 -15 -4
14 84 -6
8 -15 -17
60 -12 -11
-30 35 16
62 18 18
0 84 -4
-37 -15 10
64 -94 -12
47 32 -11
-64 -103 0
-36 -64 1
-24 -12 -14
-5 -12 8
-61 80 7
2 -12 12
64 6 18
60 35 -1
-61 -58 8
8 84 1
26 84 17
-17 32 -19
-61 -103 18
-61 -31 -17
-64 -92 -18
64 9 3
-64 11 6
63 -11 18
11 -61 -10
5 35 -1
-61 -2 2
12 35 -10
64 -64 16
23 -61 0
45 83 -19
62 -25 18
61 -45 18
23 83 -19
-64 32 -6
-64 58 -1
29 -12 14
-62 30 18
64 -99 8
-61 -70 7
-64 -77 4
29 -15 -11
47 81 -10
-61 -84 -8
5 -12 0
-61 -106 -11
35 -12 2
-16 84 -18
-45 84 14
19 -61 -18
-64 -63 1
61 -51 -2
-14 -61 -10
64 -73 10
-61 -3 10
-9 35 -10
61 19 8
61 -46 6
-62 26 -19
-40 32 4
-15 81 -4
-11 81 5
-61 -58 18
-23 84 0
-56 32 -11
-64 -90 -2
46 32 1
-57 82 18
57 -61 -6
56 -12 14
-64 -76 -4
-61 -24 10
-64 -45 -2
-64 2 16
-64 -20 -1
23 -12 9
18 -15 -12
-1 -12 -11
-61 68 -12
61 -57 11
-18 -64 -19
-35 -15 -12
46 81 11
-61 -32 1
64 12 -5
-48 -61 8
-17 84 10
23 -15 0
15 -61 10
0 84 11
-23 35 -9
24 81 2
-64 1 -12
61 23 -12
64 -110 10
-2 32 -9
-64 18 -6
-64 23 -12
-18 35 12
-27 -12 17
-61 -40 11
61 31 12
64 84 10
-64 -110 2
15 32 -18
58 -15 2
61 -74 -11
-64 -13 2
14 -15 14
-61 30 10
48 -61 4
26 35 4
31 -64 -12
64 54 4
-30 81 -12
-61 -42 -10
-64 47 -11
35 35 -10
33 35 10
42 -15 14
23 -12 -18
-64 65 9
64 -53 -13
64 -3 6
-61 -89 4
41 84 -7
64 -39 5
11 32 5
-64 -13 -8
-43 81 2
-61 6 -8
-63 84 -7
57 81 -18
63 12 -19
62 -14 -19
-64 -25 -6
-61 -96 -13
40 35 12
-63 53 18
11 81 -12
-40 -64 10
-30 32 5
-61 -54 -12
-64 4 -1
-8 -15 2
64 64 12
61 -36 12
-8 35 18
-2 -64 -4
61 -40 -5
-57 -12 -18
-64 -26 -13
-16 81 18
-62 -77 -18
24 34 -19
-60 84 2
-61 11 -17
-64 59 -8
-61 -46 10
-23 84 7
61 76 -17
-48 -12 -13
-12 -12 -19
-43 84 -9
-6 81 18
-64 77 12
-63 -48 18
52 -62 -19
-1 84 -19
59 -63 -19
64 -110 -1
32 81 -12
62 -79 18
-20 81 -13
21 81 14
-15 -15 1
11 -61 5
5 -61 -14
61 -100 2
64 -70 2
-14 32 6
29 81 -2
64 -104 -10
18 32 -8
-31 -12 11
3 32 14
61 53 11
-47 84 -15
42 -15 2
-52 32 0
-53 -12 -6
-61 -110 11
57 -64 12
-64 48 -4
-61 9 11
-64 37 -2
-64 22 0
-64 -36 -11
-1 -61 4
37 32 -1
12 -12 -11
59 35 -9
-21 -12 -9
61 24 -2
-19 -15 6
-40 35 11
-61 -101 5
-50 -61 -12
62 -102 18
52 -12 -13
-59 84 -18
61 -66 -12
-6 -14 -19
-64 81 -12
62 -53 -19
-62 18 18
55 34 -19
64 -80 -10
-46 32 -13
64 -16 9
45 -15 -6
61 -59 -13
-46 32 7
61 -83 5
64 -61 -7
-2 35 12
-15 35 -13
-32 -64 12
-63 66 -18
28 -64 1
-38 -64 -12
-57 -61 -2
64 -29 14
-64 -71 -7
39 84 0
33 -61 -7
64 13 7
-34 81 12
-6 81 9
10 -64 11
-61 64 2
18 84 0
64 72 -5
-29 -61 3
-47 81 6
-25 81 12
64 64 -13
-38 -15 1
61 72 12
-23 -64 10
-36 84 5
-15 -64 4
64 -88 11
-29 -15 -1
-20 -61 -7
53 81 18
61 65 -5
-34 32 -7
61 -48 12
12 82 -19
13 -15 1
-9 -64 -4
42 -61 -15
50 84 -1
61 -41 -13
10 -64 -4
-61 54 -15
-59 -61 14
-52 81 -12
-43 -61 -4
61 -7 1
-46 84 -2
-61 -73 -12
-61 -87 -13
64 -64 -1
35 -12 -19
-61 -65 -16
-60 -64 5
48 32 15
61 26 9
-64 75 5
-64 -93 7
-61 -77 18
62 -96 -19
-39 33 -19
-52 -64 14
62 -75 -19
64 83 1
49 -14 -19
60 35 6
-51 35 14
61 -19 4
17 -12 18
-57 84 10
21 32 12
-61 -54 -5
-64 -64 -6
-59 32 3
-61 -29 8
-61 -80 8
19 81 8
1 81 -9
61 -73 -2
40 -61 -6
-11 84 -7
18 -61 5
64 -2 -6
28 -64 11
1 -64 12
-61 -103 11
-61 41 14
-61 76 -15
64 27 -15
2 -12 18
64 -32 -15
61 -22 -18
-64 -10 -19
-37 -14 -19
-62 -13 18
-27 -14 -19
-64 -96 18
-49 -14 18
-61 -91 12
-43 -12 12
55 -61 0
7 32 -14
-51 35 -15
-60 35 -9
-29 32 -15
64 44 -9
37 84 -17
64 34 2
61 11 -11
41 -15 -11
61 79 12
3 84 6
-2 -15 0
61 71 4
-1 -61 -10
-54 -12 11
17 -61 -5
64 -93 3
64 -80 1
-34 81 -8
-25 -64 -8
-61 -20 -15
64 56 -2
-24 -61 -14
61 -91 -8
-62 -35 18
52 -64 18
-61 -16 10
-14 32 18
63 -111 5
-43 32 -8
-33 -64 -5
35 -61 5
-64 -26 17
-64 25 9
61 -85 -14
-64 79 -6
-30 -15 -13
61 48 -15
-61 38 7
52 35 2
-64 39 -12
61 -28 -5
-9 -12 -6
-8 35 -5
64 -2 11
-61 48 12
-64 -70 12
-64 71 -5
-51 -64 -7
-24 35 3
-61 16 0
49 35 8
-38 -61 6
64 -60 6
64 22 3
58 84 8
-15 -15 -12
21 84 -10
-49 -15 6
5 84 -13
-39 81 14
-19 81 -8
-9 84 -12
-48 34 18
64 81 -14
-63 -64 17
56 32 11
-64 35 -18
-37 84 -18
-46 -12 -19
64 0 -18
-64 -30 -4
-61 6 3
-61 -60 -12
-61 -5 -9
-8 -61 14
17 35 1
-61 -95 -4
-15 -15 10
-50 -64 4
58 81 -2
-20 -15 -4
64 4 4
-14 -61 -15
64 -8 -12
35 81 10
28 35 -5
64 -22 -10
24 -64 -11
47 -12 11
61 -99 -9
4 84 15
-64 -38 1
1 35 -5
1 35 3
-33 -61 -14
-8 32 4
29 81 -8
0 81 -14
-61 71 14
-43 34 18
-49 -61 18
62 -38 18
43 -64 11
37 -61 11
59 81 17
36 81 -9
-43 -12 -10
61 8 9
61 -28 3
-64 -51 -1
43 -64 -9
61 48 -6
17 -12 10
-37 -61 14
-64 29 1
1 -12 -4
9 32 -7
61 6 0
28 81 11
64 -57 2
-12 -61 1
-64 -103 -14
-51 -15 -10
-46 35 -5
61 6 -14
-28 35 -6
-61 37 18
59 -14 18
-60 35 -14
-61 54 -4
-18 -62 18
63 -106 -19
-64 -14 -13
-61 -46 -13
64 28 -1
25 -12 -12
64 -100 14
42 35 -2
-53 81 -1
64 -50 -7
61 55 -7
-2 -15 14
21 -15 5
-61 -43 -18
-34 32 12
64 47 3
-64 52 7
59 -12 -2
4 81 -2
-3 35 -13
-24 84 -12
52 81 -11
17 81 -11
15 -61 -15
28 -64 6
23 34 18
18 -12 -1
-4 81 -2
-20 -12 12
-64 -110 -12
49 -15 4
-61 58 12
-64 -106 15
-36 32 0
-21 -64 -1
5 -64 -19
51 84 8
30 -15 2
61 -18 -8
-56 -64 -13
-20 35 -4
-24 -12 -5
51 84 14
-9 -12 18
-34 32 -14
64 -57 16
-61 17 -11
9 35 11
-7 35 12
64 -56 -4
42 -12 -2
-32 -15 7
2 -15 -8
64 -22 15
-64 -3 6
-24 -64 5
64 -70 -11
-61 -82 -15
-6 -64 5
-60 -12 10
11 -64 -14
26 35 -14
52 -15 0
-32 -12 -8
-59 -15 15
-61 21 9
-18 84 0
-61 -106 -6
27 32 0
-64 -85 5
-64 11 -6
-41 -15 -6
44 84 6
64 16 14
-64 -54 8
-31 84 -4
64 -7 16
33 -15 6
44 -64 4
61 36 15
64 -90 18
-61 75 -2
-4 -63 -19
-62 80 17
13 32 18
59 -15 -15
64 -12 14
-64 -70 3
-61 -78 -8
-64 54 2
-54 81 15
45 -63 18
-28 84 -16
-63 84 5
-61 -4 -14
-61 -19 -6
-41 -62 18
61 66 -18
-30 -62 18
-61 -53 -18
-61 44 -18
35 -62 18
60 81 -7
-12 81 -16
-5 81 -16
64 -70 15
61 19 -17
25 -62 -19
-61 64 -10
-64 68 5
61 2 17
50 32 -15
21 -61 11
-61 -74 1
64 -12 -14
33 35 -5
-59 35 10
61 55 -12
49 -15 -8
-64 27 -10
52 -64 -8
61 71 -13
11 81 8
-6 81 3
58 32 16
64 -106 -14
-9 -12 10
-4 -15 4
-54 -15 3
11 -12 -6
51 -15 11
31 32 -14
61 -48 2
61 40 -12
10 84 -4
-57 -12 -8
24 35 -7
-36 -15 5
33 81 0
62 26 18
64 57 15
-53 35 -5
21 81 -14
64 33 -5
-43 -64 -15
-61 -57 14
-27 32 -11
-62 -106 -19
-64 14 -15
-27 -12 6
-15 -14 18
64 61 5
-16 -61 10
61 -68 10
56 84 -9
57 32 -6
-61 -48 -5
-64 27 -4
64 -78 6
61 44 -1
32 -12 -9
61 9 -7
64 -88 5
-17 32 1
61 65 2
26 -15 11
-4 -15 -9
64 -106 16
64 2 -11
-28 81 5
-64 -88 15
12 81 15
-64 -4 -1
-31 -64 0
-64 48 5
50 -64 -13
