-28 60 13
75 -103 -11
-75 -83 -11
74 13 -14
-2 -32 26
48 97 -14
-75 -1 -11
-2 -104 -1
-75 97 -14
12 20 -15
52 -59 22
27 60 22
-28 -59 -13
-5 97 -14
-75 48 -13
38 -20 -7
-35 21 -12
-47 -19 21
74 59 -14
17 -60 -8
48 20 21
75 -47 -14
-8 -19 -15
-2 12 26
-61 -59 22
-61 21 22
69 -20 21
-71 -42 -14
-40 -103 -14
-2 -72 26
-2 91 26
36 -97 -13
11 61 -13
-69 61 22
64 61 22
-40 91 -8
-44 -19 -15
43 61 -6
-1 45 22
43 21 -12
-30 -60 21
-47 61 -13
68 -18 -11
27 -20 21
-31 20 22
75 87 -8
47 -59 -6
72 -75 -8
22 -59 21
22 90 -8
-22 -20 9
0 -101 26
22 21 13
-62 21 -15
-10 21 2
-21 61 -15
-54 -60 -5
-7 -59 4
11 -19 1
-68 -20 7
-73 72 -8
68 36 -9
-64 -104 -8
69 21 10
-5 61 5
2 67 26
67 -59 6
-19 -98 -14
2 -10 22
-51 61 10
-47 20 6
49 -19 12
-66 -20 -15
15 -102 -14
2 -52 22
0 97 6
-74 -62 -8
55 -97 -10
-2 -59 -15
23 61 2
-68 20 4
46 61 15
62 61 1
21 -19 -15
32 -60 5
-40 -20 3
-58 90 -13
-23 97 -13
-46 -60 12
-27 -20 -10
-17 21 -15
-27 20 5
39 20 5
28 61 -15
-68 60 4
-31 -60 4
5 21 12
60 20 -5
-75 31 -8
62 -60 -15
-13 60 21
10 -59 9
-5 -20 9
57 61 -15
-2 29 26
75 -3 -8
-34 61 -3
27 20 -7
10 61 13
53 -20 -15
-13 -59 22
-69 -59 7
-63 61 -15
-30 -19 22
33 -59 -13
-16 20 18
71 -33 -8
69 72 -8
28 -19 5
64 -19 6
-6 61 -11
-75 14 -9
63 97 -8
69 -90 -14
-13 -20 22
-41 60 22
-69 -20 22
12 -20 17
-46 21 21
67 -60 21
37 -59 22
7 90 -8
-55 -20 -5
2 -86 22
-2 21 -12
35 97 -8
14 20 0
1 -98 -14
-42 -59 -15
53 -59 7
-75 -30 -8
54 20 9
6 -20 -12
75 -61 -10
-14 -59 -7
-21 61 1
-75 -97 -13
2 -104 12
-69 85 -8
53 -19 -1
-54 -19 9
-14 -19 -2
35 21 22
-50 21 -10
-53 -97 -10
63 20 22
4 -60 -4
7 61 0
13 20 22
-56 60 -3
36 61 7
74 25 -8
-56 60 22
-19 -60 9
39 -19 21
-28 -104 -8
68 49 -9
-75 60 -10
-65 -59 -15
-43 -59 0
-75 -13 -10
69 60 11
25 -100 -8
2 79 22
-37 21 11
-38 21 -1
-69 -72 -8
-14 92 -8
-1 -19 -3
40 -19 5
-1 60 17
21 -60 9
3 20 -1
11 -59 21
-41 -59 22
-2 -60 15
46 -104 -8
56 -20 21
-10 -98 -8
42 -59 11
65 20 -15
-49 97 -9
1 -21 22
-1 1 22
-69 -51 -8
-57 21 12
-57 -59 10
-22 21 -5
-36 61 -14
64 -104 -9
-59 20 -4
-38 -19 13
-6 20 12
38 61 22
-41 61 6
49 61 5
73 96 -14
26 -19 -6
-58 -19 21
58 -60 -2
-69 7 -13
-69 21 15
69 81 -14
-2 -41 22
-1 97 -4
58 60 13
32 -20 -15
55 20 -15
-2 -62 26
16 60 22
-69 37 -14
20 61 -8
-2 93 16
3 20 22
-55 -59 -15
2 55 26
15 95 -14
-29 90 -8
32 21 -15
23 60 12
37 -60 -4
-24 60 22
-30 -19 0
26 -60 -2
18 -20 10
46 20 -2
-67 96 -8
29 21 4
66 60 -8
53 60 22
-69 -19 -5
55 90 -10
-14 61 11
-66 -60 -4
-61 60 14
-18 -19 -15
-56 -19 -15
-36 -60 12
-24 -59 -4
-18 20 8
5 -19 10
22 21 -15
38 61 -15
61 -59 14
30 90 -14
-35 97 -14
74 -25 -14
43 91 -8
-36 -59 -7
8 -103 -8
68 -54 -8
75 -86 -8
63 -20 -4
41 21 15
-71 25 -14
-46 61 -3
-44 -19 -6
70 4 -14
51 -60 -15
72 -10 -14
75 43 -13
-69 -89 -14
31 61 -6
68 -44 -8
-67 60 -6
-70 78 -14
54 61 -5
-69 21 -6
68 -67 -13
-75 -22 -14
-7 21 22
-12 61 -2
-32 -98 -14
11 -60 -15
-69 -59 16
34 -19 12
68 20 -1
16 -20 -8
36 21 -4
-51 -59 20
-24 20 15
-6 -103 -14
42 -19 -15
-11 -59 13
5 97 -14
-60 -20 3
48 61 -13
-11 21 -8
75 70 -14
-5 -59 -7
32 -60 15
-51 -60 4
16 -60 2
24 -59 -15
-38 -97 -8
-75 -69 -14
-75 87 -14
66 91 -14
-35 -20 -11
-69 -7 -11
-13 -20 12
-25 61 -7
71 -96 -8
-18 -60 -15
22 20 22
-63 -97 -14
-46 -102 -8
41 -60 -15
-69 53 -10
-1 37 22
-15 -59 1
-75 -55 -13
-33 61 21
72 30 -14
23 96 -14
31 20 12
17 21 -8
-21 -59 18
-69 68 -14
-16 -104 -8
-28 -60 13
1 -59 6
-69 -29 -14
-62 -20 13
63 -20 15
-6 -19 18
14 20 12
32 61 15
36 -104 -8
-25 21 -13
-69 43 -8
8 60 21
-37 60 13
-73 -104 -8
48 -19 -8
-39 -20 22
-1 90 -11
-30 -20 9
42 -59 3
72 -81 -14
17 60 7
70 16 -8
-43 20 -15
-30 20 -5
-75 -39 -8
-69 16 -14
-58 -104 -13
75 -40 -11
1 61 -15
48 -99 -14
-10 -59 -15
67 -59 -2
-23 -20 -2
-59 97 -8
-69 -95 -8
-46 90 -13
74 7 -8
-69 -78 -14
58 -103 -14
-46 21 -2
-16 61 -10
-47 -59 -8
61 -20 -11
39 94 -14
50 -59 15
18 -97 -9
-3 61 -4
-50 -19 2
60 21 3
21 20 5
-62 -60 4
58 96 -14
-74 92 -8
61 20 14
-75 39 -9
-5 21 -4
-8 -19 -7
2 -100 5
-57 20 4
47 21 9
-54 21 20
-69 61 12
2 -94 22
-29 61 5
19 -20 22
-1 -19 -15
29 -102 -14
-68 92 -14
8 21 -8
-8 -20 1
32 -20 -2
-29 61 -15
49 -20 21
-13 97 -14
-45 -19 14
-75 -46 -8
3 61 10
75 54 -8
69 -59 14
68 -25 -10
-2 -100 17
75 -68 -8
75 80 -10
-2 -79 22
10 -97 -14
-69 -34 -9
-58 61 4
60 -59 5
-50 -20 -11
54 20 17
41 61 1
42 -98 -8
-24 -20 16
20 -19 -1
16 -59 15
-41 20 -7
-68 -103 -14
51 21 -8
73 -55 -14
-49 61 22
11 96 -8
69 -9 -8
3 -60 21
-73 5 -8
75 -16 -8
65 -99 -14
-51 -104 -14
73 21 -14
-20 90 -12
56 -60 -10
42 -19 14
-38 21 19
14 61 -2
53 20 1
-69 -19 15
-52 90 -8
74 66 -8
69 -38 -14
-22 -98 -8
2 96 21
-25 -102 -14
-22 20 22
29 -60 22
45 -20 -1
-2 21 6
4 20 -15
69 60 4
-74 79 -8
59 -59 21
-8 90 -12
69 29 -8
-3 -100 -8
74 -96 -14
-75 24 -9
56 -19 5
-75 -76 -8
-42 96 -14
-45 20 12
69 21 17
-35 -59 -15
9 21 5
-19 60 16
-45 -97 -12
-60 -98 -8
24 -20 14
-62 -19 -7
45 60 22
-68 20 22
39 -103 -14
-41 61 -8
0 -20 4
-6 60 22
9 -19 -5
5 61 -7
67 61 -15
2 -67 22
45 -59 20
74 -33 -14
71 94 -8
-8 96 -8
-19 97 -8
0 -16 26
49 -19 5
-69 -66 -12
-9 21 -15
69 53 -14
-6 61 12
-69 -1 -13
39 61 14
46 90 -14
-70 59 -14
68 0 -8
55 -20 -7
9 -60 3
75 38 -8
62 -97 -8
-17 -20 -8
53 97 -9
-16 -19 6
21 21 -2
12 -60 -5
-64 20 9
-2 84 22
2 -104 -11
69 42 -14
-54 -104 -8
-69 12 -8
12 -19 8
-75 9 -14
-63 97 -13
68 86 -10
17 61 16
-75 71 -14
7 -59 -10
42 20 22
-45 61 13
15 90 -10
-2 -60 -1
-16 21 -1
62 -60 -7
-69 -14 -14
-55 21 -15
-35 -19 -5
31 -97 -8
-75 -34 -13
-42 -59 6
6 -97 -8
9 91 -14
-36 -59 -1
17 61 -15
-34 20 5
69 -19 11
-69 -87 -8
72 -74 -14
73 -3 -14
-1 93 1
-58 61 -11
1 -36 22
-2 -6 26
18 -104 -8
-71 -25 -8
26 95 -8
-69 28 -8
68 22 -10
-69 36 -8
-1 20 17
22 -98 -14
-35 90 -13
-30 21 13
-54 61 -15
-29 97 -9
-2 73 26
26 -59 -9
53 61 11
-54 95 -14
69 60 17
8 -103 -14
17 -59 -15
-12 -97 -14
2 8 22
-19 -19 20
33 61 0
-27 61 -1
32 -19 18
-40 61 -1
33 90 -8
31 97 -13
75 31 -8
-75 -90 -12
25 -60 15
6 -59 15
43 61 8
-69 -80 -8
73 -49 -8
-75 -7 -8
-75 -68 -8
-65 -60 12
68 -85 -8
-29 -19 -15
9 20 16
68 -20 0
69 -48 -14
72 89 -14
-1 -46 26
18 97 -10
29 61 9
-13 20 12
-69 -41 -8
69 60 -3
59 61 -8
-35 -104 -11
-68 -59 -9
-74 -21 -8
-53 21 -3
68 11 -12
-40 20 5
-74 33 -14
-30 -60 -5
32 -59 -7
-35 -59 18
75 -87 -14
-72 64 -8
11 -19 -15
69 -61 -14
75 -24 -8
20 91 -14
4 -20 0
46 96 -8
-63 20 -8
-1 -19 14
-75 65 -14
-65 90 -9
62 -19 22
-60 -59 -12
-57 -60 16
-31 -19 15
22 -59 3
-8 -104 -8
69 -30 -14
-14 90 -14
68 -71 -8
70 73 -14
8 61 6
-73 -50 -14
-48 61 5
-2 19 26
75 73 -8
-43 97 -8
-48 -60 -15
-75 -9 -14
7 -19 22
-2 -25 26
-25 91 -14
5 96 -8
30 20 18
52 -59 1
-54 -20 17
65 97 -14
-2 -55 26
-74 51 -8
-16 -98 -8
59 60 6
-57 -59 0
57 -20 15
75 48 -8
-73 42 -14
-47 -20 8
34 -19 4
-22 -60 -10
39 -59 -10
-39 -98 -14
68 55 -8
33 -19 -9
-60 -59 -6
-6 -59 22
-1 51 22
-35 97 -8
-75 21 -14
2 62 22
70 -64 -8
-63 60 22
-69 86 -14
-63 61 1
23 -104 -12
60 90 -13
2 20 -8
2 61 3
-27 -19 5
-36 -19 7
-24 61 9
57 21 22
54 61 -11
-66 -20 0
75 -67 -14
-57 20 -10
1 -19 -8
71 36 -14
-2 -89 26
-69 -13 -8
47 -97 -8
-33 -99 -8
39 -20 -1
35 61 -10
50 -104 -13
55 -60 16
27 -59 7
5 61 16
75 -55 -8
16 21 17
1 97 12
52 60 17
-71 -59 -14
-63 20 16
-22 21 2
48 20 -15
-12 -60 7
-19 20 -10
49 21 14
47 61 -1
65 21 5
41 97 -10
-72 53 -14
70 47 -14
-22 -104 -8
-51 20 11
1 -29 22
68 -79 -11
-60 91 -8
-62 20 1
4 -20 17
0 42 26
29 20 -2
8 21 -1
-64 -20 20
2 -100 -4
62 91 -8
26 20 9
60 -20 10
17 -20 16
-10 61 17
-50 61 16
16 -60 8
47 -59 4
-75 28 -13
53 -59 -5
32 60 21
72 59 -8
71 44 -8
59 -101 -8
-56 60 10
-35 61 8
64 60 14
31 -103 -8
-11 -60 -4
75 53 -14
-51 -59 10
70 -102 -8
20 -59 -4
-42 -59 -6
-19 -19 14
70 -91 -8
74 -11 -8
17 -59 22
-67 -59 22
-36 -59 6
-74 -103 -14
-3 -59 10
1 24 26
38 61 -3
-75 -52 -8
68 -5 -12
3 21 6
-6 -97 -14
27 -19 -13
14 61 -9
47 -20 -15
-52 61 -10
-43 -60 16
-2 -103 8
-75 77 -13
-41 91 -14
-71 -95 -14
-74 3 -14
37 -20 -12
74 12 -8
-18 -59 -4
-13 -19 -12
-33 61 -10
-69 -60 1
-66 61 17
-25 -59 22
-49 -19 -4
-69 45 -13
-57 -99 -14
-22 -59 1
48 -59 10
32 20 -9
-75 -78 -14
68 -20 -6
-69 73 -11
64 61 7
0 16 22
-46 -104 -13
75 -30 -10
-19 61 22
58 -20 -2
31 -59 0
43 -60 -2
42 20 -7
-2 21 1
12 21 -5
-1 -83 26
-50 21 16
-1 20 11
-75 -95 -8
2 -76 26
38 -60 14
-43 -20 18
28 -19 11
-32 -60 9
59 60 22
22 61 20
-75 -17 -14
25 61 -11
75 -93 -8
16 -97 -14
36 90 -12
-2 65 22
27 20 -15
3 -60 -15
-8 21 7
-35 20 -6
38 21 -13
42 61 18
-17 61 -4
-58 20 17
-63 -60 17
-23 20 10
-17 -103 -14
-71 -83 -14
-69 21 10
57 -60 -15
-27 -59 8
23 -20 4
-29 96 -14
-10 -19 8
61 20 8
58 -60 10
44 -20 8
36 -59 2
-59 -20 9
-61 -19 -14
-61 61 -6
63 -59 0
71 -103 -14
-66 20 -13
-47 92 -8
-37 61 18
-1 -104 22
22 61 7
75 -44 -8
53 -98 -14
2 85 26
-41 -19 -11
68 -12 -12
-53 -60 -11
-25 -20 21
-69 -54 -12
34 20 3
-69 2 -8
-7 -59 16
-47 -60 -4
-10 20 -4
-16 20 -6
43 -20 -9
-12 20 22
71 -39 -8
-28 -97 -8
-2 96 24
48 90 -9
38 -59 8
-50 20 -15
2 61 -2
42 61 -11
21 -19 -8
-45 -19 3
-41 -19 10
-52 61 1
-10 61 6
-12 -104 -12
64 -19 -15
49 61 -6
55 21 -4
-35 -20 18
75 -99 -8
-18 96 -14
60 21 -15
16 -20 -15
-69 61 -1
-42 20 17
71 82 -8
-1 60 26
50 -59 -10
-18 21 14
-69 80 -10
-11 21 16
-25 60 17
-67 -19 -10
2 -3 22
-47 95 -14
-27 -97 -13
1 72 22
-75 57 -14
34 -104 -13
71 -22 -14
75 3 -13
75 83 -14
69 66 -8
-47 -60 7
-69 -46 -9
27 90 -9
62 61 -4
-42 61 -13
-75 -27 -14
37 21 -8
-19 61 10
-57 -20 14
-26 -60 3
16 20 5
-24 61 4
-59 -104 -8
10 95 -14
-39 -19 -15
-13 97 -8
-24 96 -8
-56 -59 22
-57 -19 -11
68 77 -8
62 61 -13
17 21 -15
75 -17 -13
18 61 2
-75 19 -9
53 97 -14
-51 -19 -15
-75 44 -9
-16 61 1
51 -101 -8
69 -95 -14
-49 -98 -8
70 5 -8
-41 -59 -11
-30 21 -15
-1 -59 -9
-1 61 -10
-69 -4 -8
4 -59 2
2 -103 17
-56 61 17
44 -19 18
-1 60 12
31 94 -8
-47 -59 22
-75 87 -9
57 95 -8
75 26 -14
-2 25 23
-15 -59 18
13 60 19
38 20 18
-24 -19 -13
45 20 17
-2 -96 26
-30 21 1
75 94 -10
44 20 5
56 61 2
-4 -19 -12
-75 -63 -12
2 32 24
-66 20 -2
-2 76 22
-22 -20 3
13 -104 -10
1 -60 11
-69 -38 -14
12 -19 -11
-69 17 -10
-41 -59 12
75 48 -13
-27 20 20
-69 -23 -12
-62 61 9
-1 93 -7
66 -104 -14
-14 21 5
6 61 -15
-63 -60 -9
-6 92 -8
61 -20 3
58 21 -11
0 6 26
68 -58 -10
75 62 -11
-73 97 -9
27 61 -1
-8 -19 15
7 -19 4
-17 21 22
-8 -59 -11
-12 61 -12
-6 61 0
40 -60 18
-75 92 -12
-39 -19 -2
-36 61 -7
-30 -20 -7
27 20 15
65 -59 10
69 -54 -14
69 0 -14
13 21 -10
33 -59 19
-75 16 -13
-35 61 1
7 21 21
54 -19 11
-52 20 4
-29 61 -5
42 20 0
20 20 9
-6 61 -15
-75 -39 -14
22 21 -8
