16 25 14
-85 -71 -39
81 -70 -41
-86 91 -10
81 91 -9
4 -70 14
-76 4 14
-12 97 13
82 -17 13
-25 -21 -29
37 -26 -29
-56 -54 14
-42 50 -12
63 -71 13
0 -70 -43
74 40 14
30 70 -13
-3 -21 14
-85 51 14
-78 -29 -18
-32 13 12
-42 -71 -25
39 -32 14
39 -71 -23
-52 82 14
47 95 14
-12 55 14
76 -37 -20
48 19 -9
-86 -70 -2
-39 -22 11
-85 26 -11
81 8 -11
41 50 14
61 56 -13
-85 -37 14
7 -15 -17
-23 -51 14
-56 34 14
15 78 14
-72 63 -13
-12 -71 -13
-24 76 -7
71 73 14
53 -4 14
25 40 -11
23 -5 14
33 -69 8
81 -47 12
82 -67 -10
-48 -42 -20
26 -48 -12
-40 56 14
-84 -4 -11
-70 -58 -20
15 -44 12
25 4 -11
74 14 14
-30 -5 -8
-75 96 14
14 51 10
-36 -71 3
52 -48 -20
-6 9 14
14 -71 -16
62 -29 0
56 -70 -43
-50 75 -13
82 38 -10
-30 28 -11
-63 -29 6
1 76 -8
-25 -69 -43
26 -70 -43
51 27 14
-18 -26 -6
37 -16 -3
51 76 -3
-83 27 14
-5 50 -8
-15 31 14
-85 74 14
-29 -50 -9
72 96 14
-64 62 14
82 66 -8
-61 -71 -3
-63 32 -8
-54 -4 12
-58 -69 -42
25 91 -7
38 73 14
61 -71 -19
49 -53 14
-30 83 14
15 -26 0
47 40 -4
-22 -9 14
-86 -49 -9
36 12 12
81 -18 -11
-35 36 12
-85 47 -8
-85 -16 13
-10 76 10
-72 -68 14
-39 -26 -12
-18 -71 11
48 -60 -5
-6 -41 12
-26 50 1
-41 -42 14
-64 76 0
58 -29 -20
20 97 13
-58 50 -2
-60 15 14
58 59 14
-4 -26 -28
-46 -60 -9
67 18 -2
-85 -71 -21
-21 -27 12
81 -67 14
-61 -29 -13
3 37 14
-84 73 -4
34 33 14
80 -36 -2
26 63 3
27 22 -8
19 -26 -25
-41 96 13
69 -54 -20
38 52 -13
63 -42 14
32 -50 14
64 39 -9
-30 91 -2
-4 -15 -3
55 -21 14
67 -60 -3
-84 -56 10
-67 -15 14
4 -5 14
65 74 -13
-53 -71 12
82 60 13
-70 -44 14
-24 -69 -25
17 -71 1
71 -4 14
47 -29 -7
-44 32 -2
-81 -29 -1
1 -71 -2
14 9 12
-68 46 12
55 78 14
-30 68 7
-36 66 -13
27 -27 -10
-30 -35 -1
-11 -15 -18
11 51 -7
4 93 12
56 42 14
29 -71 -10
-38 -4 14
81 -50 -11
23 -26 14
-8 -57 14
-40 -60 14
78 -71 -25
-58 96 13
-60 -71 -26
-68 82 14
36 -15 14
17 74 -5
26 -38 3
14 -69 -32
-31 -37 -20
48 -69 14
-41 -71 -41
75 -32 14
78 50 0
-48 -29 0
-44 22 12
81 83 12
17 -60 12
-8 -71 -30
-39 -15 -23
-54 60 -13
82 19 1
37 -56 -20
2 67 14
26 -56 0
-42 76 -1
32 50 1
40 -71 -40
54 12 12
-31 -71 -13
-69 30 8
33 89 14
-63 -44 -20
-74 -60 -6
66 27 14
28 -15 -20
74 76 0
63 50 4
43 -36 -20
-23 44 14
49 63 -13
27 54 14
56 -71 0
-84 89 5
-27 -15 1
26 36 3
-84 -18 -11
-73 -69 -32
-47 8 12
-54 49 12
37 76 0
77 53 -13
-54 -39 14
3 22 14
-30 8 -11
-86 10 -9
-35 -56 -20
10 -31 14
-51 67 14
-54 -20 14
66 -57 14
-78 -45 -20
-30 -57 3
-72 50 -1
-66 75 -13
29 -37 -20
-29 43 -11
26 -71 -24
13 -15 9
25 18 5
-20 -71 -2
-54 -55 -20
-76 -26 14
-2 51 5
23 -15 -2
69 -71 -36
-85 32 1
39 -1 12
2 -26 -11
-65 -60 5
82 26 13
-26 -15 -16
50 -71 -30
-19 15 14
-84 62 7
16 64 12
-28 96 13
-85 -70 12
-73 18 12
-29 28 2
-8 -8 14
60 92 12
49 -71 -13
80 -60 1
-49 -29 -20
-51 -60 4
0 -71 -20
49 50 4
-68 50 -13
-11 74 -2
22 42 14
80 -5 -10
43 74 -13
25 59 -9
72 -29 -10
-9 -26 4
4 -50 12
-40 50 3
64 -42 -20
81 3 12
81 37 4
-10 43 12
7 76 4
-83 -58 -20
37 18 0
-28 25 14
-61 -60 -11
24 76 6
-20 66 14
41 -71 -2
53 -35 14
-74 -69 -15
49 -60 -20
4 -16 -29
-37 -26 -29
71 -71 2
-52 -71 -13
-33 -32 14
-79 38 12
-18 -39 12
82 79 -9
82 26 -9
67 -19 14
-12 -71 -42
-75 68 14
34 -26 2
-86 -35 -11
62 76 1
47 63 14
-30 55 -12
-84 -41 0
38 -61 14
-28 -64 12
39 38 5
53 20 3
80 91 3
60 38 3
-83 57 -13
-75 30 -7
57 -60 8
-84 -4 12
-85 11 14
-15 2 14
71 -71 -10
-48 -71 -1
-64 3 12
-15 -26 -25
-38 -15 -2
-20 74 5
25 89 4
37 -25 -17
64 6 12
44 -43 14
43 84 14
-74 56 14
-30 63 -3
80 -60 -19
12 -26 -16
-30 -45 5
27 -60 -14
46 37 14
49 -29 4
-17 51 -5
69 84 12
26 -39 14
-9 -69 2
-43 43 14
37 -60 1
71 63 -13
21 50 -2
69 57 14
-17 -15 7
-19 85 14
-29 54 14
-77 74 -13
-10 -16 -29
11 -70 -43
29 23 14
80 65 3
-85 -60 -8
15 -15 -28
56 50 -6
-42 -71 13
-63 -71 8
12 -15 -2
37 -45 -20
-58 30 4
-18 -15 -9
36 38 -7
69 50 -7
20 -70 14
-29 -26 -20
-35 -60 -6
7 -26 -26
-74 -55 14
-3 83 14
-46 -11 14
-10 21 12
47 -14 12
-31 -15 11
80 -48 1
17 -15 -13
-8 -26 -14
-38 76 10
-41 86 14
63 -29 11
-70 -29 -7
-8 -30 14
-33 -69 -31
3 52 14
44 18 9
-38 -26 1
-50 -71 -36
26 12 14
-53 76 6
-84 53 1
-29 3 12
36 -15 -28
-76 -71 1
-77 76 7
-52 31 -8
-35 76 -9
-47 32 9
-62 74 14
55 71 -13
64 18 8
60 -60 -11
35 62 14
81 73 14
-68 -71 -42
28 -61 12
-42 -69 -13
25 82 14
25 -7 -8
80 50 11
72 -29 2
-78 84 14
-8 -71 13
-19 -60 14
58 20 -7
26 -37 -7
-30 -47 -19
13 34 12
-8 64 12
32 43 12
32 -69 -35
68 -30 -20
2 -26 -1
-52 50 -12
38 63 -13
-41 -60 4
-33 -51 14
46 6 14
25 81 -8
-29 -28 -10
-27 -26 4
6 -60 14
13 88 14
-56 24 12
-67 -30 -20
-70 -34 14
4 -39 14
-73 -6 14
60 -71 -30
61 -11 14
28 -15 6
-50 50 3
-48 -29 -10
-74 76 -2
48 76 6
-44 -33 14
37 -60 -11
-58 69 -13
-44 -51 -20
-3 74 4
-30 89 -11
81 -56 14
46 50 -5
80 -46 -20
-33 45 14
3 -69 -29
24 70 14
-56 -37 -20
-82 -60 1
-85 95 13
43 -23 12
81 -31 -12
-85 38 -11
-84 -46 12
-65 -69 -18
27 -23 -29
73 -60 -12
72 38 -2
-60 -63 12
-39 -30 -20
-58 -29 14
74 20 -8
60 -29 -11
82 -30 8
-6 32 12
81 94 12
-19 -26 -16
72 -47 14
-31 17 -9
-3 -15 -23
30 4 14
1 -15 5
28 -69 -1
-13 -47 14
13 -69 -7
26 -29 -2
67 46 12
72 -64 12
-52 -69 -22
40 -69 -13
-15 51 4
-49 58 14
-83 -29 9
-45 64 -13
73 20 7
-63 -6 14
-43 -60 -18
8 50 2
10 17 12
-18 -71 -32
3 -26 10
10 44 14
8 60 14
62 -60 -20
62 -69 -6
42 28 14
-84 80 -10
-80 -71 -9
56 69 14
-39 -43 -20
-30 59 6
-72 -29 5
25 32 14
-29 -41 -9
-85 66 -11
-50 93 14
-69 37 14
67 36 12
79 -8 12
33 -15 -12
-71 -39 -20
50 53 14
-46 -50 14
-4 -15 -13
-37 32 -7
55 39 -9
23 -17 14
53 -44 14
-20 -15 -24
54 -38 -20
-65 23 14
49 -29 -17
-67 91 12
-21 -18 14
26 -45 -3
81 -69 -1
6 82 14
26 67 -5
5 -69 -12
35 -29 -7
10 -69 8
-5 0 12
25 30 -10
-50 -62 14
33 -26 12
-56 7 12
29 -51 -20
-29 73 14
-78 50 9
-65 -24 12
37 19 -9
22 3 12
13 0 14
23 -71 -35
-23 35 12
48 73 14
-29 73 -1
18 -34 14
-39 58 -13
35 -41 14
49 40 4
15 -23 14
-1 -26 -20
-60 85 14
-68 10 12
-29 -69 -4
56 -66 14
-5 -69 -9
-40 -71 -5
72 -69 -19
-76 -71 -24
75 70 -13
-70 -69 -5
-83 -69 -29
72 -60 4
59 22 14
-6 -26 -6
-55 -29 -4
10 71 14
-35 -71 -21
-10 87 14
-33 -15 -12
24 -53 12
-62 50 8
81 -58 -8
-84 -52 -1
-31 -15 -28
81 17 10
80 47 -8
42 -69 7
21 -69 -11
51 -69 -22
75 31 14
44 -60 8
-1 44 12
-24 -69 6
37 -15 -19
-50 16 12
-57 -60 -2
65 66 14
-48 -25 12
25 -26 -19
30 50 -7
-19 -69 -19
-55 76 -2
-8 -15 5
0 -32 14
-1 -71 6
9 -26 -6
53 54 -13
28 76 -2
-40 14 14
-39 5 12
2 9 12
9 74 -7
72 40 6
59 50 11
68 -69 -26
10 -69 -24
49 -69 -5
40 50 6
-68 32 -2
-37 27 12
-2 -62 12
19 17 12
-60 52 -13
80 -39 -12
-61 42 12
72 -12 14
-19 -26 3
74 -24 14
-23 -71 -12
31 -5 14
57 34 14
45 18 -1
80 -38 11
-62 -45 14
14 -8 14
80 -29 -20
-31 64 14
-54 -29 7
58 -53 14
-3 74 14
-4 97 13
-38 -15 6
-19 23 14
-1 60 12
-76 -17 14
82 37 13
1 -13 14
-25 -35 12
44 -52 -20
45 -44 -20
3 -15 -7
-14 -15 -2
-22 7 14
-76 30 4
-71 -49 -20
-76 30 14
54 86 14
13 -53 14
-20 94 14
-6 -49 12
29 97 13
-30 89 6
-83 66 14
73 23 14
-45 50 -5
-34 50 -8
25 -31 8
-32 -71 10
-77 50 -10
-63 -69 -34
37 96 13
73 76 -8
-29 69 -8
-44 74 14
-84 -40 -17
50 -69 6
26 48 10
31 76 10
16 74 3
18 -26 8
-65 53 14
72 -70 -43
76 65 14
81 58 -8
-30 -60 -15
60 76 -8
-45 50 10
-28 -44 14
-34 90 14
54 -60 -1
24 -71 6
-19 51 14
-56 -71 3
-37 30 1
-85 -26 -8
-56 -11 14
-79 -65 12
81 -71 -18
68 -35 14
-42 72 -13
-63 -55 -20
60 -51 -20
46 52 -13
61 84 14
45 -5 14
27 11 -9
-80 18 14
76 -71 10
26 54 4
-66 -60 14
48 -69 -38
2 51 -5
31 -34 14
57 76 7
-52 -60 -14
41 -29 -2
-42 -69 -34
73 50 7
-84 17 -11
37 -17 7
77 -71 -35
-84 72 5
-24 50 -7
49 44 12
35 20 8
26 -15 -29
81 17 -6
65 14 14
75 89 14
-33 -69 -41
-67 -69 -25
28 -70 14
34 -71 -16
72 5 12
-12 -69 -24
12 96 13
57 -69 -13
-59 -69 -12
43 -69 -31
26 -54 -7
80 76 6
-39 -29 10
20 -26 -7
-29 35 -9
-30 -5 14
-20 77 12
80 71 -2
55 5 12
13 -66 14
-73 -60 3
-26 -69 -33
8 -71 -1
-76 -60 -13
-45 76 7
-70 76 9
44 76 -2
20 56 14
-56 56 14
23 89 14
63 -71 4
35 76 -7
-41 -29 -5
-86 89 -2
33 -70 -43
64 -71 -42
69 76 8
-46 -69 8
-63 -29 -3
38 50 -4
-12 -24 14
62 -1 12
17 -71 -23
-76 -40 14
-50 38 14
26 -49 3
42 -29 6
33 -69 -27
40 76 7
-14 -71 -6
-55 -48 -20
30 62 -13
-82 59 14
46 -36 14
-62 -36 14
53 -29 -2
-5 -71 -36
-67 -60 -2
79 40 -2
-51 32 2
60 18 1
74 20 -1
29 18 -2
54 -14 14
26 40 -3
-11 -64 12
-30 -33 7
77 -29 -4
51 19 14
49 -29 11
-65 63 -13
-77 -29 -7
35 54 14
-85 32 9
40 -69 14
-84 55 -6
6 -21 14
-77 -48 14
36 80 14
-34 50 9
-17 -19 -29
80 57 -1
29 53 -13
11 -38 12
-24 50 10
-84 -36 5
-69 -69 5
-83 -51 -20
-30 55 -5
30 -60 5
-20 -2 12
-39 -23 -23
-35 19 12
-75 75 14
80 -53 -20
-30 -56 10
1 29 12
-8 51 10
29 -12 12
-46 76 -6
35 -71 -5
-17 39 12
57 -29 5
-49 2 14
61 -60 2
-8 51 0
-33 -26 -4
-25 88 14
56 -71 -36
76 78 14
-15 72 14
32 38 7
82 10 13
18 -70 -43
-15 62 12
-85 3 14
-85 -10 -8
-29 76 6
81 -25 14
-12 -14 12
-85 84 14
-79 90 12
-30 32 10
44 12 12
67 -60 -15
56 -28 14
-21 57 14
19 49 14
80 -41 4
-79 -9 14
80 -42 -5
-49 -71 -28
-24 -15 -5
-66 76 -6
10 -15 -11
26 -71 -16
-8 -26 -22
-53 -29 -14
47 -60 14
38 -8 14
-53 -47 14
41 59 14
32 68 14
43 -51 14
2 1 14
21 -15 -24
-52 29 14
23 -46 12
-46 -69 -7
26 69 8
-5 -26 10
-78 -69 -37
-85 -41 -8
80 -56 7
-80 -32 14
-28 -71 -20
8 -71 -36
-46 -4 12
-63 32 10
68 52 -13
-10 -24 -29
0 -45 14
61 40 10
-31 -21 14
-77 -71 9
7 -11 12
-29 -35 -8
-29 61 -10
80 2 -9
67 92 12
-39 -19 -11
43 -60 -16
-45 -35 -20
8 26 12
-58 -60 -18
-3 -17 -29
-42 31 14
57 18 9
14 -25 -29
41 40 11
-84 66 2
22 -71 -4
62 77 12
-20 -26 -29
-46 -71 -18
72 51 14
19 74 11
-75 49 14
-14 75 -9
-86 -66 -10
-44 -18 14
3 76 11
32 -29 -18
2 -69 -36
-5 39 14
-57 65 14
-40 -13 14
-56 -69 -32
-37 63 14
71 -29 9
-82 -24 14
-6 -15 14
-13 8 14
-78 50 -2
-31 -15 -4
12 74 9
18 -26 -14
72 -55 14
-84 -35 -3
56 -57 -20
-81 32 -8
-14 76 4
55 38 9
-85 -62 14
36 27 12
-29 -62 -9
59 65 -13
48 -60 2
52 -29 -11
68 76 -2
-2 15 14
68 -29 -3
-9 15 14
53 97 13
-34 50 -1
-30 -51 1
36 74 -13
66 -29 -13
80 -54 -2
18 51 -8
-31 -26 -26
36 40 -1
30 -59 -20
-37 -66 14
-4 74 -3
-15 -34 14
25 46 -8
28 -26 6
63 -63 12
-34 -29 -15
9 -46 12
-71 24 12
-47 54 -13
-64 -70 14
-43 30 -8
81 73 -12
-29 40 12
67 38 2
-28 19 12
-63 50 -7
-33 -61 14
-67 -60 -10
-73 69 -13
8 5 14
-4 90 14
26 55 -2
-47 -60 -2
-19 76 -2
-4 21 14
26 -15 -11
-31 -15 -21
44 -71 -18
52 -60 -10
64 50 -2
55 38 -2
-11 -15 -10
-30 -69 2
-38 -50 -20
29 -15 -2
77 62 -13
4 -15 -1
-15 -26 9
-30 -56 -6
26 -62 -8
-11 49 14
-76 56 -13
-68 -71 -13
76 -69 -13
27 -71 -30
-15 -69 6
-3 -69 -25
-29 29 -4
-50 44 14
-12 -71 -36
49 69 -13
