140 124 88
128 173 223
30 129 159
227 128 171
128 124 0
123 117 166
79 115 112
175 130 211
81 130 214
179 123 135
117 132 46
128 128 214
126 139 128
77 124 154
127 153 183
178 115 95
148 106 122
109 107 131
109 124 99
210 128 145
131 106 37
148 129 190
104 129 193
138 132 26
51 127 141
140 123 59
119 135 74
140 124 146
163 126 114
91 125 133
119 136 151
127 153 209
127 115 112
130 140 103
137 136 169
127 121 190
119 122 25
152 129 212
69 127 128
190 125 154
122 115 81
109 124 119
88 120 94
158 124 135
127 152 162
141 129 117
122 116 145
49 126 165
120 118 60
209 126 165
132 139 195
119 135 177
135 138 48
101 129 212
138 135 73
175 112 113
150 120 103
135 115 131
196 127 133
125 135 15
139 121 42
101 122 147
133 118 16
93 126 115
224 128 155
169 124 149
124 138 31
129 140 86
139 121 162
61 125 154
134 138 144
137 122 178
128 139 225
136 116 73
119 135 114
131 115 97
116 129 133
122 116 44
116 128 203
178 126 120
163 130 201
128 170 208
140 128 204
125 139 59
141 129 132
120 115 126
116 130 88
42 127 152
151 120 120
140 130 101
78 124 138
91 130 203
104 121 133
124 139 163
167 119 103
136 137 183
65 125 141
130 154 196
81 123 122
116 124 157
125 140 207
139 133 156
119 133 191
128 160 221
103 109 120
156 123 147
133 116 29
121 122 12
154 108 133
29 128 172
115 118 109
139 116 118
134 149 173
133 116 152
84 110 101
118 116 95
117 122 72
133 139 116
116 130 61
120 122 177
131 115 55
168 122 127
136 130 12
118 134 99
122 138 139
85 123 105
137 136 61
116 124 36
98 122 105
87 123 146
139 133 38
188 126 143
117 129 167
137 127 191
133 115 85
147 120 130
202 127 155
163 130 214
138 115 106
123 147 175
116 126 146
128 129 203
137 136 92
186 124 127
123 146 195
180 124 151
128 140 71
128 148 219
99 125 125
125 139 42
132 115 141
126 115 68
174 123 110
78 118 98
130 140 154
124 143 185
119 132 23
199 127 145
141 126 77
134 136 208
117 119 136
141 128 49
140 124 32
117 122 51
89 116 111
150 130 200
219 127 164
130 115 122
92 129 215
130 117 174
124 116 35
214 128 155
39 128 162
169 112 95
137 136 124
107 125 108
123 116 157
148 125 111
129 163 202
131 146 202
134 147 186
132 144 164
148 121 141
158 125 124
109 121 141
158 125 106
119 135 125
103 131 202
127 131 7
140 118 96
170 117 120
170 123 138
138 135 110
111 129 210
85 114 119
116 128 106
124 137 215
126 116 22
176 111 103
52 126 151
133 139 35
140 127 170
138 125 19
140 124 125
117 118 118
117 121 87
140 122 137
126 139 95
132 115 44
133 121 7
123 115 103
111 119 126
120 124 186
133 134 218
129 138 24
134 116 64
172 121 93
123 138 51
140 124 68
118 133 35
153 113 125
138 120 51
103 120 115
132 139 135
176 121 102
139 134 83
72 126 146
129 176 214
94 123 141
60 126 134
146 124 96
103 113 128
130 162 212
127 115 135
121 126 196
126 131 223
89 122 124
118 133 160
227 128 162
122 137 198
127 136 189
125 115 91
83 126 131
139 133 146
131 123 198
168 116 112
130 142 179
120 136 83
130 115 160
112 129 189
116 128 118
133 139 79
163 123 143
124 139 172
122 131 209
90 116 103
175 125 144
54 126 160
139 121 154
123 138 107
121 138 66
127 118 182
203 127 138
133 135 17
175 130 219
123 116 53
136 119 170
115 124 94
139 118 80
129 143 213
156 130 205
85 125 115
125 139 118
116 128 80
60 127 146
139 131 177
113 131 196
139 116 145
156 129 197
68 125 153
136 137 99
141 125 107
141 129 185
128 115 77
116 129 69
81 112 94
155 125 116
117 133 142
144 129 210
140 129 163
134 121 185
138 135 138
131 115 105
189 127 135
124 147 167
136 137 162
126 139 145
119 129 16
148 109 130
179 127 128
45 127 145
128 153 175
129 132 195
136 133 198
169 126 120
124 150 189
133 116 37
153 120 127
104 119 124
118 134 55
130 139 54
118 119 150
84 110 109
109 108 124
168 131 207
135 119 23
144 119 110
125 121 6
118 122 165
169 111 106
119 136 92
35 128 153
140 132 55
126 156 202
102 123 139
46 127 158
136 136 190
127 168 217
129 138 202
72 127 135
108 120 104
77 124 128
120 137 132
114 124 113
87 123 139
165 125 133
116 124 126
89 113 96
136 137 151
140 132 67
178 117 108
155 120 111
141 128 140
172 126 131
36 128 169
143 130 197
131 153 189
133 128 207
85 129 207
155 106 122
123 138 157
121 137 184
145 119 122
139 116 125
125 118 15
134 146 193
99 125 111
110 119 115
97 130 198
205 126 149
129 143 172
83 122 98
135 115 113
124 139 77
120 116 75
134 138 67
129 140 110
119 119 39
140 117 87
160 121 118
118 131 184
133 151 180
134 138 42
80 125 146
120 118 67
79 113 105
126 109 38
152 121 134
176 118 116
110 128 201
145 124 118
216 127 148
132 152 167
79 120 107
173 126 125
141 128 152
96 130 207
117 123 44
135 115 92
117 128 175
120 121 18
135 137 29
103 106 131
155 123 141
119 115 113
194 125 140
129 154 215
182 124 142
117 123 57
144 119 102
123 115 120
119 120 31
98 121 130
161 122 129
118 134 106
97 121 118
111 122 134
192 125 147
117 122 79
117 119 143
116 129 152
170 130 215
104 125 103
116 126 100
140 130 123
116 129 40
162 129 207
123 136 21
133 139 174
128 115 148
84 121 128
131 139 61
127 153 169
130 116 167
121 115 138
186 125 150
124 143 201
123 138 101
119 135 166
142 131 191
116 124 66
125 140 193
66 127 135
112 119 99
130 139 123
116 128 54
132 141 185
123 118 173
136 123 14
164 123 108
134 127 6
140 131 32
131 142 207
208 127 157
137 136 131
119 134 29
130 148 208
123 117 29
75 125 122
137 118 57
139 116 138
125 124 200
138 135 117
173 120 125
122 127 8
149 119 114
86 119 115
130 139 160
127 115 128
92 123 109
140 131 95
129 145 189
123 149 183
123 138 88
117 127 27
116 124 139
129 140 218
133 130 213
121 132 203
195 125 158
141 125 38
119 136 61
147 125 105
117 116 104
149 130 207
198 125 151
108 123 128
167 117 97
67 126 148
127 115 59
140 132 44
130 158 206
119 136 40
122 131 11
179 116 103
140 130 89
135 117 164
140 130 61
134 115 79
127 140 139
174 124 116
138 131 20
86 126 121
131 139 97
117 125 170
155 123 101
175 111 96
133 139 90
128 118 10
141 119 131
138 119 35
94 126 121
117 129 209
140 132 78
124 115 96
120 118 161
214 127 160
116 119 130
118 115 89
97 122 136
140 124 54
71 124 140
32 129 164
135 127 199
116 130 126
57 125 141
136 118 158
126 150 202
132 122 191
140 127 26
168 123 113
135 115 101
122 121 182
121 137 45
124 139 151
127 115 85
124 139 179
62 125 159
127 126 207
132 134 12
106 125 114
135 138 84
224 128 167
184 124 133
151 116 129
141 129 72
107 128 206
105 120 109
134 138 107
117 128 190
116 131 93
81 120 94
125 144 162
149 124 126
132 133 201
103 107 125
153 108 128
146 122 135
183 126 123
130 140 168
81 120 113
121 137 146
138 135 104
118 133 172
127 115 42
173 116 95
120 131 197
171 122 105
124 132 217
192 126 130
153 125 121
174 113 118
118 126 21
204 126 143
95 122 126
171 122 99
165 122 121
130 165 207
116 126 162
138 121 27
134 136 23
134 143 199
204 126 160
87 120 109
141 127 112
90 122 118
128 148 185
86 113 113
117 116 83
116 126 85
138 119 69
125 133 199
129 149 214
78 126 132
139 121 64
129 139 30
153 125 108
140 122 83
126 134 204
112 119 121
84 119 122
81 116 117
140 123 46
126 152 194
83 125 136
125 139 82
135 138 157
143 120 141
126 122 195
122 116 150
90 129 210
126 139 35
132 112 33
106 117 129
123 138 124
131 115 116
176 121 97
210 126 150
141 124 93
131 133 224
119 115 132
164 125 125
127 158 212
170 123 144
117 133 79
123 138 71
131 115 49
136 137 56
133 146 177
138 117 151
116 129 113
53 126 146
118 134 120
119 135 50
124 145 180
218 127 157
138 132 188
139 120 74
136 118 46
145 128 202
80 121 102
132 140 190
129 159 199
127 139 133
138 125 185
137 135 176
105 124 124
129 129 218
222 128 160
174 125 137
138 129 208
61 127 138
133 119 180
147 128 195
97 129 214
126 135 220
47 126 153
91 125 128
82 130 219
109 128 195
140 124 130
64 125 131
141 128 157
133 139 74
116 129 157
122 128 205
152 129 194
123 145 189
129 140 65
87 121 101
116 128 32
160 122 139
116 129 138
139 123 173
118 134 135
118 133 65
134 137 203
127 115 141
131 117 22
128 116 29
130 153 205
127 140 184
112 125 108
114 124 118
122 123 190
124 137 26
155 120 116
112 123 123
87 129 214
150 121 98
138 133 182
98 121 113
112 125 103
101 121 121
130 115 91
129 121 3
139 133 129
159 121 111
133 139 126
125 115 73
122 138 36
144 125 101
139 123 167
103 128 198
39 128 157
133 116 146
101 130 207
135 119 175
129 113 37
126 115 153
137 136 79
184 126 137
165 124 139
121 133 17
130 115 65
89 112 101
89 118 98
131 115 71
128 140 45
69 124 132
139 133 162
83 116 95
128 115 101
121 137 96
141 127 84
116 124 130
134 149 163
126 127 3
111 121 95
136 121 18
170 113 114
175 123 128
122 136 207
127 145 206
44 127 163
143 119 127
116 128 74
156 121 123
113 118 104
122 138 112
105 121 100
169 120 109
128 163 217
141 118 114
119 119 54
139 134 48
180 125 146
132 148 197
173 121 119
107 120 121
148 111 123
139 126 179
141 129 107
123 149 171
167 117 107
119 119 156
151 123 130
96 131 202
135 125 195
126 115 108
123 149 162
106 129 212
89 113 105
132 135 193
88 123 131
127 167 211
146 119 98
99 125 117
123 138 189
113 120 138
133 144 182
128 137 18
197 127 140
76 123 149
137 136 36
132 147 168
123 116 39
129 172 212
115 118 114
132 139 148
108 111 129
154 128 202
116 119 91
138 130 195
132 151 193
83 123 141
132 124 3
116 128 198
79 112 98
178 113 99
124 151 177
145 119 116
129 150 179
156 121 131
84 124 111
130 115 81
129 172 219
140 119 91
140 131 168
148 119 107
207 128 153
141 126 43
129 140 40
158 129 210
158 126 111
88 125 135
218 128 153
120 119 169
132 115 109
56 126 153
141 127 98
133 116 60
102 125 108
141 127 136
34 128 158
125 143 169
164 126 118
118 128 180
124 115 131
82 126 118
139 120 148
123 115 115
91 123 138
136 117 42
118 120 47
117 116 123
170 110 100
116 128 45
124 116 161
141 128 65
116 130 102
128 140 115
107 122 138
172 120 115
176 123 123
76 123 144
29 129 167
141 125 120
96 125 107
101 124 134
128 141 196
134 115 126
148 124 121
99 122 143
38 128 151
126 120 186
125 139 55
121 118 34
141 125 73
126 139 91
110 119 109
132 138 212
139 116 134
89 125 112
160 126 116
118 134 69
130 152 200
133 151 185
49 126 148
123 119 178
214 127 165
119 136 155
150 125 102
121 118 24
131 115 134
123 136 211
144 121 93
139 116 101
141 128 127
71 125 150
179 123 131
138 127 15
153 110 121
145 129 188
122 117 49
128 140 50
117 133 131
129 166 220
87 126 126
135 116 69
128 140 79
133 142 202
133 126 203
102 110 132
121 137 120
123 139 203
103 124 129
132 135 197
147 118 126
128 144 166
165 122 116
153 117 124
91 123 143
123 131 213
137 135 32
141 128 147
131 131 7
102 121 105
166 129 204
195 125 154
168 126 124
129 158 217
112 123 128
40 127 166
132 116 157
131 153 173
134 120 11
127 134 192
117 132 149
61 125 150
137 136 145
74 124 132
116 128 64
123 138 93
139 133 150
110 120 131
136 115 121
119 134 182
159 129 214
107 110 121
140 131 136
137 136 52
142 124 115
126 107 35
138 115 83
138 135 96
50 126 160
117 121 62
118 116 79
134 138 111
119 121 173
118 116 100
135 117 50
125 147 199
130 136 220
73 124 126
86 123 118
124 143 176
116 124 89
84 122 133
149 106 131
140 122 79
135 138 138
127 163 209
95 125 130
138 135 87
141 118 107
186 127 131
135 132 209
128 134 10
140 131 113
85 111 94
131 138 216
116 126 61
56 127 148
56 127 137
132 139 164
120 137 104
127 140 215
170 123 123
49 128 144
177 112 107
115 131 191
140 131 159
134 138 120
85 123 123
117 132 51
105 121 141
136 118 30
121 136 192
81 123 126
93 122 115
135 130 205
162 122 115
130 143 192
93 122 122
124 118 19
121 137 169
136 124 189
105 111 125
42 128 148
140 130 200
113 128 205
127 139 157
127 154 187
126 138 200
114 130 200
157 121 105
101 121 127
131 139 130
135 115 138
130 128 4
62 127 143
140 121 144
125 139 67
157 124 128
140 130 173
185 126 146
152 125 117
137 136 43
139 128 22
127 140 74
199 127 136
127 115 157
124 116 77
57 126 157
121 138 128
189 124 140
169 123 118
120 136 142
117 116 139
118 131 27
129 117 18
133 144 173
113 125 98
123 138 175
82 110 105
123 138 62
78 116 108
178 116 112
109 130 191
137 133 192
179 126 140
120 115 118
151 110 132
52 127 155
136 137 71
125 117 171
118 131 178
143 120 136
105 108 132
128 145 216
170 125 135
130 140 58
