92 196 141
178 12 108
77 75 142
179 128 106
179 243 108
101 14 106
149 72 142
77 137 108
166 185 141
113 242 106
129 137 140
139 15 142
127 175 106
114 78 106
146 231 142
77 243 142
178 61 106
78 28 142
77 215 106
179 103 142
90 115 142
179 40 142
113 51 141
77 52 106
156 209 106
139 46 106
142 111 108
78 158 142
77 94 106
178 169 106
179 147 142
84 176 106
122 209 121
127 179 142
118 91 141
179 221 138
148 145 110
106 112 108
111 236 141
143 12 109
149 78 106
146 244 111
111 145 110
179 94 106
147 104 142
108 12 137
108 46 106
179 72 134
84 244 113
151 160 141
169 12 140
142 44 141
103 146 142
153 178 118
179 198 120
144 203 141
77 23 115
156 131 142
106 176 124
77 217 133
128 67 127
126 28 121
125 113 129
91 46 128
99 80 127
177 37 116
169 244 133
162 111 123
128 158 124
77 181 130
79 96 130
103 210 106
178 218 106
77 132 132
179 125 132
177 148 119
128 129 113
179 169 132
79 157 119
79 73 116
128 92 119
79 115 115
109 213 141
128 226 106
128 236 127
156 47 124
98 167 142
162 209 130
122 30 142
165 87 142
166 57 142
77 53 142
87 12 130
111 125 142
128 189 123
167 80 118
160 32 142
95 144 123
79 198 118
99 30 141
162 15 120
96 94 141
110 72 142
123 12 106
146 144 130
95 241 129
119 157 142
128 62 106
179 54 125
127 223 142
163 47 106
94 226 141
113 193 141
143 209 121
179 94 125
146 178 135
119 46 124
95 60 142
94 210 127
179 199 139
95 78 106
106 111 130
126 199 106
130 77 142
143 80 127
170 111 106
128 153 106
177 231 121
103 178 106
117 144 128
179 20 125
139 122 141
149 244 130
144 112 125
165 144 132
124 112 106
163 113 140
126 204 138
77 233 125
77 56 124
162 223 142
113 244 125
130 243 142
124 12 129
132 79 106
132 58 141
166 144 106
177 180 119
90 134 142
179 110 121
163 241 114
167 163 142
95 144 106
147 12 127
115 78 128
128 33 106
94 76 142
130 242 106
77 38 129
134 94 141
133 144 119
177 191 106
136 165 142
87 180 142
103 12 121
78 35 106
77 200 142
111 175 141
91 111 127
179 213 124
77 106 142
165 176 106
134 47 128
90 178 123
91 47 110
120 106 142
163 176 129
91 111 106
86 41 141
149 89 141
77 147 130
178 237 142
166 72 142
142 178 106
84 12 106
123 47 106
87 212 142
98 241 108
137 150 142
169 46 133
128 221 128
177 68 119
160 13 106
79 229 106
179 25 140
137 30 142
172 133 142
155 18 141
128 172 129
179 185 134
138 189 141
77 117 132
157 241 142
157 78 132
179 84 142
141 217 141
167 210 115
137 209 106
79 229 139
160 200 141
104 47 121
148 57 142
177 27 106
120 15 142
153 144 142
79 87 119
77 221 119
77 184 116
156 46 139
128 131 128
120 178 119
95 14 142
177 134 120
108 209 120
77 21 129
177 75 106
77 167 132
79 14 142
91 243 142
117 210 106
126 121 140
114 112 119
128 42 139
84 89 142
128 96 106
79 161 106
124 78 118
85 78 128
134 109 142
108 101 142
152 188 142
134 14 120
179 204 106
100 47 138
170 209 142
179 46 106
143 136 142
128 85 132
78 66 106
117 141 142
132 111 118
90 209 110
179 56 140
79 128 119
129 147 132
78 193 106
179 142 106
84 145 116
128 100 132
91 156 141
176 116 140
158 144 120
106 85 141
79 141 142
178 244 121
79 103 118
100 183 142
126 191 135
79 124 106
177 161 121
117 15 119
90 12 118
152 47 111
155 112 113
166 151 142
162 79 106
133 178 116
127 141 106
155 213 142
77 170 115
179 139 132
79 205 128
77 107 106
177 156 109
126 58 118
143 243 142
123 67 142
179 84 115
152 118 142
137 244 120
177 37 130
124 241 116
106 80 115
128 39 116
77 125 142
179 156 134
179 231 108
101 244 119
174 176 140
137 210 132
161 99 141
156 210 120
100 111 118
110 34 141
155 172 141
103 203 142
170 46 120
101 119 142
79 68 132
115 209 132
128 186 109
177 81 127
114 177 106
158 12 132
128 23 133
142 46 119
152 78 119
179 117 111
128 21 111
126 163 111
89 103 142
82 244 132
77 185 142
98 178 132
143 178 124
104 144 130
126 228 118
179 13 135
79 38 118
108 158 141
85 167 141
82 78 106
148 29 142
115 224 142
101 134 141
132 210 116
179 164 142
167 234 141
103 243 142
151 210 130
89 25 141
136 80 116
179 103 113
155 112 133
126 52 134
126 38 128
126 122 121
84 62 141
152 14 115
138 144 106
77 150 109
92 145 138
77 85 132
179 234 132
128 200 128
84 210 119
122 213 142
126 215 106
163 139 142
122 244 132
158 244 124
133 232 142
141 82 141
117 176 132
119 78 138
79 194 128
171 112 132
136 111 132
123 144 115
141 65 141
79 204 106
179 221 116
111 46 132
158 65 142
176 66 142
167 23 142
175 208 133
178 180 106
171 33 141
112 12 106
126 200 116
179 103 132
146 47 132
128 68 115
79 12 124
155 243 106
169 12 111
98 111 137
122 233 142
105 227 141
128 156 138
110 112 142
171 96 141
113 24 141
177 122 120
99 15 132
167 176 118
177 53 115
169 15 130
96 78 116
134 241 133
136 176 137
77 62 115
152 176 108
166 123 141
104 210 133
81 48 129
77 96 140
114 204 142
170 195 141
98 213 141
84 47 118
89 111 116
117 47 114
167 78 133
77 43 138
124 166 142
118 184 142
87 176 133
117 111 134
134 15 130
133 12 109
134 199 141
92 176 111
174 176 128
105 144 118
170 112 116
179 12 119
129 20 142
152 223 141
156 81 141
119 42 142
77 174 139
89 52 142
179 47 132
114 12 129
77 137 123
86 241 123
106 58 141
79 174 124
177 63 129
79 25 106
109 178 114
78 212 142
152 176 128
136 78 134
126 228 134
85 111 135
128 119 110
77 234 114
85 145 106
79 157 133
144 169 141
117 60 142
113 150 141
147 210 110
114 241 115
170 48 142
98 234 141
98 210 118
104 20 141
120 129 142
166 209 106
144 145 119
179 244 135
129 48 113
179 91 135
133 211 140
179 209 114
179 28 119
126 101 116
109 244 135
177 195 129
77 183 106
77 105 133
179 169 116
170 242 106
78 242 106
79 30 124
87 80 137
170 106 142
161 112 106
169 145 121
87 124 141
77 12 113
126 86 140
126 77 127
134 49 142
179 223 129
100 47 113
151 38 142
86 144 125
126 181 128
84 237 142
77 242 123
126 86 109
79 58 134
128 33 137
128 57 127
179 35 108
103 39 142
175 188 142
134 129 142
128 170 118
179 148 129
128 163 132
80 117 140
128 153 116
179 210 142
172 226 141
149 241 121
144 12 135
171 47 111
116 244 142
108 178 133
144 145 139
101 78 138
146 111 137
81 111 123
126 72 106
166 172 141
122 52 142
86 189 141
77 80 124
82 151 142
153 112 121
120 198 142
101 194 142
128 136 119
160 244 134
177 28 132
128 68 135
86 203 142
171 144 138
127 12 115
92 15 106
144 78 114
77 221 142
126 234 106
157 232 141
148 80 137
144 112 116
169 244 124
158 144 111
179 85 106
179 92 115
115 112 108
123 147 141
137 144 130
179 109 106
126 217 135
79 120 124
77 237 135
179 76 142
79 29 133
178 127 142
126 147 123
179 204 127
90 209 134
108 80 124
100 46 129
79 194 137
160 46 116
89 80 113
126 208 111
144 183 142
126 217 115
77 86 109
158 163 142
84 46 106
167 243 142
147 128 142
170 210 127
78 12 134
109 78 134
138 101 141
111 209 113
138 73 142
85 145 134
109 185 141
176 155 142
141 78 106
129 212 129
155 145 134
126 94 137
125 113 139
77 44 113
92 244 118
126 105 125
179 185 113
162 210 139
128 105 109
157 108 141
174 244 114
128 139 128
158 53 141
79 30 113
171 12 123
126 123 130
132 12 138
179 46 118
179 112 134
170 80 109
140 242 106
179 20 111
114 78 119
79 82 139
94 44 142
136 39 142
126 179 113
128 129 137
89 68 142
141 158 141
138 226 141
163 43 141
113 145 120
142 24 141
160 180 142
119 144 108
95 128 141
162 80 124
108 12 115
90 78 121
179 117 127
120 112 114
161 47 130
128 105 138
91 172 142
147 194 142
98 12 113
132 46 120
86 18 142
103 70 141
167 217 141
110 166 142
99 158 142
106 78 106
77 226 113
79 165 121
91 86 142
128 32 114
79 95 121
115 99 142
179 190 123
179 195 113
157 91 141
122 46 132
133 80 124
109 138 142
147 210 142
129 186 142
81 210 111
87 46 135
123 244 109
100 221 141
128 20 123
177 16 142
79 35 139
174 80 138
77 228 132
77 67 124
79 20 137
122 80 110
158 78 113
77 67 139
134 176 125
177 103 121
77 115 108
90 244 108
79 139 132
79 137 115
124 244 124
119 117 142
132 67 142
126 56 110
128 60 134
132 112 108
149 112 106
146 176 116
99 111 109
99 112 129
106 244 110
178 138 142
126 126 106
126 236 137
79 169 108
174 178 111
177 142 114
105 92 142
158 152 141
86 209 127
91 46 118
95 145 130
169 144 114
171 111 124
111 47 124
113 16 141
142 90 142
82 133 141
119 175 142
149 49 142
136 142 142
77 188 124
161 193 141
132 144 111
141 56 142
118 111 127
77 104 125
96 241 137
179 73 127
133 117 142
157 73 142
77 153 125
77 96 114
95 12 125
126 193 113
77 54 116
126 155 130
79 224 125
96 104 142
179 48 139
127 41 106
111 145 135
141 241 127
177 76 118
128 194 142
149 65 141
103 241 132
84 112 106
177 63 113
78 18 106
110 42 141
99 85 141
179 177 134
95 144 115
82 176 118
128 228 127
86 228 141
161 178 114
114 210 124
161 178 121
108 111 115
96 178 118
166 80 140
141 209 114
170 78 125
126 95 127
136 47 135
103 12 142
110 65 142
128 205 121
144 152 142
77 148 138
122 190 141
176 143 125
104 108 141
158 122 141
143 115 142
114 82 141
129 171 140
152 144 124
161 145 138
77 76 130
109 221 141
110 15 123
179 184 127
179 231 138
123 46 118
123 176 135
79 131 111
108 46 114
177 155 125
149 47 120
95 80 133
113 176 120
79 191 114
77 214 123
179 128 114
91 218 142
99 53 142
123 244 139
177 237 111
137 112 123
135 177 106
178 101 106
101 144 110
177 92 142
80 208 137
179 84 133
129 99 142
142 35 141
132 244 113
172 87 141
166 178 137
177 44 125
151 136 142
179 150 111
134 181 142
177 32 125
84 244 139
142 12 121
132 244 125
160 14 113
176 110 113
126 117 116
139 237 141
139 145 114
79 123 134
177 132 134
177 156 116
153 12 137
77 175 110
153 15 124
162 15 138
156 241 118
80 80 114
151 178 140
179 21 134
122 14 135
77 204 115
139 14 115
117 47 137
169 209 135
101 176 140
147 241 137
124 58 141
178 181 142
129 80 113
139 175 142
174 241 139
161 111 130
77 167 142
134 209 125
141 176 130
126 147 109
119 210 115
155 178 134
143 209 134
77 147 116
156 209 137
129 45 133
126 168 106
126 48 127
124 210 134
179 214 133
177 147 135
177 32 138
90 234 141
138 205 142
157 24 142
155 195 142
153 203 142
163 157 141
77 112 137
148 21 142
84 76 142
149 98 141
79 49 135
77 43 106
96 37 142
86 96 142
163 46 123
153 210 114
155 145 106
106 48 140
124 75 142
118 209 138
123 23 142
139 178 114
177 61 135
95 190 141
91 210 120
133 158 142
90 241 134
146 47 109
114 132 142
139 244 114
77 89 125
89 15 137
126 222 121
179 133 127
77 124 113
179 136 114
79 24 121
179 70 111
126 86 120
134 85 141
141 12 129
85 15 123
79 72 108
126 77 136
177 52 108
126 185 115
175 209 106
179 237 123
128 25 106
77 109 118
77 189 133
95 141 142
126 35 121
128 128 121
163 12 127
128 96 113
117 12 113
82 49 142
77 161 128
79 163 137
179 60 118
177 226 111
179 162 109
177 98 135
77 68 113
179 175 123
126 166 123
82 217 142
95 178 138
119 144 137
79 42 124
129 12 124
126 195 123
177 214 118
177 204 118
177 198 106
126 29 132
103 176 116
177 221 123
179 110 142
84 112 129
122 111 120
119 176 125
179 171 139
110 145 127
146 12 115
115 176 113
171 145 130
113 80 113
81 179 140
130 209 106
79 156 110
128 237 119
84 143 140
176 217 142
79 101 109
77 90 142
179 242 128
78 244 116
93 208 140
85 34 142
157 39 141
136 23 142
103 78 120
137 145 137
95 120 141
122 98 141
106 112 124
119 80 123
142 112 132
143 78 133
100 178 124
95 112 114
79 143 106
175 15 113
179 191 139
165 129 142
177 12 125
172 122 142
104 169 141
122 136 141
105 237 142
120 80 132
95 46 134
157 46 108
79 180 123
130 112 135
84 15 113
126 160 106
141 109 141
96 209 106
77 208 121
163 241 106
117 167 142
177 87 128
138 112 115
113 118 142
101 152 142
161 111 116
103 128 141
151 144 118
130 244 119
123 209 128
108 244 120
128 194 129
126 185 137
179 175 115
177 162 115
91 111 134
77 163 114
96 209 133
171 42 142
152 153 141
158 186 142
126 180 121
151 14 109
126 108 115
77 38 111
178 134 106
77 60 140
81 176 134
133 46 108
77 58 108
81 101 141
79 16 119
79 109 111
170 156 141
106 29 142
117 217 141
99 24 142
137 136 141
172 167 141
85 108 141
155 101 142
94 162 141
172 72 141
128 138 134
