123 96 137
239 184 118
13 184 118
228 81 137
16 81 138
89 170 138
166 170 137
60 119 118
178 113 118
226 135 135
79 81 137
25 143 136
138 134 118
55 184 118
101 130 136
161 81 137
204 183 138
195 146 118
47 83 118
195 81 121
27 111 124
62 146 137
226 107 118
164 134 137
99 96 118
201 119 137
151 109 131
38 170 138
184 183 118
138 82 118
85 146 118
228 165 134
77 110 137
43 146 118
117 119 119
82 184 118
55 96 138
73 95 118
184 96 137
45 120 138
210 170 118
240 146 118
64 171 136
26 163 118
131 121 137
87 121 118
105 81 136
176 160 118
210 96 134
184 146 137
173 81 118
102 108 137
207 146 138
26 89 118
240 83 118
13 145 118
176 135 119
116 82 118
217 146 118
32 95 138
21 184 138
13 121 137
187 170 136
209 121 118
240 120 130
216 81 118
233 184 138
34 183 118
75 130 136
75 164 118
141 83 138
179 121 137
156 94 118
65 146 118
164 183 122
228 104 138
27 130 121
89 146 137
157 133 119
227 126 118
145 134 136
88 81 119
100 134 118
63 81 126
14 170 129
219 185 126
119 134 134
185 96 118
43 81 136
78 185 136
50 183 136
42 119 119
177 184 138
218 119 133
126 96 118
43 145 136
13 95 128
91 94 138
46 170 123
228 172 118
77 158 134
239 146 136
196 82 138
163 119 128
201 185 121
148 119 118
207 95 118
56 96 120
61 121 135
166 96 132
140 96 128
240 96 130
166 146 125
192 170 119
14 121 120
25 159 134
194 119 121
177 81 137
101 112 119
70 96 133
109 96 130
212 170 135
75 110 119
29 121 138
89 119 135
132 119 120
123 81 133
75 135 118
176 158 134
226 92 121
111 119 133
61 171 118
151 94 138
89 133 127
123 134 120
88 171 123
40 94 124
212 81 138
28 146 118
14 81 121
226 150 129
151 84 126
196 96 129
176 175 126
75 143 130
176 106 131
240 170 126
27 175 127
152 122 137
69 184 121
28 81 131
166 170 118
178 134 133
54 145 126
102 81 118
35 183 134
75 174 128
170 95 118
83 96 127
25 107 137
132 133 131
171 146 138
228 156 118
64 185 137
192 184 133
183 146 122
92 81 131
51 170 136
13 146 131
72 121 126
75 81 118
141 119 129
240 81 131
112 94 118
196 145 131
164 184 138
58 81 138
238 95 118
152 106 118
89 184 129
161 81 119
199 170 132
177 89 128
176 124 126
101 122 126
110 134 126
52 121 127
207 146 125
226 139 122
230 120 138
15 170 118
221 184 138
34 81 121
238 170 138
75 152 120
25 97 128
44 185 126
226 92 133
238 121 118
36 170 118
219 171 126
219 146 138
25 170 138
167 120 118
123 119 128
27 132 134
151 127 126
224 81 126
188 81 129
30 120 118
206 81 125
77 169 138
226 113 128
101 89 128
51 81 128
184 83 118
133 81 128
43 94 137
227 183 118
26 102 118
169 81 129
127 82 118
75 87 128
38 119 129
142 95 118
19 94 137
101 104 126
190 121 138
20 185 126
228 176 133
37 145 127
217 96 124
90 133 138
17 96 118
102 97 138
120 96 127
74 120 138
101 118 138
177 169 138
58 170 128
75 104 127
195 96 119
228 102 127
25 121 128
68 81 138
208 119 129
134 94 137
25 151 127
57 81 118
109 83 127
167 120 138
228 127 129
185 119 128
81 96 138
238 183 129
209 183 128
153 96 127
219 121 121
210 184 118
176 143 129
107 121 118
185 170 126
77 125 118
151 82 138
89 94 118
158 134 129
158 119 119
77 176 118
38 170 128
228 156 138
174 185 128
235 145 126
230 81 118
230 145 138
176 171 118
148 134 120
131 83 137
57 185 129
110 133 138
173 183 118
178 100 123
61 96 129
174 145 118
164 170 128
202 170 123
85 146 128
148 81 118
226 163 124
176 153 126
93 94 128
81 119 126
63 146 127
52 146 137
130 94 128
174 95 138
100 134 127
48 96 129
33 95 118
13 184 133
182 121 118
76 149 138
77 185 126
115 83 138
23 184 118
176 164 126
77 129 126
82 81 126
192 183 124
112 134 118
221 171 138
20 81 127
48 95 118
217 145 129
215 81 128
43 82 126
52 146 118
151 117 126
234 96 137
231 119 124
202 94 136
27 166 128
176 112 138
75 159 126
101 113 128
25 173 118
121 119 137
62 119 126
140 134 126
219 95 138
25 88 138
185 96 128
27 140 128
67 171 127
204 94 126
34 145 138
75 143 121
182 185 129
159 81 128
152 102 137
29 185 128
176 115 127
237 170 118
96 121 118
178 90 118
51 119 118
227 147 118
92 134 118
66 81 118
228 182 126
197 119 129
155 133 138
204 81 135
186 83 138
233 81 126
113 95 138
121 81 124
143 83 128
76 140 138
226 112 137
164 96 124
188 145 129
13 120 129
143 96 137
34 81 138
226 116 118
210 120 138
159 96 137
64 94 119
27 87 126
164 134 123
21 119 118
33 96 129
75 115 130
92 119 125
202 121 122
71 183 131
137 133 138
127 133 138
233 96 125
53 170 118
213 183 136
95 82 124
46 146 129
197 81 129
211 170 127
219 171 118
71 81 125
18 145 125
47 184 118
218 184 118
89 184 138
53 119 137
87 82 138
25 114 133
228 99 118
140 120 138
169 81 138
130 134 123
131 119 128
63 96 138
27 158 125
27 154 118
165 185 129
228 172 126
111 121 125
25 81 120
135 94 121
69 170 120
80 170 121
27 178 137
172 96 127
31 170 133
193 170 127
151 127 118
80 95 118
27 151 138
185 183 137
205 170 138
125 134 128
46 170 131
151 89 121
75 90 138
71 94 125
140 121 118
27 137 118
100 96 126
208 81 118
176 151 138
102 81 128
191 94 136
75 178 138
82 121 136
164 146 118
177 81 127
171 170 123
101 87 138
77 152 129
71 119 118
102 127 121
77 166 128
176 176 134
160 121 138
171 121 130
124 120 118
151 115 138
75 102 120
226 157 128
230 171 138
25 98 136
184 170 118
176 125 118
21 121 135
226 142 130
43 183 134
202 184 129
238 121 137
176 132 126
21 171 131
156 121 131
30 146 131
176 128 137
210 145 118
152 90 131
237 82 138
75 89 120
68 146 133
21 145 118
27 105 129
228 128 137
13 82 129
176 88 136
177 143 138
151 99 121
82 145 136
179 96 131
95 121 131
51 183 125
228 132 124
36 82 130
75 136 128
102 102 120
171 171 132
85 171 131
77 123 131
228 87 128
233 185 121
13 184 125
36 183 126
220 94 130
152 110 124
177 105 118
30 170 122
32 119 125
194 146 125
178 169 131
116 83 129
222 81 135
235 170 131
77 103 134
118 134 125
96 82 138
219 95 118
24 81 138
119 96 118
72 170 132
101 87 121
62 184 125
164 146 135
189 145 118
40 96 131
177 150 120
18 170 125
105 134 133
57 146 132
178 181 123
69 145 123
215 119 127
44 171 138
146 94 131
192 146 137
18 171 138
225 119 129
45 121 127
147 133 128
27 92 133
74 184 118
19 146 135
72 81 132
178 101 135
213 145 134
204 145 132
170 183 134
27 114 118
89 183 120
63 81 133
151 103 127
191 96 125
166 81 123
27 181 123
172 119 123
160 94 130
54 94 126
87 94 133
108 96 123
200 145 123
153 134 124
67 121 131
223 185 131
25 126 138
77 94 124
181 81 132
23 96 121
201 83 118
102 123 133
58 183 135
83 83 132
152 127 133
231 121 131
101 102 133
228 177 122
223 146 123
169 145 131
227 133 118
88 83 126
71 185 137
51 83 134
53 171 124
227 87 138
210 94 124
24 183 131
27 129 129
205 170 129
193 183 118
232 83 132
146 121 133
34 145 118
154 81 118
77 110 126
25 144 124
231 121 118
41 95 118
222 82 118
59 146 119
163 96 118
228 181 137
239 185 137
75 164 134
118 121 126
41 82 118
81 82 118
78 119 121
67 119 137
228 97 138
97 96 133
184 81 124
79 171 132
233 96 131
27 124 122
176 163 138
176 125 132
27 102 124
151 109 138
95 134 123
209 81 131
228 136 129
194 170 136
58 171 136
213 146 125
102 128 129
164 134 129
117 96 132
152 115 120
118 119 132
63 183 131
177 85 122
110 82 118
57 121 123
42 171 118
31 119 132
181 146 132
228 108 125
146 94 123
77 179 132
113 134 132
222 171 131
228 94 127
146 81 134
19 96 126
190 83 124
30 94 123
178 119 121
26 164 137
179 170 123
144 81 123
232 146 131
83 183 130
18 121 125
85 185 124
115 94 124
136 121 133
48 121 133
30 183 138
129 82 123
179 96 119
154 83 133
234 145 119
184 121 135
174 145 124
178 109 123
89 146 124
80 145 125
36 121 121
87 121 129
102 117 123
89 96 125
127 121 133
19 83 118
35 120 138
61 183 119
38 146 133
226 121 121
224 170 122
223 96 124
174 83 133
124 94 131
232 183 132
83 171 137
51 171 129
215 183 129
66 119 120
189 120 118
23 146 130
57 83 132
75 99 130
31 145 124
213 95 118
138 83 131
31 81 126
195 183 129
70 170 138
164 81 132
184 185 123
205 96 131
200 83 125
228 84 123
198 171 118
228 109 132
20 83 133
238 119 125
239 83 124
46 145 123
224 185 123
176 152 132
234 171 125
171 185 123
239 94 125
93 133 131
165 121 123
226 150 136
229 145 123
165 94 138
177 137 126
128 83 130
155 81 123
201 95 118
97 82 118
177 159 124
103 94 130
51 83 121
74 170 123
94 94 122
27 137 138
77 85 134
126 81 138
138 83 125
27 134 126
101 114 134
152 134 130
101 108 131
57 81 125
207 121 123
41 183 118
25 170 124
55 94 132
188 185 129
172 81 123
27 117 125
226 86 118
173 120 138
199 170 138
13 146 137
74 81 138
105 134 120
49 96 138
16 184 138
133 82 118
226 83 131
79 146 118
15 96 134
57 119 132
199 120 118
80 94 131
194 121 134
176 178 118
26 81 126
137 121 123
43 121 132
38 96 136
75 148 126
217 83 133
41 171 123
138 96 134
127 121 122
107 119 128
142 133 121
205 121 134
226 160 133
226 151 122
207 183 122
192 121 128
175 119 132
235 82 121
13 170 123
64 171 122
84 171 118
213 170 122
199 171 126
151 97 133
115 121 137
151 122 130
172 94 133
101 118 118
228 158 123
223 146 134
215 120 118
180 145 118
196 95 138
129 96 138
226 126 124
240 171 132
154 121 124
228 116 134
110 83 135
164 119 134
19 119 129
27 106 121
48 184 129
215 170 131
105 81 124
105 96 118
75 181 123
62 170 131
182 96 123
213 83 123
18 183 132
226 103 122
197 94 125
189 145 123
105 119 134
76 81 123
205 170 118
176 114 132
96 133 136
160 133 134
101 91 133
62 96 124
215 96 129
176 166 121
75 138 123
101 118 130
76 125 138
239 145 123
228 170 132
240 183 123
31 171 138
176 100 129
124 94 123
77 115 125
176 138 136
208 185 133
84 94 122
101 125 137
147 121 123
225 95 118
102 102 138
73 119 131
170 146 121
74 171 118
151 91 126
25 87 131
171 171 137
75 164 124
80 171 126
129 133 118
77 159 118
182 145 127
153 121 118
204 83 130
30 82 120
179 94 136
57 145 137
212 119 133
37 171 133
35 96 124
17 185 121
148 94 118
154 94 123
116 83 123
226 112 122
228 162 119
75 109 133
218 185 133
71 146 128
189 81 118
84 185 137
205 183 118
26 117 138
228 99 131
232 96 120
176 130 120
75 130 120
59 170 123
30 170 128
152 89 137
135 134 125
142 121 125
13 145 125
23 121 123
130 94 122
39 185 129
76 115 138
204 146 119
71 145 136
122 81 118
75 115 118
178 184 118
179 183 133
101 85 133
27 155 129
193 83 132
23 96 133
66 94 130
182 121 125
38 82 125
168 83 118
200 146 136
71 145 118
239 95 138
152 134 118
168 184 118
25 92 125
191 81 138
118 95 138
176 100 118
213 95 138
82 121 118
215 184 123
53 183 131
89 134 133
56 184 124
176 140 122
77 125 123
151 104 132
25 137 122
49 146 133
95 121 136
184 170 131
40 119 125
177 158 129
97 119 125
151 84 121
190 96 119
171 170 118
79 83 129
159 94 125
115 133 137
20 170 118
45 184 138
228 166 129
179 83 118
25 101 132
112 121 118
46 121 121
213 121 123
77 134 132
171 94 123
77 146 133
234 119 134
39 185 123
226 123 138
101 91 118
75 99 125
176 164 131
101 122 121
48 96 125
77 128 131
117 134 118
100 134 133
151 124 121
185 119 121
141 133 133
223 146 118
45 82 132
196 183 135
239 146 131
226 174 138
187 171 121
151 130 122
156 96 133
89 133 122
151 131 137
40 146 121
25 142 120
226 140 137
222 120 118
26 96 118
220 121 138
175 146 133
226 104 131
132 133 138
226 141 118
198 184 118
197 119 125
220 81 123
178 92 124
27 137 132
75 91 132
133 94 132
228 176 128
176 174 121
62 146 122
187 96 133
30 96 133
25 174 134
67 81 123
178 183 127
16 94 122
25 148 134
89 145 131
148 120 138
189 183 120
77 178 126
208 171 134
222 146 128
102 111 123
25 165 122
69 185 126
152 114 133
158 133 123
67 83 131
234 185 128
202 146 127
188 146 134
181 121 129
32 185 124
66 183 118
15 171 134
174 170 128
201 121 132
159 119 126
226 167 119
207 146 129
107 81 132
75 162 129
176 129 130
42 146 126
102 100 128
75 154 124
189 119 133
59 146 125
191 171 132
74 94 136
77 98 136
108 96 138
44 94 127
49 146 125
102 94 122
84 119 133
151 86 133
178 147 127
141 94 122
177 140 118
30 171 118
157 82 138
