-40 -80 5
83 83 29
-82 84 -21
83 -48 -23
0 16 -22
-82 3 32
-14 82 32
26 -41 32
79 27 -22
32 82 -22
83 -91 33
23 -80 -24
-81 -32 -24
83 -6 33
35 41 27
-21 1 32
-69 26 -22
-80 61 34
-27 68 -22
-16 -38 -22
-80 -54 33
35 -23 -22
-82 -91 -22
82 78 -24
5 -83 23
-39 43 23
83 38 22
-35 -42 31
83 -91 -13
83 -47 22
27 0 17
41 82 20
-38 0 -9
38 40 -22
46 -81 11
-52 82 12
83 -11 -8
-1 41 8
-82 -91 22
-51 -56 -23
-16 -80 -23
2 82 -4
-80 -61 -2
54 -42 2
-3 -42 12
-82 53 -1
-35 33 -22
-82 -4 -2
50 8 -22
5 54 -22
56 -73 -24
-52 2 21
-57 58 -22
-56 -39 6
-3 0 4
57 41 3
57 2 8
16 -47 -23
-26 -81 32
81 62 3
-80 25 12
-82 -29 17
58 80 -6
-46 -27 -22
-82 83 14
-1 -13 -22
83 15 3
14 80 27
64 51 -22
-57 -82 32
54 -39 30
81 -74 9
26 -42 4
63 -29 -22
-25 82 5
24 2 -16
-64 -7 -22
-43 -82 -22
-48 82 -15
-58 41 2
-28 -42 1
24 43 0
43 -49 -23
-64 -83 -5
-11 43 32
3 -83 -6
-66 41 26
47 2 32
81 -36 -2
82 59 34
3 2 29
60 41 30
-27 43 -2
-59 -39 31
31 -83 29
-64 82 32
-72 -70 -23
57 -81 32
26 80 2
-26 -16 -22
81 17 33
81 39 -2
-40 82 32
-81 56 -24
23 -83 7
-6 -59 -24
83 -67 34
60 82 32
-15 -80 8
12 41 26
-13 41 -19
81 -20 16
21 25 -22
-82 8 -22
-23 13 -22
-50 14 -22
80 -71 -23
-58 0 -1
-13 -39 32
75 82 9
63 -80 -3
-26 2 11
-30 -64 -24
10 76 -22
45 61 -22
-82 -39 -3
75 4 -22
38 -83 -8
-10 82 -21
-64 -42 -15
58 27 -22
-69 80 -5
83 -58 -5
-82 -71 18
2 -39 -11
-82 -91 1
13 -27 -22
83 -28 -23
25 63 -22
83 46 -20
81 -31 32
67 2 24
-81 -17 34
64 -53 -24
-82 -51 -23
-82 22 33
-82 -49 15
-39 52 -22
-82 32 -9
-55 39 -22
63 71 -22
29 -62 -23
-73 2 14
-34 -43 -23
-16 0 -10
15 2 1
35 0 -2
40 -39 16
5 -39 31
7 41 -9
-7 82 15
-67 -83 14
55 -13 -22
-82 48 21
-28 -80 -9
68 -39 15
83 -91 15
83 -2 9
-80 -20 -9
-22 43 17
-29 82 -12
67 -83 18
-82 82 33
38 21 -22
6 -72 -24
21 45 -22
-81 -36 34
-80 13 -6
73 -14 -22
-82 -77 -11
39 41 8
81 63 -14
-40 -80 23
3 2 -13
32 -39 -14
-66 76 -22
-40 -39 14
68 0 -5
-8 65 -22
67 -42 -11
-24 -42 18
-39 2 32
40 80 -7
-42 -11 -22
83 71 18
-80 67 17
83 83 -6
-72 43 -16
-59 -80 -21
31 80 32
59 82 16
13 -42 15
39 -5 -22
68 41 15
68 -83 -22
-82 71 -2
-66 0 31
-82 -11 18
-47 -42 -7
10 80 10
-74 -81 32
16 -11 -22
-10 -80 27
38 -75 -24
81 22 18
52 2 -7
-13 -39 -5
-45 69 -22
-28 82 21
54 43 -13
-43 41 5
-74 41 5
19 -83 -8
83 -75 -6
-52 42 32
49 -35 -22
83 52 16
-41 2 9
53 82 -22
27 2 32
-43 80 -1
-82 -8 -18
83 16 -12
26 82 18
44 2 17
-14 25 -22
39 43 -7
-67 82 16
10 2 16
-71 2 -12
3 34 -22
24 41 17
-70 -21 -22
49 41 20
68 41 -10
-65 12 -22
-53 41 17
-9 2 18
73 -80 31
-80 41 33
7 -80 9
-50 -81 -9
16 -39 -8
-70 -39 9
81 -57 10
-14 -83 -6
-13 -23 -22
-20 -53 -24
-50 -41 -23
-80 70 -17
-81 35 -24
70 82 -16
-27 45 -22
-82 -68 33
12 9 -22
-26 43 31
-13 43 0
-71 -42 23
-39 43 -11
-37 5 -22
-54 -80 11
-80 -16 4
46 82 5
-80 14 22
72 -42 29
56 -83 -14
81 7 24
-26 -83 17
-8 5 -22
6 -39 2
46 -39 -9
62 0 -18
-69 -56 -23
-27 -39 -12
55 -42 17
83 -35 12
73 43 31
40 -42 30
83 -20 2
-59 -30 -22
81 -92 1
0 82 30
-35 18 -22
-55 -16 -22
-52 -1 -22
47 80 32
27 -39 18
-2 -83 -21
22 80 -14
83 -53 34
-27 -29 -22
-25 -2 -22
12 41 8
-44 -69 -23
0 -28 -22
83 5 -6
70 82 23
39 -39 2
81 31 33
34 8 -22
-14 80 -8
-27 2 -3
-82 11 9
-82 84 -4
-29 -81 -23
-50 -42 23
34 52 -22
47 -62 -24
61 14 -22
43 -83 23
-82 -62 -15
-18 56 -22
1 43 21
70 2 8
-36 78 -22
-82 -74 5
81 -76 22
65 38 -22
83 52 -7
81 -46 -10
81 -8 21
19 -80 24
70 80 -3
-54 80 25
-1 -43 -23
66 -39 2
83 30 8
-80 -48 -10
23 -37 -22
-56 -68 -24
35 70 -22
-49 27 -22
29 -12 -22
67 -68 -24
-39 82 12
72 -83 6
14 82 -4
-14 -11 -22
-70 -42 -4
-51 2 -10
-27 -83 4
-17 -68 -24
83 33 -12
50 -80 -4
-18 -39 7
-80 21 -18
47 43 32
10 -83 -17
83 -7 -21
81 -45 6
-29 2 23
-80 -79 -24
-82 -19 -23
55 -45 -24
71 -39 -22
-80 56 11
-32 41 11
81 -25 -11
23 42 32
-55 82 -3
-82 47 -11
26 41 -12
-71 -81 -14
-11 80 3
-69 61 -22
69 43 1
48 48 -22
83 71 -6
83 74 6
-82 -85 11
-82 -91 34
-37 -54 -23
12 64 -22
83 -17 31
-22 82 -22
24 13 -22
81 -60 24
-5 49 -22
-82 38 16
75 -83 -12
-59 82 -14
-24 34 -22
57 60 -22
-82 -58 23
34 -83 8
60 -83 9
5 -60 -24
48 -23 -22
74 15 -22
-82 32 2
29 -50 -23
-9 2 29
-57 43 -12
2 82 -15
45 2 4
-17 0 3
79 -59 -23
-82 3 21
-75 80 24
-72 -44 -23
-80 -32 -12
-62 0 17
-3 -83 12
-65 43 12
-6 -72 -24
-10 43 17
-22 43 -12
-3 -42 24
37 0 25
70 61 -22
-36 -20 -22
-2 74 -22
-75 80 5
-52 2 32
-54 2 9
60 82 4
-75 -81 -3
0 42 32
83 48 34
30 32 -22
-65 -80 24
83 26 -4
34 82 11
-60 -49 -23
54 -83 21
-82 -41 22
81 47 5
-61 -39 16
14 37 -22
-39 -80 -12
47 30 -22
-82 29 23
25 0 -6
-80 -48 4
-82 -27 5
-44 41 -21
-62 46 -22
-40 -42 3
-82 -63 10
6 -5 -22
-82 -3 10
-13 -39 18
-81 -91 -11
57 0 19
16 -39 27
18 -60 -24
-56 71 -22
37 -34 -22
83 69 28
-2 41 -5
10 23 -22
83 -63 -14
25 -26 -22
83 -43 32
-63 82 4
59 0 30
-66 41 -6
16 0 32
-25 80 30
-45 0 -1
-60 0 -14
81 -89 -23
50 -81 -23
76 39 -22
-37 -39 -11
-51 -80 23
-24 -39 32
-28 56 -22
81 9 11
-82 -80 23
7 -37 -22
81 -38 -16
-82 59 -9
28 -83 -3
81 -37 23
-82 19 3
55 39 -22
33 0 -13
-19 80 18
26 73 -22
-82 -7 28
-66 37 -22
83 -77 32
-68 2 2
-15 73 -22
83 11 -23
-79 45 -23
67 23 -22
77 69 -22
-82 -21 23
-51 41 -5
83 -65 3
14 -80 1
-13 -83 18
79 43 -11
59 43 13
-37 -33 -22
53 -2 -22
42 -15 -22
13 2 -10
30 0 7
-53 -81 0
45 72 -22
-55 -39 -14
1 0 15
-2 43 -14
83 -66 17
-6 2 -10
19 2 23
61 -42 24
-61 -83 5
13 -83 17
27 -42 -6
-75 1 -22
-33 82 -1
-60 -39 -4
30 43 9
19 2 11
-80 71 8
-28 0 -13
79 56 -22
31 -83 -18
60 -39 -18
80 80 21
-80 12 33
47 82 -14
-82 60 23
-82 -41 -16
6 0 -3
-39 2 21
-10 14 -22
83 40 12
2 82 17
-82 6 -12
81 56 24
81 -11 5
44 0 -15
81 -86 25
72 82 32
-41 -82 32
-72 80 -15
83 3 -17
-50 -40 32
-72 2 23
28 -72 -23
-48 59 -22
35 80 1
12 80 -13
-58 26 -22
-21 43 7
83 -77 -17
59 -61 -23
-36 62 -22
-80 52 34
19 55 -22
11 46 -22
-20 -80 24
35 43 17
81 -17 -17
-70 -31 -22
-51 -76 -23
16 43 -14
47 -42 9
-82 -68 -23
-3 -83 1
-50 48 -22
-82 -40 7
57 -39 -6
-82 43 -3
72 -25 -22
-37 -83 14
76 -83 -3
82 5 34
-82 -20 13
78 0 1
-21 0 19
-80 24 -5
47 43 3
81 76 -13
32 82 -12
28 -80 15
16 -74 -23
-76 41 24
-54 82 -22
-80 76 -9
-8 -80 -14
41 -80 2
83 -80 3
60 82 -15
32 -42 -24
53 80 23
33 -42 10
64 -11 -22
-5 -4 -22
-33 -8 -22
-80 70 25
49 82 -4
5 -42 22
-2 80 6
42 81 -22
41 -83 -17
-8 34 -22
17 80 19
-5 -39 0
38 -57 -23
-27 -73 -23
8 -16 -22
-38 -83 -4
-30 -80 24
-12 43 -10
65 -80 26
74 -51 -23
-24 80 -4
2 4 -22
77 -42 14
67 43 23
19 82 9
16 41 -6
32 41 0
-42 80 23
-62 3 -22
-34 41 31
-70 -80 5
-36 2 -1
39 -81 32
-80 -8 -9
-9 -42 -12
70 2 -14
-29 41 21
3 -81 32
-80 -25 31
31 -39 25
-82 -45 30
76 -81 14
29 -2 -22
19 -2 -22
-7 -49 -24
-78 -60 -23
74 47 -22
-41 43 14
-22 -45 -24
83 40 30
-74 43 14
66 82 11
-59 -80 18
-82 43 9
-30 -42 10
8 2 7
-82 -72 -5
26 82 -6
-7 -36 -22
83 -26 9
-28 -51 -23
-36 -76 -23
64 80 -22
-81 32 34
34 43 -15
-68 -41 32
83 -54 -16
42 -42 -19
-75 13 -22
7 -46 -24
1 25 -22
33 61 -22
3 65 -22
48 43 -6
55 71 -22
81 15 23
81 -28 23
-43 41 30
48 -82 32
59 41 -6
30 23 -22
-3 -83 23
61 2 0
-7 80 25
-22 -80 -3
-5 80 -8
-36 43 -2
15 41 17
-24 25 -22
-59 2 26
-45 2 -18
-82 -77 32
66 -83 -10
-19 5 -22
50 41 11
36 -39 -6
43 43 -15
-68 -77 -23
34 -83 22
-82 63 2
-79 2 3
64 -45 -24
36 2 13
-36 44 -22
49 80 13
83 25 25
64 2 16
74 -39 6
-61 80 22
76 -80 -23
-2 0 23
-24 -83 -16
-58 -81 -10
19 -39 9
20 -42 -16
-59 -39 -22
83 80 13
30 40 -22
83 20 -20
-75 -9 -22
-76 -80 14
-17 43 25
75 -42 -4
-45 0 26
-31 2 32
81 -66 -6
-82 -56 -8
-11 41 8
-51 43 7
60 -79 -23
-27 80 13
-49 41 -14
-37 -39 23
-74 72 -22
-64 -63 -24
17 71 -22
47 -39 25
-47 -39 9
75 2 15
6 82 25
17 81 -22
24 80 27
-29 41 -16
61 -18 -22
50 -54 -23
57 48 -22
-2 42 -22
-57 17 -22
-12 2 10
41 13 -22
-72 53 -22
81 -48 -2
81 59 11
-18 -42 -15
-75 43 -8
-76 0 -6
81 68 10
-80 -26 -3
-56 43 23
-40 80 -14
-59 80 13
8 43 1
-63 -42 5
-4 -80 -6
13 -80 30
-62 66 -22
29 -80 -10
-32 0 7
-21 -42 -4
11 -80 -9
-82 76 22
-80 -34 25
32 82 24
48 0 23
75 43 19
61 -42 11
4 -39 12
-82 -26 -18
73 78 -22
-72 -39 -15
19 -83 -17
-76 -42 17
-48 76 -22
78 82 0
76 2 -7
40 82 28
-82 75 -22
63 7 -22
52 15 -22
62 43 -15
55 43 24
-22 -61 -23
36 -65 -24
-19 66 -22
22 34 -22
20 41 24
56 -25 -22
-61 80 -6
-22 82 -14
-56 -9 -22
-17 82 8
8 80 2
83 7 2
75 -6 -22
-49 -39 1
81 -27 -4
54 -80 4
42 0 -7
-82 61 -17
-73 -80 23
-82 -81 3
80 -1 27
-80 -57 15
-82 9 26
50 0 12
72 0 30
74 -83 23
-72 42 32
-19 -42 26
-17 2 25
-5 -39 32
-11 -42 10
-80 -15 -15
81 -50 15
62 -41 32
-41 12 -22
76 41 4
-29 6 -22
-45 -35 -22
-27 -37 -22
30 2 23
5 43 11
11 2 23
-10 2 -4
16 15 -22
83 60 -6
12 2 -18
-38 -62 -23
48 -72 -24
-32 82 27
-42 22 -22
63 2 -10
81 63 21
-32 82 8
-47 -19 -22
47 41 -22
27 82 10
39 -81 15
-6 43 24
-53 7 -22
83 24 -13
0 -53 -24
3 -83 16
56 0 -14
49 -80 -11
74 82 -9
42 41 23
51 23 -22
30 -33 -22
78 82 -18
81 -17 -6
-82 84 24
81 -4 -6
-82 21 24
83 -1 18
-82 18 -11
-52 80 4
65 43 8
-19 45 -22
-5 57 -22
16 -18 -22
-77 65 -22
-61 -39 23
-27 75 -22
46 -39 -2
-61 2 9
-49 -82 32
81 55 -14
15 -81 9
-82 82 6
6 -79 -24
-16 -82 32
-74 35 -22
83 71 -19
-82 -85 -15
-80 -65 26
77 -44 -24
-75 82 16
-53 -80 -17
0 82 -22
0 -67 -23
11 -55 -23
-64 -16 -22
12 -65 -23
-82 -51 -3
-43 32 -22
70 -58 -24
-44 -42 27
81 14 16
-47 82 18
2 -39 -4
-38 82 -6
-21 -21 -22
21 -81 32
75 -42 -13
6 41 -21
-77 -42 -8
55 -42 -13
13 -42 4
83 -18 23
-74 0 30
8 -42 -9
-46 41 21
-30 -42 25
-57 -83 24
79 43 25
-76 -42 29
-13 -45 -23
-29 41 -8
-80 9 16
-80 -33 1
-82 -54 8
-80 -9 6
-82 75 14
-18 41 -6
-70 41 20
-36 82 20
-33 -42 18
-48 -83 7
53 80 2
4 -80 -13
-21 0 -16
-82 27 -23
81 74 32
-75 81 32
-62 43 32
69 -1 -21
-82 75 29
62 80 22
-82 19 16
-67 -39 -22
-7 22 -22
-52 66 -22
-32 25 -22
-64 55 -22
-46 80 -7
35 -83 -2
-45 -4 -22
83 49 23
40 43 0
-44 -83 17
42 54 -22
-47 82 29
83 69 1
81 -11 14
-65 2 -5
-82 -1 -15
-82 35 9
-35 0 -16
-13 -31 -22
-48 -42 -16
81 53 -1
81 -86 10
83 45 -3
81 10 -16
-80 -4 22
-55 -42 13
8 43 18
-17 -80 -15
8 82 -19
6 -83 2
-15 80 -16
-80 64 9
83 12 29
-80 -75 12
44 3 -22
-62 41 -17
69 -42 22
59 -81 16
-80 -15 24
-75 82 -22
52 0 -1
-81 69 34
-80 11 2
-58 41 12
10 82 19
57 -83 -3
-13 -42 2
25 2 1
35 2 32
-40 -39 -4
-27 41 5
-80 -73 -18
-76 82 -8
83 -71 27
-43 -44 -24
32 -78 -23
81 -85 -7
27 -19 -22
-79 -42 -22
6 43 31
-24 2 4
-45 -83 -2
-80 -72 24
40 -39 23
16 -35 -22
-53 -32 -22
-17 80 24
-73 19 -22
83 13 -4
-19 0 10
22 41 10
11 -42 -3
-2 -21 -22
72 29 -22
83 -65 -21
70 41 -17
-22 -83 -9
28 43 27
83 -25 29
83 -43 -5
-63 43 21
