122 150 166
141 52 90
131 255 114
140 169 89
109 70 162
168 108 129
94 115 107
109 200 134
162 52 145
166 170 139
91 55 113
139 102 89
95 165 106
138 107 166
97 117 151
147 204 118
128 64 126
164 142 109
93 166 146
136 184 157
116 139 89
162 79 106
159 136 152
112 78 91
89 85 136
129 229 140
116 191 102
136 52 166
159 86 152
89 139 130
92 53 144
161 173 109
166 52 116
145 130 91
121 218 116
147 160 156
135 80 166
93 88 109
118 253 137
112 105 91
114 96 158
111 52 96
159 111 102
140 206 143
116 125 165
168 74 130
113 174 161
100 143 155
137 77 93
114 168 90
99 140 107
94 179 125
89 108 130
140 133 165
160 111 151
167 147 132
138 232 118
141 253 135
145 59 111
139 190 102
141 60 144
154 188 132
113 60 141
126 120 87
151 151 94
117 237 123
118 192 151
163 126 120
109 60 122
93 159 125
152 68 159
116 52 165
89 66 129
132 151 88
98 85 153
104 182 142
165 97 114
104 193 117
127 60 107
104 126 95
151 92 100
130 169 167
96 69 103
152 179 151
153 58 130
124 65 88
124 91 88
105 152 95
143 218 129
120 214 140
128 204 107
167 158 119
154 188 114
163 90 132
94 123 135
154 64 97
94 100 147
167 126 137
107 158 161
162 154 147
127 179 97
93 70 146
94 128 118
126 66 167
107 176 104
147 119 157
145 92 163
159 69 143
127 58 152
106 91 100
155 127 105
150 52 156
163 178 124
110 111 157
102 53 157
147 176 102
94 100 118
149 144 160
90 152 139
127 93 167
145 116 96
161 67 115
140 237 134
115 204 115
118 81 166
104 129 158
112 213 127
137 151 166
136 216 115
157 158 106
130 135 87
126 137 162
95 73 117
124 107 161
148 193 145
100 104 99
168 55 131
130 119 167
151 78 95
131 198 150
159 98 144
93 52 127
104 55 108
91 150 112
126 106 92
92 136 144
118 254 118
156 52 105
166 112 116
139 246 122
149 204 132
127 163 92
122 240 136
118 226 133
160 167 151
112 141 163
150 105 160
142 89 90
150 139 100
139 68 160
118 153 93
128 54 95
111 66 96
143 171 163
89 170 134
147 81 157
133 216 138
98 182 113
128 63 139
167 85 119
141 62 124
94 88 122
163 139 121
101 155 149
162 159 134
126 229 115
99 189 131
142 142 90
125 79 92
155 168 98
136 64 88
102 102 157
151 131 160
105 167 153
90 168 117
120 161 161
131 247 140
151 103 95
113 118 95
107 85 161
118 201 143
159 124 152
127 243 116
94 116 123
160 82 140
89 140 118
108 141 98
101 56 136
166 137 140
123 181 160
102 64 150
101 80 105
156 179 140
117 63 130
103 167 96
139 57 102
113 56 152
96 111 139
139 201 109
88 78 126
120 62 117
110 192 142
100 128 147
100 155 106
136 115 88
128 192 100
100 128 106
115 58 105
143 160 95
154 57 118
118 128 93
104 115 102
139 55 155
94 98 132
116 226 121
160 100 104
105 179 153
151 57 141
161 111 138
137 161 161
102 75 150
99 96 107
112 89 91
163 118 128
168 64 125
93 148 126
158 61 153
119 54 88
129 208 145
95 178 137
106 202 124
151 53 95
163 167 124
107 189 108
102 61 97
154 147 150
134 63 116
164 121 111
136 125 93
116 249 127
156 98 155
114 181 97
98 90 144
117 64 160
154 195 122
167 99 137
94 74 134
132 85 88
98 146 144
167 65 137
139 227 136
88 125 126
161 151 114
126 145 92
139 192 151
147 195 111
163 132 129
161 67 105
126 76 162
144 61 133
145 69 96
114 150 159
157 75 154
160 132 113
130 173 89
99 56 119
127 55 162
145 61 163
116 113 165
108 120 161
163 149 124
162 89 107
163 75 121
142 177 155
142 255 125
135 96 161
97 79 142
163 105 121
116 182 153
90 108 114
89 57 135
156 155 155
129 129 167
120 198 109
113 132 158
148 186 104
156 148 106
136 183 96
93 77 108
139 115 160
115 103 165
136 125 161
159 119 143
135 141 166
91 64 114
99 172 111
152 125 95
101 185 123
159 129 143
101 173 146
152 170 158
102 74 97
111 161 96
160 148 140
117 97 94
102 55 145
135 161 88
100 107 148
142 213 121
140 151 94
142 231 127
154 75 103
101 135 98
144 98 96
108 59 161
96 64 140
144 211 135
140 223 120
134 173 159
96 160 113
122 209 113
146 185 152
107 97 94
134 92 92
159 185 122
94 170 125
90 119 114
106 93 154
161 162 114
119 114 88
120 173 95
92 121 144
96 56 103
110 197 110
162 179 133
106 137 154
108 60 132
155 181 107
144 137 158
163 81 129
142 153 159
136 61 166
119 169 166
168 97 128
109 134 92
150 160 100
94 159 134
158 85 101
112 147 91
96 147 103
88 99 125
145 60 91
93 133 108
164 58 110
166 89 140
150 91 154
113 211 136
150 184 144
112 166 158
133 237 139
121 60 145
128 189 156
119 160 88
151 197 137
123 120 161
132 54 88
159 164 143
129 160 167
108 108 99
114 212 118
166 74 140
160 107 113
97 136 151
90 143 139
109 83 98
168 156 128
103 52 97
89 116 136
91 96 140
160 55 124
148 55 103
118 71 88
109 78 156
135 240 116
131 74 87
146 74 163
98 63 109
103 151 158
110 174 95
101 159 98
129 149 162
134 64 132
117 72 160
128 255 138
138 89 166
142 176 95
145 53 163
105 120 153
126 173 160
140 207 115
90 93 115
122 129 161
161 58 139
92 101 110
152 112 153
160 137 104
104 195 137
102 194 125
98 96 153
154 117 97
118 244 118
127 83 167
136 137 93
119 55 97
117 234 131
140 246 131
159 174 117
154 104 150
93 131 126
121 91 161
97 52 151
162 79 148
157 119 107
97 158 142
90 131 137
142 99 159
123 221 139
121 231 138
158 141 145
99 161 154
115 61 90
145 82 96
101 57 127
89 152 121
148 60 155
89 57 121
156 132 98
94 108 124
128 221 116
166 169 115
134 70 166
120 55 157
97 122 111
155 53 149
168 125 128
108 105 161
100 108 107
120 86 93
154 69 151
130 105 167
124 137 92
168 139 130
110 185 147
168 163 130
156 167 106
126 99 87
143 121 90
155 119 157
141 197 144
162 90 116
117 218 123
94 66 122
98 89 101
163 107 145
153 130 151
154 106 103
109 59 113
135 108 93
131 210 110
163 170 131
126 112 167
124 130 88
144 108 96
122 237 116
124 153 88
155 163 156
161 75 114
156 173 146
100 172 101
122 169 88
140 79 160
122 186 101
158 91 146
127 113 92
123 142 166
96 144 115
96 102 140
111 183 105
141 71 90
102 110 157
96 82 114
93 173 142
96 122 103
90 68 137
155 175 102
166 153 140
124 99 161
145 110 163
124 202 148
145 146 96
131 88 162
142 238 123
95 136 116
116 110 94
153 85 158
156 61 105
94 89 131
147 60 118
99 181 130
117 218 131
133 60 147
102 66 157
166 117 139
145 56 150
144 127 158
162 59 117
95 167 138
141 145 164
168 90 124
94 62 147
121 60 166
101 143 98
98 170 152
141 86 159
139 252 118
145 137 96
162 118 120
136 196 104
163 61 130
124 252 115
92 86 143
111 78 163
119 136 166
93 151 146
144 159 163
125 71 92
107 92 161
89 151 131
104 149 102
116 122 89
96 173 119
149 199 126
90 86 116
138 58 93
133 133 161
158 93 101
156 158 148
147 202 139
94 80 121
160 54 132
167 69 119
89 103 136
111 201 141
108 201 117
133 248 117
104 182 106
102 165 104
150 97 160
111 206 129
111 156 91
120 105 88
143 183 99
156 186 140
153 140 152
143 120 164
107 59 93
131 58 102
115 83 159
104 69 102
125 193 150
106 170 160
129 62 92
158 95 108
132 156 161
138 131 89
149 154 160
152 56 110
96 173 132
134 226 117
88 165 124
168 133 124
121 63 124
97 111 112
126 166 162
93 112 146
105 99 101
136 243 138
107 146 161
164 157 111
156 152 99
120 70 166
108 131 99
93 128 146
148 172 95
94 80 131
109 52 159
135 69 93
166 52 138
121 62 138
162 71 134
96 78 150
160 115 113
122 247 139
104 187 137
135 175 96
120 147 88
110 71 92
144 54 97
88 87 127
148 149 155
152 138 159
95 158 148
119 80 88
107 61 155
93 119 129
110 126 92
131 179 161
145 207 124
153 86 96
92 127 111
107 160 154
162 151 107
160 173 137
94 138 124
115 242 128
99 59 155
133 101 92
135 145 88
106 54 151
141 194 108
89 132 121
157 59 146
140 62 117
97 92 112
127 63 119
129 59 167
136 202 147
143 165 159
114 155 164
167 81 137
122 194 103
152 77 159
137 62 138
148 93 93
111 205 121
155 81 149
163 112 124
98 179 144
163 86 146
149 173 152
167 143 119
102 113 150
141 82 89
111 126 157
161 83 115
94 141 134
167 130 117
108 54 102
97 117 143
105 83 153
159 53 114
162 64 147
167 97 120
166 52 124
107 71 155
150 110 94
116 89 165
98 112 101
104 186 116
90 160 139
90 78 137
139 60 108
97 68 152
101 81 98
161 94 138
143 168 95
99 179 119
120 180 94
93 74 127
136 57 161
156 70 98
99 86 107
94 52 134
115 246 133
158 181 113
131 115 162
128 215 142
102 76 157
148 197 118
90 158 115
103 148 151
126 52 88
123 155 161
120 231 117
123 207 142
167 132 136
158 162 101
130 186 97
154 189 125
107 116 93
134 211 143
144 76 96
139 217 134
93 172 112
167 151 118
162 72 149
118 139 160
124 125 92
94 154 107
155 117 149
89 92 135
102 100 150
127 64 133
151 99 100
115 97 165
117 92 89
119 174 158
109 76 98
139 96 89
117 144 94
155 89 105
123 82 161
167 107 137
100 140 148
108 136 161
155 108 156
98 54 113
129 237 116
96 123 150
100 153 99
134 121 88
121 187 152
164 128 110
107 58 140
163 157 124
135 146 161
161 145 149
162 107 106
150 112 160
92 140 110
114 223 127
162 166 107
167 58 120
115 231 126
162 139 135
163 171 144
163 143 127
94 149 118
155 57 157
117 255 131
149 161 93
129 222 140
102 90 150
130 67 87
156 172 153
94 166 131
89 72 121
139 117 94
140 106 160
96 72 140
114 159 159
166 79 115
97 76 102
119 67 93
160 96 150
98 71 109
127 198 104
98 148 109
141 96 165
88 112 124
166 160 140
116 109 159
141 109 90
102 62 104
141 156 90
159 112 144
107 197 129
137 167 166
161 52 108
154 164 150
150 135 94
103 131 152
145 126 96
95 60 116
113 168 164
150 146 100
111 58 147
99 98 101
168 102 125
89 161 129
89 121 121
115 198 147
162 121 136
119 76 93
155 148 157
102 134 104
161 130 149
145 89 96
114 192 108
109 152 156
129 64 162
95 136 137
126 140 87
146 68 157
94 163 120
150 142 94
162 165 135
156 141 106
152 121 102
152 112 102
161 143 115
133 193 153
137 120 166
157 132 107
94 129 132
90 77 116
168 81 125
120 119 93
134 204 110
164 143 143
117 146 165
121 58 151
115 207 141
123 52 166
97 160 103
167 116 132
135 74 161
151 190 137
140 176 161
94 64 132
142 136 90
130 137 167
143 199 113
139 186 151
166 172 121
164 100 109
105 86 95
117 117 160
133 63 122
144 211 129
129 70 162
135 232 136
136 85 93
145 81 163
93 67 108
96 127 140
94 93 120
122 102 166
123 88 166
97 110 152
98 53 141
158 145 101
163 161 146
149 60 127
115 180 158
128 241 140
130 167 87
146 179 151
110 141 157
105 189 145
150 72 154
95 83 104
115 171 96
94 142 148
89 105 122
141 66 94
168 161 124
118 165 93
165 103 114
97 166 111
157 182 127
96 149 139
101 180 138
134 254 139
100 123 155
128 80 87
99 128 100
100 81 147
105 178 147
147 61 97
123 66 161
110 183 154
95 91 138
106 155 100
144 114 158
121 198 150
115 67 164
153 81 102
121 58 102
93 93 146
139 213 139
94 94 107
159 64 110
110 89 157
142 224 126
149 165 155
135 223 138
99 176 106
91 108 140
116 255 125
128 130 92
160 55 151
141 74 165
91 165 112
133 189 103
161 74 104
124 146 161
94 143 121
131 163 162
129 215 115
162 123 106
123 162 166
132 102 161
159 75 144
147 189 110
104 165 158
162 116 106
100 120 148
143 190 146
135 168 93
144 103 91
102 178 110
151 123 160
93 111 129
136 112 166
131 95 87
164 69 110
105 123 101
144 149 91
114 61 116
130 103 87
147 87 157
139 137 160
109 110 92
88 56 128
163 136 146
93 102 126
143 145 159
93 58 108
129 78 167
167 122 122
118 135 93
155 182 146
110 129 162
95 177 115
89 163 135
101 135 156
131 178 92
103 118 96
119 157 166
155 68 105
100 117 106
146 196 140
119 119 166
150 66 93
143 128 164
168 88 129
89 75 131
161 101 139
161 180 119
130 116 87
111 65 157
114 131 90
126 88 92
126 95 92
163 99 130
121 61 109
112 95 91
133 61 109
132 97 166
155 125 156
95 118 137
88 64 124
94 60 121
156 174 110
134 54 96
152 193 115
135 249 136
154 95 150
110 153 97
143 58 105
158 143 153
149 126 155
93 106 146
162 133 120
156 182 132
106 162 100
160 138 111
94 110 118
91 175 123
109 102 156
97 133 143
112 56 91
114 56 159
92 72 111
164 122 144
149 72 93
98 68 145
165 136 113
163 67 123
90 146 115
163 93 126
101 89 156
98 130 153
114 103 159
96 154 115
140 217 119
109 115 162
88 141 124
162 161 120
100 190 120
148 100 155
127 173 94
98 102 109
