-22 35 3
22 -80 -2
5 127 -2
-22 -30 -7
21 2 4
8 76 1
-23 -75 -1
14 -41 17
15 39 -17
-9 5 -21
8 -49 -21
-15 0 16
9 44 19
1 -72 22
13 -19 -18
-1 -80 -23
-10 57 -14
-7 101 2
-17 -50 15
7 17 21
5 -16 21
-12 57 11
-17 -54 -16
-11 32 -20
15 11 -17
22 -55 -2
21 26 4
-16 -25 15
21 -22 3
-22 -6 -5
-10 -18 -21
17 56 0
0 -80 0
-22 16 -7
-14 21 17
20 -37 -11
15 -69 -17
-9 40 20
17 -65 14
-6 -36 -22
-16 -80 16
-10 70 -2
0 -53 22
-2 88 -8
-16 -72 -17
7 55 -17
5 62 10
5 25 -22
-1 -32 22
4 -5 -23
10 0 19
-23 -57 0
-21 51 -2
18 -4 -13
-2 -64 -23
4 111 -3
20 42 7
13 -80 12
-12 -64 18
1 42 -23
3 90 6
19 25 -11
-21 -37 8
21 -36 5
-20 -12 9
-22 8 6
9 -35 -21
-20 40 -12
2 66 -10
18 14 12
17 -12 13
15 -27 15
-6 11 21
15 28 16
10 -80 -10
22 14 -3
-7 -11 20
-14 19 -18
2 31 22
-16 -6 -17
-22 -44 -5
-6 119 0
-4 79 7
-2 51 19
17 -56 -14
-19 45 11
-20 -17 -12
21 37 -5
-7 -80 -11
-5 -50 -23
2 12 -23
-17 -40 -16
19 -52 10
22 -67 1
1 -24 -23
-11 -39 19
6 98 -4
-2 -80 12
20 -24 -9
14 53 12
-22 21 6
-22 28 -8
22 -9 -2
-20 -67 10
-11 45 -20
-22 -23 5
-20 4 -11
18 49 -11
-12 -80 2
-2 -1 21
-15 -28 -17
11 -54 19
-21 -65 -9
10 65 0
-6 66 8
-8 88 1
-18 32 13
-14 59 -3
4 104 5
10 -80 2
3 78 -9
-3 103 -7
10 -61 -21
-17 11 15
-19 -80 -10
-4 21 21
2 -43 21
20 6 -10
-22 -48 6
-4 20 -23
-6 -6 -22
16 -46 -16
9 -77 -21
22 -44 -3
-6 -22 21
20 -64 -9
-12 -63 -20
-2 52 -20
4 -62 21
-18 50 -12
0 -14 -23
10 3 -21
20 -75 8
-23 -16 -3
9 -33 20
15 -29 -17
-21 -2 7
4 7 21
-9 -74 20
9 61 -9
20 -14 -11
-4 110 3
17 5 13
21 46 -2
7 -80 20
-21 -79 8
19 -76 -11
6 86 -3
3 118 3
12 -9 -19
10 46 -20
13 29 -18
-11 -80 -20
-7 79 -6
2 -43 -23
-9 -49 20
1 41 22
-15 -15 16
-1 127 5
-19 -58 12
-12 49 17
7 53 17
10 -71 19
-7 64 -9
15 38 15
-10 31 19
1 119 -6
-2 33 -23
13 20 -19
-23 4 -2
5 70 7
20 -60 7
-17 28 -16
-16 10 -17
-5 127 -3
12 11 18
-7 95 -4
-3 58 14
19 -43 10
-21 -52 -8
-12 -47 -19
-10 -30 19
2 -80 -15
1 3 -23
10 -9 19
21 -1 -5
-5 -72 -23
-18 52 7
20 33 8
-3 -80 21
2 -56 -23
4 -25 21
19 -20 11
-8 -26 -22
18 -35 12
7 -69 -22
-23 -32 1
-23 43 -1
-23 -67 2
22 -28 -2
-4 113 -5
19 15 -12
7 26 20
-6 -59 21
19 -4 11
-2 97 7
14 19 17
4 -80 7
19 23 11
6 36 -22
-23 22 -3
0 -9 22
-17 -33 15
21 -14 5
12 58 6
-4 72 -9
21 -48 4
-12 -56 18
9 36 20
7 71 -5
-23 15 1
22 23 -4
-16 -72 15
4 80 6
-15 38 -18
12 -18 18
-19 -47 -13
-21 -72 -10
21 9 6
-9 3 20
0 60 -14
-6 -57 -22
7 -15 -22
-12 60 4
3 -80 -7
15 -80 -17
-23 -10 2
11 -62 18
15 -36 -17
-20 22 -11
-19 -43 12
-23 -24 -3
16 -72 15
-10 -80 11
21 -29 6
-20 -9 -11
-16 -7 16
-8 80 1
-7 73 5
-19 4 12
1 -33 -23
-16 3 -17
-12 -35 -19
8 -27 -21
22 -36 -3
-16 -13 -17
-9 -4 20
20 -48 -9
20 32 -10
-21 -30 8
19 49 7
22 6 -2
-5 -41 21
22 19 3
-22 35 -5
1 95 -8
21 -73 -5
-17 39 15
10 -43 -20
10 -47 19
-6 -80 5
16 2 -16
-5 -67 21
22 31 -2
15 56 -9
-10 -80 -5
-23 -40 1
-7 40 -22
-8 107 -2
20 43 -10
7 92 0
-10 25 -21
-9 15 -21
-17 -65 -16
15 46 14
-20 16 10
-10 17 20
-19 23 12
-21 -37 -8
-21 -24 -10
22 37 2
4 104 -7
-23 28 2
-19 -19 12
-18 -80 -2
15 -80 -3
1 13 22
-12 -2 -20
-23 -50 -2
21 -6 4
-21 37 9
-4 35 21
21 -56 -8
-4 86 6
5 97 5
-21 46 -7
-16 -20 -17
14 -5 16
-7 94 3
7 18 -22
-3 104 7
22 -21 -3
18 -80 4
-4 10 -23
16 -57 14
-2 -15 22
13 -53 -18
-12 -54 -20
9 57 12
-22 -55 6
5 50 -21
-22 -58 -7
7 105 -1
-14 57 -9
-22 -69 -5
-23 -2 1
-5 45 21
20 -31 -9
6 -80 14
4 0 21
10 -26 19
2 -74 -23
-20 -2 -11
-10 -11 -21
-19 15 -13
-22 43 5
16 -63 -15
-16 -79 -17
2 23 22
-13 50 -17
-2 71 8
-19 -31 -13
-19 33 -12
20 -66 8
-4 -20 -23
-16 51 12
18 -20 -13
13 59 -4
-13 -45 18
-5 -43 -23
8 10 -21
-5 27 -23
3 46 20
3 112 4
-21 28 8
7 -21 -22
-22 -17 5
19 -69 -11
-4 29 21
12 -2 -19
-12 -22 19
7 80 -4
-7 86 -5
-20 -73 10
-22 -61 5
-17 -65 15
-10 -80 19
16 -12 -16
8 -40 20
16 -47 14
-11 -69 -20
0 125 -6
18 52 -6
-8 54 16
6 -51 21
20 -8 -9
1 -49 -23
-11 -40 -20
14 49 -16
-16 45 -17
22 -75 2
-22 9 -8
-4 47 -22
-14 6 17
4 -63 -23
8 65 6
-11 64 -4
-15 28 16
5 118 -2
-2 63 11
-18 56 0
-6 0 -22
22 -62 1
-7 101 -4
2 56 16
11 40 -20
14 -33 16
-22 -72 4
-5 57 -17
-3 -80 -6
-6 -80 -17
4 125 3
8 30 -21
0 108 -6
3 72 -9
-20 -57 -12
-10 25 20
6 86 4
21 -14 -5
-14 44 17
20 20 -8
7 66 -8
5 -5 21
19 -43 -11
-9 67 3
-1 6 22
-12 12 19
21 -54 4
2 -37 21
11 -72 -20
9 71 1
-23 -63 -3
-12 -69 19
-22 40 -7
17 54 5
19 -26 11
17 44 -15
-3 -48 22
-18 55 -6
-8 52 -19
1 19 -23
7 -80 -3
16 -80 -9
-21 47 2
-22 -80 2
0 -21 22
3 90 -7
-2 -4 -23
-14 35 17
-16 -39 15
19 -79 11
6 -39 -22
7 12 20
3 84 -7
4 -80 -21
11 50 16
-2 118 4
-8 60 10
2 75 8
13 -78 17
9 6 19
-22 3 6
-9 -17 20
-5 -35 21
9 -55 -21
21 28 -7
-20 -25 10
8 -80 -15
13 -68 17
11 56 -14
17 29 -14
-15 -80 7
18 10 -13
18 -50 -14
6 -74 21
22 -67 -4
0 -69 -23
-3 91 7
22 -42 3
-16 -59 -17
16 0 15
-4 -27 21
-6 60 -13
13 33 17
6 44 -22
-13 -80 -13
-5 -77 -22
5 0 -22
-6 -31 -22
19 1 -11
22 -2 0
19 28 10
7 82 1
-20 10 11
-19 -6 12
22 13 3
-2 -80 -11
-6 -80 -1
20 4 9
0 -65 22
17 22 -15
16 17 -16
17 -33 -14
-21 -13 -9
5 -57 21
18 -26 -13
13 4 17
21 -80 -7
6 40 21
-8 69 -6
-4 119 -5
-12 -22 -20
-19 45 -12
22 -49 -2
12 -48 -19
-20 -52 10
-7 -66 -22
12 -65 -19
22 32 3
-15 16 16
5 -80 2
1 27 -23
5 -10 21
13 -58 -18
-22 -43 5
-5 -54 21
15 -74 -17
-1 -60 22
-22 -1 -5
4 -30 21
22 -32 1
5 62 -11
-2 15 -23
10 22 19
16 33 -16
0 127 -1
-5 -12 -23
20 47 -7
4 -11 -23
11 35 -20
1 85 7
16 -21 15
8 -20 20
-11 61 -7
21 -60 -5
19 -15 10
20 16 8
22 42 1
-19 -68 -13
-17 -55 15
16 -16 14
-18 -1 -15
1 67 9
16 -7 -16
-13 14 -19
-13 -75 17
-11 -29 -20
-17 -35 -16
2 -80 18
-13 8 -19
-17 23 -16
4 7 -23
-16 -49 -17
0 -38 -23
18 -61 11
-1 81 -9
-17 34 -16
-22 -19 -8
2 -18 -23
-16 57 6
-6 114 0
19 39 -12
-13 -80 -7
21 13 -8
-6 -80 15
16 23 15
-18 -11 13
1 113 -6
-12 -75 -20
4 123 -3
18 37 11
14 6 -17
13 59 1
5 58 -14
-5 124 2
6 31 21
18 46 11
17 42 13
-18 -77 12
-5 -7 21
6 75 5
20 -10 9
11 16 -20
-23 -38 -3
-3 63 -12
-23 -46 0
-2 -29 -23
-19 -76 -13
11 -14 -20
-18 -1 13
-4 97 -7
1 55 -18
-22 15 6
-22 -52 3
11 -24 -20
-23 -12 -3
-12 -11 19
-4 -73 21
12 -30 -19
-19 -51 -12
-11 -7 -20
-9 20 -21
-20 9 -12
-19 -36 12
9 60 8
-9 -43 20
12 25 -19
10 51 -18
9 -5 -21
-9 75 1
4 -29 -23
22 42 -4
5 107 2
20 51 -1
-23 31 -3
-16 -20 16
-21 -43 -9
-19 -38 -12
21 3 -6
15 -23 -17
-22 24 -7
19 -31 10
11 -14 19
-12 63 1
10 64 -5
-19 -63 11
21 -40 -6
18 32 12
1 18 22
-23 24 2
18 -9 -13
-16 47 14
15 14 15
-22 -74 -6
-22 -54 -4
-5 107 -6
-20 47 7
15 -61 16
2 36 22
18 -70 11
-23 -29 -2
-8 49 19
5 -80 -11
-4 17 21
-1 -80 6
21 -2 7
2 100 -8
-20 -48 10
20 -19 -9
21 -71 4
14 -42 -18
-12 -26 18
-7 107 3
-10 8 20
-18 18 14
-7 33 -22
1 -76 22
-17 -80 2
-18 28 13
-2 -80 -17
-23 18 -3
20 37 7
-16 -44 -17
6 93 -4
5 114 1
-8 -46 -21
6 -46 -22
17 10 13
22 23 0
22 18 -2
-18 19 -15
-18 -27 -14
-22 -80 -4
19 -59 -11
22 -13 0
-19 -12 -13
-23 6 2
6 -46 21
13 -50 17
22 8 2
14 43 -18
2 36 -23
-23 38 -1
15 -80 8
-18 6 -15
-8 92 -1
-22 33 6
-6 -80 10
10 -80 9
-23 8 -3
-9 74 -3
20 -23 7
22 -18 0
-8 97 -1
-6 91 -6
-15 53 -13
-12 -58 -20
14 -11 16
16 -39 14
16 56 -5
-10 44 19
-12 -51 18
-2 -57 -23
1 108 5
-8 83 -2
-20 51 -6
-21 -47 -8
-18 -29 13
-22 -6 6
11 -80 -5
21 9 -6
-14 -66 -18
20 21 7
11 28 19
22 -27 2
-18 49 10
-23 10 2
18 -72 -14
-6 123 -2
19 -38 10
-23 -21 2
-13 -35 18
-13 40 18
-21 33 -9
-19 -62 -13
3 59 13
-7 83 4
18 -80 -13
12 15 18
8 75 -3
-7 78 4
12 9 -19
-20 52 2
14 43 16
-12 -15 -19
-8 -64 20
9 -65 20
-12 42 -19
7 98 1
14 52 -13
21 -52 -8
19 1 11
18 -74 12
17 -39 -14
-22 3 -7
21 -18 5
-22 -36 3
-11 36 -20
18 -66 -13
10 -75 19
18 6 -14
9 -59 20
1 -4 22
-5 5 21
-21 18 -10
4 -67 21
20 -56 9
8 49 18
-13 28 -19
12 -37 18
20 -47 8
-2 69 -10
-6 90 4
1 -27 22
9 69 -2
5 121 1
-3 39 21
13 56 10
5 75 -7
1 121 5
-2 -80 17
2 31 -23
6 -75 -22
17 -8 13
-9 63 7
0 28 22
-21 -21 8
-9 -25 20
18 19 12
10 62 5
-3 5 -23
15 25 -17
-10 -80 6
-7 -77 21
-6 0 21
-5 100 5
0 46 -22
-10 10 -21
-15 -1 -18
-2 -36 22
-8 -52 -21
12 -30 18
3 53 18
-1 46 21
21 -25 -5
-23 -25 1
-23 -34 -3
2 94 7
-3 114 4
-3 38 -23
-15 -62 16
1 3 22
12 38 18
9 22 -21
-16 -46 15
7 14 -22
22 2 -2
0 81 7
-14 -80 -2
-2 -46 -23
0 101 7
21 -65 5
2 -80 12
13 -80 5
-18 36 -14
-18 -42 -14
10 -80 15
20 -4 -9
-4 76 -8
-17 40 -15
12 -22 18
5 -21 21
-2 -52 -23
-20 -16 10
19 -53 -11
22 -5 -3
-21 24 8
-18 36 12
11 -39 -20
1 50 -21
13 2 -18
-18 -70 12
15 -32 -17
0 -40 22
7 -80 -7
21 45 3
20 -34 8
-10 -80 15
-23 -14 2
-21 41 9
10 -5 19
13 -57 17
1 10 22
13 25 17
-4 84 -7
-9 -54 20
16 -2 -15
-20 20 10
2 -14 21
-22 -68 6
-8 -74 -21
-19 -21 -13
-19 26 -13
-9 78 -2
13 -77 -18
-4 55 17
1 -60 -23
4 28 21
5 -35 -22
6 102 -4
-21 -42 8
20 50 3
-15 -58 16
1 -47 22
21 -69 -7
-19 -5 -13
-7 74 -7
22 35 -3
-13 -10 -19
17 50 10
21 -35 -7
-22 -10 6
-22 -27 6
-12 53 15
-2 -76 -23
-22 -25 -7
-9 70 2
21 34 -7
-8 -21 -22
-21 13 -9
-4 94 6
-2 0 -23
-23 -8 -1
-23 -71 -1
-22 -76 6
-21 -61 -9
5 -58 -22
-16 54 9
0 92 -8
-21 38 -9
-12 0 19
-21 -6 -9
-10 -80 -15
21 -40 7
-8 33 21
7 69 4
-8 -38 20
13 -80 -12
5 -52 -22
2 -66 -23
-2 -44 22
-12 3 -20
-20 -34 -11
6 101 4
-5 66 -10
0 104 -8
12 -34 -19
-14 32 -18
-13 -3 18
7 85 0
-13 -30 17
-20 -33 11
-12 58 8
-22 -10 -7
-13 24 -19
-10 -61 20
-17 5 15
21 18 -6
12 58 -7
15 -16 -17
5 69 -8
-16 48 -14
22 -38 1
7 -2 20
0 8 -23
6 94 3
-2 67 9
13 -72 17
21 6 6
0 23 -23
7 -13 20
-4 -63 21
-22 47 -1
-3 25 22
-2 74 8
5 66 8
17 -30 13
-22 -58 4
6 -70 21
18 34 -13
-17 14 -16
21 -57 4
-8 21 20
6 4 21
-7 69 6
-2 12 22
20 -70 8
-21 -33 7
21 -30 -6
12 46 17
-9 -8 20
-21 -59 8
-7 8 -22
-17 43 14
-18 3 -14
-9 60 -10
-22 29 5
-5 -15 21
-20 2 9
-3 -11 21
-8 30 -22
5 20 21
17 -76 -14
21 -45 -7
4 -79 21
22 -45 0
-7 -80 -7
7 -80 5
-8 -80 2
6 -65 -22
22 27 0
4 41 -23
-10 36 19
14 8 17
7 -28 20
21 -78 5
5 -40 21
15 32 15
1 -56 22
15 57 4
-9 -34 -21
-23 27 -2
-16 -24 -17
-13 -7 18
9 58 -12
4 114 -4
6 -35 21
22 -58 0
22 -51 1
-4 -60 -23
-23 -62 2
19 -46 -12
-5 127 2
14 36 -18
-17 -80 -13
5 96 -6
9 -46 -21
-7 -31 21
1 -80 -3
-13 -19 -19
17 -80 0
-14 -52 -18
-5 17 -22
-4 -68 -23
-18 -71 -14
3 47 -22
-17 -10 -15
-9 48 -20
15 -79 15
18 46 -12
6 106 -5
-4 -39 -23
4 16 -23
-10 66 -1
