17 -17 -32
-8 126 13
-18 -102 31
-18 38 32
15 67 -33
16 -90 -33
2 -33 36
-35 -55 -13
35 24 8
-27 26 -26
21 79 23
-33 78 -4
30 -77 19
-35 -10 11
-29 -103 -18
35 -34 6
15 104 -13
18 25 -32
-25 -16 -28
-3 -52 -37
-25 -62 27
10 8 34
-16 76 29
7 -101 1
31 -61 -18
18 44 31
36 60 -4
-37 43 3
-19 60 -32
-18 106 -12
-36 -86 9
13 -100 33
35 -5 -6
-14 -81 -34
7 -64 35
-20 8 31
35 -95 -10
-3 3 -37
-1 98 16
26 -14 24
-25 -33 27
-37 15 -2
-5 87 -28
18 121 8
-1 126 -18
-6 38 -37
24 -46 26
-37 -34 3
-4 -104 -26
27 81 -14
33 36 -15
29 -36 -22
30 -103 15
-33 64 16
-5 -27 -37
6 65 35
-33 -80 -18
-20 -103 7
-24 -42 -29
-5 -10 36
14 -67 -34
27 5 -24
-5 -83 36
-23 90 12
-32 47 -19
35 -60 4
20 93 6
32 45 15
-31 4 -21
-31 22 19
30 7 20
-36 -61 8
-36 -15 -9
2 31 36
17 46 -33
-17 126 -6
-24 79 -23
-20 110 8
-26 -82 26
13 -39 -34
-24 -65 -29
25 25 25
-24 -13 27
-12 56 34
-11 -51 35
32 77 5
-3 -102 18
14 -104 -17
2 83 30
29 55 -22
-34 -32 -16
35 -76 -6
35 14 -10
-1 58 -37
16 -81 32
28 -80 -23
27 60 24
-12 20 -35
-1 105 -21
16 122 -11
-37 -102 -1
-31 41 20
-9 -101 -9
33 -21 -14
11 -17 34
13 84 -26
5 116 19
-37 60 -1
35 -45 -7
-32 -46 18
35 -17 8
13 9 -34
-36 32 -10
-32 -100 18
-5 16 36
-21 -96 -31
22 -52 -29
18 -32 31
14 -104 17
4 127 0
10 -47 34
23 -104 -2
-32 65 -19
23 -63 27
-11 -68 34
-23 92 -4
-3 -69 -37
-22 42 -30
-19 3 -32
-37 -75 -3
-34 6 14
-3 -102 35
1 -91 -37
-11 -13 -36
27 -98 -24
-5 73 -35
25 -92 25
-14 -24 33
35 -90 6
36 41 0
3 22 -37
29 -29 21
-16 91 -18
12 91 19
-34 -26 15
-25 56 27
-33 -72 17
33 -48 14
15 107 12
29 -9 -22
-20 23 31
4 49 36
-37 1 -6
4 -15 -37
-19 -29 -32
9 -103 -33
35 2 7
20 -2 30
-37 28 4
-13 89 22
13 22 33
34 60 11
-10 112 18
-37 -49 -1
28 24 -23
-36 -93 -12
-10 115 -19
-30 77 15
27 70 -22
-6 -101 5
-12 -37 34
25 37 -26
-34 17 -16
-22 -104 -6
20 92 -9
-3 3 36
-11 -42 -36
7 37 -36
-37 -21 4
26 -24 -25
-22 -47 29
19 -3 -31
-18 -53 -33
7 94 -19
20 110 0
-11 50 -36
31 -64 17
-15 100 15
-25 -78 -28
11 -53 -35
-29 -2 22
35 27 -5
-16 -104 -21
8 -27 -36
-25 13 -28
18 68 30
-33 -66 -19
27 38 23
-5 73 34
35 -31 -7
-8 -100 -36
6 -80 -36
35 48 -10
22 11 28
9 116 -19
-16 -4 33
35 -73 6
-35 53 11
31 -5 17
6 -90 35
2 -101 -14
-16 -104 19
-17 73 -31
8 -5 35
-17 -90 32
0 -40 -37
-20 122 6
-32 -8 -20
34 70 -10
25 -64 -27
18 -78 -32
-33 -44 -18
4 127 13
-29 -56 -23
6 77 -33
-10 30 35
36 -101 1
-28 -89 -25
-21 114 -5
-36 70 6
-32 -58 18
26 83 13
-16 32 -34
-33 -21 -19
11 55 -35
-19 65 31
-29 85 4
30 -48 -21
15 57 33
27 86 -2
-7 127 1
-28 56 -25
-27 32 25
-22 83 21
32 1 -16
28 -104 -13
2 -75 36
-37 47 -8
16 33 32
31 72 15
21 56 -30
34 35 10
-29 10 23
-18 100 2
-36 17 9
-27 71 23
9 -5 -36
-37 -26 -7
-1 -23 36
-32 -87 19
-2 -57 36
36 -19 -3
-31 34 -20
-36 58 -12
0 -44 36
20 -31 -30
36 15 1
-9 43 35
21 15 -30
-28 -32 -25
33 -85 -15
-37 -64 -4
12 79 29
18 -103 7
-15 83 -27
20 -21 30
35 -58 -8
35 -48 3
-14 -68 -35
-36 -39 -9
24 -74 27
15 -57 32
31 20 18
4 -101 11
36 51 3
-35 34 13
-37 -89 -2
-35 -36 13
29 -55 21
5 -104 28
-7 98 -16
-23 -72 28
-28 83 -14
22 79 -23
32 -89 16
-35 69 -10
-37 -2 4
18 -102 -29
24 -103 23
26 50 24
-25 -5 -28
7 106 19
1 91 23
31 -38 18
-19 48 31
-3 127 -8
-10 64 -36
34 12 11
16 126 0
-25 67 -27
-3 -7 -37
-26 -92 26
35 5 -5
-1 57 36
-30 -104 9
25 47 -26
-32 -17 18
-8 82 29
-9 -105 26
36 -87 -4
-36 -50 10
-13 125 -14
5 66 -36
7 127 -11
-23 -23 28
-5 13 -37
31 -19 18
9 40 35
4 48 -37
30 14 -21
35 67 3
9 -26 35
14 -101 -8
19 102 -5
12 98 11
-15 97 -10
-10 -59 -36
34 58 -13
-6 27 -37
31 -71 -19
22 -43 -29
-15 -14 33
-36 -83 -9
16 34 -33
4 19 36
-37 -11 -1
-3 122 20
-11 7 35
-37 23 -7
17 113 -10
6 -64 -36
-33 -103 -10
0 115 -21
33 -11 -13
17 89 -19
-36 -74 8
6 -104 -23
-5 -93 36
-35 -95 11
-21 -87 -31
8 107 -19
-36 10 -10
-12 -91 -35
19 -11 30
31 54 18
-27 47 25
-20 24 -32
18 -90 31
12 -73 34
36 -7 3
36 -66 -4
6 74 33
-12 -22 -35
-26 -102 25
-17 12 -33
-13 -77 34
31 79 -4
16 -41 32
-2 109 20
-11 -1 -36
10 28 -36
16 75 -30
-33 26 -17
23 65 -28
4 10 -37
-5 -84 -37
34 -80 11
-31 56 20
27 -1 24
5 88 -27
-3 -67 36
3 -12 36
-14 41 -34
12 118 15
28 -88 -23
12 17 -35
-20 -38 31
-19 51 -32
-19 -57 31
-28 -53 24
-15 118 14
33 -57 12
35 -26 9
-37 7 1
28 -104 5
32 28 16
33 26 -13
-34 -1 -15
-35 40 -14
33 -40 -15
23 -37 27
-10 -101 13
-28 -42 24
-25 -104 16
23 -104 -20
-1 -101 -2
30 41 -20
20 119 -2
-1 94 -21
-26 -101 -27
11 127 7
-24 1 28
-37 39 -5
10 -35 34
-35 42 11
-21 105 -4
-24 34 -29
24 -14 -28
14 -104 26
-26 4 -27
-17 -7 -33
-8 -102 -18
16 -59 -33
10 86 26
36 32 2
7 -55 35
20 5 -30
1 -102 -36
-34 -80 15
33 -52 -13
23 -83 27
-16 -103 -30
-11 -60 35
20 87 18
-18 -103 -13
5 2 -37
24 -73 -28
-37 -42 6
-23 16 28
-29 -75 23
13 97 -11
17 -67 32
-35 -70 -12
-36 -47 -9
-25 -24 -28
33 -29 -15
-37 -81 1
-8 102 19
8 -45 -36
-18 115 -12
35 36 -7
-23 92 4
-33 14 17
0 41 36
-18 -17 -33
31 -94 -18
35 -98 10
10 -94 -36
-35 25 12
-29 -72 -24
-29 18 -23
22 -86 -29
-12 -34 -35
-9 -75 -36
-31 -96 -20
-8 80 -31
-26 47 -27
-20 -72 -32
-25 -104 1
-32 76 -12
0 -5 36
-34 -3 15
-4 46 -37
-8 -18 35
19 101 3
15 -24 -33
24 28 -28
-28 63 23
-29 74 -20
-13 -101 1
-9 105 -19
33 -31 14
-37 53 3
21 -104 -10
-10 -102 34
-6 50 36
26 87 6
-5 -18 -37
26 18 25
5 -100 36
-12 67 34
29 -17 -21
21 -104 14
34 -102 -6
-28 40 -25
-2 66 36
22 -55 28
31 64 -18
-35 -18 11
7 -81 35
-31 -37 20
-29 -47 -24
18 -48 31
-3 126 8
23 72 25
-5 36 36
2 -31 -37
29 31 -22
-22 86 -20
34 -71 -12
0 82 -31
-27 23 25
-32 -9 19
21 -100 29
21 -95 -30
34 -64 10
2 -23 -37
3 31 -37
-6 -28 36
7 57 35
-11 -49 -36
22 34 28
-37 60 6
21 93 -1
-24 -55 -29
-28 86 -4
-16 93 16
4 -56 -37
35 -41 9
-19 -66 31
-33 78 6
6 123 -19
-13 127 8
-36 -7 -11
-5 -74 36
-7 122 -20
-30 -39 -23
28 -69 22
34 52 10
-33 55 -18
15 14 33
17 5 32
32 19 -16
-31 -65 21
36 -29 -1
4 -103 21
35 -83 4
34 -10 12
17 -47 -32
-21 121 -2
32 38 17
-16 14 33
-22 30 29
-2 25 36
20 25 30
-16 -46 33
31 63 18
-32 -88 -19
30 75 -14
-37 36 6
31 49 -19
12 -12 -35
24 -27 26
30 -45 20
-8 -2 35
33 8 -14
27 78 17
-36 -29 8
23 44 27
6 2 35
9 32 35
-15 83 26
-5 -38 36
12 47 34
12 -83 -35
-30 -14 -22
-16 -31 33
-22 90 -14
12 -75 -35
-36 71 -3
36 -11 -2
5 94 19
36 -55 -1
-37 -96 -5
20 51 30
-20 -37 -32
35 44 6
-37 -54 4
-16 96 9
-37 -69 3
16 84 24
-33 -52 -19
-2 -105 27
-30 -24 21
21 -23 -30
28 -85 22
0 9 36
-29 -82 -24
12 2 -34
-7 95 17
17 114 11
9 -34 -36
1 99 -17
-37 -40 -2
-32 49 19
13 111 -16
-26 84 14
29 -95 20
36 -94 -3
-4 -62 -37
9 -19 -36
-33 -59 -18
27 -2 -24
32 -78 -16
33 4 14
-24 -6 28
-31 11 -22
-19 58 31
-37 -95 3
34 73 -1
-16 111 14
-22 -104 -19
-33 71 14
33 68 10
24 -7 -27
-19 -47 -32
27 -21 23
-23 76 25
18 -74 31
-6 -37 -37
28 -54 -23
-17 126 1
-37 -20 -4
17 -101 1
-5 89 24
-26 -105 -12
-37 -14 6
-14 57 -34
-7 61 35
-36 -102 6
36 -42 -1
-35 -62 -12
8 100 -16
23 4 27
-18 121 -12
-20 -84 30
23 -8 27
24 21 -28
23 87 -15
25 -34 -26
13 -105 -25
-9 -43 35
-5 -94 -37
35 -24 -8
-37 11 7
11 46 -35
-21 114 3
-1 65 -37
-10 9 -36
-13 48 34
-37 32 -2
36 22 -1
21 62 28
-31 -93 21
-35 -66 11
14 72 31
-16 67 -33
0 -102 -20
-14 109 -16
35 57 5
12 64 33
22 72 -27
-3 -78 -37
16 -26 32
27 85 -9
30 -12 19
-29 -62 -24
17 -9 -32
11 -101 9
9 127 -5
-15 -101 -7
17 93 12
-37 -33 -7
-32 3 19
26 59 -26
12 122 -16
-9 119 18
8 15 35
-35 -26 -14
-19 79 -27
-36 -77 -10
30 13 19
13 -1 33
12 102 16
34 42 -11
-26 38 26
12 -93 34
-27 -69 25
7 -41 35
-24 73 -26
-20 102 8
-9 127 -5
-30 -81 21
4 123 19
-10 89 -25
32 -5 -17
34 -63 -12
-16 -60 -34
-11 73 32
11 124 15
-20 -79 -32
-15 100 -15
-3 115 20
-37 -28 1
-37 -54 -7
36 -77 0
11 71 -34
-14 -96 34
35 64 -9
2 71 -35
14 -31 -34
35 -23 3
-23 56 -29
-22 -11 -30
-32 32 19
31 -100 -19
-11 -86 35
36 50 -4
35 -82 -7
16 60 -33
0 40 -37
6 -87 -36
-37 52 -3
-30 -26 -23
-3 -101 -10
-14 22 33
-7 55 -36
29 33 20
5 127 7
15 -97 -33
35 -15 -7
-30 -104 -2
-3 -45 -37
36 -66 3
-7 -104 -31
-37 22 5
-37 -58 -1
20 18 29
-19 116 9
29 -66 -22
19 40 -31
26 11 24
-21 106 3
-36 2 9
-9 -7 -36
-17 98 -4
-29 -14 23
-35 -99 -14
-24 62 28
-3 19 -37
-29 -3 -24
8 83 -30
-12 38 34
28 -104 -7
33 -100 -14
-13 27 -35
-15 -97 -34
19 108 -7
5 100 16
35 -37 -5
11 -62 -35
35 -52 -7
16 53 -33
28 71 20
-19 -101 1
-34 10 -16
-33 70 -16
26 -32 24
-37 7 -5
-35 51 -13
-17 -104 25
17 96 -6
-17 -72 32
7 60 -36
-33 -52 17
-33 -74 -19
31 -83 17
-21 -30 30
14 93 -16
26 78 -19
35 -51 8
8 24 35
-33 -14 -17
1 103 20
-14 2 33
29 80 10
19 112 5
-31 82 -9
-35 -43 12
-19 -19 31
-28 -96 -25
34 -71 11
21 -69 28
2 -49 -37
28 44 22
-34 47 14
-10 93 -21
30 -28 -20
-37 -7 -5
14 -9 33
-14 119 -16
-28 -9 -25
26 -48 -25
36 -16 2
-20 -9 31
-17 32 32
-1 126 16
11 -85 34
28 -39 22
35 44 -6
17 96 2
9 -101 -16
7 -69 -36
-7 -101 -1
2 126 -13
-26 79 19
-35 -87 -14
0 -80 36
0 71 35
8 -101 16
-17 -103 13
-18 37 -33
26 -98 25
-16 88 -23
-14 106 15
1 -83 -37
-14 78 -30
-18 -52 32
31 69 -17
-31 69 19
23 56 27
24 -79 -27
27 -79 23
-20 -104 -25
36 2 1
1 -104 -30
4 -69 36
4 -74 -37
6 -39 -36
-21 18 -31
31 -55 -18
18 84 -23
-28 32 -25
25 53 -26
-24 -98 28
-21 -77 30
35 19 -6
-33 -63 16
5 -22 35
30 0 19
-30 -32 22
-5 109 -21
-32 81 0
-31 42 -21
-3 78 32
-37 -7 6
33 -16 13
8 -101 -5
-1 127 -1
-1 52 -37
-1 -17 36
-29 18 22
21 33 -30
19 -104 20
-28 -59 23
9 -104 23
-21 69 -30
31 -59 18
-1 -88 36
16 125 -6
30 49 19
-24 68 27
-36 -80 9
25 -59 -27
20 39 30
20 50 -30
35 10 6
35 -88 -9
8 82 29
-37 -63 3
24 -91 -27
35 17 6
5 102 -21
18 -84 -32
-36 62 -9
34 29 11
18 -73 -32
17 -52 -32
-9 31 -36
-37 66 0
27 -8 23
-36 -21 -10
29 26 20
30 82 0
-8 24 35
31 -51 18
26 -60 24
-14 62 33
9 22 -36
-35 58 13
11 78 -31
-30 60 -22
-36 -55 10
-3 -49 36
4 -97 -37
13 111 15
34 -4 -11
36 -61 -1
26 -40 -25
23 2 -28
-13 4 -35
-12 -101 -14
-34 -101 13
-35 6 -13
18 -36 -32
-27 86 9
14 -52 33
-24 -29 -29
20 -66 -30
-20 -94 30
-26 -19 26
-3 94 20
-20 -23 -32
-29 -48 22
-16 52 33
34 41 11
-37 -90 5
32 -70 17
30 80 -9
-12 -10 34
0 15 36
24 66 26
34 -1 11
-25 89 -8
19 107 5
30 9 -21
-22 -89 29
-23 51 28
2 -95 36
35 55 -7
-8 43 -36
-22 7 -30
31 24 -18
-24 -92 -28
36 -36 1
35 -96 4
15 99 6
28 -50 22
27 17 -25
18 -104 -24
3 -101 4
34 20 11
23 -17 27
-24 -52 28
-31 -104 3
-9 -104 21
0 77 -34
12 28 33
23 -104 8
27 65 -24
-36 -23 9
-25 -104 7
12 -89 -35
-5 -101 12
1 -62 36
10 88 -24
-36 47 9
5 55 -37
9 114 18
2 -4 -37
-4 45 36
16 -103 12
33 53 -15
-35 -37 -13
33 -91 -14
-28 -87 24
-6 60 -37
35 37 4
-11 -28 -36
-19 89 17
22 -88 28
-24 -49 -29
18 118 -8
-21 -2 -31
-2 121 -21
13 39 -34
-25 11 27
-37 48 1
2 -101 16
-31 -35 -20
34 72 5
-11 75 -33
-13 124 15
-16 -41 -34
25 -104 17
24 90 -7
34 -89 11
-35 -50 -13
-20 29 -31
-13 95 -15
-16 71 31
13 -62 33
-21 72 28
32 -67 -16
