103 114 99
135 255 135
154 38 154
156 167 153
100 38 103
104 189 104
128 102 165
161 86 110
98 151 149
152 146 99
102 54 155
152 207 118
114 200 152
152 38 100
163 123 139
92 95 139
121 75 91
157 79 150
111 226 120
95 151 110
132 140 164
139 181 93
141 112 92
127 38 127
164 174 118
93 71 113
165 56 126
137 223 144
124 171 165
92 180 136
130 70 165
121 153 91
91 126 131
106 122 158
91 38 132
151 196 146
127 39 165
161 121 110
125 45 90
125 208 102
138 234 117
146 65 95
165 150 132
107 83 158
152 103 155
101 203 125
165 96 133
93 97 114
92 69 138
155 142 153
122 127 90
141 88 92
104 177 156
115 243 136
149 38 131
121 101 91
115 220 143
106 60 97
92 172 115
134 190 159
113 38 146
106 168 97
147 58 160
145 123 161
122 252 118
104 135 99
105 89 98
91 155 130
114 150 162
165 76 130
153 190 108
162 182 136
153 167 100
164 38 116
135 38 146
120 183 93
143 87 161
133 38 108
92 51 117
156 103 103
104 102 156
163 140 114
161 55 145
160 62 108
107 38 120
142 157 161
124 122 164
94 126 112
141 132 93
94 114 144
137 163 91
96 133 147
150 211 136
134 207 152
109 206 110
142 175 162
125 225 109
118 54 164
101 194 142
90 82 126
164 106 118
142 203 104
91 111 122
93 52 141
136 238 137
95 189 119
159 193 123
141 49 93
164 166 139
91 140 121
123 87 164
163 38 139
117 38 103
98 39 149
94 165 143
145 226 130
140 218 110
161 158 111
147 38 115
131 194 97
161 108 144
151 121 98
96 81 147
165 128 125
116 186 159
152 80 99
106 138 158
105 153 98
110 67 160
153 182 153
112 40 161
141 39 162
138 249 122
134 146 90
106 216 131
132 65 90
105 162 156
160 154 147
116 196 100
101 74 101
159 93 147
127 155 165
123 233 142
105 38 134
156 128 152
133 55 164
112 47 94
141 108 162
119 238 118
127 88 90
145 72 161
108 208 143
116 109 163
118 168 91
127 114 90
163 138 139
152 53 99
92 38 118
117 255 130
90 64 125
117 140 91
121 58 91
163 67 139
159 177 106
165 111 131
91 144 137
95 83 109
101 101 101
165 90 121
90 169 130
98 51 105
163 74 114
135 38 95
146 100 94
155 134 102
165 163 126
126 217 149
114 116 93
118 138 164
144 136 161
156 64 152
97 65 149
94 109 110
161 49 110
112 95 161
156 200 133
113 229 134
130 242 113
98 164 105
134 99 90
119 38 117
96 139 108
124 38 140
106 189 152
154 116 154
144 191 100
97 177 105
165 43 127
117 162 163
91 106 133
145 206 147
153 91 100
97 193 131
123 38 154
163 84 138
116 216 109
129 176 90
137 38 132
152 156 155
145 191 155
99 93 151
113 174 162
147 219 120
106 213 119
106 180 98
110 70 94
146 156 95
142 76 93
118 74 164
133 81 164
164 151 119
152 92 156
116 85 92
90 94 127
161 175 146
127 243 140
90 49 128
125 199 156
101 198 115
110 102 94
96 103 147
139 97 163
135 127 164
97 62 106
155 50 153
165 118 122
95 178 147
100 125 102
155 69 101
162 96 112
110 127 94
146 38 144
130 113 165
164 50 136
135 121 91
132 180 163
117 210 149
116 38 133
91 80 137
131 54 90
147 147 160
165 140 128
145 170 94
165 66 122
165 175 128
124 254 138
150 200 110
93 159 116
91 181 125
101 114 153
143 243 130
114 127 162
135 164 164
132 76 90
118 38 92
161 185 117
107 38 109
150 111 98
154 156 101
146 47 160
128 136 90
158 144 106
149 179 97
142 38 105
101 202 135
156 38 124
122 64 164
158 191 139
99 38 126
130 255 126
159 38 107
98 124 149
148 166 159
91 122 121
164 56 116
136 210 105
143 144 93
150 80 158
104 151 156
117 246 124
107 38 96
91 58 133
104 74 156
137 38 118
99 142 151
94 43 110
133 38 157
93 153 141
128 162 90
153 208 128
109 50 160
162 131 113
131 91 165
161 168 109
93 126 140
125 38 99
104 43 156
109 144 95
99 170 151
93 43 140
139 199 154
91 87 118
165 81 121
112 161 94
113 234 125
99 92 104
125 187 161
155 38 144
131 254 117
113 188 97
129 225 145
159 113 107
106 198 107
96 118 107
129 185 93
102 145 100
143 215 143
159 135 147
136 46 164
144 38 94
125 49 165
91 151 121
140 184 160
117 208 105
158 184 145
104 46 99
140 62 163
134 228 112
160 144 146
125 216 106
150 175 158
139 59 92
97 185 111
159 76 107
165 87 130
107 111 159
91 73 123
149 138 97
125 234 113
98 161 149
164 164 117
162 75 143
144 210 109
140 230 137
143 38 154
142 235 125
97 51 149
150 216 127
160 163 147
160 116 146
165 99 124
134 201 100
143 122 93
91 101 123
165 65 131
91 114 136
90 134 128
98 186 145
116 224 113
153 72 155
91 166 122
106 200 146
136 151 164
137 118 164
151 203 141
144 38 124
92 116 115
155 45 102
145 222 137
92 136 139
125 133 165
99 155 103
124 145 90
122 179 164
161 188 130
106 80 97
123 192 96
100 82 102
147 98 160
165 130 134
100 38 115
148 112 159
156 201 124
105 38 145
119 109 91
115 38 125
141 226 116
91 131 120
129 38 117
158 38 132
104 63 156
101 130 154
161 150 111
95 89 145
161 44 144
93 60 142
122 95 164
156 194 115
165 120 132
127 146 165
92 60 117
164 58 136
121 66 91
125 207 153
95 72 145
101 82 153
114 176 92
135 216 148
117 46 163
158 103 149
109 224 130
133 155 90
115 84 162
164 46 118
156 125 103
94 145 144
134 246 136
116 95 92
138 242 118
150 130 98
92 79 117
139 254 128
141 53 162
141 78 162
162 100 142
137 174 91
163 158 138
92 161 135
91 171 138
90 144 128
124 38 107
110 38 154
108 120 96
163 65 114
93 180 116
125 77 165
93 144 114
150 186 102
161 106 110
137 139 91
133 109 90
133 172 164
164 182 125
148 130 159
109 216 139
164 114 138
149 72 97
125 163 164
164 174 137
141 144 162
104 90 156
99 109 103
128 38 90
146 55 95
113 59 93
94 56 110
110 103 160
163 147 139
123 244 116
112 153 94
134 131 90
152 62 99
147 92 95
90 41 125
93 185 131
159 69 147
109 184 157
93 136 114
110 136 94
112 193 155
117 235 136
118 118 164
138 190 96
119 38 163
148 163 96
121 248 136
112 57 161
131 234 141
160 137 108
160 85 147
112 143 161
99 72 151
163 92 139
157 162 105
122 201 100
154 85 154
159 184 110
96 189 138
104 67 99
149 38 108
140 38 139
153 58 155
130 38 134
134 38 125
153 188 149
110 219 116
150 46 97
132 219 107
133 44 90
112 75 161
118 49 91
97 74 107
108 131 159
92 104 116
109 168 160
164 124 117
157 149 151
163 112 114
117 228 140
138 70 91
108 219 123
91 88 137
152 99 99
152 123 156
123 108 164
117 102 163
121 193 158
111 117 161
116 132 92
120 154 164
132 168 90
164 103 136
98 58 150
104 211 125
98 131 105
90 116 127
158 54 106
154 135 154
102 173 100
112 157 161
150 38 138
98 38 136
91 57 124
96 101 108
148 39 159
150 66 157
146 82 95
160 69 109
165 137 122
128 121 90
154 174 100
134 87 90
94 167 111
139 103 92
107 38 127
91 70 131
104 53 99
161 62 145
134 38 164
109 193 102
102 161 101
101 192 111
163 81 114
112 202 105
140 150 92
90 174 124
156 176 153
141 166 162
138 196 99
146 115 95
147 214 115
159 93 107
125 58 165
124 81 90
140 95 92
158 153 106
127 70 90
127 97 90
127 105 90
131 200 156
138 69 163
134 106 164
152 44 156
100 182 150
156 118 103
132 235 114
154 197 140
156 97 152
103 204 118
162 179 114
112 38 139
118 231 115
116 38 111
124 255 131
121 176 90
104 209 135
165 168 132
146 197 104
165 156 128
122 223 145
118 255 123
163 130 141
147 184 157
155 109 153
125 170 90
136 134 164
137 81 91
156 160 151
110 213 113
115 78 92
104 95 98
112 206 148
119 205 152
133 246 118
165 145 122
131 62 165
128 38 149
155 84 102
94 91 110
105 105 98
150 141 158
157 44 150
96 159 109
101 59 101
95 45 146
109 112 95
101 181 102
165 38 132
159 123 148
146 199 149
139 212 148
98 38 143
98 147 105
130 251 138
142 130 162
154 180 102
142 243 123
119 161 91
127 62 90
117 248 131
93 101 141
116 62 163
131 93 90
104 194 147
109 178 160
91 150 133
115 238 131
99 45 151
140 205 151
164 74 136
158 194 131
118 216 147
116 38 157
95 171 146
91 44 119
111 168 94
91 99 133
110 38 103
115 38 98
144 184 96
157 57 150
153 38 118
133 38 140
131 38 101
140 38 112
146 105 160
120 243 140
94 121 144
145 226 121
115 124 92
135 228 142
139 248 129
164 38 123
101 156 153
98 198 127
91 94 119
134 158 164
91 163 128
99 198 121
127 193 159
149 206 113
155 142 101
113 215 144
153 206 135
165 169 125
109 54 95
97 193 124
134 242 141
148 220 132
103 144 155
142 233 132
99 46 103
142 150 162
110 86 94
159 100 107
113 182 95
165 72 124
165 112 124
91 120 132
105 129 98
96 171 107
150 53 157
96 38 109
147 106 95
91 175 133
139 43 92
159 128 107
96 96 147
100 167 101
152 149 156
146 179 160
94 77 111
117 144 163
91 157 124
113 243 129
143 115 161
143 176 93
128 200 99
93 64 113
148 154 159
137 86 164
94 176 111
130 212 151
154 201 118
150 85 98
164 97 118
143 38 133
137 38 152
104 38 152
123 38 134
165 136 133
119 38 148
125 140 165
116 243 119
99 196 135
163 153 141
118 170 164
164 44 137
140 243 135
165 49 128
134 75 164
148 160 158
91 88 124
148 150 96
90 109 128
91 45 133
165 59 121
151 212 123
137 255 123
91 65 119
117 68 163
135 50 91
109 195 151
101 120 154
155 192 144
107 186 100
128 249 116
113 108 93
111 229 127
91 88 131
143 161 94
120 220 108
154 38 112
134 179 91
101 136 154
99 139 103
113 65 93
100 119 102
128 127 90
122 121 90
125 38 121
125 255 123
112 137 161
122 133 90
136 112 164
139 193 157
111 38 114
146 38 100
148 38 150
117 132 163
129 86 165
140 118 92
93 77 142
95 182 141
106 58 158
162 171 142
94 187 125
105 202 112
131 140 90
165 106 127
158 171 105
132 122 164
152 105 99
100 164 153
130 213 104
91 63 137
106 208 115
164 181 131
129 168 165
147 91 160
114 121 162
93 83 142
158 50 149
95 158 144
123 212 151
130 82 90
94 138 143
111 92 94
107 174 96
130 220 147
115 179 162
112 41 94
96 68 108
139 123 163
93 175 142
99 67 103
121 212 105
106 173 158
148 210 142
91 139 132
103 200 141
165 51 123
117 92 163
147 222 126
93 118 140
122 43 164
160 128 146
138 156 92
119 115 91
149 174 96
123 93 90
123 140 90
122 238 139
102 205 130
141 46 162
106 38 158
156 97 103
156 111 103
157 119 151
162 173 112
116 78 163
123 71 164
146 127 95
158 179 148
161 43 110
164 179 119
134 99 164
121 229 112
131 186 161
132 207 102
132 116 90
119 254 135
123 53 90
141 225 139
160 39 147
142 101 162
112 163 161
104 205 140
91 132 134
153 162 155
113 147 93
98 194 118
158 112 149
135 223 110
159 169 149
93 150 114
163 116 116
161 188 124
155 77 102
141 91 162
164 143 136
101 149 153
165 94 128
101 68 153
164 86 117
94 51 112
92 38 137
131 50 165
131 132 165
116 103 92
125 151 90
111 224 135
134 145 164
90 128 125
161 180 143
141 64 93
124 181 91
91 93 133
91 63 131
150 195 106
90 101 128
91 75 133
144 70 94
144 59 94
104 184 154
106 157 157
142 231 121
163 56 140
114 51 162
157 59 104
110 90 160
94 133 110
98 108 149
108 64 95
116 240 125
94 38 124
97 123 107
157 73 151
106 73 97
145 171 161
152 38 126
124 38 114
137 38 100
140 38 126
159 190 117
121 184 162
164 161 133
145 82 160
91 178 120
147 217 137
115 70 92
91 53 136
101 106 153
99 114 104
101 50 153
91 146 119
91 165 138
161 56 110
146 195 152
113 52 93
97 115 149
94 66 144
136 234 139
137 205 103
157 138 151
140 238 130
137 178 164
93 84 114
151 169 157
128 50 90
119 247 120
146 64 160
104 123 98
161 50 144
164 161 121
165 82 132
108 44 159
98 57 105
111 76 94
146 43 94
118 124 164
140 53 92
165 150 127
98 88 149
164 108 138
163 78 138
90 54 128
154 185 105
118 90 91
157 196 119
129 175 165
124 239 115
139 169 91
99 182 106
148 143 96
122 81 164
101 151 101
152 115 99
160 79 146
163 102 115
152 130 155
131 43 165
106 161 98
125 115 165
101 130 101
150 86 157
157 154 151
118 43 91
97 189 114
109 219 135
120 165 164
95 128 145
137 215 107
163 154 115
123 40 90
94 106 143
161 90 111
156 89 103
165 86 123
154 151 101
109 126 160
101 88 101
148 191 102
156 64 103
145 138 94
157 90 151
134 60 90
122 255 126
127 38 157
123 127 164
142 38 148
103 38 130
102 38 139
107 143 159
109 99 160
100 175 153
119 38 130
159 98 148
106 115 158
148 136 159
105 140 98
148 76 159
116 191 98
107 43 96
96 167 147
150 68 98
142 107 93
128 238 140
102 187 149
93 112 140
161 144 111
93 147 140
163 147 115
120 199 155
