96 102 102
140 254 140
164 156 154
157 50 157
99 186 111
114 106 171
167 103 107
87 52 144
133 50 86
155 162 92
104 166 167
156 204 128
162 101 156
81 140 130
114 215 149
111 145 85
123 225 104
169 58 114
92 57 101
118 63 172
84 94 141
133 95 83
125 55 128
134 141 173
136 183 156
166 140 120
133 190 100
144 130 85
109 243 129
95 132 160
168 174 124
86 170 141
156 77 93
170 75 141
140 84 171
88 158 103
143 224 145
132 253 111
108 79 87
168 128 148
103 215 122
148 229 117
108 187 147
83 79 117
98 84 163
88 129 104
111 172 89
141 112 171
117 116 89
172 107 132
131 50 154
151 55 132
130 166 174
131 159 82
145 50 108
87 112 124
159 181 145
117 55 104
101 55 124
93 109 158
155 185 108
162 126 99
112 204 104
114 130 171
130 73 83
125 239 148
143 208 108
98 60 162
141 61 171
170 80 113
152 107 90
134 205 154
155 139 164
93 151 149
159 73 160
83 72 137
111 55 147
85 172 120
151 166 167
84 121 143
163 158 110
172 157 134
116 150 172
120 84 173
97 191 130
169 55 140
113 60 85
171 121 118
159 58 97
157 120 162
83 58 120
109 99 86
91 79 100
155 144 99
139 175 89
148 196 144
118 178 164
101 127 90
167 89 129
115 241 111
146 246 124
129 140 82
136 114 89
116 186 101
108 228 137
96 144 94
130 98 173
89 144 115
116 254 140
97 175 154
86 157 130
89 95 116
105 204 137
145 149 86
118 198 155
144 64 92
100 171 101
165 144 142
145 98 163
93 75 150
160 188 124
129 123 173
133 237 107
103 119 167
117 50 161
150 219 131
104 150 161
117 254 121
167 129 132
102 159 89
147 89 87
127 207 99
85 137 146
127 224 151
172 72 125
146 55 147
143 152 165
86 114 108
103 50 93
88 127 119
163 114 146
110 225 113
160 92 97
161 172 103
102 69 96
168 91 146
143 129 165
144 237 137
107 73 169
164 167 142
101 200 115
129 72 168
138 223 105
91 94 155
103 50 108
158 50 120
103 98 166
130 52 171
103 114 95
121 87 83
117 158 83
119 129 83
87 86 129
161 65 148
91 69 110
161 70 107
131 55 99
153 199 112
126 180 90
149 174 156
148 211 145
112 50 131
93 162 158
141 50 122
88 108 138
96 183 142
133 55 140
154 87 164
123 106 82
101 90 97
162 116 108
145 74 163
99 50 154
99 55 138
167 144 107
140 174 166
171 102 120
153 121 91
146 183 98
172 158 121
118 50 118
128 153 168
141 50 164
88 60 134
170 51 127
149 50 93
117 166 172
93 177 130
83 149 141
113 240 141
94 120 151
88 159 117
81 101 130
89 50 112
89 91 103
149 60 160
119 118 167
107 135 163
106 228 124
116 94 166
144 77 86
128 252 145
94 61 150
160 178 133
161 169 156
146 196 103
151 133 95
164 140 155
157 50 145
87 123 131
164 92 112
159 85 152
117 50 92
157 190 137
90 172 108
141 103 90
137 242 146
153 210 118
119 71 89
152 108 159
143 163 90
121 55 139
107 180 158
110 212 113
156 131 155
164 130 113
129 194 158
154 150 157
134 50 112
89 82 140
104 216 137
148 185 149
123 141 168
168 169 113
159 82 104
131 84 88
125 169 84
117 229 147
158 50 105
169 103 145
132 125 88
160 112 97
106 193 105
109 85 169
163 179 115
128 60 83
161 154 98
85 160 147
106 52 165
85 50 128
118 213 103
100 70 158
171 121 139
89 140 103
109 136 92
172 143 129
105 108 161
135 216 149
98 155 99
127 150 87
150 234 128
107 200 147
148 218 111
166 67 134
94 143 159
124 212 153
81 149 123
141 254 119
94 184 121
155 102 99
121 185 156
86 103 108
95 119 103
91 102 146
165 156 143
87 75 127
125 245 109
139 243 115
100 205 127
87 112 149
98 135 99
142 160 171
166 61 124
107 181 98
138 195 152
136 200 99
120 50 150
152 174 96
122 194 97
127 117 82
160 62 158
167 166 132
121 96 88
109 64 163
130 83 168
111 90 91
100 100 92
151 204 137
125 107 173
153 68 97
108 157 170
108 143 170
111 235 120
172 83 123
89 84 152
143 140 91
133 215 102
81 166 131
145 119 163
103 194 139
166 77 150
165 70 117
164 55 150
166 112 120
82 130 138
154 152 91
111 254 129
143 254 130
92 130 149
111 153 90
172 96 135
139 55 131
140 102 171
153 156 166
145 139 164
130 175 167
120 74 172
171 84 137
100 60 92
171 135 138
84 133 112
148 97 94
134 132 168
83 106 117
172 116 128
137 151 172
109 123 86
117 178 95
154 162 158
101 169 91
109 55 117
160 50 131
160 60 107
91 85 110
149 55 117
140 122 171
86 67 147
101 80 97
165 135 103
93 165 97
112 246 119
123 130 168
142 232 110
149 228 136
163 110 155
91 110 100
82 69 120
82 91 121
99 98 157
140 55 94
101 123 158
145 114 92
138 72 171
107 68 88
94 176 116
118 230 111
126 50 106
109 50 156
82 134 122
172 132 121
132 231 147
98 55 114
137 62 84
132 55 120
106 110 87
135 106 83
136 150 83
137 168 84
92 167 148
154 94 157
135 91 167
110 125 164
167 150 121
165 163 103
92 66 99
154 196 122
81 115 132
152 223 122
132 116 168
120 143 83
114 78 166
83 118 116
132 61 173
98 193 121
102 159 160
94 148 104
142 55 155
103 169 158
82 66 130
128 184 161
107 50 140
154 128 165
120 159 168
124 56 165
91 55 122
120 246 144
114 106 84
167 149 149
160 123 151
104 91 161
106 146 93
167 78 129
151 178 104
96 120 94
85 63 112
84 151 112
154 141 91
167 50 118
138 92 89
162 98 148
87 141 137
138 50 147
84 166 113
110 174 165
89 138 154
133 182 96
92 175 146
111 162 90
160 137 96
94 50 132
112 192 154
152 214 138
144 246 137
101 178 106
122 254 113
155 186 117
101 182 151
87 162 137
127 55 147
111 114 165
141 205 148
105 77 161
145 182 158
169 110 112
122 96 173
153 60 91
111 57 169
114 206 147
114 196 101
136 57 165
107 210 143
148 84 94
103 86 89
87 76 107
87 133 130
135 143 88
94 95 97
87 100 123
166 108 138
124 56 90
165 130 140
172 148 137
167 173 137
149 109 167
116 55 125
90 60 142
150 146 167
147 238 118
112 222 141
139 70 85
122 136 88
165 93 104
152 69 166
113 247 137
172 94 123
141 158 84
127 50 135
145 85 164
153 80 158
91 143 147
112 163 166
166 162 117
109 60 92
156 100 162
82 124 124
111 103 164
169 63 143
170 151 112
103 208 117
117 69 166
114 139 166
155 120 99
96 86 154
82 92 132
125 168 167
122 237 108
156 165 100
141 137 171
152 210 127
99 151 92
104 222 130
90 125 111
114 129 90
126 202 156
144 92 170
127 131 82
153 67 158
142 190 99
95 50 146
134 50 127
89 170 129
129 50 163
171 60 133
162 174 148
172 166 121
165 89 138
91 88 145
96 73 95
93 164 105
145 50 140
129 101 88
163 93 154
167 153 129
167 125 123
99 199 132
118 51 169
126 50 95
133 228 108
95 77 160
103 50 130
82 83 136
154 191 144
96 153 162
156 178 152
161 162 149
95 85 103
143 232 143
146 160 164
89 154 142
132 104 168
146 55 100
101 142 165
162 67 100
90 178 138
107 74 93
127 145 173
155 142 156
120 63 83
126 66 173
148 169 89
171 163 139
108 50 101
157 117 154
93 127 97
89 157 154
139 123 84
91 53 152
102 140 89
151 192 112
145 72 92
163 82 144
118 79 89
87 141 122
85 53 137
94 116 159
103 118 89
139 77 166
161 55 137
166 87 119
108 234 133
166 153 104
156 55 113
165 51 109
81 159 124
145 109 86
167 106 126
115 92 84
133 58 89
144 173 95
98 108 93
111 50 109
126 115 173
168 67 111
91 126 156
86 77 147
121 218 148
161 106 149
88 84 120
102 67 165
108 93 169
104 193 113
133 133 88
85 129 145
135 65 167
92 58 111
120 55 112
136 167 167
154 197 131
136 78 83
116 222 110
168 121 109
159 73 151
155 86 93
165 100 138
161 178 125
167 98 129
115 167 84
90 109 112
92 70 157
169 135 146
173 162 128
160 141 106
144 65 164
171 66 120
130 222 103
101 139 158
130 174 91
111 151 165
165 76 105
143 154 91
149 241 131
138 86 84
126 50 119
133 67 88
162 139 147
152 203 119
125 135 173
139 55 106
151 55 141
167 138 129
146 169 161
117 122 84
134 177 161
127 80 83
116 50 141
126 216 102
167 121 131
169 135 111
87 95 148
95 50 101
125 199 101
153 111 97
149 50 164
132 111 173
83 114 140
91 154 110
156 56 152
88 89 136
150 206 110
87 98 135
99 53 161
144 217 143
136 248 143
127 94 168
153 55 124
123 154 82
163 55 125
150 134 161
157 75 101
84 90 114
101 189 144
109 204 111
81 152 133
102 211 131
142 106 165
105 55 151
108 185 105
112 134 84
148 148 94
164 121 143
161 148 158
162 168 109
163 73 145
106 220 117
102 198 124
139 50 100
166 84 105
94 63 106
150 50 155
125 177 162
154 156 98
95 85 95
152 94 165
98 60 100
88 121 105
136 208 104
143 97 85
97 103 162
107 123 93
116 180 158
119 175 88
118 55 156
89 74 141
96 141 102
162 98 99
111 65 170
87 60 126
116 142 89
135 50 93
118 171 164
109 54 88
120 52 85
120 113 83
82 80 124
141 201 105
107 130 169
87 120 122
87 106 131
86 145 108
125 124 88
95 180 110
171 143 115
87 164 122
166 119 151
90 116 143
101 132 165
122 192 154
172 72 133
96 156 154
135 156 88
98 183 135
170 114 143
167 69 148
98 111 163
89 75 115
164 133 153
101 187 118
107 97 93
102 50 118
163 148 100
144 192 149
112 55 97
166 79 137
161 81 158
89 67 139
117 57 91
115 101 90
93 97 106
148 203 147
119 236 146
163 172 119
161 146 150
133 254 140
168 163 148
140 139 84
129 165 87
166 105 118
140 50 88
89 67 117
145 79 169
161 128 107
155 128 92
99 57 154
162 57 113
135 55 158
154 50 99
95 105 152
142 147 171
164 100 112
147 185 105
86 147 128
169 162 110
126 75 88
166 76 121
90 137 111
165 117 115
118 137 173
155 198 138
97 160 93
92 152 98
101 79 90
114 248 127
116 64 90
133 244 109
121 164 88
84 86 143
95 169 157
157 183 136
125 87 168
128 76 173
164 50 142
104 58 159
127 158 174
158 156 161
118 150 83
157 192 117
96 136 154
125 101 168
144 50 132
156 50 137
90 162 111
147 124 169
152 92 96
110 55 161
126 186 94
147 159 86
162 162 158
155 113 163
122 78 168
155 86 100
117 125 167
162 107 108
82 144 118
114 197 149
107 82 93
113 185 153
172 114 136
148 50 126
165 117 102
131 145 168
121 205 104
148 56 89
110 228 119
138 229 148
84 106 143
88 123 138
152 58 98
148 59 167
95 175 103
89 178 121
104 104 95
95 114 96
83 56 130
88 134 138
106 84 162
108 110 169
161 185 131
165 147 113
115 74 84
137 249 118
131 198 153
86 149 148
122 148 168
142 225 112
150 135 89
163 80 111
123 254 140
87 152 120
153 70 91
111 232 113
155 56 161
109 55 136
87 60 149
166 153 137
110 237 127
95 74 104
169 87 111
139 184 95
105 174 94
172 133 129
119 113 173
149 160 94
89 166 154
115 121 172
97 55 96
82 74 131
120 249 117
153 184 142
90 118 112
155 171 159
147 91 162
128 94 88
120 50 133
150 222 139
142 175 160
140 50 115
164 140 112
145 132 92
139 76 90
112 240 134
156 130 100
109 216 144
113 83 85
151 227 128
161 90 148
137 140 167
92 136 98
112 215 107
143 213 149
87 78 135
92 55 137
166 64 105
166 95 120
161 161 97
151 79 90
83 157 140
101 125 97
93 105 106
99 134 91
115 158 172
134 50 135
103 125 167
123 100 82
94 68 150
117 60 166
165 168 150
150 50 147
129 55 110
159 89 160
109 116 86
92 63 157
118 184 94
130 218 152
112 108 90
129 139 168
85 55 114
120 207 150
149 223 116
129 161 168
109 194 146
124 72 83
142 83 91
144 188 154
93 184 128
172 142 122
130 197 97
159 88 104
172 84 130
91 92 109
172 124 129
172 128 136
147 133 169
139 195 103
143 218 107
108 241 122
137 52 169
87 164 105
167 114 131
138 149 89
133 157 173
157 105 154
137 128 172
130 246 146
107 158 163
125 64 88
170 69 139
137 96 172
168 50 136
157 63 101
148 103 88
149 144 88
160 105 98
94 132 104
129 113 88
124 55 100
144 246 118
148 113 162
125 162 82
150 143 161
97 55 105
138 222 149
110 55 125
166 177 129
108 129 87
170 93 114
84 143 144
154 171 101
88 60 106
84 124 113
104 152 167
156 103 93
142 238 143
154 78 164
111 197 107
151 74 160
135 50 105
137 55 124
164 64 114
131 187 155
155 50 128
89 103 116
91 148 156
144 55 128
106 70 162
132 121 83
123 163 173
119 144 173
123 152 173
148 213 115
150 217 125
157 171 151
129 247 113
145 169 168
133 55 148
163 58 143
110 158 85
135 129 83
94 161 152
112 72 91
130 132 173
167 142 134
111 218 113
159 102 104
82 107 136
162 70 156
84 170 134
125 85 88
168 141 148
122 50 124
137 158 167
150 50 113
103 57 97
159 70 96
93 113 106
165 84 151
163 120 156
127 55 155
101 189 135
162 50 114
140 201 153
82 113 120
157 177 112
167 117 123
107 221 123
