142 151 92
114 31 163
123 254 145
137 67 90
106 115 160
144 183 162
96 198 115
165 103 135
166 31 129
89 70 125
96 122 105
154 203 111
98 164 153
103 31 99
138 74 165
165 149 132
148 108 95
123 232 108
116 211 150
142 136 163
104 163 97
165 69 118
147 31 96
107 88 95
90 35 136
126 31 129
124 195 92
103 80 157
148 40 160
145 227 137
89 103 132
90 136 137
165 182 134
143 254 118
144 104 162
89 168 123
122 125 89
162 129 111
159 171 106
160 68 147
115 185 163
109 59 94
94 191 144
115 144 164
110 254 120
153 203 146
108 229 132
154 159 155
98 54 152
161 127 145
154 84 100
121 95 165
93 50 110
92 145 114
127 51 166
161 46 109
131 90 89
123 39 89
130 172 89
130 165 166
146 188 95
106 140 95
134 212 105
92 92 112
163 106 113
145 31 118
145 31 140
113 212 109
134 202 159
105 31 121
124 231 147
155 87 154
104 185 98
143 249 139
127 119 166
97 72 105
143 228 115
161 151 110
109 31 143
142 130 92
165 52 134
97 99 151
124 31 108
116 106 91
101 210 130
126 251 108
154 64 100
89 121 124
117 67 165
91 83 139
165 82 134
99 141 153
123 151 89
93 117 144
141 48 92
152 211 129
132 31 166
90 155 139
89 54 133
135 215 146
166 123 128
162 187 114
163 165 141
150 58 158
164 87 117
127 31 147
165 165 123
158 186 149
99 103 101
129 255 128
91 174 140
160 41 147
158 110 150
113 164 163
160 144 148
110 247 136
93 180 111
106 198 154
116 74 91
92 67 144
90 188 128
154 140 99
111 47 162
162 31 113
132 109 90
148 120 160
140 152 164
148 172 95
96 38 150
161 199 131
109 200 100
91 35 116
124 56 89
100 180 155
107 120 95
91 109 115
147 239 125
114 175 92
111 237 117
139 89 164
138 241 111
113 129 163
130 180 166
93 161 110
157 117 104
165 141 120
144 168 162
124 80 166
108 101 161
153 159 99
144 202 100
128 136 166
142 81 92
99 127 154
165 67 133
89 90 126
109 221 120
109 45 94
133 242 147
89 154 124
145 214 116
99 151 102
120 198 161
154 133 156
104 207 143
139 31 154
103 65 157
133 141 90
133 31 96
162 92 144
131 105 166
165 136 134
150 75 159
154 174 155
147 94 94
165 55 119
158 96 104
133 185 90
114 222 142
138 59 165
153 51 99
91 131 115
153 31 151
149 195 155
124 206 99
99 58 102
117 108 165
165 42 120
104 152 158
91 62 114
110 152 93
124 218 108
155 191 104
97 138 104
99 43 101
89 45 123
118 31 97
146 213 141
125 151 166
119 93 90
129 78 89
103 209 117
98 173 102
89 140 125
159 31 140
117 162 90
117 31 120
164 115 139
137 43 165
161 78 109
138 31 129
135 229 145
92 47 144
151 145 158
160 55 148
154 128 100
122 138 90
106 75 96
165 176 120
122 39 165
94 200 131
98 84 103
152 31 107
165 100 123
164 118 116
137 162 90
114 187 92
111 86 162
120 242 145
90 81 117
133 31 119
147 223 125
95 88 149
105 37 159
133 122 90
155 31 125
118 255 132
95 153 149
138 31 106
138 116 164
140 255 129
108 31 109
133 225 109
164 190 125
100 195 105
161 155 145
134 198 94
160 59 108
130 192 164
102 91 157
124 31 158
162 176 144
133 255 138
165 41 136
128 65 166
159 79 149
146 70 94
135 127 165
165 152 120
127 209 154
98 111 152
111 31 130
146 59 94
111 58 162
90 125 136
124 220 147
151 97 158
109 215 136
156 120 153
90 100 120
141 207 153
107 173 160
153 181 99
93 130 145
160 139 108
155 49 154
90 165 134
95 31 106
166 90 128
162 161 112
118 242 110
108 244 125
95 76 149
165 171 132
146 120 94
107 138 160
156 40 102
91 94 140
120 255 121
99 31 139
114 233 142
92 105 142
122 115 90
160 193 142
131 255 117
159 202 121
92 31 125
145 239 135
89 114 132
137 99 90
113 129 92
108 100 94
117 173 165
89 57 123
141 192 161
143 50 162
116 119 164
121 31 137
89 147 133
106 189 158
141 38 92
141 180 92
165 77 123
90 184 137
145 209 108
145 139 94
89 178 128
91 119 115
125 101 89
116 31 150
93 142 145
133 31 138
93 165 145
95 112 107
155 74 101
127 162 89
91 188 118
142 31 163
113 154 163
165 159 133
165 111 123
165 131 120
130 90 166
93 57 145
131 45 89
89 79 128
104 129 97
117 64 90
156 106 102
95 175 149
104 112 98
89 64 132
111 35 93
117 252 111
111 75 162
152 107 157
104 203 107
164 74 140
116 223 112
97 204 123
159 166 149
133 151 90
105 175 96
128 242 108
99 198 146
104 66 97
94 101 108
130 131 89
147 248 129
135 143 165
122 184 90
114 203 156
101 45 156
92 171 112
152 149 99
152 185 156
160 101 148
103 31 152
138 57 90
155 67 154
115 145 91
161 69 109
144 244 117
146 219 134
103 50 98
121 127 165
119 84 90
120 59 165
159 181 106
125 69 89
90 72 136
91 72 114
114 254 141
122 161 165
97 184 105
89 131 126
156 204 137
138 218 111
146 163 94
111 246 116
98 203 139
153 209 118
100 92 101
163 62 141
165 125 137
94 40 109
163 95 114
140 236 143
117 46 90
107 214 125
97 67 151
138 252 111
139 114 91
100 191 152
148 42 95
160 196 115
140 175 164
147 232 129
106 125 159
90 161 118
161 86 109
147 89 161
108 238 132
144 68 162
106 163 159
89 42 131
144 127 162
163 147 141
166 45 129
144 159 162
113 195 160
98 31 115
162 185 142
161 135 147
114 207 102
133 235 109
117 200 96
126 31 90
141 221 142
136 205 99
89 111 123
163 49 142
93 196 124
116 31 111
153 31 133
165 111 132
122 181 165
134 98 165
163 169 114
155 194 150
134 250 146
166 58 129
93 32 145
108 234 124
110 68 93
95 183 147
165 93 135
115 120 91
116 55 91
155 38 154
100 31 127
94 151 109
165 33 121
109 206 150
137 184 165
140 91 91
118 135 165
105 53 159
149 78 96
90 175 119
137 160 165
95 130 107
98 119 152
148 86 95
99 162 102
139 31 145
129 73 166
116 232 112
156 150 152
158 146 104
138 191 92
95 65 106
148 195 99
159 34 107
119 48 165
124 255 137
147 31 156
101 134 156
157 164 104
166 66 125
154 172 100
136 255 122
109 254 133
161 122 109
125 173 166
107 192 97
120 170 90
122 191 164
132 31 111
132 31 158
145 143 162
112 38 163
158 156 105
128 31 102
162 38 112
139 74 91
144 96 162
151 200 105
145 113 161
110 111 93
127 247 147
132 83 165
119 88 165
95 192 110
158 133 104
109 67 162
110 80 93
153 31 117
125 31 121
140 81 164
151 152 158
147 82 161
89 160 128
130 63 89
123 205 157
114 98 164
132 222 147
151 114 98
122 212 104
109 214 117
111 165 93
166 180 126
124 102 166
160 111 107
99 117 101
112 178 163
99 172 154
144 101 93
113 215 143
89 96 131
162 120 144
112 241 140
109 223 136
162 176 111
166 146 126
107 108 160
94 57 109
104 38 97
166 136 127
91 41 140
142 235 115
132 38 89
149 137 159
91 42 116
100 77 100
163 81 142
111 228 117
153 95 99
122 32 166
153 166 156
146 208 148
158 94 150
109 93 161
90 88 118
102 103 156
164 61 115
150 133 96
141 197 96
162 109 144
141 172 92
137 134 90
94 197 137
91 53 116
138 31 91
163 189 136
96 46 150
154 114 155
134 50 165
155 56 154
165 124 120
108 31 158
106 31 136
133 154 165
131 112 166
145 221 118
146 31 110
166 74 129
125 177 89
160 86 148
133 171 165
148 179 95
96 135 150
140 144 91
109 181 94
132 248 108
152 35 98
114 99 92
145 231 121
105 73 159
156 74 153
117 78 165
92 75 142
103 148 98
98 36 103
112 113 163
101 158 155
151 126 158
130 43 166
91 154 116
97 51 104
163 75 115
117 35 90
94 81 108
163 139 140
161 34 146
115 135 91
148 31 127
149 202 151
155 57 101
104 156 97
144 200 156
90 47 136
166 38 129
146 254 126
103 210 137
147 147 94
125 49 89
105 145 159
159 191 109
133 31 150
89 88 133
92 125 112
116 156 91
151 210 136
157 89 104
150 51 158
102 59 156
91 191 134
147 51 94
152 31 141
93 159 144
99 85 153
98 148 153
99 203 112
116 31 104
119 31 129
135 134 165
124 108 89
139 254 136
138 36 164
138 106 91
125 86 89
131 115 89
127 238 147
147 176 161
165 84 123
89 147 124
89 51 127
131 58 166
164 176 138
146 247 123
91 113 139
109 31 99
106 182 159
89 38 121
164 156 138
90 139 117
101 134 99
132 72 90
90 182 121
130 215 108
162 196 123
113 195 95
90 125 119
158 62 151
95 31 134
164 146 116
90 75 120
144 61 162
94 123 148
95 92 106
110 149 162
140 31 100
121 31 144
126 214 149
127 189 90
133 121 165
133 51 90
124 111 166
89 83 123
127 143 89
121 144 165
156 100 153
125 95 89
164 136 116
165 34 136
140 244 142
129 144 166
164 46 115
166 105 128
145 254 133
127 226 108
147 214 123
91 102 115
135 175 90
134 235 146
97 145 104
120 226 145
116 254 117
99 128 102
92 148 143
151 165 98
102 84 99
136 65 165
123 76 90
98 93 152
109 135 94
119 249 145
162 52 112
93 82 145
156 142 153
145 31 150
142 41 163
106 43 160
102 112 156
108 223 126
113 92 92
89 154 133
93 111 145
120 167 165
106 86 159
156 81 153
157 49 104
140 120 92
90 62 138
134 210 153
166 98 129
136 80 90
143 31 124
158 199 141
95 105 148
124 254 113
102 123 99
166 117 129
127 202 96
89 171 133
100 180 100
127 120 89
139 107 164
163 82 113
89 137 130
165 159 122
135 196 162
159 31 129
89 104 124
105 94 96
149 65 96
162 101 111
95 157 107
106 131 160
111 51 93
96 61 150
162 115 110
141 215 143
159 160 149
92 88 143
120 190 91
165 171 123
139 209 104
94 95 147
139 31 118
115 31 157
104 31 115
121 131 90
166 130 128
149 210 113
157 125 104
137 166 165
154 120 100
127 31 137
111 31 124
99 67 101
89 64 125
143 31 133
152 187 100
155 127 154
98 205 133
156 206 125
109 145 94
131 194 92
116 113 91
165 93 120
153 101 99
138 233 111
94 136 109
90 101 138
133 157 90
127 156 89
101 186 155
156 31 102
120 226 109
164 89 139
99 73 153
108 252 126
102 31 107
163 38 141
91 180 141
151 208 142
129 228 147
160 40 107
127 236 108
147 126 94
148 188 159
111 228 139
146 225 131
166 142 131
122 70 166
163 156 114
101 188 101
129 199 161
117 181 90
138 253 144
129 210 102
130 98 89
164 97 140
130 130 166
107 208 109
163 56 141
149 163 159
116 255 126
164 188 131
90 167 117
119 234 145
90 68 118
118 214 108
94 41 146
140 157 91
104 44 97
95 178 106
119 154 165
143 65 93
95 160 149
127 156 166
93 68 111
157 80 104
89 130 133
97 99 104
89 33 130
136 87 90
92 136 143
120 248 109
103 100 98
89 124 131
165 60 122
159 49 150
156 31 145
159 31 119
132 31 127
139 123 164
164 67 139
152 44 157
126 31 114
155 196 107
122 159 89
110 235 137
90 53 139
165 131 137
98 31 149
162 133 143
109 241 120
100 167 100
166 152 128
124 64 89
119 208 154
152 45 98
164 101 118
155 207 131
163 123 114
100 40 155
103 98 158
121 215 146
109 80 161
149 68 159
144 77 162
94 52 146
162 144 111
131 166 89
159 180 150
90 109 135
113 86 92
153 190 154
109 159 161
101 122 156
129 254 143
145 56 162
150 56 97
133 31 90
128 99 166
90 78 135
94 167 108
145 114 93
122 239 109
93 108 110
92 31 140
152 90 98
166 51 128
135 31 101
90 168 139
111 189 161
111 123 163
112 31 139
122 31 103
93 116 110
133 31 144
122 31 150
112 31 115
143 31 105
155 111 101
92 123 142
147 132 161
89 179 133
135 255 131
162 192 118
109 248 121
107 170 95
159 102 105
163 103 142
164 109 137
160 92 108
110 210 146
101 209 122
130 205 98
157 132 152
141 186 93
143 118 162
138 102 165
150 172 158
108 218 128
166 80 129
89 74 131
138 212 149
161 75 145
130 56 89
89 151 128
104 199 103
165 164 118
162 181 112
108 243 132
114 91 163
152 69 98
131 185 165
109 31 153
113 217 114
90 142 136
160 115 148
90 119 136
117 40 90
113 170 163
165 117 122
164 112 116
163 43 141
102 72 99
147 215 128
108 105 94
105 31 127
137 255 117
114 245 142
113 135 163
100 31 121
140 246 112
114 103 164
124 90 166
95 168 149
165 182 120
132 254 109
140 146 164
139 200 158
124 255 131
158 72 105
101 31 144
156 204 116
90 144 119
131 31 133
124 45 166
116 191 162
148 31 145
130 206 157
146 243 132
90 89 138
111 53 162
138 125 91
106 55 95
159 124 149
146 154 94
165 106 120
128 125 166
119 102 90
161 149 146
93 101 145
162 195 136
166 164 130
116 62 164
157 173 151
137 220 145
161 166 110
98 108 102
91 190 123
115 170 91
163 160 142
103 106 98
158 155 151
136 41 90
89 97 125
107 62 161
155 181 154
89 172 128
156 151 102
158 67 105
123 165 90
122 53 166
121 116 165
114 240 113
152 79 157
142 167 92
163 194 128
143 232 139
149 206 108
90 133 120
95 44 107
145 239 119
163 171 141
145 244 137
150 31 100
89 109 128
