18 0 45
-3 127 -12
-27 -73 -43
-12 30 -49
47 -73 6
-29 -69 40
-24 61 22
-50 -7 5
48 40 -9
26 -28 -42
10 76 -22
49 -13 3
-27 -21 -42
21 -52 45
-48 38 -15
22 49 33
-3 -73 0
-50 -55 -4
-27 17 42
27 -73 -35
28 17 -40
-24 -26 44
2 95 16
43 19 24
-25 67 -14
46 -45 -17
-3 -48 -50
2 -3 -50
44 -41 22
-40 9 -31
-47 30 18
28 66 5
14 48 -39
-8 43 45
-46 -36 21
4 -73 30
-13 97 -11
-39 -47 -31
-30 -73 11
47 11 -16
4 -25 49
39 -11 29
36 -73 34
-46 -19 -21
-1 -73 -29
2 68 27
-9 -49 48
-27 47 -33
43 -18 -23
14 27 47
-26 -73 -16
-38 -6 32
24 -73 -7
12 106 -7
-1 121 12
30 55 -21
-31 41 36
-12 -4 48
-19 82 9
-39 51 4
-50 15 -7
46 -71 -18
40 46 15
21 -51 -45
-22 3 -45
28 -29 40
-6 58 -33
31 -6 -39
-46 -59 19
34 38 -36
19 86 0
8 22 -49
-1 -25 -50
8 -69 -49
-35 -48 36
-51 -29 1
19 -73 15
-6 19 49
-9 -71 48
-45 -67 -22
49 22 4
-31 28 -39
49 -34 2
-22 -41 -45
18 -73 46
33 32 36
-47 7 19
37 -57 -33
-15 -73 24
-10 78 -21
-43 -73 -4
-14 114 1
49 -53 4
17 75 17
33 8 36
36 -54 34
12 124 -1
48 6 12
-47 -37 -18
-9 -73 -48
43 28 -24
4 92 -17
38 -37 -32
16 -13 -47
-2 44 -45
-39 -73 26
44 -63 20
-45 -18 22
23 70 -12
-38 -9 -33
-47 0 -18
5 52 37
-29 66 4
-43 25 -26
-50 31 1
46 -22 17
-39 45 20
-38 26 32
-34 53 -18
-12 56 33
-17 -58 -47
-13 98 9
17 6 -47
-13 -13 -49
-39 -30 -32
38 52 -2
-7 81 20
5 -61 49
-20 82 -8
25 59 20
11 -38 -49
40 5 -30
14 -73 -20
10 108 9
-8 10 -49
12 61 -29
-18 30 46
18 -16 46
-2 109 -14
-10 -32 49
-9 -73 -16
-36 -62 -35
1 -73 15
10 -40 48
-27 0 42
19 34 -46
-16 -73 -31
48 -3 -10
-38 10 32
-18 -73 0
40 43 -22
-49 -73 11
4 3 49
-40 40 -29
-37 -32 33
48 -22 -9
-23 -56 44
20 40 44
-21 59 -26
-15 -28 -48
25 18 42
33 -73 20
-47 -52 -18
30 -73 -21
-49 17 8
-50 -16 -7
-49 -42 9
19 -73 32
48 38 6
44 35 23
40 -28 29
6 39 48
31 -73 5
12 -73 3
-16 44 -42
48 25 -10
29 -6 39
-8 -18 49
12 -73 -35
-19 18 -46
46 -7 17
-29 -52 -41
13 88 12
-4 108 13
47 -58 -14
34 44 28
-31 -73 -29
-13 69 24
45 -31 -20
13 13 48
39 -73 -7
-27 -39 42
-22 -13 44
22 -64 -45
43 4 25
-12 127 0
-30 12 -40
27 -62 41
37 -24 -33
16 84 -13
13 61 28
28 -41 -40
5 -11 49
49 10 -1
-3 -61 -50
30 -43 39
-17 -73 38
-39 -59 31
39 18 -30
-48 40 10
-20 42 43
24 50 -31
-28 -8 -41
-47 -6 17
-42 47 -9
-26 51 29
5 34 -50
18 -30 46
-50 3 -4
5 -73 -10
-46 15 -20
-36 -18 35
-49 -20 10
-33 57 13
5 79 21
-44 -48 24
-13 -73 11
-26 -73 29
3 -73 46
38 -71 -31
49 -64 -3
41 -7 -28
-11 8 48
7 118 -10
-50 -42 -3
-18 91 0
30 62 -7
-50 -62 5
-33 -39 -38
-32 60 -7
11 -25 -49
46 -51 16
-48 25 -14
-12 -2 -49
-30 30 40
-21 71 16
34 27 -37
-27 40 -42
-1 67 -28
-41 38 29
14 98 4
24 75 -1
-12 67 -26
21 63 -22
15 94 -8
3 12 -50
34 -20 35
34 56 8
32 6 -38
-3 30 49
-4 23 -50
-1 -73 -41
49 -1 3
-7 88 -18
-49 -27 -12
5 54 -36
36 19 34
10 -53 -49
16 -62 47
38 -40 31
44 -53 -24
-50 -65 -9
18 18 -46
-32 -73 -1
-39 -73 -16
4 -14 -50
-37 19 -34
-50 5 7
-25 75 1
-45 20 23
-7 -36 -50
-11 108 -9
-49 -31 11
48 -39 12
-2 -41 49
48 -35 -10
26 -16 -43
10 -52 48
49 -43 -2
9 119 7
-17 52 -34
29 -57 -40
-11 90 15
45 -1 -20
-36 -20 -35
-13 -47 -48
-13 -61 48
4 20 49
13 46 40
1 82 -21
43 -72 25
-44 -9 -24
48 -23 6
-10 120 8
-19 -46 46
48 -63 10
48 27 13
42 -51 26
-34 2 -36
24 30 43
-5 -73 36
26 -73 40
37 51 -12
-16 101 -1
-27 -61 -43
39 -63 30
-18 19 46
-11 119 -7
47 -13 -15
-47 43 0
10 -73 23
10 -73 38
21 -39 44
22 -5 -45
-40 45 -19
-43 -27 27
33 52 19
-18 73 -18
-30 -11 39
-49 -6 -10
-50 -52 6
-32 -59 38
-43 3 27
25 27 -43
-38 31 -33
-43 -39 -26
-4 61 31
13 -3 -49
-5 -73 26
-26 -73 20
38 -1 31
19 80 9
-29 -31 -41
-40 -73 7
-42 0 -28
-2 99 -16
23 67 15
11 41 -47
-19 -69 -46
42 -45 -27
43 -64 -25
-32 52 22
16 -73 -45
34 -15 -36
7 101 -13
27 42 37
41 47 5
-36 -73 35
49 30 -2
27 -18 41
-12 48 39
25 7 43
-23 32 -45
-41 -71 -30
-10 40 -49
-17 -73 -10
21 -73 -28
28 -73 27
-48 -73 -14
18 -31 -46
-40 -41 29
24 41 -41
-7 50 -40
40 27 28
2 -73 -19
46 34 -16
-45 -29 -22
-20 6 45
28 -53 40
35 -48 -35
-16 -25 47
-48 -49 16
48 -30 12
-13 -73 -40
-19 -69 46
45 19 -21
47 14 15
-43 -9 26
-49 8 -14
-5 53 37
-15 83 -16
-24 74 -8
2 45 44
-31 -27 38
15 68 23
-30 51 -26
42 -20 25
46 -73 16
6 127 -8
6 87 18
23 -73 3
-51 22 -1
9 -73 13
-41 -73 17
-28 59 -18
48 -73 -5
-4 -8 49
-31 8 38
41 37 -28
-1 -70 -50
-11 108 9
-43 -56 -25
-20 -8 -46
2 -38 -50
2 -52 50
17 71 -19
-45 34 -24
-2 118 -13
19 -42 -46
-34 -71 -37
33 -31 -37
6 127 9
9 84 -18
31 -73 -12
-21 -73 -23
-21 -73 12
15 -73 -8
-50 26 8
-50 -35 -8
13 116 -1
12 -5 48
-50 37 -7
-45 -67 23
44 -32 22
28 52 26
-19 -34 46
-47 -60 -17
43 11 -25
13 53 35
-51 -71 1
-4 -64 49
39 37 30
15 -62 -48
-47 -27 19
33 47 -25
-28 20 -42
49 16 -8
24 -73 -44
47 36 15
23 72 8
5 60 31
8 -73 -27
-7 99 14
33 -63 -36
-4 32 -50
25 6 -43
22 -8 44
10 96 12
-33 22 37
42 -26 -26
15 55 -33
-37 54 -4
28 61 -15
-2 9 50
-45 39 21
42 44 -14
-14 80 16
-36 -54 -36
-43 29 26
35 -33 35
48 7 -9
-6 -10 -50
-26 65 14
-19 -21 -46
21 -73 -17
-2 75 24
-39 49 13
-45 7 -22
48 -11 -7
-51 -19 1
7 -32 49
39 -73 10
-49 -47 -12
-27 -18 42
39 11 30
-9 -54 -49
-34 41 -35
-17 9 -47
38 -73 -18
-48 -12 -16
-24 46 36
21 57 -28
20 56 28
21 77 -10
-35 0 36
-48 -14 14
12 -21 48
-41 -16 -29
-36 34 35
47 42 -1
49 -25 -1
-23 -49 -45
21 -23 -45
5 29 49
6 -45 -49
-24 -73 -35
-21 66 -21
7 69 -26
-34 59 3
-10 -73 3
-12 -73 -23
6 109 -12
13 108 1
48 -48 -9
-17 89 -9
-12 -41 48
-4 -26 49
48 -5 10
13 13 -49
-10 -63 -49
-21 83 0
-8 -73 17
-32 -73 -20
-4 -73 9
-43 11 26
34 -11 35
-1 -16 50
-48 15 15
39 29 -31
-20 58 28
-2 39 50
42 -37 -25
-14 -12 48
-16 -37 -48
18 20 45
-36 -65 34
-14 39 48
11 -69 48
-39 18 31
-17 37 -47
30 23 38
-13 60 -30
-23 -33 -45
30 33 -39
3 112 13
34 -65 36
35 13 -35
-33 -39 38
42 -5 26
-48 -67 16
-31 -73 -9
30 -73 -2
38 -73 1
-33 -73 21
7 -73 -42
3 61 -32
-10 31 48
16 -45 47
-5 127 10
4 47 -42
-3 5 -50
28 62 12
-28 67 -5
-24 10 -44
-26 37 42
-2 -34 50
-8 -73 -31
-12 19 -49
3 103 14
35 -1 -35
-31 -15 -39
-10 127 -8
-44 -48 -25
48 -47 8
31 -22 -39
40 43 23
43 46 -6
-4 89 18
30 45 -32
-41 -19 28
12 29 -48
40 -16 -29
2 75 -24
-32 46 29
-21 -3 45
-28 -50 41
-4 2 49
46 -23 -18
8 72 24
43 -72 -25
-24 27 43
-41 16 -29
-16 91 8
-11 63 28
48 16 7
-47 -41 16
9 4 -49
-50 -37 4
12 90 -14
-19 53 33
11 81 18
4 -57 -50
30 2 39
-23 75 9
27 -73 16
-39 -37 -32
-24 -73 41
-50 -9 -3
44 10 20
-49 -3 11
21 13 45
-44 -57 25
23 -26 43
-22 45 -39
35 -46 35
48 -16 10
-34 -27 -37
31 15 38
-18 26 -47
49 7 6
-11 -20 -49
-49 -57 12
-15 -53 47
45 42 10
-34 45 -29
-38 -25 32
18 33 46
45 25 19
-34 15 36
28 36 40
22 -65 44
42 -58 25
-47 22 16
34 -73 -36
-6 -58 49
-13 -73 33
-7 -73 -6
48 32 -9
-42 48 -1
-42 -35 28
17 92 3
-46 22 -21
15 99 -3
49 29 6
-19 65 23
-8 103 -13
23 13 -44
-51 9 -1
-49 -20 -14
-6 71 -26
20 44 39
-15 74 19
-44 43 14
-2 -73 -12
29 -73 -29
17 -73 25
46 -73 -11
28 -64 -41
-26 -73 1
13 38 48
-29 -1 -41
7 -73 -4
27 -49 -42
-44 -73 -23
6 13 49
27 69 -2
7 -32 -49
-50 -25 -5
-45 -1 21
-1 39 -50
-43 46 7
36 42 -29
44 -12 -22
15 66 -25
16 78 -16
-28 -45 -42
28 47 31
-50 28 -5
15 -48 -48
-25 -62 43
-43 -24 -27
32 57 -12
-49 15 -14
47 18 -14
-49 -56 -12
6 -20 -50
47 -59 15
-40 -49 29
45 -63 -18
46 -52 -18
-17 95 -6
-49 2 -10
33 58 2
-28 -32 41
25 -36 -43
-47 42 -10
-32 34 -38
24 45 -36
-41 -64 -29
21 -58 -45
-31 -58 -39
35 40 35
18 -73 -36
-19 -73 -17
-32 -73 27
18 -73 38
29 -73 34
26 -73 10
49 -62 3
-49 33 12
49 -31 -4
-3 -71 49
-51 16 0
-6 67 27
-1 16 50
-16 -18 47
18 28 -46
-34 -6 -38
16 42 -43
34 -39 -37
-47 -67 -16
49 0 -5
25 -47 42
39 -64 -31
-40 -57 -31
4 -73 24
49 -58 -2
15 -73 -27
-13 89 -14
49 -18 -1
-3 -54 -50
22 -59 44
-19 -73 29
36 25 34
-34 -46 -38
-6 113 -12
26 -35 42
-1 17 -50
42 -37 27
36 -26 34
-14 49 -39
-24 -13 -44
-50 -15 6
46 -37 -17
49 -7 -1
41 -59 -28
4 -63 -49
34 -3 36
-5 48 41
36 49 -18
45 6 -19
28 -2 -41
-47 30 -19
-35 48 -23
49 19 -2
39 -50 -30
37 -9 -33
-46 -12 20
-50 -72 -8
44 -15 22
45 0 20
21 64 21
-25 54 -28
46 -16 16
18 -73 -2
-18 -73 18
-9 74 23
19 -73 9
42 21 -26
2 -73 5
-23 -73 -7
-50 -48 2
5 -4 49
-5 -4 -50
9 43 45
34 56 -5
-11 54 -35
9 7 49
11 102 9
27 53 -26
-21 14 45
-6 -43 -50
-42 -64 28
48 -57 9
36 48 22
37 51 11
39 -18 30
-23 24 -45
-13 113 -5
15 -35 47
47 -5 -16
-21 -63 -45
-23 -56 -45
32 -58 38
49 -42 4
-49 31 -13
-8 45 -44
-1 52 -39
44 39 -20
46 -43 16
-13 121 3
-50 -2 2
44 -54 21
47 25 -16
-21 -73 5
4 -73 -47
9 -73 -16
-31 -65 -39
-37 -73 -6
-1 -73 40
40 -45 28
-6 114 12
25 -2 42
8 58 -33
-14 103 -7
-7 13 49
12 -27 48
-2 92 -18
39 -70 30
-36 9 -36
-50 39 4
48 -68 -13
-45 -73 23
-50 -61 -5
-37 -73 -26
4 27 -49
-27 55 25
15 82 13
11 127 5
18 -1 -46
-4 77 -23
-45 40 -22
-47 -31 -17
-8 97 -15
-38 43 26
-13 26 48
-6 -68 -49
-7 -25 -49
-50 -25 5
-22 73 -13
48 -29 6
-4 -30 -50
-28 6 -41
10 -60 48
5 118 11
-47 -43 -19
21 80 1
-14 3 48
-13 4 -48
-36 54 9
41 -1 -28
42 -66 26
40 -73 20
-35 -33 -36
-30 62 9
-35 52 16
20 49 -36
-16 85 12
49 -50 -3
33 18 -37
14 -19 -48
49 -60 -8
-1 57 34
-29 58 18
10 114 -8
-8 37 49
-6 83 -20
-35 55 -12
-35 -73 5
-24 -73 35
14 -73 17
-6 -73 -26
-10 127 5
1 84 20
-7 -73 -42
-39 0 31
29 -23 39
-46 -73 5
-36 -73 15
-10 -73 38
36 -73 25
16 -73 -15
8 -73 44
9 0 48
-40 -14 30
38 4 31
-49 -40 -10
-50 -3 -4
35 32 -35
29 40 -39
-50 10 4
27 65 -10
-19 -73 -42
4 -42 49
30 57 15
-35 -54 36
5 -17 49
47 20 15
22 24 44
-48 5 13
-46 -52 20
-35 28 36
-15 71 -22
-4 -48 49
-19 76 14
-18 48 37
24 72 -6
-48 -23 15
9 -15 -49
31 -69 38
-8 122 -11
-50 -49 -7
28 -10 -41
-21 37 45
-1 -58 49
-39 -23 -31
43 42 17
1 127 12
10 76 21
-26 -67 -43
16 -10 47
-27 42 39
-17 0 -47
-22 -26 -45
20 81 -6
-17 57 -30
23 21 -44
11 98 -11
-9 -30 -49
-26 71 6
20 -21 45
30 -13 39
10 -13 48
-33 21 -38
-22 40 -44
37 -7 33
-17 -39 47
-17 96 2
49 -73 1
10 46 -43
30 -36 -39
-28 43 -37
17 92 -3
-25 -45 43
-28 -36 -42
11 -8 -49
48 1 8
49 37 -4
-31 -5 38
7 -2 -49
-3 11 -50
3 -51 -50
-16 -73 47
-41 -7 -29
26 12 42
-17 63 -26
47 -65 15
7 47 41
-26 -5 43
-30 -73 36
18 86 6
47 -31 -15
-32 62 -1
16 88 -10
-12 -69 -49
17 61 -27
-49 -9 11
44 -26 21
5 40 -49
-43 -42 25
-27 70 1
-29 63 -12
-19 -8 46
-4 -73 -18
20 7 45
-49 -64 11
-35 -12 36
-29 -73 -36
34 -41 36
-37 37 -34
-42 -31 -28
15 -68 -47
15 -57 -47
38 -43 -31
-23 -4 -44
3 -8 -50
37 24 -33
27 -23 -42
-7 16 -49
-50 32 6
-7 57 33
48 -70 11
30 63 0
49 -35 7
-14 108 2
-15 -67 48
14 92 9
-44 34 25
43 -5 -24
29 27 -40
-38 49 -16
-19 -63 46
44 -41 -22
-22 49 -35
-14 16 48
2 -68 49
-44 -4 25
-34 48 24
-34 15 -37
49 33 3
31 -47 -39
42 14 26
-42 33 -28
18 -37 -47
39 16 30
43 6 -25
10 -73 -46
-50 -65 1
24 -73 35
26 -73 -12
14 -73 9
4 -73 36
-10 95 13
-1 -73 -35
