64 129 135
226 136 158
129 128 8
128 165 250
152 117 101
134 121 181
97 122 90
135 135 57
119 133 135
196 120 123
131 128 225
29 135 159
98 137 247
158 138 251
163 124 136
126 138 100
92 125 120
123 120 35
128 119 79
128 138 160
121 136 200
202 129 147
130 111 124
62 117 112
127 153 228
127 137 247
136 120 145
113 121 110
137 133 120
168 127 113
43 130 141
132 118 101
131 137 26
184 127 137
149 116 122
120 123 61
127 138 75
123 137 179
144 137 237
125 119 161
113 135 234
109 112 127
82 125 139
123 137 43
133 124 207
96 115 106
116 124 94
74 128 121
138 127 41
136 133 192
137 132 89
120 135 118
135 135 138
120 121 146
128 142 216
120 124 190
219 131 145
138 128 167
129 120 21
128 151 243
137 124 67
181 128 122
144 126 108
139 122 130
63 117 127
199 130 133
129 119 50
120 129 213
120 123 174
162 119 90
118 128 74
188 121 112
120 135 149
104 123 133
127 139 232
122 118 133
122 137 61
158 126 123
137 131 154
122 136 87
120 129 24
55 129 145
126 118 113
101 127 108
136 133 179
158 118 112
114 124 124
118 130 161
132 121 194
119 126 48
128 162 237
137 131 77
127 138 127
138 119 117
151 123 131
109 136 247
127 111 28
142 123 97
122 124 202
135 136 108
37 130 152
118 130 104
132 137 205
91 125 132
191 126 146
174 124 131
62 126 119
134 120 89
136 124 30
191 119 132
108 112 116
126 138 189
102 114 97
131 138 148
127 135 16
103 126 118
120 119 102
137 124 56
154 127 106
53 129 135
133 137 45
122 136 32
69 125 144
108 124 100
132 138 170
134 135 239
154 137 241
130 119 171
191 129 126
210 131 140
81 127 129
134 121 156
126 119 68
135 135 67
122 135 221
148 126 118
135 129 21
120 123 83
162 118 100
125 118 92
98 118 116
134 134 217
146 136 247
137 133 99
126 138 139
118 135 242
97 124 99
83 126 116
123 125 15
132 118 137
135 135 35
118 129 38
136 136 230
121 118 123
187 119 121
131 119 40
91 126 111
168 128 124
118 129 182
130 125 216
129 138 117
174 125 140
123 137 167
212 130 151
104 137 240
152 118 92
130 119 59
125 138 52
93 116 96
73 128 132
144 112 115
130 138 88
46 129 150
137 131 129
124 131 230
119 133 95
157 124 97
128 143 241
119 133 191
123 137 110
195 126 115
69 119 120
119 125 154
126 119 152
143 112 127
123 137 209
138 131 50
220 130 154
158 128 114
129 145 224
64 121 137
137 127 199
138 129 143
125 119 181
99 125 126
118 131 173
107 118 122
66 128 127
118 130 65
195 117 114
118 131 56
138 128 185
118 125 137
137 119 109
67 124 113
123 121 27
135 122 75
118 127 114
130 138 197
127 149 235
126 133 238
158 113 94
121 135 79
118 131 125
59 118 120
135 135 162
134 121 164
137 126 175
132 118 129
136 123 48
138 127 115
130 118 30
119 124 166
146 124 126
128 138 67
131 138 183
131 124 14
193 128 138
128 159 244
130 117 120
136 131 210
98 113 91
103 119 104
128 138 36
125 127 221
126 120 189
124 120 44
122 121 53
132 137 81
119 131 205
118 130 144
174 129 119
122 136 69
148 126 101
119 129 197
182 127 129
127 119 145
124 136 23
122 121 76
203 129 140
137 126 85
121 135 157
136 131 28
150 123 111
138 126 123
131 138 224
75 127 139
163 123 128
137 126 160
61 124 126
118 119 114
118 130 86
158 114 106
119 134 49
108 127 109
31 133 151
139 135 244
138 121 137
188 125 119
128 121 200
131 132 233
133 137 96
97 125 116
137 133 172
120 134 235
142 121 104
129 155 234
106 124 125
117 123 130
124 124 211
36 130 145
136 134 201
125 138 93
138 131 61
152 123 123
50 129 141
138 128 135
115 122 100
110 122 118
137 125 151
138 129 105
61 128 142
66 123 131
132 130 15
121 119 139
138 119 124
134 137 75
127 118 106
134 137 154
103 118 91
164 128 118
60 123 112
87 125 125
125 138 152
133 121 187
160 121 106
128 119 86
121 136 185
112 114 120
110 137 240
138 126 92
97 122 107
59 129 131
188 122 127
133 137 128
119 128 31
129 138 176
113 126 105
123 137 133
126 138 82
197 129 144
123 114 127
128 166 242
191 127 132
192 117 126
121 135 141
169 126 135
132 138 51
132 120 149
137 126 192
134 119 95
103 123 113
123 120 169
130 138 133
120 120 96
119 133 112
152 137 248
120 123 70
121 136 124
175 128 126
93 123 127
133 134 20
80 126 123
121 118 109
123 137 215
136 135 186
145 120 120
178 127 134
134 121 81
225 134 152
186 125 142
85 126 134
125 130 12
138 130 71
135 122 171
136 134 146
132 120 65
132 138 62
156 124 128
157 123 91
111 123 130
142 121 112
133 137 102
131 138 213
129 138 108
120 135 229
64 126 146
154 119 106
126 118 98
125 138 146
68 122 125
122 124 21
69 125 138
132 118 113
129 119 177
132 138 123
191 121 138
195 122 129
117 126 120
154 124 115
125 138 226
124 121 196
137 133 40
121 135 103
128 122 206
128 138 46
189 117 116
136 129 204
68 124 120
136 134 84
120 123 39
136 133 114
137 126 79
120 123 160
93 120 101
104 137 246
33 131 156
140 135 233
213 130 145
118 130 44
161 126 109
127 138 203
135 129 215
136 123 62
118 129 167
132 137 192
105 124 105
142 125 119
121 120 89
101 117 109
118 126 149
148 136 242
98 113 100
120 123 184
118 128 80
122 130 18
117 127 99
137 121 99
148 111 119
76 126 127
118 131 155
192 116 121
67 119 114
137 125 36
126 138 58
132 121 26
100 123 94
90 128 116
129 146 230
126 138 242
118 129 130
121 134 28
118 127 60
128 116 25
133 124 19
131 119 72
121 135 38
140 127 101
162 116 95
195 125 121
135 122 42
120 134 74
94 121 94
98 124 121
127 117 125
127 138 31
123 137 193
121 135 163
42 129 147
119 133 178
127 118 133
124 118 118
103 120 98
157 123 110
208 129 147
130 138 237
137 125 181
119 126 54
126 138 171
127 156 240
128 138 165
157 137 246
186 129 126
157 113 100
112 126 114
121 136 56
125 138 184
124 120 57
133 137 113
147 122 107
118 118 128
119 125 142
136 118 132
133 120 52
140 135 239
119 124 179
191 126 112
129 119 35
126 125 11
116 126 109
161 122 95
58 128 137
129 141 228
170 127 129
86 128 121
144 115 122
128 143 235
128 119 157
126 138 121
118 128 188
129 119 165
148 110 124
194 130 130
77 127 134
168 126 119
64 125 140
142 122 123
136 134 167
112 116 125
121 132 217
94 117 90
117 121 120
71 127 125
116 136 238
96 127 109
133 125 212
49 130 145
132 119 141
195 122 112
126 119 75
134 130 220
159 123 101
59 123 121
138 129 96
198 128 139
119 133 34
132 137 31
124 136 235
111 122 104
118 131 139
62 120 116
216 131 149
127 119 138
119 133 90
130 118 91
137 133 94
134 137 118
155 115 90
122 136 98
133 123 202
197 121 117
134 136 176
163 124 122
121 126 207
65 116 118
62 119 131
114 135 245
153 114 97
123 137 115
153 121 98
149 127 108
96 125 130
138 129 56
138 129 66
126 138 219
123 120 177
136 134 133
132 116 124
147 115 127
137 131 35
139 126 109
108 122 113
134 121 34
126 128 226
149 119 117
130 135 243
123 131 224
118 120 134
122 136 172
136 127 26
136 134 125
107 119 117
118 126 126
100 114 103
116 121 107
78 127 119
148 114 116
100 137 243
132 120 46
127 149 224
147 122 114
223 131 148
124 125 215
155 126 119
97 120 111
124 119 82
132 133 225
132 138 40
100 116 94
119 128 193
132 137 143
132 118 107
162 125 115
123 134 242
137 125 146
119 132 100
134 121 57
60 119 125
55 130 141
103 122 128
118 131 70
120 124 196
63 127 131
138 130 163
203 129 135
127 119 64
122 121 155
131 126 220
118 131 120
134 121 176
120 123 65
130 138 138
119 133 196
125 138 198
132 120 160
127 138 113
134 136 89
131 137 231
112 112 116
165 126 132
137 125 155
124 120 49
192 128 119
130 138 72
106 114 119
128 122 17
112 125 98
126 119 40
188 129 136
143 126 114
118 126 88
154 127 111
143 135 243
135 122 70
120 134 211
135 134 206
136 123 185
119 125 171
135 134 235
118 131 150
33 130 149
99 123 103
138 129 82
119 134 167
124 120 31
103 123 123
137 124 164
127 141 222
118 128 92
120 134 64
137 125 139
69 127 131
180 127 139
126 119 53
135 136 196
118 130 109
128 137 21
130 113 128
189 128 142
129 131 11
120 124 44
112 110 124
126 138 88
109 136 236
119 134 83
126 138 212
187 129 130
81 124 134
128 147 241
123 121 192
123 120 149
144 123 129
130 138 93
177 127 122
172 126 123
122 136 205
134 136 158
126 131 234
137 133 141
109 125 122
127 138 207
137 131 196
128 161 248
124 136 230
191 122 115
138 127 127
128 145 219
134 135 210
159 118 93
138 122 94
145 123 101
99 127 112
127 137 26
123 114 122
120 134 127
149 121 122
64 126 115
127 138 194
137 132 110
144 116 118
120 124 32
160 114 91
92 123 136
138 130 175
108 115 125
118 127 68
59 124 116
107 123 130
122 121 164
124 138 161
136 134 151
95 128 112
94 127 117
137 125 73
123 120 143
67 118 125
94 115 101
46 130 139
143 111 120
134 134 25
115 125 117
137 132 183
129 153 238
63 124 135
118 130 52
138 129 150
132 119 84
126 138 40
207 129 138
130 138 55
154 115 104
137 133 44
144 127 103
158 123 118
136 134 104
189 126 122
131 130 229
128 155 246
206 131 143
151 124 104
89 126 129
154 122 93
192 124 135
133 137 187
132 137 220
130 133 238
117 135 232
130 138 152
135 135 62
67 128 141
68 128 135
123 120 63
157 118 116
180 129 126
177 127 130
119 134 60
161 117 105
126 138 156
194 125 126
110 118 120
172 127 116
134 124 23
120 125 28
137 133 53
119 128 201
118 131 116
130 119 183
134 127 17
137 126 171
125 121 21
132 120 168
186 126 133
65 127 123
146 125 121
129 123 210
120 123 151
120 123 49
87 126 114
95 125 123
166 125 127
156 116 110
130 138 104
138 121 113
128 138 63
132 120 76
136 119 105
119 134 182
118 128 177
108 111 120
136 134 80
120 124 79
124 138 106
134 121 152
139 121 121
136 124 52
120 134 145
135 122 38
117 126 105
133 137 200
63 116 123
118 127 159
59 119 113
137 131 158
161 125 132
121 135 137
107 123 108
152 123 118
123 137 129
149 126 112
142 121 108
122 134 238
173 127 134
119 126 35
120 134 44
187 123 123
138 129 88
126 117 121
134 137 71
99 123 112
118 127 164
158 125 104
193 129 142
137 128 31
137 129 191
190 118 112
135 135 48
119 118 118
118 127 133
129 151 231
130 126 10
91 127 125
135 119 139
128 119 45
132 137 35
109 127 103
127 162 241
133 137 166
160 114 102
95 119 106
121 135 92
152 122 127
148 123 129
128 120 193
132 138 162
128 159 234
131 138 59
105 127 106
137 123 90
201 130 143
99 127 117
52 129 147
150 137 238
118 121 139
126 111 126
125 138 175
128 138 97
124 138 66
136 118 121
126 119 27
50 129 137
132 138 179
190 125 126
106 126 112
128 138 145
122 118 127
65 122 115
122 121 187
101 114 91
137 132 136
151 136 244
122 133 21
154 122 103
123 120 73
135 135 183
135 122 148
183 128 133
136 126 202
123 137 76
116 122 126
138 130 118
119 134 107
135 123 190
121 136 47
105 123 116
59 128 145
135 135 243
151 126 116
128 155 230
128 118 95
122 128 218
131 138 157
139 123 126
71 129 129
122 121 80
103 117 94
186 121 119
128 138 181
128 164 246
138 128 47
195 117 119
128 127 223
126 138 135
101 122 91
130 135 17
73 127 135
129 113 26
119 134 153
69 122 116
149 125 124
128 124 213
83 128 125
190 123 131
82 128 121
126 138 70
133 120 61
129 138 244
97 137 251
127 119 24
137 121 141
188 118 126
134 136 41
136 122 85
34 131 153
136 134 73
97 116 110
152 118 97
223 131 156
108 111 123
135 135 122
135 135 31
140 126 106
29 135 155
123 118 106
62 116 117
101 124 109
92 125 115
118 123 90
159 116 109
67 119 128
60 130 135
121 122 57
114 122 119
135 118 126
193 127 129
119 124 74
116 121 116
119 131 30
155 117 94
127 146 233
122 136 189
138 130 123
158 127 107
96 118 94
133 121 30
78 128 130
136 118 113
122 121 180
156 122 107
124 136 28
132 127 13
122 137 153
63 127 127
194 130 135
121 120 92
128 117 117
39 130 148
195 119 126
124 118 135
174 124 137
125 118 110
138 122 133
130 138 216
107 136 241
119 125 63
129 138 49
131 121 197
129 118 104
132 136 227
64 128 139
119 133 202
107 126 118
122 121 39
71 127 140
125 122 203
125 138 36
127 126 219
144 126 99
118 119 124
120 131 209
137 118 135
138 127 60
217 130 153
168 128 117
134 124 199
96 113 96
129 141 220
112 126 110
96 122 103
45 130 145
125 135 20
122 137 50
123 137 84
183 127 125
138 119 128
192 125 141
137 127 70
112 127 101
138 125 119
110 124 125
146 122 110
157 122 115
118 128 153
102 122 100
137 132 68
103 125 125
101 126 104
162 126 127
128 133 13
129 138 83
101 137 248
136 131 24
101 124 117
123 135 226
131 138 75
124 120 78
135 128 212
119 134 68
137 125 44
96 126 127
127 138 238
62 122 130
151 125 121
89 125 118
138 124 136
