-27 1 2
4 127 2
22 -82 -1
23 56 -5
26 -24 0
-26 -55 7
-25 50 6
14 17 21
9 14 -25
3 -51 -27
-6 87 -5
-4 -24 26
-15 -82 -16
6 -60 25
-7 48 -26
-11 -17 -25
5 52 24
-15 -82 16
-15 25 21
-20 21 -19
25 -53 -7
26 5 -2
-27 -28 -1
15 -12 -22
-21 -46 -18
24 30 -10
16 -38 20
-10 69 12
11 -77 -23
17 -8 19
-11 0 23
5 68 -17
23 38 13
9 -82 18
11 74 4
-18 64 -11
18 -34 -20
-12 -45 23
4 105 5
-27 26 1
23 -66 12
14 44 -23
-24 41 -14
0 -82 -2
-21 0 -17
-27 -73 -1
-21 -18 16
-12 -65 -24
-14 46 22
-2 30 -27
5 33 26
0 -33 -27
-2 -1 -27
-14 -65 23
25 22 6
18 58 13
17 -61 -21
-2 15 26
25 -40 5
-23 -39 13
-24 -16 -13
-22 10 15
-4 115 -5
-24 -62 -13
19 3 -18
-19 -30 -19
25 -11 -9
4 67 17
11 -22 23
15 28 -22
2 -39 26
1 -10 26
24 -69 -10
-6 14 -26
25 -10 6
-3 -75 25
-26 11 -8
23 6 13
-23 36 13
-15 -82 -1
6 89 3
8 4 25
-27 -43 -5
19 -52 18
-23 -70 13
22 -25 14
-14 36 -23
23 16 -13
14 58 -18
-12 75 -1
4 -19 -27
26 43 -1
-10 -43 -25
-27 -13 1
-3 -80 -24
16 68 -8
-8 62 -20
-20 65 3
-18 52 -18
-6 101 -5
25 -35 -8
4 79 -7
21 -79 12
-17 57 16
21 -22 -15
-14 -32 22
13 -82 -11
16 -48 -22
4 -64 -27
-23 -5 14
13 -71 23
-2 78 8
-24 53 -7
-2 -82 11
16 30 20
-6 73 -13
25 -55 6
15 45 21
-27 39 0
23 43 -13
-11 -14 24
-5 -56 26
-26 14 4
11 -82 6
-6 57 22
5 53 -24
-9 35 24
-20 -54 18
-24 -75 -13
-26 -5 -8
-25 28 -10
26 -71 2
-4 96 5
4 40 -27
-13 13 23
0 117 5
1 -82 -13
-23 21 13
6 97 -4
-4 127 -5
10 -47 24
-23 -80 8
9 1 -26
-17 10 -21
-14 -53 -24
-14 -6 -24
18 65 4
23 -45 -14
26 33 3
-27 -59 -3
-1 43 26
13 -25 -23
24 52 5
10 -40 -25
20 -75 -17
-25 -33 -10
6 22 25
-10 -30 -25
-24 -28 12
-4 26 25
26 16 -3
15 -61 21
6 112 -2
-6 109 3
-10 24 -25
-16 -74 -22
7 24 -26
-26 -45 5
21 22 15
-26 -64 5
19 36 -18
5 -8 -26
-5 -58 -26
-21 45 16
-1 2 26
22 -15 14
26 -62 -1
13 67 12
17 17 -21
-4 -11 -27
21 -7 -16
23 -45 13
-17 -74 20
-5 39 -27
-26 -51 -9
-6 -82 20
17 3 19
26 -4 -2
-14 -23 23
-1 -66 26
-17 -7 20
-17 35 19
-22 -81 -5
11 60 19
25 1 6
26 -45 -3
5 88 -6
-2 -47 26
20 49 14
6 -76 25
22 -54 -15
10 -56 -25
-1 -43 -27
-9 6 -26
22 -79 -10
-8 -82 -7
24 8 -11
-6 87 4
-19 -13 -20
-26 -20 7
13 -82 -2
-7 -38 25
1 106 -7
7 13 25
20 51 -16
-19 1 18
-27 -20 -5
-4 127 4
-21 -63 17
5 74 11
4 -27 25
10 -6 24
-19 -44 19
7 43 25
-20 -56 -18
9 73 -11
24 -33 9
-15 45 -22
23 -4 13
-24 -25 -13
4 -18 26
25 13 6
7 32 -26
-7 -82 3
-26 -34 5
-7 -72 -26
4 -73 -27
-20 31 -19
4 120 -5
15 -3 -22
-17 69 -4
16 -28 20
23 30 12
21 25 -16
12 -68 -24
3 8 -27
10 -33 24
-5 66 18
2 60 21
-6 79 -6
-24 4 11
-20 -66 -19
-26 19 -6
25 -22 -8
-17 64 11
-14 17 -24
-7 -82 -18
-16 -23 -22
-4 -22 -27
4 -52 25
-26 45 -5
-25 28 9
4 61 -22
24 -61 -11
-22 12 -16
-15 -38 -22
-26 35 -8
13 37 23
-13 -57 23
24 -1 -11
-21 -38 -16
18 -76 18
13 8 -23
26 27 -3
-25 -12 10
-25 3 -10
16 -16 20
-26 -66 -6
4 97 5
20 12 17
-2 56 -24
12 74 -4
7 -30 -26
-22 60 -5
-27 -51 0
26 -14 -1
0 20 -27
6 -82 -20
-9 20 25
25 45 8
6 81 3
-23 -47 13
22 -31 -14
-14 71 6
-15 60 -17
-20 28 17
12 66 -15
-19 -26 18
25 -21 7
18 61 -12
-12 68 -14
-13 -82 8
-3 51 25
21 -67 -17
-7 -50 -26
-8 -70 25
-3 -32 26
22 -57 14
-3 72 13
13 53 20
18 -82 5
-21 56 10
25 37 -8
-16 2 -22
-11 55 -22
-26 -73 6
-22 -8 -16
3 -82 5
14 9 21
0 94 -8
-25 42 8
16 -45 20
-3 67 -18
-6 120 1
21 -38 14
1 75 -12
24 48 -7
-21 57 -12
20 63 -4
11 -18 -25
13 36 -23
-24 -43 -12
-27 -36 -2
5 -82 -7
-27 8 0
26 -37 -1
13 -55 23
-4 -65 -27
1 48 -26
15 -81 -18
25 21 -8
-6 -9 25
1 -82 17
22 59 3
19 10 -19
26 -74 -4
-10 -78 -23
19 -16 -18
-20 -78 14
18 -69 18
-7 10 25
-12 73 -8
14 51 -21
-22 50 -13
-10 -77 23
6 -69 25
12 25 23
-19 40 -19
-19 17 18
9 -48 -25
-20 -33 17
-7 93 -2
25 -64 6
-7 80 2
-24 -60 11
25 -47 6
18 -41 -19
-13 54 20
-26 -6 5
-16 27 -22
-26 33 4
-4 -17 26
26 -52 0
0 85 -8
-15 -39 22
-11 63 17
-24 21 -13
-7 101 2
-26 21 6
-15 6 22
9 -14 24
-5 109 -5
-25 53 0
4 -3 25
9 -40 24
23 17 11
24 -79 5
-9 33 -26
26 -30 -3
-26 -12 -8
3 127 -4
2 -26 -27
8 47 -25
-22 -82 1
-16 -16 21
19 38 18
-18 51 17
12 -82 13
-20 -82 -12
-22 6 -15
-8 43 25
0 9 26
22 -73 14
5 120 2
-27 45 2
-16 -47 -22
-9 75 7
26 7 5
-26 29 -4
-3 104 6
-2 33 26
26 -30 3
15 70 1
-7 -62 25
-10 28 24
12 -78 22
23 -15 -13
4 -82 12
-15 -51 22
-20 46 -18
-17 41 20
4 -58 -27
-21 -20 -17
-21 -12 16
-24 33 -13
-6 -35 -26
-9 -3 -26
13 23 -24
13 0 23
6 106 -1
18 -27 -20
11 31 24
20 44 -18
-25 11 10
-9 -30 24
-8 -50 25
25 -73 8
-10 -24 -25
1 84 7
1 -80 23
-24 -55 -13
18 -54 -20
26 39 4
5 -79 -24
1 28 26
16 -21 -21
-22 59 4
20 55 -12
-27 -9 -3
24 -28 -10
23 -51 11
-3 -82 -9
7 -24 -26
9 63 -19
20 43 16
0 13 -27
-19 -78 -17
-26 -26 5
9 -13 -25
0 -57 26
-7 -82 14
0 110 6
26 -64 -7
5 -36 -27
20 -62 17
-26 -27 -6
20 -20 17
26 10 -6
0 92 7
-23 -69 -14
21 -60 -16
-16 -58 -22
-2 61 -22
11 -62 -25
23 -37 -13
1 -14 -27
10 72 10
-20 -73 -18
1 113 -7
-4 24 -27
-2 -4 26
19 -82 -6
-1 21 26
16 -72 -21
13 -35 -23
26 27 3
21 31 -16
25 -41 -8
-20 -68 17
-19 -42 -20
7 -82 1
-25 -40 8
-7 4 25
-12 11 -24
21 -9 15
-10 -82 -13
26 36 -3
0 -7 -27
4 -1 -27
-12 40 23
-19 15 -19
-15 18 22
21 57 8
-9 49 24
-23 50 11
-25 -77 -6
-13 50 -23
-2 7 -27
-23 -53 13
4 -33 25
-12 -12 -24
10 40 -25
25 -48 -9
-21 26 -17
-18 -7 -20
-26 -71 -9
12 -64 23
-27 -1 -3
5 -44 26
-11 -8 23
-1 -71 -27
0 -82 -21
-23 16 13
-27 -21 0
11 -5 -25
10 57 -21
17 64 10
-26 7 5
-6 -16 -26
26 20 1
-27 -64 0
-23 -33 -15
11 48 22
-11 -59 -25
-16 -17 -22
7 85 -1
19 -3 18
9 78 -3
-12 -72 -24
20 31 16
5 -43 -26
2 71 14
-18 -82 5
-27 13 -2
14 2 -23
-3 122 5
24 -6 -12
23 1 11
-7 82 -3
-27 -39 2
25 52 -2
17 54 17
8 7 -25
14 69 7
19 -33 18
2 35 -27
-24 -21 12
-14 -79 20
-1 123 -6
25 34 8
-3 61 21
-24 -2 -13
23 36 -13
23 -74 -12
-25 -79 -1
19 -81 -14
11 -28 23
-14 31 22
26 -18 -4
-9 44 -25
-1 -54 -27
-16 -2 21
6 101 0
13 -44 -24
7 -82 -12
26 -76 1
-26 41 -8
19 19 18
-25 -38 -11
3 28 -27
15 -81 17
-26 -60 -8
26 -4 3
5 18 -26
-21 -61 -18
5 102 -5
14 -52 -23
-26 -59 4
-21 40 16
21 -2 -16
-6 -82 -2
25 -59 -6
17 -8 -20
-3 -41 26
-5 -27 -27
16 -66 -21
26 -67 -1
7 77 6
26 43 -6
-27 18 -1
-20 23 18
-18 10 19
-7 -82 9
24 24 -12
23 50 9
-27 -70 2
-27 7 -5
-15 -32 -23
-1 79 -8
5 115 2
24 12 11
-15 -82 -10
-4 115 4
-23 -50 -15
24 -79 -5
-27 -45 0
-2 -38 -27
7 28 25
18 24 19
-22 0 14
2 -72 26
-16 71 1
25 47 4
20 -46 -18
19 7 17
24 -40 10
8 38 25
24 23 11
11 -81 -21
9 -52 24
25 1 -6
-11 39 -25
20 18 -17
14 62 15
-7 20 -26
25 -27 7
24 -59 10
23 4 -14
20 -44 17
3 46 25
-20 -25 -19
-21 -49 16
-19 64 -6
-2 72 -15
-16 -67 -22
-18 -82 -6
26 -6 -7
-27 -56 1
-7 127 -1
13 17 -24
-24 46 -12
-3 -52 26
7 96 1
26 -9 -2
25 -5 8
9 66 16
-27 24 -4
-19 -39 18
-23 -76 11
2 37 26
15 -21 21
-10 -21 24
22 12 -14
-22 18 -16
0 -22 26
-8 88 0
24 -16 9
-20 61 8
-14 -79 -21
-16 22 -22
-8 53 -24
3 4 26
-17 -21 19
13 -50 22
3 13 26
-23 41 13
5 8 25
-16 -60 21
-8 14 25
17 -56 19
1 127 6
-25 16 -10
12 -30 -24
-5 95 -6
-26 -1 7
22 -30 14
-16 32 -22
-15 -28 21
-11 64 -17
-25 -68 9
-18 -53 -21
-8 -67 -26
-4 83 6
-4 -79 24
14 -11 22
25 29 7
-23 55 6
25 14 -9
24 -11 11
-2 41 -27
12 13 23
26 -36 4
6 63 19
17 24 -21
16 54 -18
17 -82 1
-3 -82 -14
17 -82 10
-27 -15 -4
-2 89 -8
-7 -2 25
-11 58 19
4 93 -6
5 17 25
-25 -50 8
8 57 21
1 65 -20
-21 -58 16
-2 -13 26
23 51 -11
-11 2 -25
-27 33 -2
-14 69 -10
-3 -47 -27
26 11 2
9 20 -25
-19 -82 11
-1 68 17
26 -45 2
8 -1 24
-15 68 9
2 78 8
-26 -15 5
12 42 23
-19 -35 -20
26 -58 2
14 4 22
19 28 -19
-23 -66 14
-11 -36 -25
24 -52 -11
17 68 -3
-22 -43 15
26 -18 1
0 101 -7
-17 46 19
-20 -4 17
-25 46 9
26 0 0
-27 -4 1
-25 -79 4
0 75 11
-16 -69 21
-26 -38 -6
7 -10 25
10 20 24
-26 17 8
-13 -82 -6
9 28 -25
11 -82 -15
12 -82 -7
-5 -6 -26
-11 29 -25
-26 -47 -4
26 -14 4
26 32 -5
-24 32 12
-22 -74 15
5 83 -6
17 49 -19
-23 -34 13
13 69 -11
-3 76 -11
11 8 24
8 -52 -25
26 47 -3
4 108 -5
17 41 -20
4 -64 26
20 -11 -18
16 33 -21
9 -71 -26
0 118 -6
-18 -65 20
-6 92 4
-11 75 4
-7 58 -23
19 65 0
-22 -14 -16
-1 -75 -27
7 70 13
-7 106 -1
9 77 2
22 40 -16
-11 -41 24
1 64 19
15 -5 21
21 58 -9
2 -47 -27
8 70 -14
-25 35 9
-8 69 -15
15 65 -12
-23 27 13
22 -20 13
-25 -21 -10
14 -58 -22
-23 56 -3
-4 105 -6
-6 10 -27
13 -40 22
23 -64 -14
3 72 -15
-26 -56 -7
-19 6 -19
-2 34 -27
4 110 4
25 -75 -8
20 -37 -17
-17 68 5
-5 122 -4
17 5 -21
-25 -29 -11
8 -18 24
-3 -71 26
-21 36 -17
4 -13 25
19 -1 -19
-11 24 24
21 3 15
-26 26 6
8 -80 22
-9 76 -6
-17 56 -16
-7 112 -1
14 -32 22
9 75 -7
-21 62 -1
-7 69 15
-23 -15 13
9 -73 24
9 -34 -25
9 -56 24
21 -27 -16
4 -82 21
23 -10 -13
16 -16 -21
-21 6 16
7 90 -2
-6 -77 -26
25 -15 -9
6 12 -27
-3 52 -25
26 -26 -6
7 -60 -26
-5 45 -26
-23 -79 -9
-14 6 -23
-20 60 -9
5 4 -27
-27 -32 1
24 -24 10
-25 50 -5
23 44 13
0 54 24
24 -20 -12
5 -68 -26
19 -24 17
-10 -7 -25
23 55 0
-12 -53 23
23 34 13
-24 -10 -12
18 64 -8
-22 -42 -16
5 125 -1
-25 49 -9
-25 -30 8
-1 99 6
-26 -17 -9
-26 14 -6
-10 -82 -21
0 -21 -27
26 -41 1
-10 -81 21
-4 6 26
-25 23 10
13 -8 -23
-27 -49 4
2 121 5
-2 -82 21
-16 -11 -22
-15 -45 21
-26 -34 -6
-27 42 -2
21 -71 -16
-21 14 16
-18 -48 19
-26 38 4
-7 73 11
15 58 16
12 -82 2
6 37 -26
7 -4 -26
-4 18 26
-10 -47 -25
-7 98 -1
-27 -68 -3
-6 -42 -27
-25 38 -11
-14 -1 -23
26 -69 -5
4 -32 -27
-1 -26 26
0 -62 -27
5 76 -10
-15 65 -14
-3 112 -6
26 30 -1
21 18 15
-26 -10 6
-8 53 23
13 71 -7
5 93 4
25 39 8
-18 36 -20
4 41 26
18 -81 14
-22 -23 15
-11 -82 12
-22 -58 -15
20 -30 -18
20 27 17
25 4 8
-19 -4 -19
12 -73 -24
-6 65 -19
-23 -9 13
1 49 25
4 116 -4
7 -82 15
-3 -60 26
-25 -66 -11
-24 -42 11
-20 32 17
2 88 7
22 21 -14
9 52 22
20 -50 -17
-8 -34 25
-21 50 14
20 61 7
4 45 -27
-27 -53 -3
-7 62 19
-8 -26 25
26 39 0
4 -22 25
7 47 24
-24 -3 11
-26 49 1
21 -81 8
-26 -44 -8
1 -82 -7
25 -68 6
-3 -37 26
-10 -82 1
0 -82 2
4 57 -23
-18 61 12
20 -49 16
-22 -66 -16
-14 50 21
-18 -12 19
-10 17 -25
-4 37 26
-25 -16 10
14 -76 -22
-16 -56 20
-13 -41 -24
14 12 -23
-2 -82 7
-13 -82 4
1 -67 -27
-4 -82 -21
23 -49 -14
-15 2 22
7 -76 -26
26 20 -3
-18 5 19
19 -82 -10
21 61 -1
16 -66 20
-25 32 -10
-2 58 22
24 9 8
-24 -48 -12
24 -55 10
-26 3 7
23 28 -14
23 -70 11
-12 -26 23
23 -77 9
-13 66 12
-23 -20 -14
6 -15 -26
24 52 -7
-23 2 -14
-9 -55 -25
15 22 21
5 101 4
-22 -28 15
22 48 -14
-24 6 -11
12 74 0
15 49 20
26 -51 4
11 -10 23
-18 -79 17
-15 61 15
-7 -31 -26
-10 -59 24
-7 -62 -26
15 -74 21
