37 136 149
247 162 99
168 162 243
113 159 8
150 95 132
73 163 235
31 163 57
184 119 51
223 132 180
89 99 71
122 105 208
213 108 120
86 95 148
64 118 197
170 163 14
220 162 48
177 118 210
41 119 92
10 163 108
129 114 37
29 163 196
69 134 38
120 144 242
152 95 81
189 98 164
248 162 149
210 163 217
221 128 80
114 107 107
145 107 172
70 95 108
192 101 88
92 125 223
10 163 148
95 96 184
227 142 127
55 106 163
149 128 230
78 163 20
158 137 37
44 109 127
118 107 141
103 137 37
36 132 182
209 124 150
236 163 182
194 146 32
184 95 131
53 144 214
45 132 62
122 95 67
23 132 117
32 153 88
192 124 182
184 147 214
157 105 53
143 149 12
59 162 43
69 121 77
225 158 77
162 107 107
152 102 200
202 143 60
209 138 205
100 110 47
140 163 248
99 162 246
19 151 171
226 144 155
119 131 217
117 107 172
90 107 121
95 119 197
229 126 105
164 95 158
204 122 98
178 103 187
93 95 96
125 133 21
78 147 217
172 114 72
250 160 124
138 107 100
64 96 136
79 113 176
83 125 58
23 153 130
190 162 233
195 125 76
137 95 152
101 148 227
185 107 111
216 161 195
161 147 225
132 95 190
126 95 123
61 115 103
203 102 140
141 121 207
93 146 18
137 113 59
59 127 177
228 149 98
138 149 230
114 107 84
52 120 145
229 125 141
206 111 169
39 120 164
98 107 162
53 143 193
49 163 206
172 144 23
46 126 113
69 100 88
52 143 44
17 144 101
134 107 79
173 95 82
179 138 46
30 146 68
152 117 37
242 144 141
169 107 139
104 95 133
199 162 44
241 143 112
21 163 74
190 135 199
77 96 166
17 144 151
73 127 215
61 120 59
37 153 181
223 151 174
52 131 81
164 118 195
87 125 36
75 153 37
188 163 22
242 153 166
223 145 63
175 133 225
157 116 216
130 163 17
166 123 54
225 125 161
113 150 26
109 112 64
215 128 119
145 133 22
67 109 121
162 95 179
121 163 246
153 149 243
193 113 152
116 122 49
32 133 82
41 129 131
109 99 196
61 163 220
81 107 194
103 112 213
206 139 186
72 109 154
49 151 61
144 95 115
150 107 147
7 162 127
155 156 24
36 138 103
203 104 103
125 95 93
200 123 58
132 132 235
174 108 168
109 132 232
166 95 120
208 114 82
99 163 22
130 117 222
232 142 82
176 95 101
13 159 91
39 148 202
138 130 40
62 109 180
82 148 235
113 123 30
27 134 165
228 149 191
84 109 85
68 139 202
101 95 113
188 108 69
24 131 136
181 95 148
120 95 155
63 137 59
73 108 65
241 163 83
197 134 45
113 107 124
196 112 124
200 154 207
178 148 234
216 134 96
172 123 38
35 119 145
141 97 62
218 113 136
78 95 127
190 114 196
125 104 50
211 141 75
237 160 113
84 107 104
136 107 131
230 163 62
50 105 112
163 134 213
205 128 170
23 161 158
79 125 195
207 146 43
129 95 172
135 147 26
84 116 209
203 124 196
62 157 28
125 110 192
137 133 219
105 95 77
49 125 190
191 132 215
20 163 182
54 110 86
26 152 114
180 155 35
153 110 68
160 107 89
67 149 229
43 156 43
141 110 191
167 100 66
85 109 55
114 118 203
105 95 171
153 107 121
152 163 10
216 114 104
100 107 145
45 135 169
194 96 119
177 109 89
199 151 223
43 144 76
85 140 41
87 132 209
177 119 187
91 163 232
104 128 212
239 162 136
232 128 121
152 95 101
34 118 121
183 124 65
118 143 227
231 137 168
188 108 139
95 127 49
51 105 145
123 134 36
81 141 26
31 148 159
84 107 139
52 119 71
209 108 155
192 148 48
106 137 20
110 95 97
146 95 186
133 107 163
63 111 138
15 143 122
214 133 62
156 143 18
176 163 228
177 133 207
191 113 98
100 107 103
137 103 205
203 117 138
190 116 169
173 110 54
99 110 185
53 131 203
144 108 46
121 146 13
225 140 109
218 152 206
130 95 139
53 124 160
216 158 65
105 149 243
133 150 246
174 107 124
208 119 182
31 141 125
153 162 236
72 122 48
90 152 31
92 137 232
49 115 173
148 121 51
31 124 107
235 160 155
36 158 72
215 138 169
219 134 147
158 107 164
66 116 166
102 95 154
68 146 47
112 120 223
140 95 89
11 152 137
72 95 151
64 130 190
97 105 201
102 99 64
85 95 112
150 95 163
122 95 108
161 95 141
111 103 53
178 134 32
240 144 155
235 137 97
94 115 64
191 134 59
230 162 195
195 109 180
66 138 219
163 110 183
125 155 235
208 122 70
176 107 154
25 155 100
45 132 94
118 95 186
180 95 115
98 107 80
41 114 105
206 120 112
59 102 101
241 149 94
85 107 166
55 116 123
170 144 37
208 150 196
132 107 112
82 98 179
64 151 210
33 144 190
81 96 85
173 109 200
161 136 233
57 122 91
208 157 54
214 126 132
195 163 216
26 151 144
234 163 95
146 107 85
45 163 55
123 113 60
217 119 91
149 145 29
70 113 92
60 131 47
223 117 123
62 145 36
145 118 222
230 161 168
64 108 76
24 142 86
38 150 54
70 121 183
149 129 215
117 95 133
71 127 65
163 100 191
201 157 32
48 156 218
237 133 132
77 159 223
218 140 195
28 162 171
19 163 139
81 118 69
135 124 28
28 131 95
111 113 40
165 148 239
105 160 234
161 126 31
227 142 140
145 138 238
93 95 164
200 120 160
100 155 11
235 154 127
77 136 50
25 132 152
143 161 20
95 133 26
233 133 153
99 120 36
173 95 171
153 96 68
215 120 171
42 123 79
121 126 230
45 156 194
62 97 120
82 134 225
194 124 205
96 137 217
74 151 23
86 116 187
220 147 83
196 99 150
217 148 51
56 136 70
131 154 8
100 107 131
129 107 91
186 140 225
200 141 215
117 107 159
42 136 194
114 95 119
90 95 131
162 107 151
190 163 35
234 149 178
12 151 112
25 163 88
182 151 23
146 107 111
128 107 179
149 144 226
196 119 88
245 147 128
162 110 207
39 142 88
173 95 137
198 109 78
36 135 70
171 124 219
24 151 182
113 109 189
14 162 167
46 111 155
88 107 152
219 116 154
173 152 223
162 113 44
31 121 133
247 154 108
140 160 236
235 155 71
54 101 129
222 159 184
50 137 181
105 120 53
91 109 177
211 160 39
125 107 71
130 107 144
112 95 145
249 156 137
209 138 51
138 111 215
158 125 207
164 160 231
176 163 27
149 116 199
89 153 225
163 153 13
128 124 45
20 162 116
163 115 64
168 133 45
136 140 16
148 95 145
136 95 76
174 107 105
81 95 97
150 107 99
152 107 135
231 150 115
78 107 124
52 157 35
73 119 205
91 154 241
141 95 172
109 147 14
116 95 85
198 143 200
175 125 197
89 115 46
164 108 78
145 107 158
165 95 96
193 96 139
156 95 115
166 153 29
208 162 205
61 100 155
210 133 84
51 123 101
118 163 18
37 162 207
89 157 14
34 138 137
35 137 115
125 123 210
156 128 45
208 121 124
194 98 107
56 153 51
212 127 105
63 129 209
215 146 183
14 153 160
108 139 223
141 108 70
72 109 103
40 123 175
184 158 221
210 111 95
177 101 72
228 133 88
45 128 150
187 128 43
137 124 228
54 153 203
234 156 144
134 95 108
105 107 91
200 99 129
185 100 174
108 127 44
42 111 138
125 107 101
125 107 127
57 116 188
100 148 29
203 136 70
75 163 31
126 152 23
130 142 227
121 107 116
152 163 247
20 153 80
174 142 216
33 163 183
183 117 76
39 137 159
187 127 192
26 142 176
89 111 75
19 139 141
163 128 226
166 135 26
209 152 216
63 113 149
182 96 90
49 110 96
49 121 134
181 126 216
201 105 161
39 144 172
221 163 205
124 125 27
67 110 189
185 107 128
102 139 237
193 116 61
117 95 166
203 102 116
45 146 185
132 117 203
213 130 158
73 107 135
176 127 56
109 107 75
212 131 194
110 161 247
18 163 128
177 158 239
77 137 208
33 124 156
59 150 222
116 107 96
125 95 77
108 107 154
130 163 240
164 107 125
100 107 116
115 160 236
141 115 37
180 108 62
162 95 84
101 107 175
10 152 123
246 162 161
221 135 70
125 98 197
140 95 132
165 95 107
79 133 33
238 150 84
43 141 56
75 101 78
136 103 52
142 159 8
210 148 65
62 114 67
54 129 56
198 116 190
61 128 74
188 151 231
142 138 34
21 141 160
187 103 78
163 163 23
24 155 69
75 111 166
82 159 239
121 110 43
46 140 204
114 131 23
102 123 224
162 95 74
169 95 148
92 95 120
172 111 179
67 103 173
138 107 180
71 142 31
198 163 227
151 125 29
74 115 55
212 109 144
141 98 197
248 163 113
221 133 127
114 139 33
234 157 103
74 141 227
111 150 230
246 152 147
210 135 176
224 153 56
227 150 163
184 109 159
29 153 193
173 120 64
80 108 94
198 132 187
106 114 195
190 98 98
155 137 220
182 108 99
200 132 208
118 113 217
221 142 92
226 154 87
109 107 137
168 107 116
114 95 73
76 95 141
80 107 113
92 95 85
188 108 188
45 124 124
12 153 148
31 146 100
41 113 115
236 135 111
200 107 87
246 150 119
76 115 80
174 154 18
150 107 209
18 137 130
153 109 186
215 127 185
160 145 32
193 155 26
235 133 143
190 136 37
22 136 104
183 146 42
124 163 9
147 102 54
222 127 171
155 123 224
83 124 217
187 142 207
19 163 105
112 109 211
232 150 136
87 140 215
91 125 203
13 153 102
68 163 23
65 163 35
240 157 175
225 140 187
210 108 109
224 138 119
239 163 125
225 119 133
134 142 241
132 97 62
110 159 21
28 127 144
35 126 89
93 134 43
219 115 114
222 118 143
85 101 187
104 96 188
128 157 250
87 109 203
141 107 144
160 107 141
101 95 124
176 95 162
121 95 143
44 127 70
182 143 27
190 155 41
220 138 160
167 124 202
96 100 192
84 162 28
49 116 80
128 110 215
203 130 78
229 143 73
208 105 131
63 112 112
65 160 231
153 95 154
103 128 27
122 107 151
168 107 159
96 95 139
158 95 127
201 117 147
123 142 30
160 158 246
83 152 19
192 124 51
32 154 169
49 143 69
60 146 203
66 156 42
116 152 246
93 116 213
50 163 47
198 116 104
27 144 77
128 117 53
37 142 62
185 95 105
59 137 213
206 127 89
106 163 13
194 112 111
144 150 244
116 125 211
154 107 174
72 95 120
137 107 121
92 95 175
153 95 178
113 95 109
106 95 87
126 107 170
136 95 162
118 95 175
101 123 205
93 107 96
42 129 141
161 163 11
178 107 135
128 95 149
96 103 58
43 157 65
78 126 40
167 116 212
156 119 55
172 117 45
70 132 197
21 163 149
200 117 67
58 123 168
171 97 180
101 110 71
76 143 43
84 95 160
43 152 211
93 95 155
93 95 105
140 95 99
182 115 202
83 105 64
66 120 174
114 138 238
116 102 202
193 130 66
38 162 49
146 128 43
95 146 239
51 136 51
240 163 168
37 150 80
31 143 145
112 107 180
216 154 188
136 110 42
146 153 25
34 123 97
117 98 60
61 112 129
32 158 80
194 104 172
59 118 156
162 104 199
239 137 124
189 96 155
61 123 83
186 123 209
127 135 222
56 136 187
50 104 121
59 161 212
15 144 135
204 131 53
219 133 108
198 142 39
215 127 72
83 147 37
132 163 7
54 123 63
106 104 203
44 129 104
144 95 71
28 124 124
92 107 108
178 163 18
228 124 114
174 95 124
106 95 162
134 107 152
234 156 188
186 108 148
229 163 176
231 152 154
68 98 160
61 103 92
18 140 114
45 136 86
118 117 35
145 136 221
35 127 169
124 137 239
213 163 57
70 158 219
92 145 222
215 116 163
89 162 242
66 149 29
96 141 36
49 106 136
155 142 239
54 149 38
185 137 52
224 152 198
221 145 168
30 154 60
241 144 102
131 135 35
160 101 61
17 159 175
56 143 61
37 133 124
223 119 107
146 112 63
226 135 79
80 117 48
182 113 171
246 163 132
190 154 215
23 155 121
138 118 52
155 151 230
52 120 112
111 96 65
73 154 234
90 139 24
171 143 233
41 151 71
210 144 210
115 132 39
156 107 76
51 128 168
140 127 213
15 150 94
202 116 120
244 160 90
74 101 179
195 142 55
56 122 195
61 146 52
29 145 137
96 121 55
217 148 75
37 163 192
71 143 209
122 120 224
37 115 132
93 107 87
238 163 147
137 95 183
158 107 115
233 163 79
60 106 170
61 99 144
108 107 170
109 107 113
184 113 57
33 142 154
121 107 184
122 155 9
14 163 99
133 109 66
66 95 127
94 110 207
97 163 12
93 159 26
230 125 131
167 107 174
165 95 168
80 107 150
144 107 128
128 107 136
53 116 181
180 121 44
128 95 159
88 107 129
45 130 158
141 95 123
172 95 112
177 107 116
120 95 100
109 95 127
199 149 52
73 95 133
187 113 90
90 107 144
102 95 179
63 136 196
182 163 32
34 156 202
71 107 143
215 158 213
209 163 47
21 141 94
44 125 183
81 101 72
133 147 12
66 99 97
112 115 57
185 120 184
82 130 204
82 163 228
182 108 193
87 96 78
24 161 189
234 163 69
84 132 48
68 117 86
224 163 71
31 143 112
62 137 40
132 108 188
203 139 46
153 98 193
206 153 37
168 135 230
98 95 72
57 116 135
155 150 13
63 98 110
84 95 171
118 113 196
53 162 222
146 156 233
215 122 81
205 157 222
9 159 115
234 137 161
48 112 163
107 119 35
200 114 131
103 114 41
161 163 238
