-58 1 84
61 24 -108
110 23 56
-101 23 -73
11 -19 -9
33 24 120
-123 24 19
118 24 -36
-20 -12 -92
-67 -19 -17
44 -19 59
64 -19 -54
88 -15 7
-16 -19 44
-23 25 121
-86 -13 38
-58 25 -109
6 25 -123
3 -10 92
-105 25 68
74 12 92
-114 7 -27
-63 -14 -67
29 -11 -92
-22 -19 -43
94 17 -75
121 25 11
85 -10 49
21 -19 -50
-30 -16 4
45 -19 18
95 -8 -32
47 -16 -20
-96 -7 2
39 -5 98
-52 -19 51
-29 -19 80
65 -2 -85
-93 -5 -52
-82 25 94
17 -16 36
-27 16 -118
-61 -16 15
-86 -2 68
-53 25 109
-72 12 -83
4 10 118
107 1 26
33 12 -114
112 4 -9
-23 -3 106
-109 6 41
1 -1 -109
-4 -16 -67
10 -19 65
-50 -6 -92
69 -9 73
-4 -16 17
-93 -12 -25
-50 -16 -42
74 -19 -17
87 14 67
-34 -19 -68
-112 25 -48
-123 25 -8
43 -19 -71
57 25 109
70 -19 29
86 -4 -61
-13 -16 -17
104 10 -52
-38 -19 -19
-75 -19 -41
-41 -19 29
5 -15 -89
27 -19 81
78 25 -92
22 -19 13
-116 6 5
118 20 34
65 -19 4
2 -16 -35
45 8 -95
-45 4 105
-66 -13 68
43 -19 -42
96 9 45
120 25 -13
21 8 104
-41 11 -101
26 -16 -27
-104 -5 22
65 -19 50
40 -16 39
-11 -16 69
55 2 85
-81 -4 -71
-79 -19 3
92 -7 -12
-67 -19 36
-117 25 43
-88 25 -89
104 10 -27
-77 7 87
-20 0 -108
19 -19 -76
-49 -16 -1
78 -13 -41
19 4 -101
34 -16 -2
-29 -16 59
-47 -16 73
42 15 103
-98 14 -56
-92 3 50
-61 8 -100
89 -13 26
90 25 82
-64 11 101
-88 17 73
-122 25 -28
-34 -5 90
-22 -16 26
-107 -3 -13
-99 6 -38
106 9 8
77 8 -73
45 -15 78
25 -19 52
48 -9 -87
63 15 -92
-7 12 -119
21 -10 97
-15 -14 91
2 -16 47
-15 10 117
14 24 119
-5 25 122
106 24 -63
-12 -19 0
-79 -16 21
59 9 102
-38 17 116
-77 -13 54
60 -10 -69
-4 -3 108
59 -19 -35
-74 22 -100
-110 14 22
44 25 -111
-42 25 -116
23 25 -120
-48 -13 -76
-89 10 -79
-67 -4 -83
78 0 62
-19 -16 -75
80 3 79
-75 -8 -56
-105 10 57
-48 -19 -59
13 10 -116
101 23 70
-33 -5 -100
4 -19 -52
-34 -19 44
-111 13 -9
102 -6 13
-33 -13 -83
34 -1 -104
-6 -5 -96
95 2 59
54 -19 32
-44 -16 14
51 -16 -2
-1 -19 32
94 -4 -47
70 25 99
-37 -16 -34
119 13 2
7 -19 80
-82 -19 -12
-53 -16 -27
8 -19 6
-70 1 75
-69 25 103
-100 -5 37
60 -16 64
50 -19 -57
-34 -16 -53
-16 -16 -57
30 -16 66
116 13 21
105 13 34
-27 12 107
91 11 -58
79 11 -87
-86 -9 -37
-16 25 -122
-63 -16 -50
-86 8 -64
108 24 -46
-9 -19 -85
2 -19 -20
-49 -5 94
74 -8 -69
31 10 114
92 -1 34
-112 11 -41
99 0 -3
-92 -9 16
10 -16 21
-26 -16 -9
12 -8 -100
61 -19 -13
-66 -16 -4
-53 -16 37
-15 -19 -31
29 -19 25
10 0 100
105 -3 -20
-104 4 11
51 -19 47
-79 -19 -26
74 -16 14
84 -19 -8
116 14 -24
-124 20 6
10 -16 -64
-112 23 57
49 13 -108
-120 18 31
97 17 58
25 -16 -13
-19 -16 13
15 -16 -35
-106 25 -61
-93 24 84
75 -8 -53
-42 -19 61
30 -19 -60
-94 -13 -10
80 -13 36
58 2 -95
97 8 -41
-100 1 -24
80 16 79
83 -13 -29
34 -13 -81
-33 6 -111
-59 6 -87
32 -8 87
-16 12 -108
-8 -19 57
29 -16 -41
-99 12 68
-51 14 -109
-52 15 100
-7 -16 81
110 10 -38
81 25 92
-1 -16 -8
56 -9 74
-102 5 29
67 2 89
74 -12 60
109 12 46
59 -16 15
70 -16 -30
-120 15 -17
7 -16 -76
22 -16 0
36 -19 10
83 21 -80
-54 -11 83
46 21 114
51 0 98
-105 4 -2
-66 -16 50
-14 6 105
-105 18 47
111 16 -9
16 12 118
3 16 -113
36 -1 -91
14 -19 -22
-52 -16 -15
21 17 -111
-31 -16 17
95 -3 47
-53 -16 25
30 0 106
-38 -16 -7
13 -16 52
-64 -16 -33
-26 -16 -27
18 -11 -88
90 5 -69
-48 2 -101
-74 -5 63
17 -15 86
68 25 -97
-67 13 89
-90 9 61
-105 6 -49
-54 -4 -81
-61 20 -98
109 23 42
-39 -14 85
-96 3 -60
-77 -19 42
-113 16 10
-11 -4 97
36 -19 -17
-33 4 99
62 13 91
-92 -7 28
39 -19 -31
-89 -5 58
-26 -10 96
-121 14 -4
120 25 22
-109 16 35
44 -3 87
11 2 111
-18 -2 -97
-85 15 87
32 24 -113
-82 -13 -48
0 8 107
-8 6 -104
-86 -6 -61
-112 20 -32
86 -5 -39
-39 -3 -90
-71 2 -74
74 -19 -2
-22 -19 69
-98 13 -69
103 0 -36
88 2 68
-71 10 -95
28 -1 95
68 8 -81
123 22 -2
29 -16 41
70 10 81
-104 17 -47
57 -4 -78
-84 -7 48
17 -16 74
-55 3 100
7 8 -106
-13 -19 33
-24 -16 37
-68 -19 7
96 -1 24
39 -16 -53
36 -16 52
-35 -16 69
74 -19 43
25 4 -111
-86 -18 13
-81 14 -89
99 14 -66
24 -6 -102
-115 6 16
-97 -7 -37
-41 16 105
42 6 96
-87 21 -78
34 10 -102
94 -12 -2
-76 16 95
60 21 99
80 -19 24
86 1 53
30 -19 -71
21 -16 -64
-88 6 76
-55 -16 67
97 3 -55
-33 16 -109
-3 17 114
-35 5 110
-66 2 92
-5 25 -124
91 -8 17
49 -19 69
67 0 -74
-26 6 -102
54 19 -101
-89 -15 2
63 -19 37
-16 21 115
91 15 78
97 25 -70
35 20 110
-107 1 -34
-78 -19 32
-112 4 27
-81 3 -81
109 18 -32
-70 -19 24
-98 6 39
53 2 -86
-1 -16 3
48 -16 9
-94 5 -47
-18 -16 59
103 6 -14
106 10 18
68 -13 -62
-71 -6 -65
-9 -16 -39
87 3 -53
-44 -19 40
94 -4 -22
67 -16 -45
111 1 1
22 18 112
-106 11 -32
90 -10 40
-99 -3 -8
72 15 -95
-64 -6 82
106 4 37
-19 -19 84
-115 6 -15
67 2 76
-108 15 -56
-58 10 92
-53 -18 -68
85 -9 -52
-29 20 113
2 -16 58
-31 25 -120
21 -19 65
33 8 101
-119 24 -39
-73 20 -90
78 2 -64
-58 -9 74
-34 -19 -43
-104 -6 10
58 10 -102
-100 -8 -18
-80 12 78
-120 15 17
84 -15 -19
40 17 -105
51 14 99
-114 15 44
-79 -1 78
37 -19 74
-23 8 -114
-26 -16 -60
0 -19 67
92 26 -79
-26 -19 -82
19 -16 26
-7 -4 -106
-57 0 -95
113 18 7
21 -2 106
-56 -16 7
-90 -4 39
110 2 14
54 -19 -43
43 -16 -8
9 16 112
115 24 -23
-64 -18 60
77 1 -80
57 -18 -63
50 -13 -72
43 -1 -100
107 10 -2
-100 -1 46
-67 -9 -74
2 -9 -100
102 6 53
14 20 -122
62 -19 -26
51 -9 86
-99 2 56
-109 0 -22
13 -1 -108
-49 17 112
-95 21 68
-88 3 -55
-16 -16 -8
38 -11 -89
-11 -16 24
75 -12 49
61 -16 25
-42 -19 50
78 7 71
-43 20 -107
-59 22 102
66 5 -91
-20 21 -114
-80 9 -73
102 18 49
-5 4 114
-45 26 114
77 -5 70
-4 -16 -76
-120 25 -17
-22 -19 0
23 25 120
-48 5 94
-47 3 -92
-108 11 -21
119 16 -15
-106 -6 0
-73 -8 74
88 15 -68
62 -8 80
103 22 -54
4 -6 104
111 20 25
-87 -16 -19
-72 -16 -11
-86 -15 28
-58 -12 -77
-4 -19 -28
-44 -16 -26
-44 -19 -48
8 0 -100
-4 -11 98
7 17 122
-12 4 -113
96 9 65
7 -16 -27
-8 -16 40
-105 6 -13
-42 -13 -84
11 -11 96
-16 -19 -67
-23 -19 -17
-30 -19 29
84 7 -79
-66 -19 -42
-12 -19 -48
-82 7 69
-48 -19 -34
104 17 -42
95 1 -32
105 -3 -9
-89 -3 -43
1 16 -122
13 -18 -85
50 -19 -28
66 -16 -5
25 -15 -82
-35 25 120
41 3 105
-115 22 24
-65 19 96
82 0 -72
98 5 32
95 -5 7
-8 -19 9
-22 -16 51
0 -18 87
81 10 86
67 16 100
-35 3 -97
114 11 33
104 -6 3
-106 17 63
87 17 85
-84 -4 -51
-74 -16 -49
49 11 107
-96 10 54
-11 19 -114
-39 16 -115
-71 2 -87
-52 -19 15
41 -11 87
52 -16 -12
-93 5 68
-115 10 33
71 20 90
52 -16 55
111 4 -18
8 -19 37
51 21 105
-89 3 -71
-69 7 82
-99 22 76
92 21 69
110 16 -19
117 11 11
-66 22 -106
-4 -12 -90
53 21 -111
-98 -3 -45
-26 -15 87
-35 -5 100
-45 -6 85
-18 -16 -84
-114 3 -3
54 10 -94
-79 1 -64
-13 -2 108
85 -14 15
-93 -7 47
57 16 107
-19 -1 98
91 -12 -23
-120 16 -26
-60 15 -106
-101 18 56
44 -13 -81
-81 22 -94
-59 -16 44
36 -19 30
-53 -19 -52
-70 -16 -26
18 -5 -94
6 -16 -2
41 -19 3
-57 -16 -8
64 -9 -76
-19 13 109
18 -16 46
-39 -16 -60
99 -3 39
50 -3 -94
40 12 112
102 24 61
-13 -8 -100
86 -5 59
-99 22 -64
66 -14 58
-75 16 85
-12 20 123
-29 -10 -94
28 4 -100
-23 -16 -35
-75 -16 -33
-23 4 112
-85 22 83
-81 -4 55
-23 -16 -52
-37 -19 10
-40 -19 77
0 -16 76
-9 13 110
78 -19 7
100 -7 -15
67 -19 21
106 16 58
8 -16 -45
55 -19 4
111 7 -30
50 -16 -37
-60 -19 29
-66 -16 -59
14 -19 -57
-66 4 -81
92 8 53
-15 -19 76
56 -16 -53
86 -2 45
23 7 114
-96 -12 9
41 8 -108
-118 21 -1
-51 21 -105
-81 21 -85
79 -4 53
-58 -4 91
96 -8 31
26 16 -118
-105 -2 30
-100 -7 -29
70 -5 64
21 -19 -41
-71 -14 60
44 -16 -63
-99 -1 16
-44 -19 -12
-91 19 -70
33 -19 -48
-37 1 -105
-39 -16 -74
-21 15 119
-85 -12 -30
3 24 120
97 17 -58
-35 -16 35
2 -19 11
15 13 109
54 9 93
-56 14 107
88 23 -87
-1 -2 99
-72 -2 82
75 18 -85
-16 15 -119
-91 -6 -30
-104 5 19
-64 14 -91
-27 -16 -74
-4 -19 -53
112 18 16
-51 -11 -84
43 -19 48
18 0 98
77 -18 -35
103 4 -45
61 8 -86
-13 -8 -92
26 -2 -94
103 4 45
120 19 15
63 17 -104
80 -19 -24
48 -16 39
17 -19 6
5 10 -117
-96 -11 23
24 -12 86
-93 15 -63
8 -8 -93
114 19 -1
51 6 -103
-28 -2 -105
-8 13 120
-3 4 -114
103 -5 21
-58 -5 -88
31 -9 96
67 -13 66
-110 22 -41
103 9 26
112 16 -43
24 10 -105
43 -2 -87
58 -5 -87
96 -9 23
97 13 -50
2 -16 -59
-75 -19 -17
-59 -16 -39
-35 -16 -26
-8 -19 -11
8 7 105
73 2 84
-54 15 -99
-112 17 -49
66 -19 13
-38 -16 22
110 20 33
-29 9 115
26 15 118
52 -16 21
39 -16 21
13 -19 14
-87 3 57
95 6 -63
98 0 16
-119 24 11
-12 -19 -78
-25 15 -109
91 12 61
-94 23 -83
91 1 -41
100 4 -22
-103 13 -62
-80 1 62
30 -16 4
-56 -19 58
-35 -19 57
25 -19 72
-75 -19 -4
83 7 64
62 7 84
-120 12 6
-26 5 102
-91 14 80
56 -12 -77
13 15 -111
-76 22 90
74 5 -87
-1 -19 -83
-110 -1 8
83 9 -66
106 0 -28
67 -6 -67
-100 2 -53
96 -5 -40
-44 7 -107
70 -19 -38
-44 10 110
-51 0 88
-113 18 -22
35 5 -97
39 21 -116
66 8 96
78 -8 -62
-118 12 24
94 20 -65
-7 13 -110
-41 -9 93
-116 20 -13
86 -18 0
58 0 94
59 -5 87
-103 12 -40
62 -5 73
-27 0 -97
1 3 -103
-117 13 -32
-105 22 -53
-67 14 -101
-74 -1 -81
-24 -19 -67
-63 -19 -24
105 14 -58
18 -16 -8
-83 -16 -5
-52 8 -104
2 -16 22
-74 -16 15
-45 -16 -65
56 -19 41
-40 3 95
30 -19 15
-16 -8 101
64 21 106
8 -16 87
-89 -9 -47
58 -16 48
96 25 77
-48 -16 30
10 -16 30
67 -16 -19
-106 3 -41
-23 -7 -100
0 23 -118
19 -19 -30
-72 -13 -61
30 16 -108
109 16 -51
-50 -19 -8
-4 -16 -16
117 11 -9
-56 -19 -20
-11 -19 -61
-33 -16 -15
-23 -19 18
-99 0 24
-38 9 101
3 -19 -67
-62 24 109
61 3 -81
-24 -19 44
74 -16 -9
20 11 -116
-108 -2 15
-48 -19 9
19 -16 57
40 -16 65
24 -19 32
46 14 -100
-117 8 -8
-71 -16 30
-33 10 -103
17 4 -112
86 -11 -45
29 -19 -34
-8 -16 50
59 -19 -5
29 -16 58
48 -16 -48
16 21 -114
-33 -19 -78
114 25 -42
-91 23 76
-34 16 108
81 19 -90
68 14 -86
-6 5 104
113 21 48
95 -11 10
-100 0 -14
111 5 21
-114 23 33
-100 3 -31
39 20 117
101 12 40
-15 5 -103
118 24 5
83 24 85
70 21 -91
86 -2 -46
36 -5 -97
47 21 -105
120 21 -28
-63 -3 76
99 -7 -26
41 15 -112
-80 -12 43
98 0 -16
-97 8 47
-20 -8 91
17 -9 91
82 -8 42
74 -15 -49
-74 -8 -71
-101 -1 5
-62 7 87
-30 0 108
52 -5 92
-107 11 30
-76 5 73
-50 9 -95
-93 0 62
32 -16 -9
-11 -19 15
4 -19 -13
13 -16 -71
-60 -16 -15
35 -1 93
-29 -19 72
36 -19 -39
6 -5 96
-121 25 30
-49 -19 63
32 5 -109
-96 17 62
116 16 -34
81 -1 -55
-31 15 118
35 -13 82
-22 21 -121
89 11 -77
114 17 41
89 -14 -12
-32 -2 -93
-125 21 -2
-80 -7 66
-79 -9 -63
27 -5 102
-83 6 82
66 13 -98
-4 -12 91
76 20 96
-48 19 105
50 -5 -82
-32 -11 86
-12 -18 86
-109 3 33
-76 24 99
-108 26 62
-87 -15 -11
81 18 91
93 12 72
-79 -14 -41
-109 11 14
89 21 -73
-96 19 -77
115 25 39
-83 -10 -56
103 4 2
62 -12 72
-43 -3 -99
-47 -11 79
-95 7 -67
76 18 84
31 22 -120
89 18 -82
29 11 106
-99 7 63
87 -12 -37
96 5 39
-107 7 48
-97 -5 10
-88 -13 20
72 -1 -68
65 19 94
15 9 -105
54 -14 68
68 14 88
-68 -6 68
91 0 -59
-110 11 6
-109 14 53
116 25 28
-92 9 -58
101 9 -34
-120 19 -33
103 18 65
-61 -3 -77
22 -11 -94
-111 11 -2
92 3 44
69 -12 -56
115 10 -17
-27 0 97
62 -19 56
92 -4 54
52 -6 79
-45 -3 -87
84 -15 30
72 -7 -60
-28 -6 101
-89 18 -85
-2 19 124
-34 23 -114
100 8 59
-122 17 -11
-95 -2 32
10 23 -117
95 -5 -1
-10 0 -99
37 -16 -61
-33 -19 -4
92 5 -47
