124 167 173
143 115 7
16 110 87
246 114 111
130 41 124
50 83 196
69 199 40
193 83 207
199 199 52
24 196 151
225 191 177
113 120 247
85 65 50
188 67 63
132 166 89
48 160 219
173 175 235
172 105 136
84 104 130
122 61 199
68 128 20
219 131 46
138 192 18
10 128 159
239 184 108
62 167 100
108 191 235
238 119 176
131 102 78
184 167 135
55 57 103
175 49 162
30 158 53
216 67 124
79 49 162
70 166 157
8 161 104
132 48 71
177 155 22
204 134 215
131 105 172
32 82 143
70 102 81
173 167 184
149 91 228
181 166 84
108 166 46
145 74 32
87 86 225
175 46 113
52 197 191
33 197 81
178 104 89
249 149 140
103 98 23
225 90 78
184 98 30
128 112 125
109 144 5
155 134 240
87 104 180
28 126 199
39 109 49
216 75 168
100 167 124
86 166 197
22 167 184
226 165 72
74 127 230
95 45 95
140 167 132
135 167 216
151 166 51
196 199 204
135 44 164
79 168 17
169 104 183
231 154 191
160 66 199
210 104 133
39 80 76
11 127 121
85 162 240
67 167 59
82 63 197
73 193 221
68 93 33
40 166 130
226 197 140
246 149 98
124 155 248
220 199 81
208 164 38
172 192 28
142 199 230
146 155 6
20 195 113
7 165 140
213 166 154
97 166 86
92 44 130
24 84 109
131 134 152
105 199 27
183 113 232
207 168 215
238 122 78
24 100 177
50 66 167
130 102 45
201 68 94
243 107 145
218 105 199
128 104 205
211 167 116
161 48 84
98 103 102
193 128 25
19 141 79
207 92 51
57 166 186
119 84 231
53 156 29
53 103 127
115 63 43
54 55 134
54 106 218
35 167 84
165 166 111
64 63 72
185 146 235
159 167 157
114 173 10
156 43 138
12 104 140
106 47 175
191 64 183
44 184 50
100 166 154
156 102 110
158 63 59
241 167 164
106 103 157
172 199 220
105 166 221
195 53 138
32 166 157
205 166 186
229 91 113
132 167 30
167 128 12
124 49 97
186 166 57
103 52 66
146 105 150
144 175 243
48 132 221
229 83 145
111 48 149
40 135 40
73 166 124
146 166 192
95 124 16
138 69 219
30 193 176
160 98 19
170 80 43
127 91 17
171 80 218
96 139 246
50 87 53
138 115 241
155 49 179
170 166 211
113 167 197
189 166 162
11 154 163
102 69 214
224 110 60
244 173 135
233 141 64
35 150 200
127 167 65
205 167 89
230 96 172
151 49 108
157 167 81
84 166 40
119 118 7
244 144 166
41 72 121
122 166 113
25 124 62
17 136 181
213 181 61
95 107 239
76 167 219
243 129 130
127 102 104
36 180 197
183 52 92
156 174 14
4 141 140
191 178 31
199 108 212
40 106 195
53 114 32
74 53 118
11 106 110
66 85 213
222 134 197
216 185 197
32 167 108
232 106 94
98 75 34
199 60 161
107 106 134
202 110 36
17 178 92
8 132 99
163 156 243
227 167 100
186 182 217
86 144 16
53 181 214
41 85 174
32 104 73
136 57 51
122 167 148
89 167 65
189 166 111
20 183 132
221 76 99
83 52 77
159 109 240
39 70 97
71 63 177
57 167 78
170 166 40
84 166 105
206 74 72
208 89 189
162 167 132
143 166 111
196 60 113
241 163 116
223 157 52
105 48 113
77 108 21
91 183 25
100 167 181
189 166 200
30 179 65
58 179 34
132 139 4
66 150 226
87 181 234
122 102 241
222 196 102
135 136 244
18 161 74
76 167 178
51 167 148
234 179 84
11 152 124
79 107 227
107 165 246
193 102 75
247 131 151
141 59 193
127 109 146
156 105 168
20 94 156
50 198 64
17 179 161
98 160 10
205 144 38
217 149 209
211 71 143
182 68 200
135 173 10
24 92 88
185 102 199
67 76 48
239 131 97
75 47 138
226 170 177
76 55 98
100 59 190
234 187 159
118 77 28
172 56 186
193 163 228
174 60 75
188 88 46
78 166 81
167 167 65
46 167 62
224 166 138
122 166 232
40 166 176
154 166 221
241 102 127
181 98 219
154 199 28
113 45 81
63 70 193
92 195 221
11 177 116
64 59 154
86 167 140
62 166 205
200 166 70
138 167 159
158 185 235
130 187 238
83 78 209
130 47 142
207 198 185
60 198 208
143 50 89
235 152 83
108 167 27
108 166 65
151 136 6
173 51 143
250 139 114
69 147 25
192 129 230
143 155 248
192 102 135
75 101 194
175 110 19
182 198 44
46 63 149
151 50 157
116 139 244
42 166 42
147 103 131
167 94 231
16 119 176
231 189 125
124 155 5
87 198 36
18 112 158
111 42 130
92 50 149
85 53 180
113 106 117
86 90 25
46 120 208
105 166 103
54 166 116
157 167 176
127 52 178
154 166 32
235 138 185
170 124 235
119 192 18
27 141 54
213 120 211
56 67 89
81 142 236
83 102 93
20 88 131
119 69 219
171 175 24
195 162 27
74 182 26
207 197 69
143 99 14
193 61 79
54 135 27
32 196 98
200 182 48
124 197 226
134 125 138
180 139 16
200 167 143
89 166 167
154 75 221
102 95 229
52 75 65
161 158 16
113 167 81
148 55 71
160 82 30
132 166 49
116 167 132
25 199 130
54 102 46
6 120 138
37 166 206
24 167 135
131 103 189
220 165 204
223 83 127
233 109 162
234 155 174
204 128 39
211 114 51
119 59 59
128 104 62
155 66 43
221 198 157
218 94 63
102 64 55
80 84 42
57 167 132
154 166 97
203 166 54
205 153 221
70 166 32
31 81 162
243 168 100
11 155 89
205 167 170
140 167 176
38 95 59
22 151 178
149 48 124
60 168 226
46 151 43
125 120 159
227 117 193
58 167 47
17 122 76
183 54 124
135 90 235
128 102 221
231 105 77
166 50 127
165 45 100
224 187 71
219 100 183
189 146 27
173 166 165
140 166 73
132 167 200
154 167 205
91 122 237
197 167 124
46 167 100
37 139 211
176 167 148
92 166 25
213 66 108
58 191 50
225 128 65
53 75 179
68 102 129
82 64 66
67 55 85
114 102 13
189 166 40
166 104 99
5 144 108
207 73 180
145 86 22
173 68 59
240 153 155
184 60 168
131 74 38
249 153 125
238 187 140
24 114 188
22 102 99
49 59 118
47 122 44
240 139 77
226 92 157
89 50 108
151 166 143
170 167 94
176 166 121
230 88 97
199 83 63
100 110 12
97 153 239
183 195 210
41 72 137
59 123 227
98 170 234
35 92 189
14 180 147
119 42 113
40 166 192
180 168 223
27 179 172
13 100 125
15 118 100
204 94 207
97 105 168
130 111 15
34 198 162
116 44 162
106 184 16
94 52 168
102 79 224
17 165 151
143 166 20
185 117 28
99 47 80
52 100 204
73 176 230
200 78 195
29 76 128
143 42 146
204 180 204
217 89 173
138 48 102
172 141 242
247 120 140
89 166 213
213 167 65
70 166 192
130 173 244
230 166 124
54 166 170
108 49 95
145 103 240
227 167 159
155 111 18
22 149 64
213 72 86
68 115 29
178 161 237
171 91 33
24 166 95
4 139 124
68 73 62
29 183 81
240 101 108
247 115 127
189 53 154
160 185 26
24 142 195
112 129 11
232 190 93
146 69 207
243 121 160
148 123 246
74 91 223
224 180 187
165 145 16
235 90 135
114 52 191
36 83 93
98 137 13
240 166 84
105 65 201
231 199 115
153 197 222
226 111 179
193 168 215
82 127 19
181 77 52
20 163 170
211 86 75
142 106 119
167 167 197
203 166 103
154 166 67
111 166 170
26 158 194
122 167 213
103 166 208
103 167 138
135 166 146
38 166 143
86 166 121
132 83 223
34 114 61
124 177 17
117 181 235
19 166 113
197 122 219
108 87 29
131 85 29
36 192 188
166 70 211
221 172 55
202 63 132
221 144 55
74 155 236
243 118 95
122 167 40
208 166 132
122 166 186
86 166 227
219 166 89
184 166 176
81 166 54
46 150 211
76 166 94
189 166 94
86 167 154
154 166 119
119 167 54
130 167 124
97 166 38
116 166 94
7 165 121
192 60 99
228 168 191
225 153 65
232 98 146
54 144 227
142 47 179
163 52 165
147 55 58
181 55 105
132 66 205
219 73 155
45 189 201
10 139 167
67 106 219
108 104 241
68 180 218
199 143 228
130 123 248
61 52 115
14 113 123
237 177 121
34 191 68
126 102 158
97 174 14
169 107 230
49 69 78
105 197 223
222 73 138
35 167 69
156 54 191
162 44 116
33 72 110
62 58 169
184 167 21
218 77 114
12 147 149
29 94 166
19 174 80
162 45 151
244 170 148
64 89 47
66 136 233
21 183 108
48 68 106
146 180 20
177 79 206
132 123 6
113 158 11
35 93 79
149 142 248
7 123 108
167 166 227
241 131 172
72 72 205
216 136 211
28 178 185
175 125 21
9 117 151
113 154 243
244 142 130
199 96 41
41 75 153
89 96 233
163 169 240
13 145 98
31 129 50
193 99 219
149 164 239
20 98 113
164 190 224
138 42 113
117 54 70
16 127 91
159 106 135
110 75 39
138 112 133
137 124 157
198 186 214
21 96 143
11 131 143
61 86 201
132 196 28
142 186 238
210 174 45
104 44 159
205 71 160
99 183 231
215 198 172
22 127 188
91 75 44
22 190 162
24 191 89
234 177 152
135 167 235
58 124 27
167 66 48
172 57 172
33 106 184
175 184 222
63 104 31
231 118 68
163 197 35
5 154 135
79 45 127
182 188 37
150 124 13
64 158 24
84 156 18
181 48 135
48 168 203
237 180 97
205 61 151
84 131 242
138 41 135
202 139 28
124 166 13
206 60 119
140 66 40
67 56 127
179 131 231
244 139 89
93 107 21
160 123 243
243 129 112
86 166 184
212 103 58
43 167 162
97 167 51
127 167 100
200 167 157
193 76 54
143 166 38
189 166 186
30 166 124
138 166 59
127 166 78
76 166 203
73 166 70
73 166 111
178 166 105
59 95 216
144 80 227
72 196 209
158 87 222
40 74 170
206 196 198
154 45 94
124 115 136
217 150 45
243 142 149
43 82 186
233 125 186
192 193 40
101 149 13
52 167 33
165 55 65
90 55 66
38 144 49
203 155 32
47 143 33
119 136 4
105 125 241
227 146 198
79 52 148
197 69 169
124 48 154
129 67 47
179 65 184
116 42 140
174 167 16
200 166 205
171 53 94
75 66 56
135 152 11
24 190 141
121 197 28
78 192 30
187 78 198
132 147 249
100 49 140
124 128 141
95 44 116
235 178 166
182 89 212
14 167 88
217 172 193
224 176 75
199 71 82
152 147 12
214 176 204
35 136 200
94 80 216
180 182 26
195 110 223
23 109 168
118 104 130
222 121 203
163 73 37
41 72 86
43 196 74
241 163 130
195 73 70
232 95 88
235 151 70
62 53 145
40 166 116
118 167 246
192 167 78
113 166 157
32 113 199
65 166 140
178 167 49
89 167 94
196 118 28
149 47 79
207 108 204
117 86 21
25 103 86
124 44 86
73 166 46
212 94 199
21 193 102
113 48 105
172 103 27
64 59 97
24 161 64
50 120 220
116 106 145
74 118 18
224 82 90
5 131 132
237 93 121
229 189 82
74 142 16
56 188 204
169 65 191
79 73 44
36 89 68
191 103 38
95 106 133
240 120 149
162 120 17
30 169 198
101 71 46
18 122 165
133 105 113
17 190 124
149 65 53
72 58 165
213 163 51
84 192 228
47 89 64
62 191 216
58 64 177
248 155 113
125 50 166
63 113 227
42 96 201
191 151 224
178 166 194
74 69 190
228 194 166
213 167 100
103 166 192
65 167 173
111 166 121
162 166 186
216 166 176
238 173 111
132 51 191
216 166 76
92 86 34
38 175 51
167 166 84
165 167 146
162 166 49
181 166 208
140 166 100
119 166 30
58 189 39
151 167 130
124 167 159
132 166 184
235 166 140
95 167 108
7 139 156
227 166 113
95 195 25
200 167 113
207 105 44
237 131 86
131 105 94
48 129 34
86 45 140
143 199 25
208 167 197
52 177 46
78 57 86
44 99 50
75 114 235
108 167 232
153 91 28
238 112 84
239 136 160
89 71 203
135 45 84
87 148 243
210 161 207
235 98 160
99 55 179
250 136 138
116 45 173
146 45 165
184 60 84
210 82 65
16 171 130
236 103 138
24 87 99
121 129 154
84 107 236
247 163 140
223 118 53
54 167 159
57 166 59
122 68 208
236 165 177
157 147 240
76 166 167
29 175 75
143 165 7
57 167 89
173 167 132
30 166 176
213 166 143
130 167 135
186 166 121
29 170 59
194 60 146
181 87 35
218 84 162
41 192 59
166 133 243
13 147 174
234 130 69
200 174 35
81 166 30
30 197 109
105 166 15
112 113 14
43 106 207
91 53 88
84 46 98
166 180 229
208 143 219
59 145 31
211 139 45
103 179 240
158 100 230
240 113 135
110 90 235
197 176 220
42 131 206
80 86 215
39 122 52
84 174 24
11 143 85
127 131 10
138 131 10
240 183 130
107 136 248
226 183 169
240 122 104
23 84 122
50 170 217
81 182 225
72 100 27
216 193 189
116 80 221
230 196 150
173 195 38
19 169 103
11 152 110
152 60 203
174 151 13
113 53 179
122 131 249
132 100 234
219 89 184
74 158 18
105 114 238
57 79 190
239 111 119
135 103 151
54 58 153
229 189 106
40 196 174
242 158 167
110 55 56
177 54 153
215 192 75
151 49 146
69 167 232
35 122 206
178 104 189
182 171 31
181 66 71
113 199 229
130 59 59
130 108 244
127 74 224
100 44 105
188 51 111
163 56 176
22 128 177
55 153 219
61 170 36
32 166 187
222 84 105
162 57 75
60 169 216
68 51 103
