-41 -30 -60
36 -23 120
36 35 10
-53 -30 52
52 2 -105
-42 28 -6
50 -29 -32
-1 21 72
50 -30 48
-35 -25 120
-10 -25 -122
6 16 -53
-52 6 -102
-52 -27 -5
-43 21 44
40 -39 -81
46 6 80
-47 5 87
52 7 -59
-43 13 -49
54 -7 7
-4 39 31
9 7 -97
2 2 112
-1 36 -15
32 28 51
30 -28 -118
40 15 -23
44 -31 85
-46 -27 -113
0 -33 122
-56 -4 23
-22 10 -78
-42 -30 85
53 3 41
-57 1 -21
-20 2 -108
-53 -5 -73
-16 16 -32
-32 37 21
40 -10 -81
-53 -24 -34
30 2 105
-42 -4 60
-21 10 96
-53 -34 -86
39 -24 -57
-29 19 67
27 11 -68
11 -9 -119
52 -25 -104
49 -30 -5
55 -3 -36
-51 -30 22
23 14 79
8 34 52
50 -27 21
10 40 10
25 33 -14
44 12 20
52 -14 67
-49 -13 105
-24 -4 115
-23 34 48
15 19 -31
-14 40 5
49 -11 100
29 1 -109
-45 17 21
22 37 30
-58 -6 -47
-52 9 1
14 -16 122
32 14 -47
-42 -16 -92
41 -42 66
-19 15 -54
47 10 -85
5 13 -75
45 12 -2
-40 16 -24
43 10 59
-24 31 -17
-42 -41 66
-54 -16 73
55 -5 -14
-56 -11 43
4 13 94
-44 11 -83
-30 -17 -120
40 -11 51
53 -27 -71
10 -29 -122
-5 -13 122
-42 -11 -58
28 7 -88
44 -30 104
42 -12 -115
39 27 32
-56 -10 4
55 -13 -52
54 -8 26
-37 2 102
-54 -12 -107
-11 8 -94
39 -13 82
-7 -6 -118
-52 8 36
-36 11 -66
-31 6 -95
15 24 66
17 -33 121
-46 -30 104
-55 -25 -71
-55 6 -60
-18 -29 122
41 -7 -62
56 -3 -77
-8 31 58
-53 8 -36
-41 -2 -113
-58 -5 -90
40 27 -8
43 -39 -64
-41 -39 -75
-2 24 -27
-41 -18 51
-53 3 71
-56 -15 -15
-42 -13 84
51 -22 -87
-17 15 80
55 11 -20
40 -4 68
-35 34 36
-30 37 2
-10 14 -67
-43 13 60
12 39 -6
53 -13 43
31 19 65
47 11 -42
39 -8 113
53 -20 -19
-54 4 51
-56 17 -20
-32 11 84
56 -7 -92
20 11 95
43 3 96
-30 15 -39
17 -2 115
-21 38 31
26 -12 -118
43 15 45
-54 -31 68
4 1 -110
-43 27 10
53 -1 59
-6 17 -43
-38 -11 116
-52 -26 37
39 8 -101
-14 6 108
-56 -25 -100
51 -28 -47
50 -29 71
-53 -22 -57
24 38 4
42 12 -69
-52 -30 -21
-53 -38 -66
-3 41 16
-34 26 55
-56 -9 58
-51 -21 93
17 16 -44
10 38 39
-52 -17 -83
11 30 -21
34 9 86
40 -30 -93
52 -22 7
42 21 9
-5 37 46
-54 -18 16
54 -17 -37
-57 -11 -34
27 21 -24
-52 -7 91
9 16 80
51 -20 81
18 10 -80
54 2 17
21 34 46
9 40 25
41 -16 -93
-43 -5 -84
-2 40 -2
-40 10 74
-54 7 14
-41 -29 -90
51 -26 36
-46 14 -12
-16 38 -9
-25 -16 121
20 14 -57
-43 -15 -116
43 -28 -114
-19 39 17
52 -7 79
55 0 -49
24 38 17
56 -5 -63
-6 12 -82
54 -14 -5
28 -11 118
-41 -5 73
-51 -38 79
47 11 33
40 -31 59
-25 -29 -120
51 -18 55
51 -41 -74
-54 -16 30
-20 -9 -117
50 -14 -70
-41 29 26
-15 24 66
-8 4 -106
-42 -31 57
-54 7 -75
-52 -28 10
-41 -6 -70
-8 13 95
37 11 72
-39 7 -104
54 3 -2
31 34 37
-36 26 -16
-12 -3 116
23 5 -99
45 -19 110
-52 -29 -46
12 7 107
-1 -15 -124
-29 19 -27
51 -37 58
51 -35 -85
52 -13 -108
34 14 -34
-57 -2 -9
-53 -26 81
-58 -5 -60
-13 26 -25
41 -3 -107
50 -40 74
-46 15 8
5 18 -38
17 1 -109
4 -20 124
48 -24 93
-45 -22 112
-6 15 -56
-54 -5 79
35 10 -79
-52 -40 61
36 34 22
4 27 64
-43 14 -38
48 11 -31
52 1 71
-55 5 -87
19 -22 -121
43 17 -12
39 13 -56
-47 12 -68
-24 13 -65
50 9 8
51 -22 -59
14 13 -67
-33 9 -79
-48 -2 102
32 -33 118
53 5 -94
-31 13 -55
52 7 -74
6 11 -86
45 -2 -74
-51 -15 -68
-56 -17 -46
39 -37 77
-42 -31 74
-44 19 32
53 -17 17
38 20 55
25 -24 121
-19 16 -43
4 -8 120
-53 -19 51
-29 -4 -113
36 24 -18
-56 5 -49
51 -11 -83
-48 11 45
-26 5 104
-55 -18 -25
-52 -41 -77
-37 6 93
39 -22 52
-41 10 -94
55 -17 -97
49 8 51
-53 -19 63
-1 9 103
-11 33 -18
-32 34 -10
53 2 31
17 8 -90
-23 8 -88
48 -31 -57
-6 15 85
50 -30 -18
-15 -18 123
39 25 42
-45 19 -2
51 8 -11
40 29 2
42 22 23
-6 -25 124
-37 -26 -117
-47 -9 52
-53 -1 -109
-51 9 25
24 25 60
0 -28 -122
-19 6 -98
8 -29 118
-52 6 60
31 35 -3
52 -19 28
4 15 -63
-57 -13 -97
51 -13 89
-56 -3 12
-52 -32 -58
55 -7 -26
-19 -20 -122
45 -15 -56
24 16 -34
16 31 57
-35 -3 111
40 -1 105
-15 37 40
-52 9 -25
-53 -16 84
30 6 95
40 -22 79
-41 -31 114
54 -7 51
53 -25 62
-42 -22 79
-36 30 46
-22 29 57
-56 -3 38
-42 -19 -63
-26 -33 120
54 3 -28
-11 40 23
37 -20 -118
-56 -13 -5
-26 38 11
-57 -2 -38
40 -29 114
-1 8 -97
44 -5 58
27 -3 112
33 -6 -113
10 -19 -123
-37 35 8
16 18 74
-49 -6 -63
-54 7 -12
-50 -32 -77
22 37 -6
-58 -1 -81
-53 -8 67
-53 -24 -90
51 -2 88
37 10 -89
-51 -20 -110
12 13 89
1 40 8
-42 13 -59
40 -31 49
18 25 -24
43 -5 77
54 -8 36
-52 -12 -58
40 -33 -70
-12 -13 -122
-7 18 -33
15 35 -14
19 -7 -116
-54 -22 3
-20 18 72
-53 -41 70
51 -33 -66
1 38 38
29 13 -56
-44 -40 -66
51 -33 80
52 -21 -28
44 -8 -88
8 22 71
13 -24 124
-31 4 -105
-22 24 -24
50 6 63
22 6 103
-43 21 -16
-56 2 -95
49 10 -51
29 14 72
-50 -13 -92
55 -8 -45
-54 -23 -14
-42 -32 -82
-24 38 -5
-46 -28 48
-23 12 87
50 8 24
-57 0 -67
-12 12 -76
-47 9 67
49 -4 -111
50 -30 -92
40 -12 60
-50 -22 102
54 4 -82
-49 11 -44
2 -7 -118
-51 10 -53
-43 -5 110
53 5 -38
-51 3 79
-44 15 51
8 24 -27
-29 36 29
-13 35 49
-42 31 2
40 -18 -63
43 -38 55
-27 -25 122
39 -15 116
42 18 30
-37 -9 -115
37 4 -110
52 -23 -9
-56 1 4
-24 36 39
48 -23 102
49 -4 -67
-57 -1 -29
-3 -3 117
54 -21 -78
-42 -10 65
-46 -1 -104
-29 13 76
40 -21 -87
-4 29 -22
43 19 0
40 -12 73
45 10 -93
-13 16 -49
51 -6 66
51 -12 -60
-48 -9 -112
5 41 17
-42 -40 75
-43 -24 -55
-10 -1 -112
-42 -11 -78
15 39 2
32 6 -98
51 -40 66
44 -20 -114
-46 13 -30
25 11 87
49 17 -20
-4 13 -74
23 19 69
54 -20 -46
40 -28 -64
-11 18 75
39 14 -42
45 8 70
-51 -27 59
34 12 -64
43 12 -77
24 30 54
54 -9 17
-50 -26 -65
-15 10 -83
-48 -36 53
-42 12 -75
47 4 -110
54 3 -66
-36 17 64
-49 2 95
-28 11 -72
-29 9 92
33 31 -12
-56 -3 -101
2 16 -46
25 15 -42
30 36 29
-8 3 112
-7 26 65
-27 25 60
4 5 -103
18 39 23
40 -11 -69
-46 -37 -88
40 -41 -71
47 -14 49
-54 -21 23
52 -21 43
18 39 10
-52 -5 -84
-31 -8 117
-56 -8 31
-41 32 16
54 -13 -15
6 40 -1
49 -29 29
-2 10 -89
49 -34 -77
-48 -2 66
48 -32 64
13 -7 119
54 2 -19
-19 -11 120
9 0 115
-34 -33 118
-17 13 -70
-37 9 -86
56 -5 -55
-44 5 -110
48 -18 -94
-36 15 -31
-1 34 55
-55 0 63
15 5 -102
-13 9 101
-49 9 -90
-45 15 39
-54 -19 37
-11 -31 122
42 6 87
25 10 -76
-45 -13 112
45 -11 109
49 9 43
36 3 100
-50 -12 -76
-40 -19 117
-47 14 -20
-13 17 -39
11 -2 -113
26 27 -19
-1 16 79
47 8 -101
48 -3 97
-52 -26 29
47 -4 -82
-45 -24 -94
44 -37 -87
49 -29 8
52 -24 -39
53 -15 3
-42 -22 -87
6 10 102
-57 -10 -21
-43 -21 87
-11 40 15
-10 39 -3
46 -20 86
-6 40 6
54 -8 -103
-31 14 -46
40 -29 -85
40 -32 -58
-54 5 43
51 -13 75
46 12 -58
55 -4 -5
-51 -27 -83
24 36 39
-56 -11 12
29 -18 120
-50 10 -7
-46 -17 -56
-55 -12 23
54 -11 -32
-42 -34 -70
51 -9 58
-52 -27 -107
-15 13 91
12 36 46
-28 30 53
-18 1 112
-40 19 57
-5 39 -9
21 -7 117
13 15 -57
56 -1 -88
-57 -6 -2
-21 39 5
-15 14 -61
-41 25 35
-53 -25 73
-51 -24 16
-17 -3 -113
41 24 15
40 -33 70
0 40 25
23 2 109
46 -24 47
-41 -12 -85
6 39 33
-55 3 21
33 -14 -116
28 38 10
-56 -22 -78
6 39 -10
-48 -9 82
37 9 79
-56 -5 47
41 13 -34
-41 9 81
26 -19 -121
-2 14 -67
44 13 10
-51 -8 98
14 39 30
-42 -34 64
51 -7 -74
51 -13 -90
30 16 -28
50 -27 -80
-48 -21 47
-42 -3 -77
-36 34 -4
-55 -10 -41
-33 23 -22
-49 11 19
-55 -22 -41
18 14 84
50 -24 0
54 3 8
-12 -10 120
39 31 16
22 -15 121
-23 17 -34
13 12 96
11 28 61
-41 -13 55
31 36 17
49 10 -67
-48 -31 -92
-51 10 8
54 -13 -23
-48 10 54
-43 25 16
48 11 -16
43 16 38
37 17 62
-30 7 -86
49 -27 -65
-47 -36 -60
17 -29 -121
-36 -19 -118
32 36 4
-44 -41 60
4 -28 124
36 33 30
25 -4 -113
55 1 -58
-24 36 -12
-15 32 56
-2 14 91
-52 -28 2
-23 38 23
51 -25 14
-52 -15 57
-47 8 74
13 40 18
-47 -40 -81
51 -28 -25
5 33 -18
40 -4 -68
-9 38 38
33 -7 115
37 6 93
55 0 24
-56 -2 56
52 -23 75
40 29 9
-54 -26 -26
-47 12 31
47 -6 103
-52 -30 -12
40 -3 -80
5 19 -31
30 32 45
38 32 -4
43 -2 -113
48 -11 83
-33 37 14
34 11 -70
-45 9 -102
11 16 -48
-57 -8 -13
-43 24 2
-50 11 -61
39 -29 79
-29 0 110
-37 3 -109
51 -25 54
33 -2 109
-38 34 22
-32 -16 120
-3 -22 -123
-26 14 -51
-51 -15 98
41 -23 -94
-3 -2 -114
42 13 -49
-55 -18 -32
33 24 57
-13 5 -102
42 15 51
51 8 16
41 23 -14
51 0 79
-57 1 -57
-33 5 98
13 17 -40
54 -7 43
-42 -13 -65
-38 14 -43
46 -3 71
-26 -11 -118
40 21 48
2 -14 122
3 36 48
51 -18 62
3 28 -23
50 -40 -81
-55 5 -4
17 36 41
-13 38 34
20 -14 -121
-53 -12 51
39 28 24
53 -16 34
-17 8 -92
-50 10 -79
50 -16 95
46 -28 98
-38 33 30
29 12 80
49 -17 -83
44 -42 -76
-39 13 67
-52 -33 83
9 3 -107
-56 -24 66
-44 23 -10
-45 -21 -115
54 -1 -99
-53 -23 43
-42 -12 77
48 -23 -110
-55 6 -30
-45 -36 81
-45 -15 -110
-55 6 -67
-7 7 107
50 -40 -66
50 -28 86
-46 12 0
24 38 24
-47 -2 -72
-53 -4 72
-25 14 -57
52 -13 -76
55 0 -42
56 -1 -70
46 -25 -55
-33 13 72
37 -29 -116
-38 30 -12
-26 5 -99
-51 -32 -67
48 -18 -65
-14 -7 -118
-56 -17 -104
-16 -28 -121
-45 19 13
33 19 -24
12 10 -84
-54 -20 10
51 7 36
21 13 -65
42 8 76
-29 -23 -120
0 15 -58
54 -23 68
-19 7 104
-24 14 81
51 -35 69
-53 -31 76
22 15 -48
53 -14 12
-16 30 -20
45 12 26
52 4 55
-19 -14 -121
37 30 37
-50 10 -16
7 31 58
16 12 -73
-10 22 69
-40 25 49
20 -21 123
-51 -33 62
22 19 -28
-36 13 -51
55 1 -11
-58 -7 -54
5 15 85
9 -12 121
-17 40 11
28 12 -62
55 -11 -40
-55 6 -43
46 -14 -111
54 -10 -1
39 12 65
54 -3 12
-52 0 89
-11 16 81
-51 -23 86
53 -15 23
-34 22 60
-46 -14 48
-31 30 -15
50 -35 52
53 -7 73
42 21 -7
-53 -19 78
-2 -20 124
-31 34 41
-2 4 -105
19 30 -19
4 6 108
39 -13 -59
52 7 -24
24 -33 121
-21 23 65
17 3 110
-42 -37 55
-6 7 -100
5 19 75
-47 -5 77
52 7 3
31 15 -40
53 6 -49
-41 -24 51
50 -31 58
-52 -29 -31
-27 38 17
50 -9 94
-44 2 99
26 6 -94
46 -38 78
43 -18 47
-7 37 -15
43 -3 64
43 16 -18
-53 -13 89
-13 -25 124
20 16 -39
-54 5 27
53 1 65
42 5 -105
-49 -18 -94
44 -27 110
-28 26 -20
53 -19 -104
-35 11 77
-4 -11 -121
-16 39 28
-56 -15 -38
-37 11 -72
-50 -3 -79
-27 1 -109
-55 -28 -78
4 -20 -123
-51 -20 -62
-53 -10 -64
24 3 -104
35 30 43
51 8 -3
17 9 100
-44 -30 110
27 9 -81
-56 -12 -27
-37 8 86
-48 -3 61
53 -17 48
-42 -6 -64
46 12 -8
46 11 4
0 16 -53
-55 -16 -76
41 -23 114
54 -2 36
-43 -1 106
-55 -16 2
-43 21 25
-48 -29 99
-48 -42 64
32 4 -105
-55 -21 -19
52 -20 -3
-17 21 -28
50 -24 -94
43 18 14
47 2 92
5 9 -92
-49 -41 -72
-6 -18 -123
52 -21 23
11 12 -76
-32 -13 -116
55 -11 -97
-49 -3 -112
55 -14 -46
-45 -29 -56
55 -5 1
16 15 -52
9 14 -67
-57 0 -46
16 34 50
-55 10 -20
49 -23 31
40 -18 85
49 -27 78
-26 -10 118
-51 -6 55
-12 28 62
41 21 36
-32 12 -61
10 40 3
47 -7 53
-56 -9 -102
-40 26 42
54 -2 49
-37 35 2
-53 -36 55
52 6 -87
45 13 -23
19 37 -11
0 18 -35
-54 -21 32
-31 36 -5
50 -31 -72
-24 3 -104
3 14 -69
54 15 -24
-44 10 -89
-55 -18 -10
-48 -20 107
-23 7 -94
37 9 -94
-35 -4 -113
50 2 84
-57 -15 -52
54 -3 19
-42 -35 -64
53 -18 71
-28 33 46
-6 -8 119
-52 8 49
-42 4 94
-50 4 -109
-46 -41 70
28 35 -10
-57 -4 -96
8 -5 118
-13 37 -14
-49 11 -35
18 12 90
-8 -18 123
-35 15 -37
47 -42 70
28 9 90
33 -15 118
-55 -22 -48
-53 -13 -86
50 -24 -16
45 0 101
39 -34 -65
55 -5 -20
40 -16 78
52 5 -99
-42 -11 72
30 10 -74
-53 -24 54
50 -28 -11
-5 15 -62
