194 132 175
16 114 90
128 138 80
83 106 172
241 105 87
68 166 122
134 169 154
14 123 162
190 148 110
251 105 153
143 105 138
78 106 102
172 101 86
201 105 133
55 149 167
24 148 121
126 127 175
238 137 121
116 170 110
51 143 84
48 107 137
103 122 134
213 92 172
93 168 158
170 145 74
167 101 171
174 156 149
120 105 102
210 130 81
90 142 88
155 164 106
230 137 159
207 90 95
47 95 82
13 110 128
47 95 171
151 123 109
160 136 175
92 138 174
74 136 142
253 104 120
173 128 133
203 144 142
118 138 112
114 100 166
126 140 145
20 145 90
100 110 82
78 106 140
88 169 101
74 135 112
191 118 100
144 108 82
35 101 110
28 148 156
58 121 161
70 123 81
225 105 118
234 134 94
47 156 137
233 112 172
96 171 129
186 114 155
141 105 169
153 166 134
115 154 165
175 105 120
68 165 150
98 122 106
47 119 94
47 155 107
213 114 156
215 142 113
38 130 173
158 120 156
131 160 92
32 108 156
173 134 96
131 121 123
16 133 140
139 149 168
96 121 157
249 125 140
163 144 118
107 158 91
151 141 88
221 114 96
251 120 102
58 107 116
128 171 130
229 105 141
15 126 112
127 117 151
69 92 85
122 115 80
71 158 92
192 101 173
114 105 124
178 147 169
77 152 166
187 126 80
161 122 80
215 126 174
66 91 162
172 155 94
158 158 164
173 105 141
71 130 175
203 105 112
107 133 80
108 105 146
187 150 131
90 105 120
61 145 126
194 102 85
114 170 145
31 129 83
222 141 133
133 126 101
141 105 106
172 135 152
194 144 87
178 118 175
245 123 161
156 107 122
108 118 175
155 117 175
15 108 147
206 143 164
159 106 102
81 122 124
16 105 106
151 122 137
135 170 113
179 124 116
61 144 101
78 126 158
210 142 95
169 159 128
40 112 173
99 105 101
78 127 96
60 107 86
56 147 149
32 108 93
82 169 140
218 101 85
190 144 155
142 126 80
242 105 105
201 127 156
81 107 85
22 137 169
32 108 126
112 135 168
203 114 170
73 140 82
134 132 158
113 101 87
87 106 154
253 122 120
37 147 95
180 106 101
230 122 82
63 106 153
87 126 80
200 103 155
73 106 123
16 145 106
145 130 176
117 154 141
24 112 170
60 107 170
88 122 175
126 109 134
116 153 105
55 133 174
130 100 88
151 158 91
95 153 166
201 117 86
254 110 137
89 119 142
209 125 100
151 105 153
126 141 97
71 167 106
238 105 128
162 144 101
202 144 122
222 102 162
237 136 144
98 106 134
25 148 137
98 100 165
40 148 120
112 170 129
174 117 87
52 159 122
50 104 98
49 128 81
107 120 94
72 140 157
175 155 109
126 110 168
43 152 158
142 120 152
63 120 94
43 110 82
172 143 137
99 170 114
244 133 107
182 115 134
134 126 137
213 105 142
150 166 154
130 136 121
82 170 118
190 105 144
54 156 93
63 153 113
174 133 167
174 105 157
16 137 156
163 114 134
119 168 159
138 105 121
63 106 134
86 158 91
171 145 182
149 167 120
217 142 148
92 120 93
157 101 86
230 138 107
125 143 170
106 112 113
233 127 170
62 164 136
118 148 87
244 119 89
56 91 92
16 127 97
47 106 161
119 167 95
16 131 125
190 105 117
174 139 110
82 120 109
149 117 96
148 120 124
178 144 87
57 159 157
211 105 124
114 119 125
97 122 121
142 167 97
228 105 104
137 120 169
140 169 139
161 162 145
128 116 109
35 145 168
73 138 126
137 105 156
104 169 98
107 119 149
217 113 173
63 106 102
154 100 168
237 105 153
11 118 138
80 138 167
139 149 87
197 103 100
123 151 153
190 120 169
246 111 165
162 136 81
104 146 85
69 154 142
186 112 81
120 133 157
33 149 108
179 122 102
43 118 161
122 105 148
122 127 86
218 138 166
168 119 122
80 166 160
91 100 92
32 108 140
220 138 87
177 145 121
37 149 144
133 160 164
75 114 161
106 111 164
61 134 81
221 122 163
74 97 171
205 93 161
69 143 171
16 146 146
19 104 161
171 156 162
119 138 134
106 165 161
184 150 97
25 125 172
15 143 131
11 114 116
214 116 85
166 123 169
229 107 83
150 142 169
186 144 142
43 107 120
158 135 112
179 123 144
110 111 134
123 127 115
29 116 83
226 140 120
163 161 117
110 119 80
126 106 117
180 106 171
100 171 141
98 109 173
71 111 173
72 139 96
23 108 116
179 124 160
206 102 169
64 146 89
60 161 103
36 151 132
136 115 97
78 115 94
225 112 156
13 121 150
222 105 130
49 122 173
78 127 134
40 137 83
206 103 86
252 119 150
163 149 87
102 126 169
157 105 138
133 121 86
139 135 87
189 105 129
123 151 115
48 101 110
142 100 91
58 118 81
50 148 129
129 170 142
68 160 161
172 134 122
121 130 102
165 148 168
215 105 100
19 104 94
32 104 167
248 129 129
122 128 146
42 107 150
199 91 172
77 102 161
195 145 98
61 145 138
178 129 87
253 113 110
12 116 104
201 93 85
98 129 87
213 126 155
187 107 93
96 153 89
239 102 167
189 142 169
71 106 111
54 95 161
186 103 155
155 127 168
150 130 87
176 155 136
78 166 95
195 125 91
138 115 133
11 121 125
69 154 103
20 125 86
19 146 162
130 136 135
139 170 126
40 108 102
202 114 100
44 140 172
238 105 116
242 105 138
206 144 106
54 107 126
249 110 97
23 108 133
127 169 105
120 170 121
52 147 113
15 142 120
167 106 110
100 105 154
158 111 81
80 148 88
199 134 81
200 126 167
242 132 153
151 106 94
147 156 165
76 122 169
221 140 101
184 129 175
132 111 81
116 124 169
84 117 154
28 102 102
175 144 158
71 110 81
107 144 171
226 102 172
87 106 109
163 106 154
82 134 87
158 121 118
47 147 100
195 143 133
79 169 129
58 161 146
213 143 125
138 120 112
124 105 158
198 117 155
101 100 87
88 115 81
70 144 118
194 94 94
178 116 123
161 160 98
58 90 82
63 146 158
114 106 156
165 105 93
167 127 87
111 105 97
134 105 144
235 127 159
95 105 145
157 123 98
173 136 81
88 119 132
58 106 144
187 137 82
202 105 145
217 105 110
145 118 86
220 126 81
78 126 145
87 169 149
145 117 175
206 133 174
67 126 166
125 122 135
99 121 80
191 144 120
141 135 167
175 155 120
46 155 148
128 134 109
58 95 173
112 138 88
207 140 85
70 131 87
68 101 90
131 105 97
16 134 105
212 143 136
135 115 158
133 135 175
92 135 81
56 127 89
111 108 173
150 113 134
28 140 86
183 101 85
154 159 124
134 112 175
158 120 144
104 169 150
213 127 90
24 148 101
133 100 165
68 106 144
178 114 149
181 152 155
175 106 130
116 145 98
75 99 82
118 145 120
163 160 156
103 135 175
106 112 124
116 144 157
199 144 153
124 147 138
182 105 137
116 105 112
169 114 175
71 167 140
88 114 168
56 113 94
88 130 168
70 142 106
172 143 101
217 94 95
177 144 146
227 139 150
124 124 158
253 121 132
51 103 88
122 114 122
61 163 115
194 94 163
119 157 91
231 139 130
173 127 176
173 132 142
189 117 89
241 135 133
59 119 173
177 112 164
80 100 92
159 110 168
249 126 112
116 105 138
127 151 88
210 110 92
108 170 117
105 155 165
150 167 144
142 165 161
196 111 164
166 159 107
83 106 132
122 106 83
164 150 110
108 119 104
69 145 146
70 110 94
147 119 160
98 143 167
150 106 109
122 117 174
198 105 124
166 105 122
144 168 110
184 100 165
206 105 102
123 101 169
90 105 164
41 111 92
68 153 153
210 127 165
19 135 88
125 134 168
242 129 96
70 144 135
108 105 106
52 107 152
24 108 145
221 105 148
112 109 82
53 113 165
132 126 148
54 160 132
166 133 107
87 158 164
78 127 116
225 132 171
51 147 141
236 126 89
127 117 100
213 142 157
79 117 83
226 105 94
123 139 88
16 114 165
39 123 82
183 152 117
134 114 145
90 119 102
106 121 162
68 104 161
98 122 142
147 106 118
115 127 80
137 105 132
92 165 94
99 106 120
177 108 90
151 123 80
23 148 112
225 118 175
78 126 86
128 139 157
132 143 88
209 117 164
108 127 175
43 147 109
91 120 114
44 148 89
198 140 171
75 106 153
99 106 110
58 104 161
66 116 163
122 158 147
161 162 136
88 170 110
50 125 164
116 145 144
186 148 162
90 171 136
65 99 169
106 112 90
223 116 85
43 103 171
15 127 133
100 117 169
227 133 85
65 151 166
130 129 80
203 126 85
147 123 169
129 152 167
18 131 163
178 117 110
182 138 174
78 168 149
90 105 83
58 98 85
78 129 105
194 143 145
185 105 109
123 147 106
13 109 138
131 170 121
170 138 173
107 126 86
68 135 168
213 97 161
209 104 156
169 105 101
147 111 169
138 114 122
162 105 130
239 118 170
125 169 150
104 170 125
92 170 119
64 106 124
194 111 173
247 105 113
171 118 133
158 119 126
98 138 88
249 109 145
88 105 98
106 112 154
154 150 168
142 121 100
145 135 80
190 121 160
153 114 114
195 111 92
116 142 167
96 170 105
218 124 99
135 126 176
198 126 100
143 121 140
44 100 91
254 110 126
173 109 82
159 136 102
171 151 83
116 134 175
195 145 163
24 109 87
178 118 94
55 146 95
120 159 112
226 109 166
161 126 176
175 100 166
216 100 173
61 145 114
213 114 100
31 135 171
245 102 94
14 106 120
183 145 105
98 162 162
96 134 167
46 120 85
226 140 141
170 151 175
44 155 124
53 146 159
199 145 111
70 123 90
117 118 133
16 134 114
151 122 152
66 93 92
133 105 112
137 169 105
167 117 80
66 163 97
167 106 162
46 147 149
156 115 101
128 166 96
181 152 142
17 139 96
142 157 90
136 107 88
43 147 136
28 108 109
43 107 130
246 103 160
163 105 144
150 105 144
133 139 167
118 171 136
158 126 87
154 149 87
119 137 149
200 99 91
172 140 129
128 133 151
119 106 130
74 135 150
120 134 80
73 168 116
246 125 152
68 146 96
79 134 175
186 114 165
28 148 145
74 134 162
36 144 86
13 112 154
98 122 175
59 163 124
72 106 134
168 142 86
162 113 121
82 106 148
151 165 99
143 167 150
18 121 142
63 127 175
37 147 152
128 168 159
178 121 168
82 106 122
135 129 120
118 106 91
83 147 169
214 92 87
95 170 150
239 114 85
60 142 83
107 120 112
32 149 117
177 126 126
14 111 97
40 110 165
102 114 134
66 92 172
177 114 102
118 119 86
49 108 105
51 108 172
223 141 112
94 121 165
107 114 142
62 154 89
179 153 103
135 123 158
206 121 155
91 120 150
35 106 85
103 119 126
157 106 114
129 119 169
166 142 110
65 100 82
43 148 166
139 106 98
176 128 107
43 154 115
177 126 80
143 143 84
72 150 88
153 131 175
79 168 105
230 105 133
177 105 112
112 169 100
41 121 174
139 114 105
186 146 87
51 113 82
33 108 118
68 166 130
106 101 167
72 166 157
108 170 109
99 106 93
82 140 82
158 118 86
48 148 121
150 115 80
18 122 105
130 131 95
217 109 162
250 106 104
18 121 121
158 142 168
32 148 125
123 130 122
245 133 140
49 153 164
166 133 168
219 122 91
228 137 98
147 106 126
39 150 101
179 123 152
127 117 143
77 131 127
118 110 168
152 106 82
193 110 100
23 108 125
184 112 173
20 147 154
32 108 148
82 120 101
24 108 156
191 105 161
90 132 88
63 153 146
27 147 164
82 117 173
66 113 88
130 104 172
179 135 106
159 141 88
124 162 162
28 146 90
181 144 130
127 114 86
46 97 163
226 104 155
178 106 150
178 152 90
116 161 162
69 149 110
221 139 159
155 106 162
147 122 116
77 160 164
206 124 172
83 119 147
63 124 83
104 105 138
61 142 172
117 149 111
81 108 94
125 170 114
181 120 86
86 106 141
161 162 128
237 136 104
139 113 168
210 116 172
122 100 89
166 105 83
137 129 168
147 131 168
209 143 148
124 155 103
154 114 152
102 138 81
14 135 133
183 105 121
63 106 94
21 148 130
219 105 138
143 105 160
250 118 157
234 105 108
203 110 155
108 171 136
149 101 88
107 114 98
107 105 130
33 123 173
177 155 128
74 134 134
15 134 148
206 144 129
84 100 166
80 109 164
126 122 80
132 124 114
201 99 165
178 132 113
119 137 98
248 130 118
35 103 99
208 143 116
185 144 124
159 158 91
151 166 127
83 118 117
169 158 139
154 165 114
154 108 173
242 134 115
55 127 170
147 137 174
249 106 133
202 121 96
104 134 87
82 121 137
190 100 96
146 114 118
195 125 82
153 105 132
91 146 170
226 109 174
39 108 113
116 140 82
99 131 80
180 143 96
50 110 91
196 124 174
146 114 154
203 144 97
155 133 80
94 111 87
197 105 140
48 136 82
16 146 138
84 139 174
233 105 122
190 148 149
118 105 162
62 152 105
55 160 114
233 101 86
211 105 116
170 147 114
121 132 138
193 105 152
116 150 150
239 127 166
158 120 169
93 102 171
232 120 173
202 118 162
23 108 100
16 105 154
163 100 164
100 169 157
88 121 86
220 122 155
124 144 153
185 145 114
80 133 80
135 134 80
99 161 92
223 116 168
44 102 102
145 169 131
63 135 175
216 134 172
157 133 87
149 111 87
90 138 167
246 126 105
207 90 168
53 158 150
49 155 99
94 121 128
78 141 88
222 109 86
73 95 162
130 135 88
129 127 132
238 109 167
171 134 88
18 126 154
232 138 138
234 133 166
131 121 95
124 152 145
129 132 144
