94 112 169
167 136 11
168 129 249
84 104 59
157 162 108
87 130 248
171 106 173
91 145 111
154 109 69
137 161 167
106 135 11
135 108 125
129 111 215
116 143 64
167 143 203
97 143 204
93 155 155
169 139 143
115 107 88
128 109 36
170 120 105
129 141 242
122 164 129
95 110 129
133 110 164
150 141 46
170 106 36
87 139 42
131 144 205
121 158 95
85 135 78
166 141 76
91 115 219
162 115 220
139 120 8
94 111 28
165 110 133
164 146 172
146 115 191
122 141 36
111 152 180
150 163 137
114 115 190
88 113 102
114 116 241
84 102 194
85 129 148
111 112 59
142 116 240
86 139 179
141 109 96
154 142 229
140 145 78
171 127 54
105 142 229
111 110 149
171 118 196
154 124 168
95 161 129
117 112 15
114 109 113
166 143 119
115 163 155
99 151 89
152 117 45
148 139 22
147 147 188
160 114 16
84 125 199
132 108 68
169 128 32
85 129 125
91 109 80
105 163 109
161 99 191
86 129 17
150 110 149
169 118 84
85 135 223
171 103 58
168 142 98
84 126 59
169 118 155
160 158 155
142 157 94
154 109 113
103 125 41
128 137 9
138 164 117
95 98 44
109 111 211
95 113 240
99 128 187
171 128 177
130 112 144
135 143 224
170 133 222
133 164 145
90 144 137
134 143 56
84 120 41
85 131 97
89 111 148
113 112 172
147 113 210
147 134 245
95 141 59
132 107 183
160 113 243
109 134 245
145 111 26
129 152 181
109 141 48
115 144 213
101 139 28
170 127 126
95 154 173
122 146 81
152 143 212
96 99 181
84 126 165
118 108 130
150 142 64
129 125 250
86 116 183
99 119 13
155 149 87
170 135 161
160 115 181
159 99 48
137 108 50
160 159 124
97 117 66
112 111 37
157 109 93
96 113 199
115 114 225
101 143 75
87 142 163
156 124 62
134 109 199
103 163 144
153 158 169
121 163 113
157 127 191
138 141 36
97 145 188
169 116 68
130 108 84
165 140 42
103 125 171
166 140 60
168 139 236
131 117 229
163 144 187
128 109 106
108 109 74
147 111 174
98 110 113
145 163 155
162 153 139
90 141 238
117 139 21
102 109 96
107 160 167
150 110 129
114 145 193
98 115 50
86 118 116
158 111 163
122 108 50
168 120 232
125 122 7
158 120 204
84 105 38
102 113 182
171 125 140
149 117 225
153 127 16
130 111 22
168 117 44
85 121 73
86 138 193
131 163 103
158 113 31
162 139 24
120 143 227
170 126 208
122 158 171
94 156 101
167 114 117
84 102 175
143 134 10
143 108 77
159 100 176
86 132 30
85 132 112
170 129 70
141 109 111
91 147 124
164 145 154
85 120 86
137 164 131
97 143 218
169 123 19
170 133 86
162 113 56
90 143 97
149 113 57
119 110 161
142 142 236
85 133 209
122 143 49
133 151 87
85 125 232
117 164 141
99 125 248
121 110 201
98 127 57
142 154 178
162 150 107
87 116 17
108 160 97
96 101 57
134 139 20
171 105 197
130 143 69
104 110 161
145 110 161
109 163 121
113 151 87
103 117 227
107 111 25
131 146 193
166 121 167
171 138 131
104 123 197
94 123 32
170 131 193
153 143 76
85 122 135
158 126 38
164 142 215
102 110 141
171 99 46
94 136 10
125 112 119
154 151 179
111 121 9
85 112 50
84 128 187
170 129 113
150 140 34
91 145 149
130 116 242
157 125 248
115 141 238
114 109 101
149 163 125
96 109 40
119 111 28
126 162 161
165 110 102
103 162 156
148 114 14
92 125 175
165 110 147
108 109 48
140 110 137
140 112 220
162 109 80
167 115 209
121 112 180
158 140 241
154 128 50
170 104 185
139 109 37
161 156 98
125 110 93
94 155 139
96 101 193
120 107 142
86 119 210
117 125 249
141 144 199
109 144 204
109 110 124
86 119 156
170 131 100
117 132 9
160 111 192
119 108 75
150 109 102
87 138 68
128 113 133
127 144 216
84 113 196
160 103 60
121 144 201
146 163 104
159 114 232
141 125 249
111 140 33
121 108 62
154 128 180
91 144 84
159 105 38
84 115 172
105 142 64
106 163 133
169 139 180
102 140 240
89 116 230
171 129 44
96 161 118
87 116 127
163 148 128
84 101 49
169 117 29
134 111 12
103 109 85
93 109 90
90 109 67
169 119 94
93 110 158
85 135 135
163 152 163
127 114 193
152 144 201
142 108 64
138 144 213
170 117 177
97 114 209
86 121 26
128 111 155
164 121 9
86 120 241
93 139 21
149 109 86
103 116 33
86 134 52
170 132 151
85 124 105
165 142 227
157 162 145
125 112 171
97 160 164
110 108 198
140 143 65
146 143 222
167 141 108
129 142 232
138 116 184
95 119 189
114 163 105
111 144 77
157 110 140
158 110 123
146 109 120
134 133 246
153 108 48
94 141 228
169 108 49
145 111 200
169 121 242
137 113 174
87 105 185
89 143 211
85 125 218
123 148 188
169 136 209
165 145 88
119 110 211
95 123 202
97 141 45
155 136 14
119 134 246
138 110 155
157 141 56
135 142 45
143 142 54
168 138 31
162 125 175
154 112 217
161 142 68
151 119 183
85 133 159
105 109 105
92 147 180
143 149 85
130 108 58
167 120 186
88 122 10
151 121 197
103 115 171
103 110 64
127 164 137
86 113 34
107 113 15
105 117 236
125 163 151
152 163 116
84 123 50
90 110 137
101 112 218
106 143 220
159 112 172
130 164 124
101 110 151
86 136 88
87 140 117
102 140 37
142 164 144
85 117 63
85 132 239
152 117 236
91 140 30
165 110 89
126 140 25
170 124 220
132 129 11
165 121 61
145 112 48
170 129 236
160 144 196
90 109 177
121 117 235
116 162 165
152 112 38
168 116 127
105 144 195
102 128 16
139 106 86
138 149 186
87 140 127
94 102 173
169 137 171
169 135 50
85 131 175
92 152 164
89 111 111
161 153 116
102 113 192
161 130 12
161 133 245
91 110 192
103 150 181
153 120 32
122 117 246
153 111 21
93 142 73
110 110 137
126 114 11
95 118 43
124 113 223
170 135 121
93 152 116
91 126 193
85 130 41
130 157 93
163 109 66
96 161 109
136 163 157
159 121 51
159 154 173
159 161 136
162 151 148
95 160 147
169 135 20
138 110 210
161 105 184
170 126 160
153 160 98
91 105 50
146 161 163
169 139 194
87 142 201
170 121 76
165 113 199
105 147 82
121 143 72
102 142 54
169 118 53
136 108 103
107 123 247
89 119 166
163 123 195
169 118 135
87 115 94
97 112 19
93 152 131
153 162 159
94 110 56
158 142 222
131 163 112
160 139 33
102 143 211
166 98 180
171 122 38
130 156 174
106 113 203
85 133 200
171 112 61
157 140 41
86 118 145
93 110 121
119 107 122
97 109 102
140 117 227
121 153 179
102 127 49
88 138 245
99 109 77
170 121 117
155 120 12
103 117 57
133 109 92
99 133 245
103 120 188
166 113 163
127 144 61
166 113 23
170 133 61
136 108 189
90 98 188
86 136 60
170 120 147
84 125 34
139 139 26
125 153 88
103 123 179
95 117 181
92 124 62
148 140 241
89 114 204
144 127 14
103 113 43
119 109 152
86 139 153
164 110 155
159 115 40
138 111 20
130 142 37
86 137 102
90 123 247
170 135 201
170 128 168
86 121 225
119 164 121
114 164 132
157 114 208
100 107 48
170 132 136
87 112 42
116 141 44
130 146 81
160 117 66
109 138 18
87 143 171
95 144 196
123 163 104
105 155 175
85 131 69
163 148 96
133 111 30
165 108 42
153 154 92
170 133 78
92 151 93
100 162 102
167 140 244
171 113 170
109 114 220
150 121 246
131 108 76
119 143 57
167 111 181
135 137 12
85 128 89
108 148 187
165 98 53
84 124 179
159 105 53
155 147 186
110 163 148
164 99 42
167 143 165
96 114 226
162 106 198
170 126 88
93 129 13
95 124 168
139 163 108
171 113 38
161 122 32
164 146 135
159 120 187
145 144 205
153 109 80
114 157 173
152 112 167
110 109 94
121 138 13
151 120 175
118 108 44
144 141 42
101 119 244
97 162 139
119 109 36
137 109 145
147 121 10
161 143 81
139 140 243
125 130 8
89 118 54
164 141 52
134 109 114
164 104 171
99 137 16
166 121 203
102 163 125
86 136 232
145 158 170
159 158 165
123 109 86
110 127 14
110 113 184
85 125 80
169 137 69
170 133 184
161 110 109
122 142 237
167 113 76
94 103 37
114 113 52
144 108 192
86 140 218
91 106 198
90 98 54
110 117 230
161 150 179
85 118 191
85 135 143
124 111 112
125 108 70
117 106 95
133 140 29
170 112 192
145 113 183
94 126 39
127 114 161
152 121 57
89 98 180
159 161 116
90 143 189
139 113 195
134 121 247
84 126 207
151 111 195
160 119 171
158 110 149
85 123 95
168 118 14
119 113 195
165 111 34
169 139 153
141 112 55
138 162 100
111 109 81
84 107 171
149 110 64
150 132 11
154 131 246
130 111 98
92 148 104
171 123 48
164 116 238
87 114 72
171 124 191
153 114 188
94 116 34
86 135 24
88 113 86
125 112 127
167 117 225
97 141 235
86 122 172
153 110 156
98 142 66
106 110 131
151 123 189
119 109 168
122 144 211
170 131 228
106 153 89
85 131 193
114 108 65
150 146 83
147 151 182
89 140 50
158 126 55
85 128 226
169 98 189
101 124 34
169 137 93
168 141 220
169 134 39
166 113 140
84 125 116
129 110 177
96 108 63
149 144 195
118 125 11
168 118 217
161 143 207
88 115 26
131 119 8
96 104 187
167 113 96
97 124 181
122 110 100
152 123 40
145 163 115
145 142 229
118 143 220
85 122 123
148 109 94
88 99 42
171 123 68
147 143 72
155 163 128
136 109 80
126 132 247
98 156 95
87 141 145
112 143 224
114 142 52
115 149 185
95 140 38
87 142 224
124 112 187
117 110 186
152 119 64
99 117 204
160 156 132
102 120 45
159 107 178
114 157 94
92 150 144
84 111 57
139 163 151
169 132 243
151 118 203
98 144 81
155 113 53
169 123 173
108 141 236
88 114 161
87 135 11
170 125 152
124 112 139
146 137 15
106 109 112
85 132 181
144 110 148
129 108 52
170 132 107
107 114 177
154 138 24
121 108 174
145 143 215
141 114 12
94 120 49
141 164 137
101 119 166
157 110 131
121 111 21
138 157 173
93 153 109
129 143 46
100 124 62
163 149 121
110 163 115
160 141 234
89 116 177
129 143 225
150 142 53
93 132 245
171 126 199
87 138 36
109 139 26
96 106 178
125 145 196
127 162 98
118 107 108
171 125 184
146 111 20
138 109 131
95 110 145
85 128 132
165 125 39
135 142 232
170 128 215
161 110 116
85 133 165
111 110 161
111 143 68
101 110 135
168 129 12
158 124 45
164 107 190
123 164 143
170 125 133
129 110 208
126 164 119
138 117 235
158 117 193
170 126 95
113 111 21
86 138 187
150 110 140
157 109 86
155 162 152
97 117 58
115 144 207
137 108 44
170 124 227
169 124 26
148 109 111
168 138 82
145 164 131
90 121 197
138 111 26
144 140 32
138 109 69
86 119 100
156 116 226
116 108 58
91 147 173
147 163 148
156 126 197
105 113 52
100 157 169
145 111 33
133 115 191
150 163 109
167 141 126
97 125 45
86 117 78
85 122 18
140 111 164
84 124 152
158 119 57
170 132 129
130 163 155
118 116 10
91 147 160
146 113 216
103 113 212
120 140 30
167 113 111
87 117 47
170 121 212
126 143 54
148 127 248
151 114 178
116 107 197
84 100 184
84 125 141
165 108 55
169 141 188
87 140 81
130 109 42
114 114 179
89 107 35
86 118 107
166 101 194
169 137 113
149 155 174
84 126 242
129 117 235
126 107 79
134 141 238
107 111 167
114 161 98
94 138 242
160 156 109
87 136 17
159 112 198
97 114 232
84 120 57
93 151 151
161 136 10
164 103 37
161 105 45
91 141 65
140 109 117
90 144 90
102 163 117
94 156 125
155 163 121
152 143 220
137 108 60
102 127 193
141 153 89
165 144 178
141 131 247
96 122 195
164 146 161
170 128 82
108 114 194
86 120 204
171 144 103
133 145 199
125 139 19
126 111 17
118 108 83
89 115 213
90 144 129
90 116 237
118 116 185
133 113 224
122 110 147
137 143 70
127 114 149
85 131 119
161 109 72
147 152 89
128 109 190
164 114 169
165 118 179
91 110 97
170 139 137
170 111 176
123 124 247
114 113 197
170 128 145
107 162 103
112 111 43
93 113 64
134 109 139
169 137 228
104 123 13
142 114 177
169 100 175
171 127 62
140 107 197
117 109 137
166 118 35
129 144 76
89 119 31
95 141 52
84 107 198
86 111 187
115 138 243
160 114 215
113 142 232
90 106 170
89 106 62
126 111 198
115 141 37
160 111 25
158 121 177
112 115 12
130 112 123
145 112 39
103 123 54
100 113 176
88 115 153
165 116 63
159 99 54
137 109 182
94 109 34
93 106 44
111 162 161
96 116 245
124 137 244
158 143 214
89 143 105
96 160 156
107 141 40
145 113 223
111 131 10
137 131 9
103 116 64
88 113 116
110 144 211
110 144 198
162 151 102
98 110 124
160 109 98
156 109 105
161 141 46
106 110 147
150 111 29
97 109 72
107 109 100
134 108 172
146 117 234
135 127 249
111 164 139
119 164 135
125 108 45
111 109 107
162 150 91
154 143 207
133 143 219
141 110 124
141 142 49
142 120 245
100 163 132
144 109 89
170 135 176
161 114 204
85 131 218
101 162 149
145 109 100
128 161 167
101 127 176
84 125 192
105 111 30
160 157 145
133 143 64
130 138 14
