-29 37 6
41 -23 -119
45 -10 115
-53 -30 82
-50 -30 -69
43 -26 -19
36 26 47
4 20 -62
-19 30 108
-45 -29 11
-28 9 -120
49 -33 56
29 34 -11
-18 7 56
52 -5 -69
-45 16 -42
-11 -23 -28
10 -15 19
-1 -19 96
-3 -20 -91
26 27 99
-38 -9 118
22 14 -101
-49 11 83
-49 10 -82
-48 8 28
51 3 77
-1 37 36
18 -22 -55
45 2 9
12 -21 56
-7 31 -24
-50 -20 -105
45 11 -37
-47 -19 -24
41 -37 -85
7 -12 -125
-37 -23 49
7 27 69
14 3 -17
-12 17 -92
-14 8 20
-48 10 -8
47 -4 41
-19 -22 -62
35 -24 87
12 1 118
-34 33 40
42 -28 18
-23 -22 -120
12 9 38
27 37 20
49 1 -103
-26 20 -66
-26 -9 -6
32 17 -74
4 39 2
-26 -19 79
-8 7 83
-18 -22 19
18 24 -37
-53 -1 56
12 -23 -8
22 7 81
-19 7 -28
44 -24 -46
-48 -9 -53
-34 30 -21
-28 26 72
-15 4 116
14 -2 -77
24 -20 -99
6 -4 -40
-48 13 109
-36 -13 -82
-11 -21 44
30 -22 38
-4 10 -117
20 -22 -31
38 23 71
33 0 60
38 1 -14
29 -2 -120
45 12 106
22 -21 113
-31 -23 -42
28 12 21
-38 -36 -89
-49 -13 97
-14 -3 -80
-49 3 -105
3 28 100
28 -4 -44
-10 3 -58
-12 31 57
-16 -21 113
-30 -9 33
11 7 60
-40 -4 10
27 -21 -76
15 -20 78
33 -3 -88
-38 -36 67
27 -10 5
-5 -9 -12
-14 20 -45
-42 21 56
-32 20 93
-7 -20 69
9 24 22
-23 -19 -99
-45 -12 73
32 -20 65
-19 30 24
-30 11 38
4 3 -95
45 -19 -98
-32 13 -96
38 22 4
-3 -5 34
-48 10 -62
-39 -9 -120
14 33 50
-8 15 40
-38 -1 -28
51 -26 -68
35 17 -54
-4 -22 -47
-11 -7 7
-14 -5 -126
0 13 -31
-41 21 14
-48 -15 -4
51 -32 78
-47 -18 29
14 19 -81
45 -9 -30
47 -5 96
15 2 -58
1 -22 -66
45 -15 -2
5 6 15
-36 6 70
38 -10 25
29 17 -21
9 -22 37
-23 -4 -44
33 -1 -69
12 33 -19
-7 -19 -109
47 8 -81
30 4 115
44 16 31
46 11 52
-51 25 -27
-29 -23 -23
-49 -5 -72
45 -1 -51
-15 37 -6
16 -6 -107
14 9 -122
43 17 89
48 -15 59
-1 13 108
8 14 90
-11 25 76
-36 -3 55
24 -19 -125
27 0 35
-15 -3 -108
-51 -24 61
4 -15 113
33 -7 79
-51 -9 -90
-5 39 17
-4 -23 3
10 -8 1
-34 -18 104
19 7 -33
-30 11 112
-36 -4 86
-35 -17 -64
-31 8 20
-4 12 68
46 -23 43
44 -21 101
-18 -21 -82
16 -19 97
6 -18 -23
38 -16 -63
-38 26 -5
-4 19 -77
-45 -26 -51
16 17 109
22 37 3
48 -14 77
-41 28 109
38 10 -113
23 36 37
45 -7 -118
-15 -22 -9
22 24 79
-29 23 -37
27 -22 21
-36 -7 -101
29 11 48
-48 11 44
18 17 -52
-26 -21 63
28 -23 -8
20 -2 17
44 25 -28
-18 -19 95
-34 17 -80
-50 -13 44
42 17 -12
4 20 -46
-39 -21 88
-7 -20 -125
-24 -5 16
-9 -4 -35
-42 -24 -119
32 -7 -105
9 -21 -80
45 9 -66
-35 32 24
-34 -23 2
42 -21 -80
-11 21 91
-25 7 89
24 28 65
8 -19 -103
-19 7 71
-31 16 -52
33 -9 46
-40 15 -19
-40 -4 -12
-53 -34 -92
40 12 -98
-45 -28 -36
-16 1 35
-48 -12 -38
-33 -22 26
-31 31 55
-36 2 -73
-3 -7 -70
-52 10 68
-38 1 -47
-20 13 -105
-49 8 7
-15 36 41
-3 -22 21
44 16 16
9 39 17
6 20 47
28 12 -88
35 7 73
18 -23 9
34 21 -39
5 14 -105
-36 -29 -75
-38 0 -88
3 -1 -26
22 22 43
-49 -3 112
41 26 105
7 7 76
-21 11 -78
12 18 -20
4 -12 -53
46 -7 -82
33 2 -31
2 -2 -113
18 10 -70
1 -7 -84
50 1 62
31 -10 117
-23 21 47
34 -22 7
38 -31 -70
-40 21 78
19 -11 33
-45 -23 -88
3 6 -63
37 -23 -31
-12 20 -62
-12 -11 -54
-8 -19 83
-53 -5 82
30 -22 -43
-26 -22 41
-27 -1 120
-45 -29 -8
-2 -1 120
6 -20 -38
45 -12 11
-3 7 55
36 -32 71
35 26 27
36 -30 53
5 17 -92
-19 -23 6
-18 -22 -43
-1 -21 55
34 -29 -95
-19 5 -91
-48 -15 16
5 27 -32
-19 19 64
-16 -12 33
-37 11 -109
1 37 -12
-34 -20 -109
28 -13 -54
-41 23 42
-45 -26 72
-1 -8 21
-46 17 97
16 7 -89
-50 -9 -113
-9 18 53
-41 -4 27
-33 11 -30
-46 -21 109
46 11 -1
15 7 25
46 13 66
31 -19 98
15 -20 -116
-45 -12 56
24 20 -63
22 -9 -7
41 -22 29
-49 -17 -63
24 16 90
42 2 29
-15 26 -33
-18 33 -18
-49 6 -25
-18 15 110
-9 7 -70
1 32 55
31 -20 -111
16 -22 -69
41 -7 68
37 -12 -12
26 11 -114
-16 39 10
-24 18 26
22 26 25
35 7 86
-21 11 -58
-27 35 -9
-8 8 -83
30 29 -24
29 17 109
47 -26 68
-7 11 -101
-39 13 0
7 -20 68
-35 -11 66
-43 20 29
42 -27 -4
33 30 13
-48 -3 0
-18 -2 -68
-33 -22 -11
-27 -2 -113
-11 -22 -71
45 -11 -43
-46 0 37
45 11 -23
-44 -30 -100
18 -5 -125
9 -3 34
36 6 -47
-18 -9 117
-42 -33 56
-35 -19 -96
33 -11 -78
37 -4 -1
-39 23 -31
-11 20 23
-26 -7 -125
3 23 84
23 7 68
-3 -22 -9
-8 -21 32
37 -22 112
50 -35 -77
-14 -11 19
-30 7 51
-29 -21 -54
-39 16 -68
24 -21 49
8 19 60
-37 10 86
-15 7 -121
27 4 -17
26 32 51
16 37 -8
-24 23 83
31 -22 -20
16 -22 26
-53 -18 85
42 -1 52
-35 -15 12
15 -21 -90
-53 -34 70
33 1 21
-29 21 104
-9 -11 -23
35 -12 -122
8 -5 -66
39 19 59
33 -13 -93
-47 -24 42
43 1 116
-38 -9 -1
28 -20 78
-46 10 -95
-41 8 58
47 -16 -111
48 -17 91
-46 0 71
-4 28 65
8 -19 87
-40 5 115
7 -19 5
35 -4 11
-50 -1 93
-46 -17 -78
18 8 49
9 38 32
-18 -21 53
-44 2 -115
3 -20 -118
45 10 -53
-27 -22 -74
-1 -4 -124
32 32 0
-22 -10 5
-55 -7 -102
16 7 -108
-4 14 -57
-9 -15 -40
35 16 40
19 -10 117
39 -10 88
33 -12 58
-38 26 66
-5 30 108
45 -14 -20
4 12 -81
44 -8 -93
-8 -18 105
36 8 6
-48 7 -48
-23 17 -88
36 10 -6
-30 -6 -52
44 7 40
16 21 98
-46 -36 -79
33 5 -78
-12 38 30
35 2 -98
17 15 74
43 -25 -58
46 6 93
-18 12 81
40 -20 53
-29 -19 91
49 4 -92
33 31 38
15 -9 -54
0 1 -10
-48 0 19
-38 10 11
45 0 -36
50 -36 67
51 -8 51
-27 7 63
-11 -19 -99
12 20 -70
-39 -10 -21
45 -13 35
35 -5 -23
-37 -22 38
-43 16 -55
-24 38 18
26 -22 -63
37 -18 17
-11 15 -32
-48 -1 -36
-27 -22 113
34 20 94
-36 30 10
-8 -18 13
-35 -13 81
36 13 -32
44 14 78
-38 7 -12
-5 21 101
46 -29 -90
-22 29 60
-27 36 32
-38 -30 82
8 -4 16
-41 15 67
-33 -1 -38
-40 -15 -31
6 7 49
25 11 38
-36 3 36
18 29 -27
-23 -9 -106
46 -27 85
23 -19 89
32 29 58
38 -24 -103
42 -13 -73
-13 -8 -6
47 -1 106
-36 -21 70
-36 -4 74
-8 -14 115
-7 2 -93
-18 -19 -108
-3 12 90
18 28 106
-8 -2 -116
-45 -13 -100
5 -20 28
36 25 -9
11 10 -27
45 -9 -59
35 22 82
-32 -15 -124
-4 16 -39
5 35 44
-39 -16 -43
11 -2 -89
34 -16 -1
3 -20 78
-5 39 6
-46 -1 -81
45 -3 18
-7 -21 -81
-36 -9 -73
8 8 -114
44 -5 -8
29 18 73
-3 -10 2
37 -12 -38
37 -9 -50
42 0 -110
-52 -30 53
27 16 -44
40 14 -85
-2 -6 -60
-20 1 24
20 38 13
30 -9 19
-2 21 74
19 -20 69
-34 -4 19
-5 5 37
50 -16 -65
40 16 -45
-45 -26 24
40 -19 72
-39 -11 108
-23 33 49
-35 19 23
-18 21 101
-48 -22 93
-53 2 -88
-11 0 15
-1 -11 -106
-47 -21 5
-6 23 44
18 16 -92
-20 16 -38
-11 7 -110
3 14 40
-15 -21 -52
18 -16 -107
24 18 -32
-50 5 -70
21 9 114
30 -9 33
51 -25 52
-50 10 54
-48 -13 -16
-38 7 -39
48 -8 -105
-35 17 -41
15 -9 11
13 23 84
-47 13 -32
11 -21 -125
23 19 -78
44 -18 -35
-26 -22 -32
-20 5 -113
18 -23 -40
8 4 -72
-19 -23 -20
-51 -11 66
19 -22 41
-39 -16 23
-47 -7 -28
-23 -22 32
1 38 26
-45 -1 51
42 -28 5
23 -1 119
-42 19 87
-36 -18 58
5 -22 46
-5 25 -35
37 22 -21
12 -3 -115
50 -1 86
-42 -12 89
9 -22 -61
-20 21 -52
-38 15 48
-48 2 -57
1 3 110
15 -1 -38
-10 -5 -47
37 -19 -53
7 -19 101
11 -10 -8
46 -12 105
-7 21 -52
-2 18 60
-8 -12 28
-49 -10 35
17 8 -80
-5 38 -4
27 9 -28
7 14 21
-39 11 28
11 17 -36
8 30 108
-19 -20 70
37 7 16
-8 3 -28
-39 -15 -10
-49 7 98
15 -18 106
38 10 59
33 -3 70
-29 3 -30
-51 -22 -96
42 13 -74
-34 34 -2
22 1 -114
40 -2 -76
6 -11 -29
22 -23 -1
-1 -23 -29
-3 -22 -57
-10 8 49
-19 20 -73
-26 -17 19
-40 -12 32
-19 14 90
-43 -22 -16
-48 13 15
40 -7 59
-18 15 40
-39 19 107
-9 -18 -15
28 -21 -85
-44 14 -76
-22 29 -26
13 21 -59
-36 -8 -92
38 -2 -42
-48 -2 -46
-18 -3 -118
-9 11 113
-43 -24 -66
3 21 93
-48 -26 -80
51 -10 85
47 4 -73
39 -31 81
42 -27 -37
37 10 30
-15 18 -81
37 13 111
-51 3 78
45 7 -12
45 -5 78
19 16 26
-48 -3 -16
26 -9 -125
-3 17 -88
-19 9 -67
20 7 58
-42 18 -8
-10 7 72
7 19 74
-37 -22 112
-1 -10 11
43 17 46
9 -22 -46
-19 -13 -122
-49 -18 -114
24 7 90
14 29 63
3 8 -122
4 31 -24
39 -18 -89
33 -10 108
-42 14 -86
44 -5 -17
16 17 64
3 -10 -17
-10 -21 59
-51 -19 71
-45 -28 -25
-5 34 48
-48 -10 24
-13 11 64
38 5 -23
-38 27 34
-49 -11 108
43 -31 -100
-40 14 36
-12 28 99
16 -23 -23
31 -22 29
-35 -23 -33
-49 -36 62
38 5 -88
-1 -22 38
-7 35 -16
45 -16 -51
-33 18 73
-1 15 48
12 -5 -47
-25 7 78
6 -13 -44
-11 -11 -106
37 15 22
-40 -13 -53
-39 26 100
-23 18 73
-29 -9 117
-12 18 71
-27 -20 -5
0 -15 32
-16 11 -97
13 10 82
42 -22 -71
37 -15 -24
-33 -3 -121
33 -11 -67
-8 -12 -127
-47 15 75
-19 12 48
12 10 114
37 -20 -9
-47 -20 -44
37 22 15
27 29 108
-43 -9 -84
-41 21 5
-39 -9 -37
45 8 21
-30 21 41
-11 -20 -117
-43 -2 119
-30 29 64
28 -22 -54
-36 3 -96
-27 27 26
14 19 41
0 9 -89
35 3 36
11 -23 -31
-24 6 115
-45 -20 53
-38 -4 -66
-27 13 -71
-10 -6 119
-27 27 99
-48 -6 -8
-15 27 69
-33 16 -61
33 -19 47
-2 7 78
-18 -2 -58
41 -22 63
32 8 -119
37 7 50
31 9 -107
7 21 102
-19 -19 85
22 -6 -50
-39 5 -81
-29 -22 9
20 -21 -81
47 -15 -85
23 -22 33
16 27 71
-16 -22 37
-22 37 -1
51 0 53
23 6 20
18 11 -59
-15 39 22
10 17 -52
-29 7 -111
36 -34 -78
-36 3 79
-42 -35 74
42 -28 -27
-33 22 84
15 38 25
15 0 -66
9 8 -57
27 -21 58
15 7 71
36 13 -17
20 -22 -10
-30 27 -29
-36 0 63
-45 -2 85
43 5 70
5 4 37
-30 -10 7
32 -21 -69
19 -2 35
37 -4 -121
-1 8 -108
-36 24 49
47 8 83
38 17 -4
8 3 -81
-22 -5 34
24 -21 -116
-48 -10 9
5 -5 119
40 -7 -65
4 -22 13
46 2 -62
-32 13 -88
33 18 -63
27 19 -52
-5 -7 -78
-7 10 16
34 -1 120
11 0 23
-11 21 108
34 -2 52
-8 -16 -6
-49 0 104
32 7 66
21 20 -21
-34 -23 -122
-42 -19 98
-52 -5 47
-44 -30 64
45 2 -23
-33 28 108
-3 16 -96
18 8 -24
49 -11 66
-27 -21 -82
-24 -19 100
41 -15 -117
33 -15 83
-6 -4 -108
-1 -19 -103
-18 3 -76
-43 -17 62
-42 -22 -2
7 12 -69
13 15 -100
-6 20 -69
1 19 -54
-37 27 -13
5 -13 -4
45 3 -4
12 20 -45
45 -13 20
12 -16 32
40 3 79
37 -18 -44
-32 36 14
4 -9 27
-38 -6 48
30 -24 -122
-36 -4 -81
16 -13 -123
-1 -22 -17
-16 -20 -90
0 -18 106
0 -20 86
19 34 44
7 -21 -92
-41 -19 -72
14 -22 48
19 16 -43
43 16 6
-48 0 9
16 18 90
-3 -22 -39
44 -19 -13
1 -6 -49
-42 -22 -58
27 26 72
-22 0 -36
-38 -22 13
35 -7 -97
-10 -22 -63
-15 22 44
7 -13 11
-4 17 84
-38 27 58
-49 -4 -63
-48 12 -20
23 -9 -106
34 -12 10
-39 7 -20
4 7 89
43 -28 74
11 28 100
40 -19 92
18 -16 -6
30 23 43
46 -28 -75
39 -21 -111
-12 -20 75
-37 2 -111
7 15 109
-46 -13 82
7 0 -58
44 -20 11
-51 -9 89
13 7 89
31 35 27
-38 -35 -79
-11 -6 -71
46 10 11
-42 -20 -110
-41 -18 45
8 37 -8
3 7 61
30 19 25
-45 17 -25
-39 24 -21
13 38 0
34 16 87
14 36 38
19 -9 0
34 28 -15
-18 -16 -6
48 -18 -75
24 33 -17
43 8 -104
42 21 99
-46 18 48
-16 22 86
43 -27 50
1 39 10
-50 5 60
26 -22 6
4 -20 -12
-15 -22 29
27 -22 -27
12 -22 -16
29 -11 -8
8 -22 -70
-25 15 -99
14 -23 2
12 -22 19
-35 31 47
46 6 -47
-23 -15 115
-12 16 -55
-42 3 15
45 -15 45
30 -6 -51
47 -24 -103
23 -1 -38
-47 14 -1
-30 14 89
-9 -15 3
-52 -30 -99
44 -17 111
-12 7 90
48 -19 82
50 -34 -85
-42 11 -47
20 30 57
-16 11 -86
42 -1 -89
-9 -7 -63
-19 -21 -74
9 -19 -54
40 0 64
31 7 55
29 28 23
-46 -6 78
-49 -10 -79
7 14 53
46 11 98
-3 6 -58
-19 -2 120
-36 -22 -79
35 4 -39
42 -23 37
1 -17 -126
36 -35 -91
-10 10 -91
22 -18 102
