161 155 150
9 106 89
243 104 90
72 105 172
104 117 85
237 123 171
175 128 85
8 117 155
179 93 161
100 151 138
54 134 109
127 113 170
209 134 127
137 162 101
61 91 86
193 135 171
243 104 133
48 134 155
192 93 95
216 134 85
142 104 89
174 153 114
18 127 120
100 151 100
93 135 171
127 149 162
160 124 172
30 133 85
210 104 167
35 104 167
237 130 111
133 134 85
73 123 85
134 155 131
73 135 135
235 132 143
186 144 142
99 105 168
194 138 103
26 130 171
46 112 95
10 104 132
216 107 88
158 147 93
169 104 89
68 130 172
210 134 152
80 138 107
25 132 146
55 91 161
43 133 131
243 105 157
189 114 161
196 119 85
85 104 89
116 154 117
237 126 85
149 143 166
115 132 171
153 124 85
92 136 85
147 104 167
104 151 161
175 146 165
52 134 85
157 155 128
8 110 111
215 126 172
215 134 106
112 139 87
47 121 172
83 140 153
243 104 112
140 162 150
32 133 106
15 124 97
124 116 85
178 147 93
173 108 172
94 147 119
118 155 146
28 112 86
136 130 171
191 140 124
17 105 167
65 107 95
86 118 172
194 94 172
153 155 110
121 152 97
237 122 128
178 126 172
57 112 161
182 116 95
227 133 160
227 106 168
14 122 136
66 135 153
193 137 86
175 153 132
141 147 93
242 117 100
68 135 119
241 117 144
46 98 86
188 104 84
224 133 120
65 135 96
111 104 89
140 162 118
228 133 96
51 103 172
193 139 155
201 116 171
58 118 84
56 134 141
8 117 172
199 135 142
87 142 136
198 108 95
230 112 87
41 122 85
220 133 140
106 119 171
139 119 85
177 152 151
89 118 85
79 137 93
149 155 141
10 104 149
156 110 87
147 119 171
18 127 158
163 138 170
32 133 158
54 134 171
169 155 100
31 133 120
85 104 167
44 133 96
114 106 168
116 154 131
162 135 85
211 120 85
81 139 123
26 115 171
69 97 161
181 92 86
8 115 124
185 145 110
56 134 124
206 135 95
147 136 85
94 147 151
200 135 115
237 119 157
79 137 168
24 132 132
197 101 161
161 104 167
15 118 85
40 133 169
166 118 85
63 93 172
114 144 165
141 152 160
57 104 84
243 117 116
114 126 85
103 153 126
65 117 170
206 135 167
89 144 100
127 155 111
71 106 84
126 104 89
44 133 116
179 106 161
98 104 89
150 131 171
163 150 162
91 145 163
189 108 172
241 111 170
130 155 144
216 114 170
20 131 107
53 92 95
180 104 95
39 133 146
224 122 85
124 143 90
47 101 161
135 141 167
134 104 167
8 114 98
103 153 112
118 120 171
229 132 131
101 129 85
19 130 86
242 115 85
179 115 84
100 144 91
21 104 89
145 155 126
70 135 85
167 155 140
226 131 171
198 98 87
243 105 144
189 122 172
204 129 85
13 121 109
151 154 98
187 144 165
71 110 162
182 148 121
35 121 172
16 125 147
69 97 95
60 119 95
110 150 95
107 153 149
179 97 172
96 124 171
174 136 171
237 130 155
125 155 124
104 134 171
163 155 119
124 138 169
191 92 162
182 138 86
151 155 155
39 106 89
9 104 120
186 123 85
65 135 108
228 132 85
60 135 162
8 114 140
125 127 85
46 112 161
23 132 96
243 113 126
117 153 159
180 117 164
228 116 171
169 142 89
217 133 163
185 146 131
115 155 106
243 106 101
199 109 85
76 116 171
33 133 137
200 106 170
48 114 84
85 128 85
78 127 171
210 134 137
141 155 110
217 133 95
63 135 132
236 132 166
41 133 85
101 143 166
141 162 135
61 108 172
9 110 162
224 133 149
54 106 95
78 136 145
70 135 162
79 113 86
95 147 108
125 128 172
178 152 102
16 124 168
213 134 117
125 155 153
236 131 121
154 112 170
196 136 132
188 143 96
169 118 172
132 151 96
237 128 96
224 133 109
136 117 171
123 104 167
67 116 88
176 95 95
86 142 115
58 101 161
183 135 171
114 113 86
202 135 157
178 104 84
204 135 106
62 127 85
45 101 95
185 145 152
54 134 98
92 146 129
32 133 96
51 93 170
46 112 172
45 133 107
66 135 143
25 121 85
72 135 102
172 153 159
165 155 109
152 155 120
125 155 135
191 118 93
148 115 85
57 134 151
174 113 92
237 125 137
243 104 123
237 121 108
178 152 141
226 104 89
108 153 138
187 103 161
243 115 135
166 155 130
94 112 170
160 155 102
135 111 87
52 117 91
199 111 163
134 142 89
149 144 91
139 155 142
142 127 85
189 108 95
26 105 167
90 144 90
167 130 171
59 127 171
201 125 172
205 104 89
154 150 162
237 125 148
209 119 172
34 112 170
123 136 85
74 135 126
243 114 153
216 134 131
134 155 156
196 136 94
15 124 127
52 124 85
162 125 85
221 113 86
55 119 165
92 146 142
59 134 116
41 133 160
92 110 87
171 154 122
133 155 104
47 134 140
24 132 115
17 117 171
9 105 99
184 91 168
8 115 87
142 155 100
23 132 154
133 155 122
158 155 138
156 140 88
191 140 112
172 103 164
70 97 84
53 93 84
86 130 172
218 104 167
29 104 89
75 135 114
101 137 86
131 121 85
175 97 85
206 113 86
193 128 85
94 125 85
189 94 84
144 138 170
237 124 116
145 155 149
23 132 124
192 139 147
154 138 170
198 135 122
19 130 138
33 124 85
238 121 93
233 132 104
169 155 148
86 142 146
203 135 149
36 133 127
9 118 116
78 135 85
61 94 95
9 118 164
198 135 164
167 149 94
184 91 95
221 121 171
141 108 169
10 119 146
78 108 168
35 116 85
167 144 166
237 131 129
208 112 170
51 134 164
158 118 85
8 116 132
20 112 87
120 112 170
235 105 89
14 122 154
63 92 163
191 140 136
163 111 169
105 109 88
238 117 165
243 111 107
62 111 84
65 105 161
79 137 131
187 115 84
132 124 172
54 134 133
141 162 126
118 147 93
32 133 168
198 98 95
21 132 164
213 134 171
43 105 167
111 124 171
57 98 172
52 134 116
190 101 172
150 155 133
59 134 91
8 117 106
100 151 146
162 105 89
59 135 103
77 104 89
82 139 161
144 161 144
135 148 162
11 119 93
75 135 157
118 106 88
172 135 85
81 139 100
71 111 94
176 118 171
86 141 167
8 111 147
243 112 93
236 132 90
41 126 172
96 148 159
72 123 172
145 155 116
103 126 171
136 161 111
231 121 85
31 133 149
131 135 171
215 134 146
97 117 85
183 130 85
107 141 168
136 162 142
114 154 124
198 99 168
188 142 103
125 155 104
109 112 170
235 104 167
37 133 111
107 153 106
182 106 172
9 106 138
152 131 85
174 112 161
89 144 155
204 121 85
158 144 165
168 111 87
183 99 84
56 113 172
107 153 118
230 132 116
159 132 171
39 133 102
194 128 171
204 135 131
85 141 129
95 148 96
9 110 154
179 151 160
110 154 157
47 134 123
61 134 171
107 104 167
134 104 89
193 115 172
85 138 86
61 119 161
215 126 85
200 135 86
87 142 106
64 135 125
143 146 164
158 154 157
116 119 85
210 134 161
17 127 113
237 125 164
123 145 165
188 141 89
180 150 113
172 154 106
221 133 155
70 98 171
183 147 99
48 129 171
92 104 167
200 134 172
189 101 95
234 112 170
48 134 148
142 155 136
211 134 100
63 135 85
227 133 140
143 162 111
10 104 167
230 132 153
173 101 172
14 122 117
71 135 93
140 137 86
205 135 121
243 110 163
58 112 95
149 106 88
178 152 125
220 132 172
192 110 84
187 144 119
142 157 156
25 132 103
38 133 153
207 128 172
166 155 156
18 129 101
19 130 171
117 139 169
48 134 91
238 118 138
184 117 172
115 134 85
171 123 85
158 155 115
149 155 105
175 152 96
230 132 124
223 133 101
207 134 87
26 122 171
115 154 99
186 119 166
191 140 162
145 126 172
174 97 166
49 116 166
67 116 163
154 125 171
147 112 170
40 133 138
36 133 90
45 128 85
98 130 172
181 149 146
167 130 85
26 132 138
45 99 170
139 155 118
141 112 86
101 152 153
100 151 131
183 119 89
102 113 170
184 147 158
89 144 124
103 150 95
27 133 163
85 141 95
201 135 100
197 136 109
52 99 95
70 104 95
126 121 171
155 155 144
118 155 153
133 155 115
234 129 171
101 152 118
213 114 86
99 110 87
136 155 149
70 112 168
223 133 127
107 142 89
132 128 85
235 116 85
173 107 95
123 155 142
116 154 139
54 112 84
181 149 136
32 133 143
223 133 89
98 149 124
209 134 110
18 127 133
209 134 145
222 111 170
10 104 159
193 117 166
243 111 146
19 129 92
237 119 149
9 110 129
162 118 171
45 108 86
11 119 100
72 135 148
176 141 88
107 133 85
185 109 161
95 147 135
26 132 91
143 162 100
237 119 120
55 120 171
82 122 85
108 147 163
120 155 109
108 153 130
139 123 171
81 113 170
127 111 87
188 131 171
66 123 85
10 111 170
98 118 171
60 103 95
134 110 169
78 128 85
25 129 85
49 134 102
137 161 156
218 134 113
65 125 172
122 155 118
30 133 129
243 108 117
58 91 169
74 132 171
125 149 94
74 117 85
8 111 119
19 129 150
99 137 170
184 97 161
148 151 160
143 141 88
243 117 158
49 94 164
193 138 118
88 110 169
12 120 123
14 121 160
32 133 113
218 119 85
79 121 171
121 133 171
67 94 89
56 91 90
181 150 130
68 135 130
82 139 138
173 100 95
177 121 85
62 119 89
35 129 172
113 154 150
132 155 137
69 112 84
171 124 172
15 107 88
20 111 169
196 114 94
243 107 151
54 134 157
223 133 167
179 111 95
196 110 172
140 155 128
184 98 95
63 97 161
119 140 88
36 129 85
216 134 125
235 132 135
215 134 157
67 94 167
238 117 132
240 117 172
39 109 169
170 148 163
18 123 85
156 152 96
162 111 87
187 144 125
16 125 105
90 130 85
111 136 171
51 134 128
41 115 85
178 141 167
189 91 91
167 107 168
86 112 86
188 143 156
51 117 161
46 134 168
138 152 97
72 106 166
56 99 84
182 109 84
129 155 128
237 125 104
162 155 125
65 103 172
110 119 85
172 115 86
60 134 145
72 103 161
81 139 115
197 121 172
156 104 89
128 143 166
194 94 90
71 129 85
149 149 94
230 132 166
65 135 167
14 122 142
142 114 171
168 139 169
37 133 121
155 155 151
72 135 142
184 125 172
114 154 111
111 154 143
87 124 172
203 135 137
200 105 164
194 103 84
12 119 130
66 135 159
9 105 111
135 147 93
200 103 92
108 126 85
64 99 84
52 104 84
240 104 167
243 104 138
68 135 113
164 144 91
200 115 85
38 133 96
182 148 106
109 130 171
224 128 85
243 107 95
91 128 171
78 136 151
148 121 85
50 115 172
52 118 86
237 123 142
224 133 134
192 140 168
217 134 101
128 108 168
101 151 107
195 136 138
237 121 99
36 133 163
171 146 92
152 106 168
136 124 85
121 150 161
87 142 160
94 147 102
144 133 172
186 95 172
216 134 152
49 94 90
172 154 140
182 143 90
241 108 88
178 111 172
68 135 138
169 155 116
195 94 166
34 108 88
144 159 130
202 111 170
95 141 89
233 132 98
112 144 91
189 132 85
212 134 93
237 126 158
232 132 148
105 153 98
234 132 85
44 102 89
170 113 170
195 116 161
95 148 114
162 152 96
172 104 84
21 124 171
43 133 151
216 121 172
209 127 85
19 129 144
144 159 120
97 132 85
129 155 119
67 114 95
177 152 109
162 155 143
182 114 161
163 155 135
40 118 172
172 154 153
74 135 109
136 162 123
136 137 170
9 109 103
123 155 130
192 140 95
209 109 88
159 130 85
42 133 91
163 139 87
243 112 113
65 135 101
129 155 149
77 136 122
28 110 169
178 103 172
120 111 87
195 97 84
221 126 171
191 121 85
23 116 85
178 152 118
13 120 171
105 153 144
88 136 171
202 135 91
8 113 92
181 149 152
61 134 155
19 130 128
71 99 91
59 119 168
54 125 172
47 114 91
183 141 168
46 134 161
230 125 171
12 111 87
170 155 134
50 109 172
158 108 169
92 117 171
10 104 143
14 122 89
229 127 85
108 154 123
138 132 85
118 128 171
242 117 122
214 107 168
237 127 132
145 152 97
61 134 137
136 157 108
130 115 85
158 155 109
154 155 103
176 130 171
198 125 85
196 106 161
221 107 88
148 155 111
70 117 171
187 115 95
46 103 84
237 130 148
53 111 95
198 130 85
108 153 113
179 133 85
215 134 137
173 107 161
57 133 85
241 117 109
74 111 87
233 118 171
9 108 124
155 120 172
51 110 161
150 140 88
223 133 96
10 104 94
132 152 160
76 136 97
124 153 158
198 135 149
66 135 91
190 141 152
129 138 86
104 153 135
8 114 160
54 129 85
58 134 129
8 112 134
155 135 85
81 133 171
198 101 172
144 159 106
224 133 115
129 154 99
78 121 85
243 108 127
243 110 136
172 154 128
30 125 171
190 92 171
121 155 102
196 114 168
101 124 85
237 125 122
74 135 89
207 135 116
240 117 126
138 162 130
232 132 109
33 133 101
228 111 169
180 147 164
126 121 85
211 134 132
10 119 137
120 155 124
90 145 114
50 134 111
54 134 104
54 134 93
187 137 86
72 135 153
44 134 102
187 109 84
186 144 137
203 135 126
85 141 90
173 100 90
16 125 163
88 123 85
235 110 87
113 150 162
182 148 141
174 100 161
121 131 85
8 115 151
77 136 104
136 157 100
177 116 89
24 132 159
98 146 164
243 115 168
225 116 85
86 142 120
238 120 113
46 134 87
44 105 162
172 108 90
