-34 -9 -110
34 -17 122
29 28 -1
-35 -17 54
34 -31 -62
-37 -9 -27
-9 64 -57
34 -19 53
-34 -17 121
31 5 -118
33 25 -64
-21 28 21
4 -20 5
2 7 88
-30 18 -69
-15 31 -24
-29 -27 -68
17 19 40
4 -12 -39
4 -16 -94
37 -11 -16
-37 -12 13
4 22 -90
-31 25 57
27 -30 88
0 -12 44
-35 1 85
38 -4 20
0 -21 111
37 -4 -85
0 29 -55
12 50 -24
36 1 80
-28 -31 84
28 23 -33
38 -4 -48
2 11 8
0 -10 -123
-31 11 -6
1 -20 77
-17 3 109
-11 -6 -66
-13 -20 -18
-21 7 39
-21 11 -95
20 2 108
14 1 63
-30 16 -41
-15 -1 68
17 -12 -67
-24 43 -65
-5 35 0
-38 -5 -57
20 -20 30
-38 -5 -84
34 -18 -108
-13 -8 21
-19 -20 -46
13 -19 -18
13 38 -73
28 -20 5
14 30 19
18 4 -98
34 4 42
-18 46 -43
31 5 -2
27 21 -86
-3 14 51
-20 -18 100
-32 -21 -7
-17 30 -83
27 -20 -35
-14 -22 59
-18 -12 -92
8 31 -35
-29 -20 34
-31 9 19
1 -2 121
12 -12 93
-2 23 30
21 -22 69
-7 1 -107
32 -13 100
-33 11 -113
15 44 -3
30 5 -66
-37 -2 107
15 25 -15
-34 3 59
30 15 26
14 -5 15
-39 15 36
-15 -14 1
-13 -20 -112
31 3 -29
-24 35 -7
22 35 -48
17 -10 -113
19 -22 111
16 -21 50
23 -16 -92
-24 30 -52
31 14 -49
-17 11 7
-14 -9 85
36 1 62
-37 -4 31
-34 -12 72
37 -13 -64
-29 19 -22
21 4 90
-15 -13 117
-34 -28 -50
-7 45 -58
35 0 -101
36 -13 36
13 24 2
16 26 -62
20 -20 -52
-10 25 -41
-3 -7 101
36 -14 70
-41 5 -70
36 -1 112
-28 -9 -71
-4 -20 30
2 -12 -57
-13 -3 51
-13 26 -65
-29 -4 -13
12 2 47
-1 7 72
-22 0 -53
-14 -12 -33
-7 24 14
2 -12 -75
-32 -15 89
-21 4 92
4 -11 62
-4 52 -27
-35 -21 105
-6 39 -74
28 -13 84
-35 -17 -96
-15 -21 42
24 10 52
-37 1 -39
-4 -4 7
-29 0 6
38 -8 4
-34 3 -99
29 17 10
-33 10 -84
2 7 -96
3 35 -15
8 -10 30
-28 -1 119
-3 -23 92
0 -12 -7
-7 -1 36
30 16 -12
-33 -13 -42
-11 25 -11
5 5 107
13 -11 76
29 -16 -79
22 35 -26
22 -4 -54
-15 -20 74
1 -20 -27
-26 -20 -30
34 -19 19
35 0 96
-27 21 9
-22 10 53
2 -16 -110
27 5 -80
26 4 16
-21 -20 13
-14 20 39
37 -10 -34
-22 -1 -106
-23 31 -37
-37 -5 46
27 -20 -12
23 -8 119
-23 -9 40
14 -12 -6
1 26 -75
17 -20 15
-17 -16 -77
-22 -11 59
-27 -16 -57
32 -26 -48
-17 32 6
1 -13 17
-31 13 -56
24 -10 62
14 -16 -80
-38 -8 -3
14 5 77
3 -24 59
9 -11 111
32 -10 -120
-31 4 -27
-11 19 -90
-25 5 77
-11 6 81
16 29 -86
-26 -4 -121
-3 -6 74
19 -10 43
6 -1 -108
14 -14 -31
32 -27 75
37 -13 -95
-25 31 -70
-25 -22 113
30 16 39
16 16 -92
39 15 -70
29 29 -15
25 -10 20
-8 -20 -53
-26 20 31
-35 -18 -79
0 -16 123
33 10 -90
24 -7 7
-30 3 -64
-25 -5 19
-7 -12 -100
-26 -9 109
17 7 6
-18 -3 -78
29 -8 -6
8 10 56
-7 39 -46
18 42 -15
1 25 -23
32 -22 109
-23 -16 -103
-33 8 45
-27 22 -83
33 -22 -23
-7 5 100
-7 -16 -87
-30 -24 73
-10 9 60
31 3 -16
11 29 -48
-20 -21 88
3 0 19
20 -10 103
-6 38 -28
27 3 70
-6 -20 -39
4 18 40
-7 -20 12
10 -20 38
-18 -20 26
-22 -9 74
-12 37 -12
-30 -20 5
19 25 -75
-28 23 -5
27 -21 -63
20 -12 -42
25 -12 -26
18 34 8
-30 -20 21
33 11 -106
-36 1 73
-25 -20 -18
-28 -4 97
16 -21 85
26 -5 -73
19 27 32
30 26 -49
32 -4 51
0 25 4
5 32 -65
12 -19 -104
-26 -20 46
-14 -5 96
-36 -16 -65
-8 -19 102
28 -20 40
-17 -4 7
37 -1 -73
-30 -25 95
31 14 -25
33 5 -40
-25 -5 85
34 5 30
-6 -20 51
-18 29 33
5 25 -8
4 43 -4
28 -8 -106
-9 -12 61
30 21 -75
0 -2 49
12 4 97
-36 -17 -19
4 -17 99
9 23 27
-11 5 -97
-11 25 -53
-16 -17 -61
7 -19 -50
38 -3 -60
4 27 15
32 -15 -46
-18 -12 -10
-3 30 -85
13 0 117
10 -21 67
-39 1 11
25 -6 93
36 3 11
19 25 -38
11 -1 87
-24 24 -61
-38 0 -20
-31 -18 -117
-31 8 32
19 32 -4
-31 -7 -93
-23 6 64
13 -16 120
6 -8 7
-6 3 112
-15 -10 -117
-27 -12 -84
-2 -1 63
22 -21 100
-9 9 41
36 -16 -4
23 0 48
-23 24 -15
23 -10 32
-31 11 5
0 -20 -16
-6 -20 0
-24 -2 49
-11 25 1
16 25 -26
25 -11 73
-31 0 -77
-22 24 -29
-36 2 -8
31 -20 30
24 -21 122
6 45 -31
-36 -14 40
22 35 -59
10 -20 -39
-34 5 -49
-37 -12 112
-3 -24 67
23 23 -8
33 4 -53
22 35 -37
14 -15 5
-31 -21 63
30 16 -60
-10 -9 42
6 -20 -8
22 23 22
10 -20 23
37 -5 -110
-18 3 16
-31 14 58
34 -12 111
38 -1 -23
-28 -31 -58
29 18 -2
-11 -8 109
-5 6 14
-23 -11 27
25 -17 -113
12 -20 -114
13 -14 -57
-9 -16 -68
-28 3 106
-13 24 24
1 25 -45
-4 -1 85
-26 15 43
-27 -5 66
27 -9 -63
-27 -12 0
-17 36 -75
-9 -14 93
40 7 -64
-21 -3 -67
-38 -7 -72
-11 -12 -48
8 -15 53
-2 -10 34
19 17 9
26 -3 -115
-30 28 -44
6 -3 76
-11 -22 113
30 2 104
-25 -11 120
31 -20 62
5 34 -80
37 -4 72
-14 35 -39
-4 31 -35
26 4 81
-22 -12 -26
21 -19 58
-11 37 -62
37 -9 61
-32 1 -113
-7 -10 -111
-6 -12 -16
6 -20 89
-37 -8 56
-27 4 -90
-29 19 20
-30 -5 -36
9 -12 -119
-14 -3 119
-37 -7 94
25 -20 78
26 23 -22
35 -7 88
9 6 13
-27 -18 81
32 -19 91
2 34 7
6 44 -14
-37 1 23
-23 -12 9
-14 36 -2
-6 17 6
-4 -9 117
2 -12 -22
-33 -5 -48
-6 12 -94
23 6 62
20 -12 -18
9 -21 109
-35 -9 -120
-21 45 -52
13 -5 -102
19 -20 -3
-7 -19 -10
-29 -5 -23
10 15 48
-22 36 -19
32 0 -92
-15 -9 -104
-37 13 -73
30 14 -35
15 -11 22
-32 7 -15
9 -7 100
-4 30 21
14 -13 61
23 -16 -103
-21 -12 92
-8 -19 -29
-8 -11 -77
-9 -20 81
9 -12 43
-3 -20 39
5 -16 -84
-13 -12 -23
31 -7 -41
-18 -2 36
24 24 -57
24 7 -93
8 7 69
-25 -9 -112
22 -5 84
8 -12 -67
-10 26 -74
38 -5 31
22 1 -65
-30 16 -31
-38 -7 -12
-23 -20 -4
-16 -15 66
26 21 32
-13 13 52
25 0 -105
37 -5 42
22 23 2
-20 25 -76
-34 -11 81
-13 -11 75
31 11 -73
0 5 56
37 -13 -73
-17 24 13
-21 25 -45
-5 -17 -116
-34 -21 -37
21 -20 -26
8 -13 84
24 -18 49
33 5 21
9 26 -71
-17 -21 51
38 -7 -7
-29 29 -20
29 0 118
18 33 -18
27 -14 12
-36 -17 -55
-34 -17 -105
-30 -7 -62
6 19 6
24 -14 112
8 -19 13
-9 5 49
-4 29 -64
-36 2 38
-37 -9 22
4 56 -25
0 -12 -48
-3 30 -11
-7 25 -27
-36 -15 31
36 -13 12
-21 -19 121
-22 -12 -37
-37 -5 -103
35 -17 -87
36 -19 -34
-9 6 91
-22 -18 -113
-18 24 -6
10 6 -103
21 -16 -73
10 0 6
16 5 55
-22 -16 -69
-15 5 -106
-9 -18 122
-9 -12 -57
-21 33 -62
-23 -10 -52
-10 -11 8
32 5 53
27 -11 40
2 39 -71
-21 22 -89
-6 37 -19
-13 -21 33
-5 18 39
-15 -20 -35
34 -26 -69
38 10 37
28 29 -41
-14 -4 59
15 -20 76
-5 -2 94
-34 -21 13
-9 56 -52
-28 -22 -48
32 2 -110
29 20 -42
-22 23 3
-36 -16 -88
29 13 -83
37 -7 103
12 -21 95
-38 -7 7
-16 5 74
9 -12 -12
-7 -12 -2
-36 -13 100
-25 -12 -15
-13 -20 19
-29 5 -106
31 -26 95
5 -20 44
5 -20 31
-33 -25 -61
15 24 11
22 35 -11
10 -20 -26
23 -14 2
-30 16 -14
-11 4 6
-18 -20 -27
28 -18 -54
2 25 -33
0 -9 -104
10 -12 -91
20 -12 -85
29 -5 -15
19 5 69
7 34 -53
-20 -15 110
6 -12 -30
25 9 6
30 -3 -49
33 -8 -79
35 -11 48
36 -14 26
-25 -13 67
-35 1 51
38 -8 -102
-35 1 -91
7 -22 120
-30 -15 -25
-22 38 -56
31 -5 -25
13 -8 68
-15 -20 -7
-7 -12 -39
-30 3 67
-14 -20 7
1 3 6
30 10 45
22 -16 90
12 29 -78
-34 23 -73
-22 -19 58
28 -12 -97
-28 5 -56
28 0 -59
2 48 -23
27 -7 106
34 -12 80
-23 34 -27
-15 -21 95
0 -2 109
27 -20 21
1 -16 -65
23 27 -66
-21 -2 114
-15 -11 -71
38 -1 -13
-34 -27 88
36 -17 -53
-25 -13 19
14 -3 80
-1 -12 108
12 -15 102
-25 5 13
26 -3 64
20 -12 -50
9 11 -95
0 2 78
28 -20 -4
-19 3 100
-3 25 -4
-30 5 -41
6 0 63
-6 -12 -31
-32 11 -92
35 -19 -14
2 -20 -41
38 -9 -54
-10 34 -82
-30 -11 61
-10 -2 77
-31 11 -64
32 -9 -90
-15 25 -33
-2 6 -103
-25 6 46
8 -3 107
-27 24 -38
15 -7 7
-29 15 -79
-7 25 -19
25 3 97
22 15 45
-36 -16 -2
-23 36 -44
29 -15 -71
31 12 16
-29 29 -11
37 -2 -32
-27 -4 77
4 -15 115
2 32 -5
17 2 -106
-31 0 -3
33 -2 -119
-18 15 47
8 37 -2
0 5 45
8 -12 0
-10 -2 104
-12 -19 -104
28 -29 -58
-28 1 89
15 -9 116
-37 -12 -35
37 -2 -40
14 33 -42
24 -19 -45
21 0 116
-33 -4 114
-37 1 -62
34 -31 84
-30 24 -55
4 5 99
-11 -11 28
-30 17 37
-7 3 68
-14 0 -72
-36 0 95
6 7 77
-6 29 -48
-3 -8 22
-30 10 -72
-9 -7 68
15 34 -30
-23 -20 -39
-26 -16 -76
10 -12 -23
-27 -24 -55
-2 -12 -81
14 -20 -10
12 -12 -73
25 15 -91
31 7 -10
2 24 23
5 -4 94
30 -11 -34
-17 -9 35
-33 -22 -27
22 29 -81
-7 -7 15
-2 -23 100
-22 5 -101
31 3 90
6 -14 -101
-22 20 38
-3 -11 55
-29 7 52
32 -22 81
9 30 -17
-28 19 2
-6 -16 -107
-17 6 50
12 23 -88
-14 45 -62
-10 22 33
-38 -3 -31
21 -3 18
16 32 -70
-35 0 -70
4 -2 83
37 -17 105
-29 4 97
31 -4 8
13 22 33
22 23 11
-16 0 44
35 5 -84
23 24 -44
-7 -17 109
31 -10 120
-8 -18 66
-19 18 9
-17 6 58
-28 -5 -54
-18 25 -21
8 28 -58
24 29 -33
-16 -14 56
-34 -27 80
7 -18 -57
4 -18 -117
35 -31 -55
-2 -20 17
-28 -6 -106
-27 -12 -31
25 -12 -12
31 -11 -21
-5 37 -10
12 -14 -46
-10 26 -86
-32 -9 -79
-29 22 -48
27 -22 115
-4 -3 -101
34 9 -99
-29 -16 -92
-17 -13 42
33 -8 -68
25 -21 86
5 5 51
-23 -22 75
28 -4 76
2 6 63
25 1 6
1 -24 85
-22 -10 103
-29 -12 -100
-6 1 43
-19 -5 15
22 -18 -59
-20 -7 67
-17 -12 13
29 -14 67
33 -21 100
-2 -12 11
-34 -18 46
15 26 -54
-34 -13 6
8 -20 80
-37 -12 -49
-8 -16 43
16 -12 -105
30 3 111
-23 1 -61
-14 46 -50
-2 -12 -90
-24 -7 -79
-14 -3 -109
-37 -3 63
-30 15 27
-19 30 -1
-7 -11 -120
-15 -16 -98
6 28 -87
-18 -22 66
-31 -18 100
27 -20 -21
-25 -12 -64
-32 -11 51
-38 -9 -96
-21 -12 81
28 2 -98
-37 -5 77
29 4 -46
-25 15 -90
9 8 6
19 6 13
1 -11 27
-27 -21 89
20 -19 -38
27 30 -25
8 -5 117
-37 -7 -42
33 -21 12
14 -6 107
-12 34 -30
-5 -23 60
16 -20 -45
-27 -13 35
-32 -22 116
-18 5 85
-18 -12 -18
-16 -21 81
-24 22 24
21 -15 81
9 29 -25
-27 3 -71
4 22 34
-37 -9 -19
-28 -12 -120
-31 7 -34
37 2 -5
14 -3 95
2 3 113
-26 -12 -44
-9 -12 100
20 -5 67
31 -12 0
-32 -9 119
-21 -18 3
32 -19 -40
-25 23 -71
-9 17 45
12 3 108
6 -14 106
28 -29 -65
-22 -4 107
28 19 17
-36 -3 -117
-20 37 -13
-4 -12 -64
20 -12 11
29 -5 84
31 11 32
5 -20 -34
4 -21 53
-14 -16 106
35 -18 -100
23 -14 -34
33 -17 -115
31 3 -75
28 -12 -84
-32 -21 -71
37 18 -64
37 -12 -27
-22 -6 -60
1 28 -16
-15 14 -94
19 28 -48
-28 5 -81
34 -20 44
-6 -20 74
19 -20 7
-22 1 8
21 -15 67
-13 -14 -14
-4 37 -68
-37 -19 112
5 38 -33
26 2 -53
23 -12 -4
-22 -16 -83
-29 -9 92
-3 34 -79
-13 -12 -85
16 13 51
-36 -13 -73
4 15 -93
4 -9 -110
37 -3 -95
1 -8 68
10 24 17
37 -15 5
31 9 -58
-15 -14 -54
-32 6 26
-33 10 -103
6 27 1
38 -4 11
-8 -19 88
30 25 -10
12 -19 -2
27 -27 80
0 -22 120
-23 -19 -53
21 24 -16
31 -1 -84
-35 -16 24
-29 -14 -109
-30 4 81
14 -23 62
34 -20 -62
29 1 47
-12 -2 84
20 23 -87
30 5 63
-34 2 -84
-37 -10 66
-13 -20 -45
-27 -27 78
-16 6 65
4 -6 20
12 25 -7
-7 38 -57
25 23 -80
-25 -20 27
-18 25 -53
-31 8 -22
28 -20 -29
1 -12 -14
-3 -16 -95
12 -20 30
-26 -12 -8
22 -14 96
25 -20 15
-2 -3 14
-13 19 6
-37 -5 15
21 -16 74
-29 -10 103
29 22 -68
-6 34 -42
21 -7 -64
-23 12 8
21 -9 -72
-34 -21 -14
-22 -1 63
11 5 91
-26 -22 102
-4 19 -91
-4 6 -97
-29 -7 7
-18 23 29
-12 0 90
31 -3 -34
10 -12 11
-11 -4 -78
3 -23 70
30 15 -67
9 28 -41
-26 -12 85
17 -20 38
-37 -1 -52
13 -16 112
3 15 48
-23 22 17
-33 -31 -64
24 -10 -114
14 -17 43
-17 -7 114
-2 5 104
27 -19 72
34 -24 -55
1 25 -61
-4 7 6
-13 2 114
-3 -2 115
38 -2 1
18 11 -96
19 -16 -98
-6 -20 -21
-14 29 17
16 1 17
-5 -13 17
37 1 55
-10 -9 35
5 -16 -17
-4 31 -22
