140 127 170
127 122 0
44 124 151
122 133 85
97 153 237
211 124 150
159 153 233
97 123 133
161 122 121
128 116 44
126 131 211
131 136 135
109 128 182
128 156 230
180 123 145
132 118 110
68 124 135
127 134 24
145 126 195
134 133 63
120 125 155
118 111 130
142 111 131
128 154 207
107 122 114
127 138 189
129 117 75
160 122 141
123 135 116
110 153 222
110 128 201
127 116 18
128 120 182
124 136 171
134 133 100
126 135 45
135 121 147
143 154 221
120 121 59
197 124 140
126 117 92
83 123 144
176 122 129
132 135 157
60 123 149
120 122 31
82 123 127
136 123 32
119 127 102
145 123 120
111 121 139
129 124 197
136 127 85
128 145 220
110 128 167
128 118 166
120 132 71
119 129 129
132 128 12
130 117 125
134 120 56
140 131 183
121 133 144
135 132 122
120 118 116
147 122 137
129 141 202
124 118 140
95 123 120
146 154 233
136 127 44
109 120 126
118 126 191
120 126 16
131 135 76
122 133 58
136 124 134
128 115 154
120 153 216
119 125 44
120 124 174
135 133 146
121 121 83
109 153 234
135 122 99
186 124 135
135 123 158
72 123 146
131 134 34
136 126 71
120 132 182
136 128 109
122 133 198
135 122 21
122 135 160
133 155 218
163 124 131
199 124 150
152 120 128
124 118 103
171 123 139
133 135 175
132 118 9
128 116 34
121 132 34
118 154 229
132 135 90
133 133 53
122 120 8
119 125 92
125 136 106
51 124 144
121 121 69
135 126 189
133 134 197
127 136 125
128 117 64
59 124 139
100 153 229
144 124 179
132 118 84
77 124 135
88 121 135
134 123 176
151 153 226
115 132 174
122 133 96
190 124 146
137 154 230
126 111 10
120 124 164
138 127 201
136 124 117
139 119 126
127 143 211
119 120 132
135 130 25
119 129 25
143 122 111
116 122 109
125 117 53
120 124 144
125 136 152
132 136 166
119 127 118
153 122 116
131 135 114
121 120 23
119 128 78
112 124 175
122 134 136
133 117 139
128 137 181
93 122 141
110 128 191
142 123 187
144 132 175
132 117 26
90 124 127
132 130 205
169 123 125
125 153 222
126 122 190
117 119 124
136 125 62
119 128 52
205 124 144
119 131 110
136 131 130
122 119 150
122 118 38
103 120 122
135 121 39
119 128 64
103 122 139
128 117 133
128 136 143
136 127 93
134 134 187
126 126 6
156 123 134
136 127 151
136 131 138
116 124 182
134 120 48
136 130 163
125 135 65
125 132 17
128 137 215
179 124 138
142 132 190
133 133 42
117 127 199
135 122 77
125 135 205
126 119 175
121 134 190
129 150 214
123 134 78
146 123 129
139 121 139
134 122 166
111 123 120
108 123 133
130 117 118
134 120 91
112 115 131
136 126 55
66 123 143
133 119 69
124 128 203
53 124 150
119 131 151
133 134 83
127 147 204
152 153 236
124 117 122
136 129 77
120 132 122
115 132 187
120 131 167
129 118 145
119 127 137
123 119 160
133 131 18
102 123 129
121 119 16
122 118 47
127 141 195
132 134 69
122 118 110
118 154 222
127 136 100
146 128 184
121 120 97
136 125 125
115 125 169
126 117 81
136 128 38
124 117 28
138 128 194
123 126 196
134 125 183
145 128 201
132 123 5
137 154 224
121 120 76
136 127 102
123 134 51
127 156 214
133 120 152
137 129 176
125 134 39
170 124 132
96 121 126
131 118 103
131 119 160
145 130 167
131 154 225
122 123 180
132 135 108
142 120 133
144 154 227
119 129 160
137 113 126
145 116 127
119 127 87
112 124 187
136 122 107
121 131 46
126 117 4
128 135 56
119 121 138
113 131 196
126 135 72
154 123 122
134 119 15
132 136 150
127 120 13
113 112 126
141 119 119
158 124 128
120 130 40
123 133 28
136 127 143
136 130 157
120 133 176
121 120 89
135 118 121
125 129 11
135 132 170
135 118 133
128 137 160
114 123 128
128 136 81
129 136 120
126 117 70
135 133 181
186 122 141
126 135 91
128 137 209
205 124 151
77 124 141
195 123 146
173 123 144
102 154 235
122 120 169
146 126 172
107 153 228
122 124 186
129 117 58
121 133 102
133 119 63
152 122 139
115 132 180
148 120 124
135 131 115
164 123 137
114 120 116
124 117 128
114 122 134
109 130 173
148 121 115
120 121 105
119 126 36
112 125 195
125 136 132
125 136 194
119 126 73
166 122 142
132 135 127
82 122 133
120 121 51
101 122 117
128 137 175
135 124 15
133 128 199
136 124 26
119 125 125
121 130 20
77 123 130
181 122 133
120 125 149
130 117 51
133 118 32
128 135 30
129 117 97
120 130 91
126 136 138
119 128 97
163 121 126
138 120 112
135 131 89
124 136 184
131 122 187
139 124 174
131 119 172
98 121 139
132 134 47
150 123 132
128 149 223
122 119 63
128 117 107
136 130 67
135 130 31
125 117 87
126 137 166
131 136 192
119 125 21
141 124 192
124 122 3
132 118 21
175 122 135
190 124 138
114 132 167
146 127 190
119 127 57
113 153 230
123 154 228
135 123 171
122 117 135
125 117 114
128 116 39
119 129 187
56 123 145
130 114 12
127 136 111
70 124 139
107 123 124
136 127 49
84 123 139
129 137 198
135 118 116
92 121 132
132 155 213
118 128 172
129 126 204
120 133 155
107 120 119
122 120 155
139 116 131
134 123 10
139 123 122
127 149 209
135 117 128
121 120 43
138 130 188
119 124 113
141 132 169
121 119 143
118 115 126
131 136 171
123 118 58
135 132 105
88 122 143
200 124 144
130 135 203
101 121 134
154 153 230
134 133 94
136 126 138
116 123 121
137 153 217
92 123 137
123 117 34
72 123 133
64 124 138
66 123 148
160 121 132
119 128 31
142 131 195
115 131 192
128 116 23
48 124 149
130 117 89
135 131 72
146 129 179
130 120 179
117 125 177
129 132 14
135 133 153
128 143 215
121 132 62
136 129 97
127 133 217
132 133 24
86 124 131
119 129 142
97 153 232
119 126 108
131 119 3
141 125 199
140 123 130
128 118 151
121 133 131
135 121 87
134 132 192
129 135 62
124 135 121
120 122 12
150 154 231
132 135 141
121 129 192
124 154 213
136 130 60
86 123 125
126 135 34
136 128 121
132 118 36
119 123 26
122 125 9
116 118 128
127 150 219
130 123 193
134 134 161
109 127 177
143 123 124
127 145 199
91 122 122
129 143 206
135 123 82
122 134 111
113 154 226
135 128 21
124 136 147
128 156 219
119 126 133
132 134 58
130 131 210
140 123 181
128 135 51
120 124 98
120 122 65
136 128 168
111 125 171
150 123 120
136 124 112
120 131 81
135 121 73
111 124 180
128 136 86
132 136 183
119 131 115
120 123 38
121 133 106
126 116 9
109 129 186
128 128 209
134 118 143
125 136 156
135 122 53
128 136 95
141 154 232
135 123 67
185 123 147
167 121 130
74 122 138
119 128 147
124 117 75
147 154 223
122 134 126
136 129 134
137 111 130
122 135 140
139 125 185
130 135 103
121 134 165
136 130 184
136 126 130
62 124 145
144 125 168
147 120 133
116 154 218
113 111 130
134 133 111
120 123 159
122 135 180
116 124 186
119 127 167
105 120 131
157 122 119
111 120 122
118 129 181
100 124 125
117 115 131
158 121 124
129 134 20
131 127 8
129 116 29
135 123 150
112 122 111
123 134 43
137 126 179
181 122 141
111 116 127
141 123 117
131 118 80
129 135 66
160 123 137
112 132 177
143 122 138
119 129 176
124 117 20
135 122 94
193 123 141
141 130 199
135 121 28
135 122 141
111 120 131
122 134 90
145 124 183
120 131 66
135 131 45
126 125 200
105 154 231
134 120 104
126 135 60
137 120 136
120 122 47
136 130 82
132 133 30
126 117 99
209 124 146
119 130 134
120 122 19
132 133 201
140 131 177
129 137 154
123 133 23
135 132 126
135 123 43
127 135 77
121 120 101
125 153 216
137 120 130
125 119 171
107 122 137
125 135 200
80 124 138
121 128 200
120 131 76
144 120 128
177 123 142
122 120 164
156 153 237
171 124 128
136 126 75
98 121 130
122 130 15
128 118 158
131 117 66
129 117 129
129 136 129
132 135 123
135 131 56
116 127 195
113 132 183
133 118 41
137 127 172
127 139 205
124 117 15
129 118 140
132 119 156
119 125 83
141 114 126
129 120 7
129 124 2
134 134 131
89 122 139
123 118 42
134 120 24
184 124 138
129 135 41
146 130 171
129 155 211
133 119 75
115 123 114
117 119 119
118 120 113
136 126 89
134 132 37
120 124 79
143 116 131
121 117 125
143 132 185
136 123 58
148 123 126
143 124 175
124 131 206
125 122 185
127 153 226
136 126 79
55 124 142
134 121 162
125 118 145
135 122 36
136 127 115
129 117 113
72 122 142
114 126 189
128 114 61
105 120 127
130 117 15
131 119 168
113 125 199
144 120 115
121 120 35
109 123 129
126 123 194
122 119 54
119 129 122
139 131 173
142 128 191
120 132 119
136 127 147
128 137 184
123 119 93
165 122 123
127 136 115
133 119 96
116 125 173
119 131 139
170 121 135
119 126 184
136 127 197
130 134 207
115 121 138
118 123 130
120 124 88
140 153 228
144 120 124
99 123 121
163 121 134
193 123 149
156 120 129
119 124 56
136 124 39
76 123 145
127 147 214
136 127 160
136 131 149
120 126 179
139 129 167
119 129 156
123 118 68
104 153 226
148 120 128
85 124 135
152 122 136
121 119 27
177 124 134
127 113 14
120 153 225
134 133 78
94 124 128
103 123 120
123 134 68
121 134 172
116 131 183
112 131 190
121 134 150
113 123 123
133 134 137
152 121 121
119 125 69
125 118 155
118 122 135
126 117 120
116 123 117
120 123 170
133 153 222
128 137 150
134 154 227
120 131 59
126 117 47
136 128 33
130 117 72
202 124 147
120 131 104
133 119 52
146 128 175
120 121 147
120 128 196
123 136 175
124 136 188
100 120 127
122 127 12
124 121 178
127 135 213
132 118 46
133 133 87
131 135 98
166 124 134
135 123 91
133 133 74
120 155 220
132 122 184
120 131 87
175 124 139
132 118 147
135 130 50
129 138 194
113 154 220
141 154 224
113 128 168
109 123 117
119 131 126
121 117 120
124 117 24
107 120 123
143 124 171
131 134 38
130 153 216
88 121 129
119 129 164
127 156 223
135 131 41
139 122 109
146 120 119
119 125 51
132 119 100
130 135 45
156 121 138
132 135 145
123 118 80
131 136 162
136 126 98
125 135 55
133 122 180
128 150 205
98 123 128
136 126 154
111 131 169
116 131 170
130 154 228
147 153 228
128 152 222
136 130 92
145 129 193
120 131 54
136 124 104
135 132 141
135 132 135
134 122 155
122 119 12
128 130 214
154 123 131
139 123 126
129 117 84
141 125 166
111 125 167
57 124 150
170 122 143
93 121 126
129 136 108
165 124 126
126 139 200
131 136 187
127 118 163
136 127 28
114 124 192
134 119 107
123 134 47
116 129 167
134 128 15
122 119 71
136 128 106
119 129 69
124 136 143
133 134 119
114 115 126
69 123 144
129 117 8
129 111 11
153 121 133
145 130 188
123 124 191
119 125 62
144 128 198
136 126 192
125 119 2
52 124 147
139 153 220
121 132 194
124 135 98
143 132 179
136 124 46
140 124 178
146 126 186
111 124 183
79 123 144
121 119 31
144 124 190
167 122 139
135 124 145
131 117 133
134 130 195
134 133 67
105 121 135
111 125 190
131 135 73
136 124 121
136 125 165
119 120 110
125 137 178
136 126 18
136 131 101
122 121 175
183 124 144
125 135 87
119 129 107
120 118 129
124 136 162
115 130 199
121 132 39
47 124 152
117 154 226
131 118 92
119 129 73
139 123 113
123 132 201
131 135 80
121 133 73
94 121 135
127 139 213
137 129 181
128 117 136
164 121 129
129 146 210
136 126 66
122 134 82
120 132 147
100 122 137
113 119 124
119 128 152
91 124 131
99 153 235
135 123 49
113 120 119
119 126 188
131 126 200
160 123 124
135 126 177
123 118 106
132 120 175
132 125 194
123 134 32
111 128 196
124 135 75
121 132 49
145 123 116
173 124 133
120 124 102
85 122 129
135 126 186
120 132 162
128 117 55
151 120 124
149 120 119
141 119 129
135 122 63
111 120 117
125 135 103
131 117 122
119 127 39
128 141 218
145 122 134
100 121 124
121 134 169
119 128 111
134 120 19
107 153 224
119 128 49
138 119 116
110 153 226
122 118 50
121 134 186
140 126 196
125 117 137
130 135 53
120 123 152
143 111 127
136 126 23
135 132 177
189 122 142
145 153 230
105 122 115
111 130 193
138 116 127
129 130 11
80 124 132
136 128 73
133 120 6
45 124 148
135 131 85
119 127 90
152 123 124
158 123 131
135 131 118
130 136 147
127 141 209
136 130 64
104 123 126
162 124 128
125 117 31
116 123 126
109 153 230
164 122 140
124 117 132
101 120 131
127 116 13
172 122 131
135 131 187
122 118 147
92 121 129
131 119 163
138 126 189
136 126 58
126 131 13
181 122 138
120 122 141
135 128 202
121 131 23
196 124 149
131 135 111
124 117 61
73 124 136
136 131 173
135 120 110
128 136 135
120 133 179
83 124 131
115 113 129
139 122 134
125 128 207
120 131 28
112 123 115
128 136 105
133 153 216
123 135 129
120 124 137
138 129 171
179 124 131
121 118 139
136 125 109
113 118 129
136 155 220
131 136 195
133 133 27
114 123 178
125 133 20
193 123 138
94 121 139
132 118 56
134 134 150
120 122 95
106 123 129
135 129 190
96 121 123
133 119 79
97 123 125
143 129 169
140 113 129
71 122 136
