162 101 55
89 125 250
157 166 157
77 145 94
88 121 10
168 110 221
93 107 166
172 107 123
141 154 88
107 159 199
145 133 9
115 106 112
99 166 143
107 105 58
148 107 171
140 146 247
118 111 210
159 154 204
132 142 47
82 130 133
173 127 85
166 149 121
85 138 49
82 127 199
170 137 41
173 131 155
132 168 123
126 111 249
83 107 88
121 106 22
136 106 82
108 147 76
86 143 167
168 108 19
173 126 189
123 107 147
122 168 170
103 163 108
168 126 248
106 147 229
93 97 196
84 101 38
115 136 16
88 109 224
120 108 181
132 151 215
143 106 122
166 98 194
86 106 116
159 106 98
154 143 64
135 104 54
172 137 221
144 111 202
167 148 177
110 105 85
82 130 74
138 164 191
159 106 148
141 110 228
99 106 139
114 132 248
97 165 173
165 151 95
84 135 225
144 106 32
90 151 125
83 109 61
132 168 148
126 120 2
108 141 43
172 122 61
168 131 17
100 120 31
151 164 110
174 125 108
173 130 132
105 110 240
155 166 134
89 149 189
119 157 93
82 125 104
172 110 166
147 109 9
166 149 145
132 144 69
152 147 227
96 116 186
169 106 76
147 119 250
82 123 154
150 138 29
166 116 39
88 147 147
134 106 103
92 149 212
98 126 61
98 114 206
82 124 174
93 145 245
86 134 28
95 154 92
105 109 11
160 145 246
112 168 127
125 147 234
99 106 101
160 123 203
119 104 42
155 166 177
172 139 202
130 139 27
155 125 53
122 107 69
151 106 69
158 114 186
158 110 238
154 121 25
122 110 231
85 120 41
140 168 166
123 106 129
140 106 140
166 142 78
113 168 155
110 106 159
82 105 184
132 106 163
83 112 133
82 106 207
173 131 172
137 108 186
88 145 108
113 151 214
95 106 74
89 107 22
169 139 58
103 142 60
92 144 77
120 164 190
173 114 141
105 110 221
158 122 7
172 124 232
103 106 42
128 164 106
110 110 195
172 101 40
171 111 203
102 136 26
167 146 161
93 158 159
101 106 122
110 123 4
178 142 93
128 126 253
150 141 49
133 109 214
156 106 131
132 107 12
84 121 213
124 107 91
88 113 240
169 142 107
130 136 12
83 107 148
150 134 248
171 107 181
83 126 59
160 102 207
106 108 177
172 125 211
100 120 46
93 100 54
173 110 90
83 138 183
104 120 251
153 162 192
97 164 122
147 106 156
148 105 49
82 135 118
97 132 13
125 145 248
172 125 30
153 111 219
166 150 192
106 165 185
172 108 105
119 170 141
111 146 243
170 138 238
82 121 89
124 108 195
126 150 81
129 159 201
147 151 214
158 118 65
118 144 65
84 142 200
163 147 216
140 170 137
153 106 111
88 140 63
154 149 82
157 106 85
130 106 33
82 120 121
143 120 3
97 128 207
83 126 237
155 128 37
97 132 39
146 167 149
119 109 7
115 166 114
159 106 163
139 147 234
83 135 87
97 106 152
82 135 145
144 157 202
84 120 24
121 104 56
169 143 133
131 105 116
135 167 178
154 158 97
171 125 48
136 106 68
92 156 137
104 106 24
118 140 34
90 145 232
112 105 98
101 134 248
139 160 99
83 120 188
172 139 187
171 109 62
83 109 104
172 107 152
136 110 241
162 105 33
173 131 72
147 105 93
112 106 140
172 138 120
120 108 168
99 119 17
93 157 112
83 116 165
95 156 199
155 135 17
91 110 196
149 167 122
140 140 38
91 153 174
173 119 75
165 136 28
143 147 76
96 104 184
83 110 74
90 116 53
161 160 167
163 155 107
173 136 143
95 103 209
96 125 195
117 118 250
154 107 20
161 160 120
146 122 15
110 167 170
82 133 163
174 124 120
137 134 248
169 119 14
94 160 185
168 115 242
119 131 6
165 145 229
82 121 142
107 154 89
87 145 134
157 112 199
95 116 231
168 110 50
173 119 156
173 130 96
161 107 175
94 105 33
143 143 58
89 113 177
122 148 222
96 115 66
161 160 148
173 119 178
140 107 20
84 139 214
165 117 26
132 106 175
160 116 228
82 102 196
162 117 213
100 166 156
168 107 134
101 148 218
170 113 192
160 101 43
121 143 54
90 109 43
158 124 192
139 165 110
114 106 32
96 106 90
106 106 71
98 132 52
119 121 11
134 123 10
172 110 31
162 106 118
157 125 251
164 155 136
151 146 238
155 112 40
83 111 31
84 120 225
118 157 204
86 135 243
83 101 49
83 136 98
111 106 127
171 100 206
129 169 135
173 119 130
94 118 216
92 111 12
113 162 103
124 110 220
132 143 58
160 132 45
155 109 60
134 106 129
88 145 87
98 121 6
83 133 39
136 118 250
159 102 186
124 105 105
104 153 208
87 130 18
160 110 11
138 104 40
134 107 149
129 168 162
93 106 130
146 165 184
173 127 201
107 111 210
162 159 180
132 156 92
173 119 100
132 109 202
148 110 189
99 149 83
93 98 43
88 147 158
140 138 22
174 125 141
172 138 165
163 106 67
172 120 223
96 113 247
100 112 54
158 115 247
109 120 15
103 167 133
111 110 232
172 100 52
157 138 38
115 111 243
120 107 82
143 111 212
109 132 9
84 117 202
152 110 229
171 140 152
122 106 157
91 154 103
132 147 225
173 122 166
163 120 56
164 155 157
121 141 43
83 118 65
89 145 221
100 143 70
82 134 192
169 140 68
173 114 116
147 105 82
122 168 151
104 110 187
151 106 140
112 106 50
154 111 209
95 106 111
172 140 177
90 126 47
114 167 180
83 116 112
135 108 92
85 141 125
113 138 26
167 110 233
107 166 119
158 118 17
82 130 211
108 167 145
172 136 87
84 107 157
128 169 186
146 106 132
106 106 108
84 107 171
83 136 173
124 134 248
111 142 53
146 111 243
129 104 43
172 114 213
83 135 108
130 106 22
144 106 107
82 118 79
96 139 46
122 138 22
164 148 86
117 150 81
155 116 53
93 123 24
130 107 140
137 113 6
138 109 195
92 156 147
84 139 154
158 141 56
161 132 247
100 161 192
141 144 68
82 117 97
100 110 195
155 166 147
156 112 28
106 158 97
126 114 12
99 146 236
141 126 252
173 131 63
146 109 180
114 147 234
113 147 223
148 167 159
159 102 198
145 167 175
172 138 212
136 131 6
164 118 179
116 109 189
124 154 209
129 104 63
96 109 219
106 135 18
158 143 72
101 109 229
127 109 187
151 145 247
89 120 195
173 103 191
85 139 71
121 106 120
81 128 184
125 166 114
164 117 198
131 110 233
162 157 194
93 118 36
170 141 95
89 109 213
166 120 188
92 106 144
144 105 64
94 106 60
84 109 52
93 137 34
93 135 21
173 134 105
104 139 35
160 123 31
148 170 140
164 106 90
85 138 234
165 149 207
119 168 122
128 140 35
89 106 96
121 146 74
101 145 247
89 148 96
95 162 132
165 125 43
173 135 51
166 115 66
95 140 57
96 107 174
151 167 169
155 120 43
100 112 34
144 106 148
107 106 151
101 106 162
97 107 18
107 167 162
144 147 224
109 113 249
84 112 189
147 168 131
170 128 240
132 146 239
88 99 190
117 109 202
162 145 238
83 123 34
160 130 12
174 128 181
122 169 130
99 114 24
164 107 193
146 158 95
111 169 136
133 148 77
87 145 176
114 161 195
159 162 108
139 136 14
119 126 253
171 142 195
83 129 47
167 118 206
172 123 38
150 106 101
110 106 119
108 106 167
170 123 22
163 157 127
161 106 109
121 168 159
140 142 49
82 126 220
119 146 242
166 149 113
174 124 149
171 107 114
166 107 40
140 168 125
89 148 204
151 155 206
118 118 3
153 115 10
126 111 209
87 114 18
83 136 79
135 109 223
154 148 217
162 117 236
143 105 56
153 106 123
140 107 170
94 123 54
158 165 127
83 112 125
172 136 79
114 110 217
160 106 138
128 106 76
120 107 137
110 144 66
139 111 249
99 159 101
166 139 245
115 107 14
128 162 194
94 104 201
96 164 163
160 127 59
85 142 189
138 153 211
91 120 63
83 116 173
154 153 89
104 106 132
105 106 91
150 106 40
106 128 249
173 147 89
82 114 181
89 106 67
167 146 169
162 141 64
143 166 116
162 111 56
96 127 32
105 116 7
172 130 225
168 106 97
82 131 155
173 117 86
90 106 80
155 106 155
139 106 115
115 107 91
82 134 126
111 105 76
132 141 249
126 167 177
83 116 148
86 120 245
170 139 229
89 99 205
172 137 129
94 121 205
170 134 33
82 128 112
170 107 173
140 106 160
173 134 193
143 105 72
135 121 2
82 127 147
96 146 224
89 138 42
129 110 241
83 132 64
147 135 16
165 125 196
146 162 103
157 136 26
114 107 176
96 120 250
165 106 201
124 104 49
100 117 60
86 107 138
107 106 35
171 118 54
153 106 32
92 109 189
144 111 235
93 142 68
165 139 46
84 136 57
90 116 223
96 164 149
129 105 97
104 106 79
139 117 13
172 103 199
96 113 239
167 147 152
95 153 206
168 146 184
150 123 6
89 148 115
117 104 65
171 106 211
98 164 114
83 114 86
82 123 162
152 130 10
155 165 116
129 107 86
138 149 219
136 158 203
138 111 207
161 112 219
89 150 181
164 155 174
150 143 70
154 164 184
89 150 167
90 112 30
121 162 103
173 124 68
135 152 85
156 138 247
85 141 141
149 126 252
170 117 231
117 106 152
170 131 24
100 106 49
165 108 27
155 106 51
99 106 67
166 107 145
82 128 97
173 133 205
82 113 210
128 110 6
173 112 79
146 161 194
104 141 50
135 168 155
84 120 56
173 128 162
173 130 116
86 113 230
124 106 29
174 124 91
166 106 83
106 106 143
146 141 42
98 128 248
84 110 39
167 102 185
122 136 13
82 129 82
96 108 27
91 111 204
84 120 232
113 117 9
85 141 114
162 113 207
111 139 248
172 110 130
113 165 188
98 164 181
166 150 131
152 158 200
150 112 16
154 109 181
104 114 16
125 144 63
126 105 169
166 98 47
124 121 252
155 119 35
163 119 248
162 107 212
117 106 104
160 161 188
130 160 98
166 150 199
167 147 103
169 143 222
89 107 152
92 127 13
140 106 98
165 121 49
165 153 186
111 109 8
104 123 10
169 142 85
103 122 22
157 111 67
156 106 92
93 124 41
160 146 79
90 120 188
141 106 47
128 133 6
87 142 240
165 116 223
83 127 227
136 139 31
96 111 181
82 134 205
82 123 71
171 121 198
83 138 133
107 146 236
93 158 125
98 117 194
171 106 69
90 151 196
123 105 112
108 151 83
140 109 11
83 109 96
85 115 217
162 135 20
113 157 95
94 160 176
150 105 57
172 115 186
155 127 46
94 118 179
164 138 37
166 107 162
173 116 109
128 106 124
92 138 246
153 111 243
168 113 177
161 130 53
82 119 134
162 156 99
100 110 61
147 106 21
102 112 215
145 110 222
93 106 118
162 106 60
159 106 125
83 109 80
146 147 232
158 122 212
126 124 7
134 107 156
114 106 21
152 167 153
139 168 147
136 167 118
88 123 18
119 112 250
163 110 243
154 123 18
133 137 19
85 107 129
85 142 207
104 167 174
124 109 202
133 168 172
122 166 182
148 110 196
119 110 237
169 115 20
141 124 10
82 127 192
160 162 137
172 107 140
164 107 169
122 107 14
90 104 193
82 134 138
83 116 158
145 115 7
169 143 126
100 116 40
161 106 79
89 106 107
146 106 115
93 106 158
161 107 18
172 130 39
155 120 58
84 140 161
172 110 159
153 106 163
165 106 104
158 165 171
81 143 90
110 111 202
141 168 155
164 101 37
103 166 125
90 106 182
172 114 69
154 161 104
110 155 206
158 146 232
85 127 244
119 141 249
172 117 30
85 122 49
88 144 101
117 110 224
82 101 203
157 120 198
160 116 31
173 117 149
171 122 239
121 160 197
99 146 77
161 105 49
82 127 167
89 115 66
93 118 14
173 128 217
156 152 209
159 147 221
166 110 187
151 147 77
166 125 14
171 111 38
139 160 197
89 119 29
94 113 57
84 128 29
165 118 9
100 113 47
164 99 203
128 109 180
132 147 232
131 155 207
161 161 160
86 137 34
171 107 45
157 110 224
103 111 246
111 122 252
164 107 181
167 149 137
162 121 37
128 169 142
132 165 110
169 120 215
169 144 209
85 108 198
162 111 36
96 113 225
100 135 19
89 98 49
147 143 64
86 115 46
116 125 6
135 169 132
96 109 212
172 128 56
122 153 86
139 157 93
155 110 191
93 105 49
135 169 142
117 107 162
100 130 46
83 126 42
83 133 219
165 153 150
120 152 214
82 125 206
95 99 189
100 115 11
164 123 25
154 120 250
143 106 88
82 133 179
102 157 202
169 142 117
82 122 115
138 105 34
161 123 13
146 151 84
104 168 140
84 107 164
115 154 89
168 102 57
90 112 36
118 115 12
172 137 99
86 141 95
85 112 25
98 122 213
88 104 59
130 117 6
173 129 79
115 105 71
89 150 141
104 107 17
88 125 211
89 150 152
86 97 199
159 113 177
152 167 128
84 116 35
92 156 166
169 114 45
165 153 168
91 117 236
82 124 126
106 105 51
82 127 140
100 106 56
82 149 93
122 106 99
129 105 69
106 151 214
83 109 177
169 104 34
83 112 140
172 138 111
134 106 111
157 119 189
87 145 195
117 168 174
135 107 136
173 122 136
169 143 147
90 151 109
125 158 96
172 106 54
110 165 111
103 167 148
146 142 248
87 145 152
156 132 50
140 106 129
100 121 53
101 107 171
137 166 185
96 136 27
164 155 119
125 106 175
119 165 108
118 106 144
114 141 47
165 120 20
108 111 226
129 118 250
83 113 118
162 106 154
171 133 233
155 106 104
