147 105 103
109 131 245
90 160 11
76 149 149
177 106 190
166 135 30
78 100 64
107 163 85
147 159 150
78 100 195
123 105 158
158 104 242
162 158 94
114 111 24
88 105 117
115 147 192
175 99 63
172 118 144
157 142 213
131 104 204
125 153 44
83 141 50
121 106 67
80 139 214
110 165 126
84 109 157
84 142 108
143 159 10
171 142 175
156 132 67
88 104 232
146 107 40
108 155 159
95 126 78
79 132 181
173 127 103
122 105 124
143 134 241
126 104 248
138 160 72
153 105 167
177 118 221
132 166 104
179 149 145
84 114 35
109 105 95
116 142 17
107 105 186
157 164 123
123 140 221
139 125 18
150 105 132
144 147 188
148 105 74
152 151 48
96 117 209
174 105 120
79 109 92
159 124 190
113 103 224
172 109 39
172 105 90
158 104 209
104 155 59
92 138 27
82 131 132
98 115 57
105 105 142
170 144 120
176 131 51
177 134 203
134 165 132
167 154 14
95 163 105
132 152 169
89 154 130
133 105 179
173 118 167
89 130 233
176 127 78
136 104 226
88 148 84
121 107 45
93 145 195
160 155 72
140 148 29
164 130 234
78 123 62
130 105 87
81 130 159
158 116 24
98 105 75
76 118 218
103 142 215
90 117 189
153 105 188
104 105 245
92 147 170
152 150 168
81 106 137
156 115 55
135 147 206
105 149 40
173 125 124
103 105 162
124 160 149
143 105 150
122 160 11
79 105 176
173 134 155
102 108 39
162 145 195
82 127 96
177 103 209
98 134 61
158 122 216
171 142 90
167 103 154
111 104 205
140 114 243
122 158 63
127 164 87
142 140 222
165 113 74
131 108 29
98 120 23
93 156 149
86 102 213
107 158 21
173 136 220
89 155 28
138 106 59
177 123 187
82 122 113
113 166 107
125 105 104
96 128 44
78 127 201
163 157 141
167 146 56
157 132 48
126 127 242
105 105 113
85 103 48
115 149 175
170 105 230
147 163 87
84 144 67
167 153 31
165 150 157
123 105 141
122 125 17
175 116 59
108 161 143
139 105 119
93 104 100
78 114 76
79 132 78
149 165 107
165 103 137
96 130 199
159 105 115
171 143 71
133 147 15
82 119 145
152 103 224
152 147 19
173 136 134
95 105 199
108 138 230
169 105 175
176 118 203
173 111 104
94 155 72
99 119 241
81 119 171
116 143 208
78 122 46
115 116 245
164 102 50
95 128 220
164 155 112
94 105 176
125 148 28
155 119 242
102 147 183
135 156 56
119 105 172
163 132 203
98 105 128
149 156 62
157 105 92
126 166 117
171 142 105
159 125 80
130 148 192
169 142 42
90 155 116
83 117 128
98 102 222
155 131 22
173 123 38
106 132 20
91 146 39
110 160 71
119 104 194
175 119 90
147 163 137
164 100 196
176 137 188
78 139 194
76 118 186
92 104 61
134 105 132
106 106 63
81 136 145
80 112 202
144 110 24
162 104 63
130 137 233
89 151 99
80 105 105
84 131 35
155 147 33
160 115 201
139 105 167
92 103 145
158 113 41
156 138 226
115 105 83
98 164 120
171 113 130
95 149 52
95 160 87
91 104 87
165 155 128
159 146 179
83 139 121
175 131 65
119 164 136
174 131 169
138 152 43
100 146 21
125 103 220
146 105 87
122 104 233
136 104 192
139 166 120
93 115 222
85 146 157
86 129 53
109 106 50
78 111 55
95 128 186
82 139 169
89 116 47
146 104 209
175 105 164
171 126 213
146 104 238
164 150 83
169 119 233
130 135 18
136 157 156
86 116 233
90 115 74
99 163 132
92 142 209
168 111 214
134 159 19
134 106 75
148 106 53
168 142 207
147 105 178
88 129 210
168 114 190
89 130 67
147 144 204
88 104 189
85 104 74
176 106 74
113 148 30
106 145 200
121 161 76
98 109 28
156 159 11
113 153 48
129 115 18
155 105 147
113 105 151
82 138 91
114 105 133
132 107 42
169 120 49
104 149 171
121 166 98
88 138 223
135 148 179
79 118 103
107 105 174
172 134 115
128 114 244
81 108 223
126 106 57
78 135 59
134 162 143
165 131 58
158 160 83
101 104 211
160 105 126
163 105 103
102 164 96
167 147 146
172 119 113
175 104 49
86 146 140
95 152 160
76 102 207
174 106 144
167 115 30
170 127 196
79 128 223
171 142 163
144 139 20
83 113 66
115 104 242
118 154 20
86 127 193
146 158 21
138 105 96
99 132 238
122 156 159
173 122 157
150 104 199
160 105 79
149 160 76
143 165 97
98 123 65
174 119 70
162 133 216
136 104 245
117 136 237
159 163 105
118 109 34
159 157 21
176 112 182
110 159 10
157 117 69
159 111 221
176 99 199
92 103 166
83 142 203
163 148 167
173 131 145
173 131 92
82 119 157
84 144 178
134 141 214
173 127 227
93 150 62
76 129 213
166 149 99
158 152 57
162 134 193
170 109 199
98 104 233
164 106 186
132 105 146
114 105 108
90 150 18
153 134 236
150 105 120
138 105 108
142 105 140
173 104 220
110 122 19
168 144 186
82 124 73
119 105 183
119 105 95
79 111 43
78 119 86
100 105 151
81 105 125
82 132 111
157 105 178
166 125 72
146 148 178
76 127 191
175 125 177
159 123 42
134 133 246
111 105 121
159 141 25
138 104 216
156 126 59
145 154 161
81 105 148
83 113 212
97 158 20
92 107 41
153 164 95
175 140 58
155 109 33
102 160 77
171 112 158
90 104 134
114 141 219
79 105 82
98 111 66
159 162 132
117 104 215
164 104 167
146 150 38
173 137 79
168 100 208
114 105 162
151 105 157
135 123 242
162 147 48
148 123 20
176 115 79
125 148 177
144 154 53
122 155 53
166 125 29
97 118 41
144 137 232
78 132 48
169 109 55
84 142 130
91 146 184
125 165 127
169 146 130
96 134 208
90 118 27
156 156 154
172 133 39
78 101 54
83 107 168
83 142 76
172 143 195
114 159 150
78 106 186
95 110 239
119 133 246
82 113 192
164 148 66
151 128 243
132 159 10
125 105 78
109 104 196
82 125 122
161 118 183
95 114 199
146 106 65
144 165 128
97 134 51
97 138 225
171 105 111
87 147 122
89 128 28
77 120 209
83 113 110
94 159 140
155 104 233
98 126 55
135 105 155
173 126 137
160 110 193
85 121 216
107 166 115
78 132 68
81 127 150
152 146 194
138 164 90
117 151 39
86 145 58
102 147 30
157 114 78
143 148 17
103 157 152
111 107 41
140 108 33
145 142 214
140 162 80
118 163 84
98 105 187
144 105 187
123 105 115
115 106 57
106 105 82
81 130 87
100 159 12
169 105 80
166 136 225
117 166 116
148 165 119
131 159 65
169 122 63
171 142 152
90 138 200
174 105 134
119 134 18
140 107 47
100 106 50
126 148 205
105 105 104
122 166 107
97 131 23
138 146 195
97 118 80
92 103 157
85 104 204
111 148 183
116 152 166
76 135 205
175 133 179
84 120 198
109 148 18
165 110 235
169 110 66
115 126 241
156 105 138
161 103 221
97 133 73
83 143 188
132 150 36
164 145 34
84 138 41
160 163 115
175 105 98
85 119 54
91 110 215
114 157 60
125 149 14
81 129 141
76 106 215
173 112 226
107 123 240
156 145 201
104 114 22
130 161 74
149 151 26
81 121 227
79 123 179
109 109 33
176 117 45
108 112 242
107 104 237
170 100 55
156 105 70
167 147 111
154 160 142
157 107 54
83 139 100
87 105 181
84 112 119
159 124 208
143 150 170
84 107 60
163 121 238
128 153 22
167 153 22
89 151 108
105 146 191
110 165 95
82 117 136
142 117 19
78 106 69
177 120 212
81 127 169
168 103 72
159 115 211
84 111 142
162 111 49
85 146 93
157 135 59
105 104 228
114 106 72
140 104 203
83 114 163
130 105 120
95 122 203
140 166 108
173 139 49
87 139 33
160 150 26
177 131 215
130 166 96
156 125 71
173 120 99
165 151 91
131 105 170
128 106 65
97 105 116
123 104 207
127 105 186
101 105 92
91 134 192
134 104 234
97 147 176
96 125 212
89 110 29
97 144 202
82 139 155
170 123 204
172 125 56
89 100 196
160 125 24
88 105 108
98 105 137
175 139 212
102 138 22
91 107 69
152 147 184
171 112 149
101 152 15
171 142 140
163 155 149
156 123 50
90 149 75
98 119 72
171 112 117
90 122 237
126 163 141
176 111 210
166 103 119
159 151 15
123 141 213
105 165 105
95 123 192
138 134 18
176 125 46
92 145 30
144 125 240
144 104 230
123 111 22
87 147 147
94 111 185
164 130 66
91 104 220
125 142 19
121 105 150
138 153 24
174 105 153
140 105 126
148 105 112
130 105 97
152 104 216
107 135 238
95 140 217
165 148 74
155 105 104
177 110 218
119 148 184
90 152 91
174 121 195
171 110 168
156 147 41
163 158 119
176 111 92
114 104 232
80 106 113
144 104 246
168 138 200
90 104 126
172 136 126
106 105 72
165 103 94
164 126 50
110 163 136
100 156 67
97 151 27
97 105 107
160 131 75
84 106 196
120 138 230
94 163 113
93 110 79
146 130 19
84 133 228
166 120 216
94 160 95
159 125 197
79 119 95
135 110 23
164 160 9
128 158 155
86 99 59
149 141 221
122 110 243
91 106 54
168 140 216
94 109 192
125 108 37
82 125 104
153 107 42
102 151 48
152 111 25
131 154 48
167 123 190
107 143 208
116 145 200
137 136 236
163 107 39
89 146 47
178 138 196
158 134 209
173 115 175
107 105 128
152 158 69
134 106 51
165 103 147
157 105 161
127 158 16
173 152 148
130 125 17
111 152 24
134 166 112
162 109 31
85 121 66
82 131 119
80 118 40
159 127 239
175 141 204
98 117 49
161 139 219
92 131 58
101 105 179
176 105 182
159 137 199
115 156 157
139 164 137
119 118 19
127 104 241
143 103 223
171 113 138
173 128 161
176 113 189
95 107 206
148 110 241
77 109 196
170 131 205
84 131 201
141 161 144
77 119 194
89 123 48
125 148 197
146 105 162
82 105 97
140 105 82
163 105 87
121 104 225
108 118 245
85 131 61
177 131 192
161 100 58
139 155 15
171 144 64
131 166 122
107 140 222
125 105 177
97 105 83
157 111 241
79 138 186
164 154 104
89 153 138
175 105 171
172 112 49
85 110 50
93 155 82
93 161 124
90 148 163
168 99 65
101 136 231
142 157 62
101 151 164
79 114 180
93 135 67
145 152 46
91 100 205
139 154 164
172 137 100
148 117 244
107 157 65
83 125 207
101 126 242
82 139 83
162 100 203
82 117 47
167 105 217
85 124 33
122 117 247
89 157 21
160 135 231
90 152 154
170 104 190
140 105 180
83 141 162
115 105 145
103 104 204
122 105 166
134 160 150
128 105 153
140 106 72
130 105 161
131 105 111
147 105 170
131 104 213
175 123 84
152 104 205
128 104 198
109 104 212
170 118 209
148 105 145
111 105 101
80 135 221
173 122 130
165 154 135
167 107 45
77 109 208
177 125 217
79 118 58
107 109 26
97 107 57
148 109 30
94 134 232
156 155 63
153 154 160
100 160 143
127 134 243
92 122 218
110 138 19
109 161 78
130 143 209
79 126 82
166 145 178
88 149 34
140 143 209
162 119 47
173 139 169
159 146 187
86 145 167
175 128 71
96 104 242
169 118 57
162 117 222
107 154 52
78 118 67
173 141 182
166 151 117
93 118 183
118 162 142
176 148 152
115 159 67
170 109 125
105 103 220
84 112 151
132 148 186
121 150 34
135 139 222
92 158 103
162 121 74
167 147 138
83 107 39
171 143 79
128 157 58
175 113 66
86 105 141
153 159 17
84 109 229
162 161 126
138 129 242
175 125 62
152 143 209
92 126 72
171 107 205
86 105 151
176 112 198
176 125 201
122 165 91
86 144 195
164 104 228
113 131 18
148 116 20
169 138 36
101 165 113
105 106 57
80 105 160
84 105 90
107 148 176
85 114 59
172 138 147
89 105 79
171 140 112
156 159 76
87 147 133
96 106 217
119 104 249
151 105 245
92 103 94
172 132 108
84 117 74
139 105 90
83 118 205
176 133 58
123 105 84
82 132 125
173 126 117
81 152 147
122 105 134
102 104 198
143 104 194
102 105 169
153 105 80
134 162 79
162 101 69
117 165 128
87 140 215
169 145 169
143 157 155
85 125 231
135 105 186
164 144 201
127 121 242
98 152 56
151 164 126
132 142 19
114 105 180
82 131 103
160 117 194
113 158 17
91 132 203
128 154 163
101 162 86
87 155 15
164 107 70
84 119 191
89 105 172
160 106 199
175 137 71
103 164 127
79 113 83
135 117 246
169 125 232
117 148 25
166 103 161
110 151 168
175 120 51
173 131 122
173 131 130
174 136 162
136 166 97
81 126 39
175 104 56
156 119 61
111 105 169
135 105 140
110 105 138
102 105 120
127 104 229
134 106 69
136 104 208
121 106 53
126 105 129
153 105 87
107 105 157
84 136 205
171 105 104
115 104 199
144 106 58
151 162 82
173 135 87
176 111 86
78 122 52
95 144 25
161 143 208
159 110 205
87 150 24
159 152 160
81 112 104
92 105 48
126 166 101
98 127 70
140 147 22
172 133 225
76 111 218
163 105 174
151 152 15
175 101 69
132 154 15
172 119 120
131 102 222
149 135 21
174 125 169
135 110 243
155 165 109
81 142 59
125 110 29
164 128 212
162 130 187
80 138 72
153 165 101
86 147 103
90 148 67
78 106 47
150 158 12
84 107 130
146 104 217
103 152 21
169 146 93
162 114 188
166 103 129
153 142 22
125 151 170
136 138 230
113 164 89
114 110 242
98 123 47
165 103 108
134 108 35
162 112 25
134 148 21
