88 143 103
168 111 247
168 100 11
82 80 188
173 98 141
116 172 193
82 84 36
164 143 78
95 121 248
163 166 142
117 138 31
173 134 192
83 136 160
162 80 195
162 91 63
85 95 126
140 151 234
111 172 137
120 98 5
84 140 207
82 123 62
130 162 98
168 137 35
175 108 99
156 170 182
86 118 16
130 104 241
115 141 69
174 134 126
85 95 89
83 104 216
145 128 8
172 141 226
107 158 226
95 111 181
163 163 106
94 167 167
163 106 174
173 108 214
174 134 159
142 140 52
130 173 164
160 167 213
88 150 133
84 96 157
175 107 41
175 116 69
95 93 62
89 137 37
138 172 126
100 168 111
117 138 245
83 122 137
164 82 38
113 125 7
131 169 215
83 118 108
142 127 245
87 143 235
179 144 99
138 147 78
93 162 196
94 108 38
91 140 78
107 155 91
145 103 4
97 96 18
98 101 236
83 131 184
166 156 167
143 138 29
172 95 118
169 122 16
83 117 84
95 89 204
175 88 177
84 123 227
172 134 56
157 103 227
94 115 202
174 106 192
96 140 57
174 119 143
166 154 124
163 131 244
167 154 190
143 172 148
139 170 196
116 117 249
174 126 88
97 135 18
88 150 178
94 166 147
172 96 82
82 101 195
83 135 121
81 117 167
119 171 117
168 146 144
93 91 174
153 154 91
161 116 52
149 108 248
175 115 118
112 173 174
175 89 207
175 123 175
103 109 4
120 141 50
172 121 229
105 170 209
158 171 122
127 136 14
158 172 160
157 154 229
173 98 160
145 168 108
81 98 107
161 103 29
130 116 6
169 146 207
173 126 211
175 85 52
83 105 68
81 85 54
94 168 129
90 153 221
112 171 156
174 129 106
82 100 27
162 97 47
82 105 141
82 122 33
162 117 200
122 150 234
158 114 5
121 150 82
159 135 21
81 103 49
90 153 159
127 172 144
138 173 179
156 140 62
172 140 176
95 117 53
89 153 117
85 111 238
98 171 183
145 162 221
174 121 34
153 143 240
95 81 45
175 116 160
104 143 237
175 100 61
114 102 235
170 143 112
84 139 144
162 98 206
173 92 28
82 122 210
130 139 63
83 131 92
95 93 34
133 141 244
82 102 174
113 164 102
81 111 122
172 104 231
156 170 199
156 139 45
174 109 25
105 107 249
91 158 100
83 118 152
116 168 219
162 97 189
131 117 250
104 138 39
164 117 184
82 118 192
175 88 192
168 130 71
167 152 93
99 121 12
134 139 40
132 96 12
82 84 202
89 143 191
104 145 78
150 96 16
82 128 48
175 105 129
175 112 84
87 130 240
84 137 223
106 129 246
130 159 226
89 149 88
110 130 20
150 171 136
174 123 48
88 104 11
123 121 17
143 171 166
94 96 192
164 108 64
145 169 210
173 133 144
131 169 111
166 157 154
90 154 207
171 96 103
85 136 64
77 151 99
139 156 91
125 170 203
161 83 51
124 173 129
124 171 180
83 127 74
161 93 177
166 153 218
150 141 74
110 96 14
94 80 193
148 120 18
136 126 19
166 143 239
175 104 179
164 160 202
90 153 146
94 97 47
94 102 204
175 112 56
81 91 180
163 117 39
153 120 245
108 172 123
176 123 199
162 101 241
175 107 151
146 102 237
86 101 229
82 111 95
172 138 87
119 110 8
83 131 108
109 141 57
97 164 218
85 130 21
144 116 3
128 129 244
132 104 2
130 138 27
175 104 73
83 96 39
83 130 196
81 94 62
174 120 129
82 129 171
95 109 63
82 114 180
168 145 162
85 95 77
81 110 204
175 94 42
84 93 210
163 82 183
163 162 177
104 171 194
158 124 11
92 161 180
86 103 184
174 123 187
82 111 38
169 144 130
169 98 219
154 137 33
82 112 26
172 131 25
167 155 137
82 106 162
164 93 36
98 139 69
83 123 121
98 152 232
84 140 171
174 102 203
93 109 248
82 105 82
168 112 11
100 172 155
142 136 15
123 108 250
143 139 63
84 139 132
152 161 100
81 111 59
102 161 100
124 128 7
91 83 181
175 83 39
118 157 92
93 82 56
167 151 180
175 106 110
170 122 243
94 138 244
126 143 74
83 117 71
154 171 149
138 107 250
109 119 17
88 138 48
169 140 66
171 132 233
173 135 203
123 172 155
172 139 215
157 170 171
166 138 47
168 142 100
131 141 51
162 166 190
174 125 61
139 172 137
103 117 242
82 129 149
90 118 42
129 173 189
147 149 83
135 173 155
99 99 7
88 143 153
169 103 52
167 90 199
116 135 12
102 136 27
167 154 113
163 110 208
142 117 244
157 99 7
118 159 226
176 112 170
169 144 194
94 119 192
93 103 27
83 111 225
81 117 48
93 163 118
174 119 96
163 164 132
95 167 207
174 127 118
172 96 130
104 172 167
81 112 133
86 142 114
117 127 245
93 162 137
152 134 13
89 152 196
130 154 87
147 171 118
174 123 152
119 172 164
147 171 175
86 93 198
82 107 151
123 167 105
144 138 244
91 157 170
86 91 29
175 97 186
172 129 222
168 92 55
82 101 118
155 162 221
172 102 90
113 170 203
174 132 170
171 97 173
112 152 233
93 164 158
85 96 138
171 96 70
153 130 245
158 111 249
86 120 242
86 94 52
173 133 97
95 101 173
82 120 97
171 122 79
155 168 110
175 116 208
167 151 228
175 114 181
83 126 162
91 136 26
92 115 9
105 171 147
109 140 47
174 117 108
174 115 222
135 124 6
89 108 54
87 144 216
110 172 185
145 172 186
163 96 19
172 136 78
108 139 245
81 108 110
98 100 226
172 100 35
168 88 45
87 140 92
149 150 234
149 112 10
101 170 136
172 115 236
157 148 84
115 116 2
164 163 161
143 139 39
112 150 84
107 132 10
100 149 85
84 131 137
173 97 151
83 100 97
94 126 18
173 100 20
162 89 208
82 81 45
84 131 212
113 143 239
162 99 59
160 157 97
112 104 5
92 162 108
121 142 59
139 163 99
167 108 200
136 110 8
113 104 244
172 131 44
136 171 205
109 169 109
87 96 20
82 130 128
173 111 137
173 81 184
90 111 195
135 141 71
172 126 137
83 96 167
85 141 181
146 129 20
86 94 188
81 115 143
165 108 38
84 136 100
117 139 41
130 148 239
166 108 184
164 139 58
168 119 193
162 167 153
91 159 128
165 88 190
94 96 211
173 139 137
147 173 158
107 168 218
164 163 123
82 98 147
84 131 30
174 107 162
171 141 122
142 119 11
168 142 152
137 102 235
175 115 44
91 109 209
173 135 112
171 113 32
174 124 166
159 171 134
90 150 229
106 118 7
87 89 42
96 138 43
123 96 13
175 112 200
89 113 32
90 154 187
160 122 240
84 135 82
135 123 245
96 171 121
173 118 25
89 103 44
143 144 238
81 101 208
116 145 77
117 173 148
83 107 20
106 116 250
154 170 207
90 103 238
151 171 127
168 98 196
145 156 228
120 137 20
91 100 58
168 143 184
134 173 118
121 118 8
81 122 200
82 104 127
84 139 197
135 172 171
81 122 177
125 104 7
89 128 67
91 88 190
88 147 164
93 88 50
161 140 69
87 88 62
95 126 242
139 166 215
131 119 15
173 104 118
89 98 221
97 102 245
95 84 37
84 122 218
165 100 226
98 158 224
96 155 93
142 96 14
168 145 219
130 148 80
134 137 20
97 170 198
166 156 210
89 151 107
84 129 40
106 139 71
84 120 25
88 145 126
85 135 232
168 96 181
114 172 129
172 100 211
163 164 114
152 137 25
162 93 28
83 112 212
161 105 10
174 129 181
87 110 175
139 97 6
169 145 171
83 126 82
162 111 31
171 85 60
131 173 136
160 139 243
136 134 10
90 83 202
157 149 235
121 117 243
168 133 18
125 137 244
175 97 50
161 114 192
85 135 56
95 166 189
165 148 86
172 80 193
153 103 241
86 80 196
162 105 234
97 137 34
84 131 204
171 96 95
82 111 189
81 144 96
113 170 212
145 159 95
170 105 241
167 80 45
167 152 201
119 127 19
97 171 174
95 146 238
86 110 45
173 108 63
168 84 204
163 158 224
161 118 247
168 150 107
85 139 71
164 159 145
156 140 54
82 104 34
131 152 232
151 122 9
100 130 12
162 126 18
112 117 242
161 138 40
155 107 4
84 119 234
102 139 51
81 122 185
104 141 63
168 100 42
83 119 128
120 173 136
89 96 65
175 114 192
175 101 27
93 98 180
81 112 103
170 106 224
84 137 189
149 170 195
173 122 218
172 130 36
151 167 215
83 137 152
91 140 65
124 139 35
166 155 101
125 140 44
136 142 61
143 144 72
147 139 45
152 104 11
150 172 143
98 103 13
159 132 13
173 98 111
170 118 52
168 113 178
113 137 23
84 83 180
113 110 250
89 113 60
164 158 184
149 97 8
125 165 217
163 84 58
165 135 26
141 103 242
174 150 97
123 103 241
146 116 250
175 97 194
101 172 128
173 138 185
105 136 20
105 103 239
95 101 64
109 160 96
137 171 189
164 161 217
82 88 190
174 124 71
82 111 196
137 161 224
172 114 17
122 173 171
160 167 204
81 114 160
82 116 117
169 101 187
99 114 249
82 97 70
100 113 10
175 106 143
132 172 199
92 98 10
165 98 66
175 87 200
165 111 48
128 111 246
168 150 152
104 172 178
92 161 211
120 163 99
82 122 145
109 109 9
89 142 137
121 144 238
92 89 197
136 173 144
82 90 47
169 85 33
141 170 115
173 138 166
127 173 122
88 99 35
121 107 2
175 104 171
89 103 196
117 173 182
88 145 203
101 136 245
163 119 11
123 171 196
84 130 221
87 148 141
85 96 113
84 112 79
138 167 105
98 143 75
146 170 202
92 121 13
123 139 66
87 116 202
85 103 90
174 128 77
166 87 176
169 145 231
174 131 152
89 144 224
110 139 36
176 99 123
92 159 163
175 112 125
83 104 56
140 151 83
175 113 76
149 141 59
110 172 117
94 108 8
169 126 65
97 171 162
105 150 234
173 111 229
172 139 107
162 100 180
92 87 31
92 160 203
83 120 77
82 110 171
174 131 133
116 102 10
168 140 93
174 105 82
138 140 45
175 116 152
81 94 193
91 157 154
131 164 221
90 154 139
138 139 33
171 107 14
92 145 82
81 104 41
137 117 5
151 172 167
88 148 185
106 171 160
165 95 211
168 111 190
174 118 62
82 104 134
95 168 140
124 115 251
169 97 203
168 137 241
84 129 233
81 112 66
175 100 134
155 171 191
138 103 10
93 105 227
87 118 53
103 99 14
139 107 2
145 137 22
170 125 24
136 173 162
157 143 77
169 148 119
131 158 93
82 95 174
122 173 188
89 81 39
164 161 195
128 173 151
165 119 47
164 162 169
88 115 246
136 144 238
174 116 90
150 127 14
82 100 181
173 90 185
89 145 173
174 122 41
86 106 27
174 126 97
146 164 102
131 117 243
95 89 182
91 111 188
86 89 175
109 138 29
170 143 200
162 86 43
174 101 99
88 149 99
157 170 143
158 105 245
82 122 40
89 149 211
82 96 32
127 137 21
175 108 51
106 126 17
138 114 251
130 171 208
161 137 32
83 123 114
81 111 88
95 115 36
147 123 244
173 134 66
83 124 103
87 108 245
82 107 180
174 123 112
161 168 166
132 97 5
158 97 14
82 97 45
106 172 132
130 109 6
173 133 216
174 127 125
170 95 46
117 130 8
169 96 24
154 170 117
89 97 27
171 111 208
169 94 189
143 109 7
141 120 18
115 173 122
167 139 73
83 123 69
92 160 144
81 90 204
95 111 31
86 107 200
125 173 115
95 94 28
92 155 214
146 154 89
85 105 234
153 115 250
88 139 241
134 134 244
131 166 103
161 109 179
161 88 32
88 141 85
84 134 175
167 148 135
88 93 37
150 117 4
81 109 73
89 151 123
121 169 208
95 81 187
175 94 177
160 152 89
102 169 203
167 153 161
111 124 245
88 101 50
172 91 64
151 139 39
89 80 47
174 127 55
89 97 42
153 102 235
173 104 57
88 98 203
84 127 189
130 133 8
160 171 177
174 122 104
144 172 129
121 116 2
166 157 107
166 153 145
126 155 230
151 166 106
81 98 131
89 114 180
82 101 75
106 99 6
82 115 218
175 114 215
165 161 138
94 108 200
173 118 198
106 165 104
86 142 160
89 104 65
86 134 43
115 162 221
93 102 211
162 100 173
89 80 189
172 103 157
175 81 47
91 134 20
175 93 36
142 173 173
86 112 13
153 139 69
167 80 188
88 143 146
82 121 55
124 157 91
83 118 225
94 118 186
92 100 233
140 142 243
82 105 101
161 104 209
167 104 194
136 119 11
97 172 147
105 170 114
83 129 55
98 164 106
130 105 247
169 105 44
171 80 52
175 94 58
172 126 236
124 123 244
162 112 43
87 125 17
171 115 242
160 168 127
91 158 122
161 88 181
94 95 203
172 108 174
128 173 158
90 97 172
173 139 196
121 171 111
175 119 170
105 162 221
132 103 9
112 131 245
170 91 174
113 140 52
127 125 18
84 105 190
83 128 97
171 117 37
175 102 45
112 98 5
123 134 10
131 139 33
115 116 9
147 142 67
116 96 11
113 173 167
101 157 95
88 131 73
172 90 51
109 171 197
106 172 154
124 159 225
172 136 221
93 107 174
90 93 182
104 111 245
91 158 114
83 129 63
88 106 36
86 141 229
132 173 129
150 140 51
174 121 55
166 156 130
123 138 27
83 104 157
132 173 182
99 142 241
82 100 152
101 123 243
83 131 164
158 161 101
147 139 33
175 105 185
83 127 143
145 111 246
83 123 92
82 129 156
86 88 208
116 173 141
173 98 77
172 134 178
174 122 121
139 130 15
82 120 159
