165 127 104
76 28 66
110 222 171
155 27 165
178 30 65
94 107 169
78 123 65
165 174 162
161 95 169
97 47 162
107 137 117
134 102 60
92 166 165
180 81 66
133 138 171
83 75 67
79 102 105
153 216 164
173 122 63
128 136 82
128 185 167
160 126 144
154 62 161
86 116 137
127 104 169
139 139 120
171 102 124
92 197 157
108 132 151
104 77 164
103 102 60
176 102 90
95 134 89
158 147 166
172 56 66
154 134 78
109 127 68
152 121 167
75 102 79
117 158 167
134 137 145
79 52 62
151 193 167
160 102 61
87 125 113
143 167 170
130 211 167
167 104 146
145 139 98
98 144 167
139 123 65
111 198 169
79 95 59
79 120 92
172 124 85
114 139 97
113 120 167
181 103 65
158 131 123
98 131 134
100 28 166
107 180 165
118 139 134
88 102 149
82 103 123
154 81 160
93 120 155
172 111 107
145 103 168
133 121 167
115 140 166
102 95 159
121 114 61
158 45 162
155 119 61
97 211 165
168 117 131
147 130 154
95 117 61
97 63 167
128 139 107
162 203 158
90 181 157
149 135 137
111 103 168
134 154 167
94 130 72
158 109 158
113 136 82
126 130 157
127 170 170
140 223 169
97 128 168
97 134 105
155 161 160
165 188 156
124 225 166
177 111 78
124 128 70
82 109 61
151 177 164
124 140 121
171 92 64
157 134 93
137 196 167
171 70 65
83 126 80
151 136 112
168 122 118
140 132 76
145 144 171
158 133 166
74 65 64
167 130 74
103 159 162
172 43 65
104 110 159
151 95 158
145 110 61
87 128 99
75 116 75
81 113 113
75 86 69
140 181 170
117 210 167
78 105 91
132 139 132
146 205 169
95 131 122
175 116 94
84 103 136
133 139 93
159 72 168
76 40 67
123 198 167
159 121 155
93 126 145
101 192 166
94 95 169
119 136 147
116 103 60
85 120 125
108 149 170
115 171 170
169 110 61
124 147 170
73 103 66
146 137 85
108 136 140
166 115 144
147 156 169
115 139 109
149 127 69
115 187 170
168 106 135
101 136 159
95 85 161
106 125 160
102 116 168
138 128 160
171 103 70
110 118 61
102 134 78
82 96 70
80 120 103
103 137 97
135 114 61
161 127 133
137 110 168
152 88 167
92 104 61
155 108 169
88 113 148
107 136 129
141 139 109
97 174 159
179 64 64
99 38 167
93 107 158
148 136 125
161 130 113
124 116 168
152 140 161
166 128 93
153 53 166
104 95 169
179 114 68
108 213 164
116 127 161
102 202 163
95 73 166
103 54 165
81 83 61
128 121 63
152 37 165
172 102 112
159 208 166
122 139 91
174 104 100
105 168 164
175 122 73
162 125 66
100 127 153
90 125 132
141 138 131
143 135 146
77 112 85
163 132 82
160 182 162
88 125 66
171 110 118
81 59 68
97 184 163
74 114 66
179 94 69
74 76 64
171 82 64
157 134 103
97 152 162
145 214 171
103 68 162
87 129 89
161 98 160
105 138 87
151 115 159
114 139 122
137 145 165
163 195 163
177 102 81
161 84 165
101 85 169
150 103 60
119 218 171
136 172 167
153 131 146
115 131 74
143 118 167
79 110 99
125 106 61
124 124 164
117 124 65
172 121 104
158 170 165
136 133 153
137 205 170
171 101 59
135 140 102
90 132 80
153 152 160
124 138 168
146 125 161
179 96 59
132 220 171
91 190 163
163 117 61
81 104 113
119 108 169
147 185 165
99 124 65
82 106 69
83 112 122
158 156 167
159 116 168
178 49 67
126 161 167
73 95 70
151 71 163
179 73 63
105 137 108
163 112 152
123 177 167
101 111 61
126 138 140
131 131 74
154 128 159
94 133 97
176 115 86
93 202 165
110 112 167
161 167 158
82 127 72
133 140 114
94 99 158
151 165 167
90 174 163
131 192 170
136 136 84
93 130 112
82 35 64
174 76 70
102 132 145
175 87 70
110 109 61
155 132 131
150 107 161
102 216 169
166 123 126
77 120 83
137 216 167
115 179 167
122 140 100
177 87 60
95 114 163
84 109 130
159 110 61
80 70 61
107 187 168
96 159 167
98 136 167
102 102 169
169 112 125
74 108 72
84 119 61
157 190 161
153 206 161
158 62 168
132 179 170
122 133 77
136 161 167
115 222 165
105 148 163
147 149 164
100 134 114
84 101 61
176 37 69
97 125 160
111 163 169
127 205 170
80 68 69
118 132 154
144 174 166
109 207 169
139 189 170
152 78 167
145 111 167
104 88 162
158 125 167
156 130 139
142 103 60
163 104 153
101 152 169
161 103 167
137 103 169
87 120 143
102 102 158
118 203 170
156 129 71
142 117 61
86 108 142
159 56 163
171 123 97
159 36 164
153 200 166
133 224 165
165 122 137
82 88 68
146 198 166
78 47 68
96 206 159
173 35 62
90 112 61
132 140 122
168 124 110
117 150 167
155 136 85
158 74 160
165 180 156
97 78 160
100 35 161
129 145 165
97 192 158
173 64 69
141 139 91
148 121 63
123 140 129
138 138 138
122 140 113
179 104 72
101 134 124
176 115 61
127 136 148
156 90 160
171 117 113
148 137 104
120 192 170
89 128 106
156 126 152
81 63 62
115 138 141
161 163 166
82 120 111
99 164 160
178 56 63
121 137 84
141 153 170
158 174 158
176 108 85
123 155 170
152 95 169
89 126 124
157 140 167
144 220 165
103 131 164
153 151 169
177 106 60
96 135 81
76 89 62
102 60 161
131 126 162
75 58 65
96 54 162
147 133 77
96 80 168
118 164 170
164 119 149
101 130 72
130 113 168
103 124 167
102 119 62
159 116 161
131 126 67
76 106 60
169 128 80
142 128 69
126 218 166
96 67 161
93 168 157
151 137 90
110 142 170
158 67 161
108 155 165
91 121 149
103 141 164
100 119 159
78 122 74
77 78 70
172 62 62
152 128 167
109 220 164
108 193 166
152 212 169
167 112 138
102 209 168
124 211 170
147 137 118
174 109 95
78 104 98
100 69 169
172 50 63
157 198 159
110 129 157
155 133 118
114 215 170
162 130 98
92 188 156
80 110 107
163 201 165
98 130 141
119 143 171
174 78 61
169 118 124
166 184 162
176 120 80
143 141 165
109 138 102
102 44 166
133 145 171
101 178 163
152 134 162
152 114 168
116 138 87
154 184 163
78 113 92
150 100 163
131 108 61
169 126 67
155 101 159
152 109 61
81 124 86
120 184 167
155 101 169
143 161 166
97 199 159
170 96 70
178 120 67
139 108 61
154 67 168
78 116 61
77 105 85
134 166 170
89 108 152
79 45 62
77 34 68
97 95 163
133 199 170
82 123 97
115 193 167
90 124 139
163 127 122
84 115 130
179 69 68
153 46 166
121 102 169
158 211 161
107 174 168
173 122 91
83 117 118
113 154 170
102 82 160
148 213 164
75 82 62
112 138 135
107 131 74
158 138 160
104 162 167
94 114 157
150 157 163
74 119 69
130 139 165
141 131 155
105 107 167
127 152 167
96 130 128
96 182 158
122 121 63
162 132 89
96 172 165
91 128 117
152 144 167
120 224 171
109 139 92
99 166 166
74 102 73
136 139 127
74 71 67
173 115 100
111 150 165
90 184 162
80 77 61
88 131 73
168 127 87
128 115 61
102 208 162
159 79 168
151 219 170
173 29 64
134 120 62
113 139 115
129 174 167
142 138 125
160 132 75
90 131 93
170 102 130
96 88 167
84 124 106
152 123 159
85 123 119
108 135 146
97 122 167
120 172 167
73 94 64
107 117 166
131 138 87
134 140 108
134 134 79
150 137 99
78 53 69
91 102 155
104 135 134
159 176 164
152 59 166
104 185 164
127 142 171
108 202 165
159 153 162
76 110 79
141 140 171
148 135 131
146 179 169
115 139 129
168 103 140
158 50 167
149 134 144
97 131 160
166 105 61
98 205 166
108 214 170
98 106 61
83 103 130
142 195 170
94 178 163
100 136 90
161 104 159
159 80 161
179 109 65
157 133 109
82 108 117
133 187 167
153 159 167
103 64 166
160 193 157
171 104 118
158 90 168
147 150 170
139 124 164
83 81 66
91 175 157
97 32 164
150 116 61
179 89 66
101 76 169
97 50 167
165 110 147
154 33 162
119 123 165
102 50 162
156 196 164
178 117 74
121 221 165
155 50 161
177 38 63
117 108 61
152 136 167
173 104 107
157 213 166
81 115 107
82 91 63
164 126 116
102 136 83
102 214 162
151 87 162
117 114 168
143 136 141
150 136 81
161 128 127
164 167 163
85 109 136
102 136 102
103 136 167
127 120 167
101 142 159
160 123 150
91 121 63
95 124 152
143 135 81
140 210 170
130 139 101
153 172 166
154 83 169
125 190 167
97 62 161
126 195 170
86 121 134
97 147 161
168 112 133
96 189 163
125 109 169
93 131 103
115 115 61
107 135 80
179 76 67
171 76 66
108 168 169
154 56 161
172 108 112
113 148 171
160 121 63
77 106 65
151 93 163
167 121 63
76 36 63
134 130 157
160 114 156
173 71 69
176 60 69
131 139 137
140 139 115
105 97 164
97 39 162
121 140 108
107 137 124
99 114 159
115 139 103
155 126 67
119 128 69
142 202 170
121 139 139
121 145 166
105 114 61
94 128 135
171 126 74
156 39 161
104 124 66
94 99 165
176 108 90
169 115 61
139 146 171
136 139 167
154 206 167
123 205 167
105 128 155
160 185 157
94 127 68
163 129 70
171 87 67
161 107 164
136 181 167
156 42 167
108 145 166
105 107 60
100 72 160
86 106 60
97 103 159
97 195 163
113 134 151
127 140 115
133 106 169
111 122 64
121 128 160
146 192 166
133 208 170
113 124 164
76 62 69
131 157 170
98 129 148
167 127 98
178 109 72
99 157 161
104 113 164
76 101 60
80 30 62
146 130 72
130 149 170
101 198 166
160 91 163
110 179 169
83 124 91
140 217 171
175 52 69
104 72 166
176 68 61
160 180 158
74 119 64
137 129 70
86 102 144
164 174 157
101 173 166
159 62 163
75 48 64
101 90 168
150 107 166
79 83 70
165 120 143
90 114 152
117 217 165
102 153 162
163 189 163
159 31 165
172 81 69
134 225 170
84 100 67
141 134 151
111 185 166
127 225 171
120 139 118
163 198 157
78 93 70
154 133 126
124 186 170
97 149 166
104 119 162
99 98 169
126 111 61
149 117 165
141 107 169
170 107 129
170 100 66
129 166 167
100 134 119
172 88 62
143 186 169
114 167 167
125 124 65
156 35 168
161 163 159
115 120 62
160 127 139
160 109 169
154 73 168
82 58 63
156 165 166
145 138 112
165 122 132
174 125 69
177 46 63
142 148 165
115 146 165
97 132 75
149 132 149
118 175 170
118 135 79
154 147 160
149 127 157
127 138 88
151 83 165
145 222 170
96 117 168
154 168 163
172 38 66
101 32 166
151 181 167
158 128 162
174 94 60
177 42 67
112 204 166
148 171 168
77 112 62
96 57 166
92 202 159
173 92 70
176 100 60
128 201 167
164 179 162
161 130 104
133 218 166
79 74 70
81 43 66
135 149 167
138 223 165
101 133 138
136 117 168
118 199 167
155 174 162
86 128 84
151 64 165
78 95 65
155 95 161
157 56 168
127 132 75
104 147 169
101 128 159
178 105 77
152 211 162
79 117 97
170 106 65
105 102 165
85 129 77
109 160 166
115 136 146
142 215 166
83 125 67
106 197 168
82 102 118
171 107 122
90 116 61
157 85 159
147 210 169
175 95 65
169 124 102
111 103 60
122 133 152
172 117 109
84 106 65
116 102 169
145 125 66
103 38 163
149 206 165
125 219 171
79 123 78
174 110 61
153 75 160
103 180 167
83 114 61
129 140 128
94 103 165
82 64 67
136 211 167
80 38 69
154 189 166
104 155 169
94 207 163
160 159 163
152 135 106
124 139 96
99 135 97
121 160 170
174 55 62
173 47 67
98 91 160
137 185 170
121 166 167
138 137 144
110 137 85
173 124 79
165 127 109
75 70 62
128 102 61
102 110 169
118 180 170
100 29 161
159 66 166
180 100 70
156 124 159
114 223 172
92 132 85
87 128 69
83 70 66
160 75 164
112 108 168
147 105 61
74 80 67
126 139 136
170 125 91
177 115 81
84 95 60
157 127 147
113 212 166
150 102 159
79 124 69
140 139 101
97 43 166
148 161 168
150 146 170
87 115 142
114 206 170
150 103 169
143 128 158
167 109 142
141 178 167
128 133 152
109 138 110
175 32 69
163 109 61
147 144 166
120 139 170
109 122 165
102 127 69
120 154 167
104 204 167
122 102 61
136 191 167
158 145 162
115 141 171
77 105 70
138 139 95
74 91 67
139 164 170
175 117 90
124 173 170
181 95 64
117 190 167
170 119 119
136 138 90
131 195 167
91 192 157
178 92 61
158 204 160
79 107 102
164 132 77
100 56 160
158 202 166
110 133 76
176 81 70
174 108 102
110 130 71
81 51 66
158 135 80
105 176 164
156 180 162
165 107 150
105 105 161
141 137 85
142 137 136
175 120 86
100 158 168
104 115 159
101 189 162
178 81 62
177 51 63
76 116 80
153 136 95
152 129 152
174 99 70
101 136 110
110 138 119
99 42 161
103 81 168
176 120 62
91 198 163
165 192 160
159 134 85
96 67 166
142 190 166
102 59 167
83 108 126
104 138 92
86 108 147
88 124 128
84 121 115
149 219 164
144 169 166
158 95 165
143 183 166
95 83 166
119 139 127
156 135 89
99 170 161
95 110 61
144 139 103
162 110 155
83 116 125
177 61 62
96 73 161
139 173 170
155 106 61
156 120 168
137 139 132
113 115 168
100 125 156
165 115 148
119 224 167
171 113 112
127 180 167
155 120 159
