-55 33 -21
53 -98 32
-51 -100 -64
54 70 45
55 -15 -66
-47 -57 30
28 -10 19
52 -99 -63
-27 71 45
-22 -24 -60
53 35 -21
-33 5 30
-52 -23 -13
11 36 38
19 -7 -31
53 -50 24
-55 -55 -61
54 29 24
-10 -27 2
-50 -100 33
48 -56 -62
55 -17 -12
-53 41 29
-55 -8 -50
-19 -7 -28
17 71 46
12 -14 -65
-54 -22 23
-54 12 6
1 5 32
-22 34 37
22 -27 -7
42 -25 -39
48 12 -3
52 6 -31
-33 -9 4
54 -20 27
-26 -28 25
-48 6 -24
28 18 25
37 48 39
4 -24 26
1 -25 -42
-39 -25 -37
-54 69 38
-7 57 35
-48 -28 -65
4 -8 -7
53 5 30
47 -73 29
32 -6 -53
-28 -26 -15
42 -28 6
-54 17 31
-49 -77 -63
-14 -10 17
35 -8 -5
-37 -7 -64
-10 -6 -50
-6 -26 -21
49 33 2
-51 -79 26
55 -78 -63
54 -7 10
-38 53 41
55 -36 -62
-49 33 10
23 -24 -48
-54 -9 4
-15 16 26
20 -28 13
-31 -6 -44
54 -6 -47
24 -26 -27
-55 -13 -30
-41 -28 10
-19 -25 -39
-36 -7 -16
-35 24 26
37 -23 -62
-54 -3 28
8 -9 11
34 68 37
38 -7 -27
36 -27 25
-18 -8 -8
20 55 34
53 55 33
10 21 27
-46 -39 23
10 -6 -49
0 -7 -25
-39 -13 28
41 -26 -21
-5 27 36
-48 18 -11
55 -14 -31
39 29 34
-5 -18 -64
20 3 31
-1 71 45
48 15 15
54 18 -18
-19 -7 -64
48 -1 -15
38 4 23
20 -8 -12
-48 1 -8
26 38 30
-50 -24 -49
-53 20 -31
-14 0 30
-23 54 33
6 -27 1
-55 -13 -65
-12 -28 18
52 39 37
10 -26 -19
-37 41 30
12 -11 29
-27 -27 2
-3 42 32
51 -23 -53
23 -9 5
-54 53 40
-48 9 20
6 51 41
-53 34 -6
-35 -24 -53
48 24 -31
50 -35 28
44 -10 21
-24 -13 28
-6 -9 5
43 -6 -62
26 -10 -65
-14 69 38
22 -22 26
8 -24 -55
-56 -40 -65
54 -19 3
-6 -13 28
-37 -7 -30
-42 66 45
-40 -27 -5
2 -6 -60
-52 -24 1
-10 -24 -52
-43 -26 -22
-43 -10 13
-48 24 20
36 -27 -6
49 19 32
7 63 36
21 27 35
43 60 43
-54 -7 -17
13 -25 -37
-48 30 34
48 -87 26
39 -9 8
30 -6 -40
1 -28 13
-20 -9 5
-7 -6 -37
-24 21 34
47 -60 28
48 27 -11
-42 -26 25
-27 -26 -28
54 -3 -4
-15 -27 -10
-26 -2 22
45 -6 -38
-44 -6 -43
51 -26 15
-54 -3 15
24 61 43
54 26 11
41 41 30
-51 -25 -32
7 -6 -35
48 -26 -66
8 0 23
-54 -67 27
29 -27 4
31 -7 -16
-42 15 32
-3 16 27
48 -45 -66
-7 -8 -14
35 -15 28
25 -23 -62
-33 -19 -64
-49 -64 -65
49 -27 -6
48 3 16
49 -88 -66
-56 -89 -63
53 -8 28
-48 1 5
-42 -2 22
-14 44 39
39 12 31
-23 -6 -53
-44 -8 -2
-14 28 29
54 5 6
18 -6 -58
49 -68 -66
9 -7 -18
-54 22 -2
-47 -6 -58
-26 13 25
-28 45 39
-49 34 -31
50 -25 -29
-29 -28 13
23 45 39
-18 59 43
-35 63 36
-16 -22 26
-54 -47 28
-54 -32 28
5 31 30
55 -17 -42
4 -26 -28
18 15 33
-17 -26 -22
-44 49 32
-48 -89 28
-27 -10 14
-55 -17 -42
29 -25 -38
30 -5 29
40 -24 -51
-20 -6 -40
-54 -14 14
54 -8 -21
-48 22 8
-48 24 -22
54 21 -4
54 -6 -59
-54 10 -16
-2 -27 -10
-54 -2 -31
-44 -15 -65
22 -6 -48
54 9 -11
-10 -25 -33
-2 -4 23
0 61 44
-34 30 35
13 45 32
-51 -26 13
13 -29 24
-45 4 30
-50 -13 28
17 -10 19
41 70 46
-47 61 35
-18 -28 9
11 -9 0
-27 -25 -45
-53 32 25
-24 -7 -17
54 -14 18
-5 48 41
-48 10 -4
41 -6 -48
-9 -6 -62
-8 6 25
29 -26 -18
30 -28 16
-29 -8 -7
30 56 34
31 29 28
-21 43 31
48 9 -20
3 19 35
40 23 26
47 50 40
-46 -7 -25
27 4 23
28 71 46
49 35 -31
-48 -46 -60
12 9 25
-24 65 37
1 35 39
42 -3 29
-54 -20 -58
-54 -15 -5
36 -26 -29
-54 16 15
48 21 5
15 58 42
46 -8 -2
-25 31 28
40 -28 16
-53 -21 -23
48 -6 -28
47 -42 22
46 10 24
-46 41 37
-35 -6 -55
16 33 29
-12 20 35
17 -27 2
45 -17 -65
48 32 16
0 -6 -47
10 -28 11
-48 -36 -59
50 -25 -17
53 29 34
-54 26 -12
17 66 37
48 68 37
-34 50 32
33 21 33
-9 35 38
-2 -24 -56
-28 -7 -35
-29 59 43
-4 -10 14
29 10 31
4 -20 -63
-34 -5 29
-6 -26 25
54 19 24
28 -7 -29
28 47 31
42 56 34
-54 -6 -40
-17 -17 -65
22 -12 28
33 40 37
-45 -8 -14
-36 13 24
-21 10 32
7 67 45
54 34 -7
45 32 27
36 -11 -65
44 -20 27
4 -15 28
55 -18 -22
48 16 -25
-20 6 24
-39 -26 -14
-12 -7 -22
20 22 27
49 47 31
31 -24 -55
54 -12 -4
18 -7 -22
-9 63 44
54 61 42
-34 -9 21
54 2 -22
-55 11 -28
18 -1 22
54 -66 29
55 -7 -38
11 25 36
-54 4 -2
54 14 9
-32 17 33
-10 10 33
12 -24 -47
54 -3 21
-55 -70 -65
4 -10 19
48 25 -22
-45 36 28
56 -50 -64
54 -82 30
-54 9 28
-48 34 -14
-2 67 37
-47 -72 31
56 -24 -61
-47 -50 24
9 55 34
11 -20 27
42 -7 -17
51 -24 -38
-34 -20 27
-48 28 1
-28 -6 -62
-45 -24 -56
-56 -31 -62
-48 -30 22
16 -22 -63
-15 -11 29
-35 -29 20
11 4 31
-54 27 14
4 -6 30
-5 -2 31
-47 16 24
-8 -8 -4
-30 -27 -6
4 47 33
48 3 -5
-4 33 30
-48 14 -22
19 -26 -17
-40 -25 -46
26 -8 -7
-10 71 45
-15 50 33
52 37 28
-44 -6 29
-45 70 38
12 -27 -6
54 9 17
-20 -24 -52
-12 -24 -60
35 58 42
27 -29 24
20 -6 -40
48 19 -10
16 -26 -26
54 27 3
-18 68 45
-45 -6 -34
48 -3 5
-54 1 -16
-30 -25 -37
-28 -7 -24
-50 65 45
-24 1 30
24 53 41
-48 5 12
-54 3 22
54 -8 -11
48 23 19
-12 52 41
-15 -6 -56
-19 -27 -3
-54 -5 -7
-49 -27 -6
54 28 -26
55 -17 -56
-46 56 42
-22 -10 21
-37 45 38
25 66 37
-11 40 31
-22 -28 18
0 24 29
-54 26 31
48 -37 -65
-41 26 34
36 -10 21
-35 72 42
-41 56 34
-55 -7 -58
43 42 37
30 33 36
-55 -16 -16
46 -51 28
23 10 24
52 -43 28
18 -24 -55
48 9 10
-34 -26 -23
42 -12 28
-48 17 1
-39 6 23
55 -60 -62
-25 -14 -65
-54 -86 31
-13 -9 9
-7 -28 11
2 -26 -18
54 -29 24
-45 -9 21
28 -9 11
10 44 40
-27 39 30
17 -9 11
-49 -53 -65
-49 32 18
45 34 35
54 13 -30
-35 -27 4
21 37 38
-45 -27 2
-38 -8 -7
11 -6 -63
-53 49 31
-20 52 41
44 7 31
45 -24 -58
-21 24 27
-9 -2 23
30 -21 27
-54 -7 22
21 44 31
-54 34 32
-51 -24 -40
-54 -20 8
36 -26 -14
-14 29 36
38 -6 -36
-56 -80 -65
-54 27 6
54 29 -16
-54 44 38
50 -9 -65
36 15 24
-55 28 -29
49 -6 -54
-16 61 35
-38 33 28
35 4 30
46 -27 27
47 -67 24
-50 -21 -65
11 -8 -10
4 27 37
1 43 40
-43 26 26
6 11 33
-54 18 23
30 -6 -60
-48 28 -8
30 -9 3
18 -5 29
5 8 25
19 -8 -2
39 49 32
4 -11 -65
55 -93 -66
-48 -2 -20
-3 -27 -2
-46 -33 29
10 71 39
54 -57 26
54 -18 11
-54 14 -6
-54 -54 25
44 -27 -11
48 -95 27
-39 -23 -61
-29 5 23
50 -27 8
34 37 29
46 -34 21
3 -8 0
-7 -25 -45
1 59 36
48 -5 15
-54 6 -9
6 -25 -36
-9 23 28
54 21 -25
-48 12 11
-17 -25 -31
36 -28 10
-42 -6 -51
20 -25 -40
33 -24 -47
20 -15 -65
-50 -85 -65
-56 -62 -62
-25 -20 27
24 29 28
-47 -64 29
29 48 39
-33 -2 22
2 -7 -18
-4 13 34
-28 20 26
47 -25 -45
-22 72 40
43 -8 -9
-55 -15 -50
-8 -10 21
48 25 -2
53 -43 -61
-18 34 30
15 50 41
25 16 33
-50 -25 28
-31 56 34
40 20 33
34 65 45
9 37 31
-43 -26 -30
53 -21 -5
-19 -29 24
-53 33 3
-46 -26 -15
-54 -39 29
-1 3 24
48 34 -15
-33 38 37
-42 -28 17
54 -11 4
-14 -7 -34
4 -24 -50
-20 -10 12
-14 -6 -44
-54 17 -20
54 10 -23
-25 -8 -1
-48 9 -12
53 12 31
-55 -1 -23
54 23 -11
43 -3 22
-27 46 31
55 -13 -49
-5 -28 18
-55 -48 -65
35 -3 22
48 3 -25
-46 -9 7
54 47 38
54 -2 -28
-47 -44 29
43 -27 -2
-49 -70 -60
-44 -18 28
54 8 -3
54 32 9
42 -25 -32
1 -9 8
-30 52 41
48 12 -13
-3 -6 -54
-29 -24 -61
6 -27 -8
54 0 -10
23 -28 7
49 -75 -66
-54 0 9
7 -29 21
-29 69 38
-49 -59 -60
48 65 45
24 -4 22
53 -73 26
23 72 42
-51 5 -31
-10 -27 -6
49 -14 28
-26 29 36
-3 -9 -65
-46 -9 -65
38 62 36
56 -85 -65
-48 0 20
48 28 10
-4 51 34
38 35 36
-54 60 41
-10 -20 27
47 18 24
-30 -11 29
-54 -60 29
51 61 35
-29 11 31
-52 56 34
-49 -91 -63
-52 -95 28
-22 -6 29
7 -6 -42
18 15 26
42 71 39
-42 36 36
-39 -6 -37
-26 65 44
-55 -18 -34
-2 -7 -32
-8 42 39
-3 -25 -35
-37 -9 10
-36 63 44
-16 0 23
-26 -24 -54
-2 -20 27
49 -1 30
-54 11 21
20 -8 -65
53 -39 23
5 14 26
-17 -25 -45
26 -7 -23
-56 -24 -65
37 -8 -11
-22 44 39
-42 -7 -20
38 31 28
-6 57 43
-51 72 44
48 13 4
28 -17 -65
7 -6 -55
54 20 15
24 -6 -56
12 -7 -25
47 -6 -44
25 -27 -2
-24 -6 -45
14 -6 -43
-48 -3 -1
15 9 32
54 7 24
-48 27 -15
-18 -8 -2
-48 21 -5
-48 10 5
2 -28 6
24 60 35
-37 10 31
-49 -26 -25
55 -71 -63
-26 -9 8
48 6 3
-34 -25 -31
49 -63 -61
-54 26 -20
-48 -3 12
7 60 43
-49 35 -24
-14 10 25
18 6 24
-54 8 12
-55 -95 -65
35 -10 13
-10 -11 -65
-54 -11 -11
-54 19 7
-7 -7 -27
-13 -8 -15
54 13 -6
37 -6 -57
-48 28 -26
31 -26 -24
13 -27 -12
-36 -7 -23
9 -3 30
-5 -26 -27
28 -13 28
37 -7 -21
14 -7 -36
-50 -37 -65
18 63 44
50 -27 1
48 -6 -21
-41 -6 -58
-45 -25 -37
-54 28 -2
36 -25 -38
-53 -21 -6
47 -80 30
54 -21 20
-6 20 35
-54 -14 21
48 31 -5
-49 13 -30
40 54 41
-25 -28 8
48 -32 -60
-41 19 25
6 -7 -29
-55 -14 -22
30 10 24
10 27 29
11 -26 -30
49 -93 -62
45 -9 6
43 -10 13
-48 -81 31
-54 -20 15
33 23 26
-43 48 40
54 -4 3
54 29 17
20 -28 25
50 -83 -61
-46 23 33
26 4 30
4 72 41
-50 -61 25
48 32 -25
34 44 31
8 -7 22
-56 -13 -58
55 -7 -32
-11 -6 29
-10 63 36
-46 10 31
54 0 15
-50 -6 -46
47 72 44
49 -52 -66
-22 -26 -18
-48 25 13
35 -6 -47
-28 -6 -50
16 -6 -52
-25 -25 -34
-54 6 6
-5 7 32
-22 -27 -8
16 -28 8
48 17 -19
16 41 39
-41 -9 4
55 -10 -55
-33 24 34
-31 32 28
51 -20 -66
9 -23 -62
-48 -30 -59
48 -2 -8
-51 -43 24
-48 -28 8
51 -78 25
-45 43 30
56 -30 -64
-33 -25 -47
-54 32 -14
30 -25 -30
34 72 44
53 -20 -47
54 53 39
40 -9 1
-15 -6 22
26 40 38
-48 -69 25
46 -40 28
-10 47 33
-52 -41 -59
-54 -4 -1
47 4 23
48 -40 -60
-36 -13 -65
-18 24 35
15 58 35
-54 -7 -65
53 23 32
-42 63 36
44 25 33
-43 10 24
7 -25 -43
-10 13 26
17 31 37
-11 -29 24
-32 67 45
-3 -24 -50
-2 -6 -40
-53 -6 -35
34 -27 0
29 27 35
-35 -8 -2
16 -16 28
-33 -26 25
-48 17 15
22 9 32
52 -88 31
22 -29 19
-1 -8 -11
-54 21 -8
-55 22 -24
-47 -50 30
-3 -7 30
-48 19 -26
-54 23 19
48 27 24
-10 -26 -17
3 54 35
42 -7 -23
54 11 2
-11 -8 -8
-52 -19 28
55 -65 -66
47 -49 23
-20 -7 -22
6 -7 -23
54 -8 18
48 10 18
13 19 34
-49 50 40
-5 -7 -20
-47 30 26
-39 3 30
37 -5 29
15 -8 -16
-19 5 31
-16 14 33
52 -22 -10
-51 -6 -54
-26 60 35
55 -13 -25
54 4 -16
48 23 -16
-54 16 -12
48 21 13
-48 16 -17
54 27 -6
-48 5 -2
42 -6 -56
-55 -7 -25
27 -25 -43
-54 -72 30
0 -26 -23
-55 10 -23
24 -6 29
-5 -28 5
54 67 40
35 -18 -64
31 -24 -61
-42 72 43
21 21 34
24 -24 -56
44 63 36
-55 -12 -39
-54 -29 23
29 57 42
16 -23 26
-44 -22 -63
48 18 -4
-46 -25 -43
-25 -20 -64
29 72 40
49 17 -31
-49 -42 -65
54 -19 -34
54 43 31
16 39 31
55 -13 -38
-22 -6 -59
15 51 33
-24 58 42
-51 3 30
-12 -19 -64
27 24 27
-53 -57 -65
33 15 32
9 -9 6
49 -61 -66
-2 -10 20
43 -26 -26
0 -28 25
-21 -6 -34
54 -12 23
1 36 31
-50 36 36
46 -55 24
-29 -6 22
-40 -8 22
-15 36 38
-54 -16 1
27 -6 -49
-52 -83 -61
56 -56 -66
-15 22 27
-54 -10 10
-25 -7 -29
30 -27 -7
-35 -28 14
-9 -25 -39
-21 17 26
-49 25 -31
28 -28 10
-12 -7 -28
-53 -20 -29
39 -20 27
-19 -8 -14
-44 -8 -8
40 -29 22
-42 59 43
-5 67 45
37 56 34
54 24 21
-10 32 30
-53 -91 32
48 -29 19
-36 -10 15
44 50 32
-50 -53 -60
8 30 37
-1 54 42
-51 -35 23
-53 -8 29
-37 -6 -44
-20 -17 28
-54 -20 -47
-10 -6 -56
-55 -18 -65
50 57 42
54 0 10
12 63 44
44 12 31
32 62 36
-25 -25 -39
-48 16 32
54 25 -31
-51 -24 -19
-54 27 24
1 -16 -65
-54 -75 -61
52 -52 -60
53 -76 30
-34 19 25
54 8 11
50 -71 -61
-40 69 38
0 10 26
5 0 31
7 41 32
-30 0 30
23 32 36
55 -12 -61
9 55 42
52 -81 -66
54 31 -2
