-57 28 -46
57 -94 52
64 71 48
-58 -89 2
50 -87 -70
58 56 -73
-46 79 50
5 -16 28
16 -15 -53
-49 -88 -70
50 -56 -7
-55 16 27
52 47 -10
11 101 52
-43 -46 34
-37 -39 -46
53 13 34
-14 12 -14
-49 -94 53
-59 57 -4
-2 57 40
54 15 -48
31 7 -10
40 -43 34
47 -49 -49
-52 59 -71
55 -89 -30
57 -89 14
-50 -56 -15
-51 9 -11
-34 -3 -52
-18 12 27
-58 -85 -34
-60 50 31
53 47 25
30 68 42
-5 11 -46
23 12 22
50 58 -40
-34 -14 34
-53 58 -36
-15 85 47
-58 -72 29
-6 -37 -47
36 -12 33
25 13 -45
-13 -39 30
55 -67 34
-52 -64 -53
-29 60 41
20 -41 -48
50 9 8
1 12 8
41 -8 -47
-45 -59 10
-33 7 7
14 -40 28
48 -75 -48
-60 59 55
-42 12 -33
7 12 -24
50 52 50
59 39 -52
49 12 -24
-13 -14 -46
7 78 50
50 -81 -7
47 -61 -29
-49 -93 30
44 -58 15
30 89 48
-52 8 -53
48 -93 33
-59 47 -53
-49 -81 -16
-9 102 56
57 -93 -52
-14 -16 34
57 56 7
-50 -93 -51
-45 -58 -35
4 7 27
-22 12 -36
-52 48 13
-54 47 -20
47 79 50
-42 4 34
-50 33 33
-51 9 9
32 7 -29
19 7 4
-63 74 44
-47 62 41
57 31 34
40 7 24
-34 12 -10
22 -21 29
57 47 -29
-17 12 8
15 59 42
-30 -35 29
-22 -32 -53
-49 -81 15
-58 -82 44
58 59 36
50 60 -58
-14 69 43
2 -31 36
-45 -62 31
-28 74 49
-1 -22 -55
35 12 5
9 12 -7
47 6 -8
49 -82 44
-38 13 21
40 7 -52
-29 -18 -46
-49 -78 -46
42 -59 34
35 -39 -52
7 -30 -45
-47 -49 -53
0 92 48
-11 7 -27
-26 94 54
46 7 -38
48 29 -49
-30 7 -24
-68 59 41
54 -80 27
28 -35 29
29 -17 -46
-52 59 -52
47 65 42
52 -62 -53
-58 -82 -60
-53 49 47
10 13 -44
22 77 50
50 57 -22
47 23 27
48 -81 -21
48 -88 -43
46 -1 34
-5 7 -3
36 56 45
-53 58 23
-36 12 -46
-46 -3 -47
-50 -61 -2
-60 48 -67
-51 9 -25
19 12 -15
50 48 -65
-8 7 20
-1 70 43
-48 21 -53
-25 -21 27
-52 39 -45
16 89 53
50 49 -51
44 -59 -41
-60 57 -26
-7 -28 27
57 -82 -59
-27 -43 -52
48 -81 8
-58 -89 21
-60 47 -34
50 49 37
-26 7 19
-60 38 27
-42 -7 27
12 12 15
57 -88 -16
21 12 -30
67 56 45
29 -6 -53
-44 12 -2
23 -9 32
-57 -89 -22
-22 7 -5
-51 -58 21
-2 12 -17
58 60 53
50 47 3
-49 -80 31
10 -28 27
39 7 -19
-1 12 -33
-52 47 -7
-51 10 -41
57 -89 0
-32 -47 29
-56 -93 42
57 57 20
58 59 -50
-60 47 3
5 -16 -46
57 57 -6
-39 69 48
34 77 50
-49 6 21
-10 -26 -45
-7 78 50
28 7 13
-16 8 -46
34 -49 -46
47 -49 28
-49 -81 -2
48 -61 4
-49 -89 -40
-58 -86 -46
57 -82 -45
-58 27 27
-37 -51 -47
50 -56 -19
59 42 34
36 12 -41
-49 -81 -28
49 12 20
49 35 27
-60 56 12
58 -86 38
17 -30 -53
48 -92 -59
-58 -74 -52
-25 -9 27
30 -46 28
15 71 43
-45 14 34
3 -35 -55
-13 58 45
-51 52 -60
48 -82 -33
58 49 -40
-18 -40 -46
-58 61 -61
-20 -31 33
-39 12 -20
-55 67 48
-58 -87 -11
46 -68 27
-54 57 -14
-57 60 36
57 47 13
-52 44 34
-38 56 44
48 -93 45
35 0 32
-60 57 -45
-49 -61 -25
-22 -12 -53
-56 -93 -63
48 1 -47
11 7 -33
-33 -3 33
39 7 13
-52 -57 -45
-51 -53 34
48 -88 21
42 -58 -52
58 51 -18
50 58 28
-36 83 47
-58 -88 53
5 61 46
-60 48 19
43 13 34
-49 -84 -56
57 78 45
-37 -11 -45
58 49 -59
17 -31 34
56 -69 -46
2 104 56
57 24 -46
-13 93 54
-7 -24 36
15 7 27
-23 -41 34
-22 12 -21
26 12 -3
57 -93 -65
-5 -17 27
-48 24 27
58 57 -29
40 12 -30
30 12 -20
39 12 -5
-58 -82 9
-8 -30 -55
-52 54 3
45 19 -46
-58 -85 34
17 7 -6
58 50 42
-49 -86 40
50 54 15
51 41 -45
-39 -54 28
-18 75 50
-60 48 -12
-53 7 33
-28 12 27
-49 -88 7
28 -34 -46
-50 32 -52
50 47 -21
-56 17 -48
11 12 3
-52 48 -40
48 -88 53
-26 12 3
8 -24 -53
-43 -59 -51
21 -10 -46
-56 78 50
22 -41 34
-40 12 10
31 11 27
11 -22 34
48 -82 35
-42 9 -52
-13 12 -4
-32 12 -34
-51 49 -30
50 49 -34
-20 -23 -49
48 -82 -55
52 -58 34
0 12 20
15 -23 -46
35 0 -46
24 61 46
58 59 -63
-25 12 -46
-15 -23 27
58 66 42
56 23 28
50 60 -69
24 94 54
-29 -34 -46
-48 -71 29
-60 38 -49
40 72 43
36 -51 34
50 56 -11
28 -45 -52
-25 87 47
-56 -64 34
50 56 1
-60 48 40
1 -19 36
-39 3 -46
56 -90 27
-22 7 -28
-49 -88 -9
0 -24 -45
17 12 -39
50 6 27
28 -15 27
10 -39 -48
-47 -68 -46
16 -13 28
56 -75 -53
-22 67 47
-52 47 22
15 82 46
58 -84 47
-28 7 -13
-60 48 -44
-8 -33 35
-32 -13 -53
4 -36 27
45 -66 -48
-55 21 34
52 71 48
-10 -20 -53
3 7 -10
-31 69 43
57 -88 -39
-46 16 -46
-47 71 43
-8 12 6
21 12 13
-37 -39 33
56 -81 -25
58 -83 7
-58 -87 -68
50 -59 21
-59 33 34
57 47 -3
-6 12 27
-48 0 27
-51 48 -49
-4 62 46
24 7 -20
59 48 -48
-58 -90 -54
2 12 0
-27 13 12
-10 12 -34
58 51 31
46 7 1
-37 -44 -53
24 -19 -53
-57 -93 30
-21 -37 27
-17 12 17
9 13 -16
7 89 53
53 -81 17
48 -87 -1
-52 57 -22
-43 7 -12
50 58 37
28 7 4
-40 -8 -53
-60 56 -71
-61 65 42
36 -39 27
54 -76 34
-60 56 -55
66 64 41
-52 50 -71
55 31 -53
-52 -82 24
50 59 55
-49 -89 19
1 81 46
39 -50 -53
-38 63 41
-60 55 45
-8 7 -15
-5 -17 -47
-47 6 -32
29 12 -34
36 -6 27
-24 -14 34
-6 87 52
10 12 24
-14 -36 -53
-43 7 4
-35 12 2
-58 -81 -19
-51 51 39
49 -88 -16
-56 -66 -45
46 58 45
51 8 -52
-47 -48 27
40 -1 -53
50 57 -32
-44 -45 -46
-39 -43 27
8 -38 34
-49 -74 -52
52 -89 7
-2 99 50
48 28 33
54 -93 39
-52 60 53
49 42 32
-18 -13 27
-49 26 -46
47 13 -14
47 -61 -12
40 65 47
-36 7 27
35 -13 -51
-51 4 -46
-51 -57 5
-45 7 -20
50 52 -72
-25 -11 -45
21 -33 27
-49 -89 -19
-22 7 7
-51 8 1
-43 7 15
49 -56 -34
39 82 47
5 7 12
-52 -89 -31
-31 -45 -45
51 -55 -47
-49 -86 51
50 59 -48
39 -42 -46
50 8 -31
-12 7 2
57 -81 -11
38 12 19
16 -35 -45
56 -71 27
57 38 27
-45 -58 -8
24 -36 -53
30 60 41
6 72 43
-57 24 -53
-58 -82 18
58 53 50
-34 7 18
-49 -90 -61
-26 12 -8
-6 12 14
-5 12 -24
24 72 43
56 -82 -33
-60 49 -24
-58 -81 0
-9 70 48
-20 95 49
-12 7 27
53 33 -45
-20 -23 34
-31 -17 27
36 7 -35
15 13 -21
51 16 27
-67 65 47
39 -55 -46
34 7 -3
-20 60 43
-53 57 15
-51 -83 -64
-55 -82 -41
45 14 -53
-60 56 22
-45 -4 34
45 12 13
58 49 -67
-46 13 26
54 22 -53
-60 42 34
-56 -89 10
-51 51 29
5 96 55
50 36 -53
47 -72 34
39 -50 27
-51 -56 -53
44 -60 26
-3 12 -9
-15 -31 -45
19 -16 34
30 -8 -46
21 7 18
57 -86 -66
12 94 49
-60 56 4
-42 77 44
50 11 -42
49 6 34
-60 56 -36
43 12 5
-46 1 -53
53 -89 -7
52 63 46
48 19 34
21 -18 -46
58 47 5
48 -83 -64
-52 41 27
43 -50 34
41 5 34
-40 7 -4
-31 12 -19
-60 55 -17
33 -39 34
-60 50 -60
-12 7 11
38 7 -11
25 7 27
30 7 21
-12 78 45
14 -14 -46
-11 7 -40
-48 12 15
28 82 51
7 84 46
27 -19 34
47 13 -4
-38 7 -30
-22 81 51
-54 -60 28
-23 73 44
11 7 -2
29 -5 30
-55 -80 -53
23 -41 27
50 53 7
47 6 -18
-33 -8 27
50 49 -58
53 -81 1
1 -36 -46
50 -58 10
12 65 47
-50 56 45
-52 39 -53
-46 -60 -19
-7 -37 27
-57 -77 34
50 47 17
-60 49 -4
24 12 6
-21 -39 -53
48 -64 34
48 7 15
-51 12 -18
42 12 -22
20 7 -43
-51 58 -64
-60 47 10
-15 7 -8
-52 47 5
0 73 49
41 12 -46
33 8 -46
52 -93 -46
50 51 -5
-33 -36 -52
16 -23 -53
-50 78 45
-43 -54 34
-26 12 -29
58 -92 45
-57 -89 -40
-59 31 -52
-26 80 45
48 -82 -48
15 -23 27
-49 -86 -46
39 7 6
-58 -84 27
54 -61 28
40 7 -26
51 -82 -42
-32 86 52
-47 -61 -42
-50 -56 -30
58 -89 -58
-47 -56 17
24 7 -11
9 -15 -52
21 92 48
-58 -84 -27
-45 7 -42
15 74 49
-58 -94 50
57 57 -14
-8 95 49
-58 47 26
7 7 5
51 47 -43
-42 7 22
41 4 -45
-49 26 34
-28 7 -1
49 -76 27
9 12 -36
41 -43 -53
-31 12 19
49 -94 -66
50 -89 -25
50 55 -64
-37 -50 34
1 -22 27
-8 84 46
-55 59 29
35 12 -25
15 12 -3
37 63 41
-17 12 -25
16 12 7
24 85 47
-28 -8 34
46 -1 27
-23 12 21
-15 -16 -53
-51 56 -7
16 -39 -53
5 8 -46
53 44 -53
41 -7 34
31 -40 -46
-55 -89 -6
47 -55 0
-25 -42 27
58 -86 20
-45 -54 -45
6 58 40
-51 31 27
52 -62 -45
-58 61 47
22 12 -8
-46 12 -8
-54 -67 27
-42 1 27
-19 12 2
-24 12 -15
-12 12 -20
-54 -93 36
11 7 20
33 12 12
50 51 -28
45 -56 -24
50 48 43
-12 -32 27
54 21 34
-45 -56 27
-7 -17 34
51 34 34
62 61 46
-27 -19 -53
39 12 -15
-34 63 46
-52 -71 34
-60 55 38
-59 52 51
-56 -93 -46
23 -10 -52
50 57 21
19 83 52
-52 57 -30
45 12 25
-37 75 50
-57 -81 -8
48 -85 13
-38 7 -16
-49 -93 46
-48 12 -35
-24 7 27
57 59 28
-51 54 52
48 77 44
45 71 48
-30 7 -32
-52 50 -14
4 12 15
11 -34 -53
56 57 -21
5 -25 36
-18 7 -39
-30 8 -46
-52 58 -46
-15 -29 -52
33 70 48
58 54 15
0 63 41
24 12 -23
-52 -81 8
-38 -7 34
-43 57 40
-3 7 16
-38 7 -40
3 68 48
-59 -79 -47
-33 12 -25
50 48 30
51 -68 -53
0 12 -40
6 -23 -45
-30 -42 34
-20 7 16
51 -81 -13
26 67 48
-57 72 43
-54 -82 39
-39 2 -52
58 56 1
1 86 52
-2 7 26
-19 89 53
42 -44 28
-13 -29 34
-53 -94 -70
-49 -89 -25
-11 12 21
-51 -59 14
-9 60 40
-47 13 -53
34 12 -10
23 7 -3
58 -85 -53
48 -88 -53
-12 100 50
53 -76 -45
-50 -81 -8
48 12 -35
-3 94 54
-50 -56 -22
18 -23 34
-49 -82 -38
-27 63 46
41 56 40
-22 7 -18
3 -29 27
-43 12 -41
-52 -89 25
-29 -6 -48
58 51 -10
30 7 -17
-58 -88 46
57 58 -40
48 -87 39
-20 -17 -45
-42 10 31
23 7 9
-52 -76 27
8 -16 34
25 88 53
31 75 44
-12 87 52
48 -82 26
-48 6 -5
27 -44 34
-49 -82 45
44 17 29
48 -61 -3
22 -32 -47
18 64 47
56 -81 -19
-5 7 4
-29 -18 33
5 12 -31
-7 12 -40
-45 12 -28
-29 12 -40
-34 12 14
-46 -56 0
52 -89 -35
-55 47 -2
51 -55 27
11 -18 27
-18 -38 34
-59 57 -10
50 47 10
-6 56 44
34 84 51
15 7 15
-46 -65 -52
33 7 9
57 -84 -5
14 12 -32
18 7 -36
0 -29 -55
-26 -36 34
14 96 55
44 -59 9
13 -34 27
35 7 19
-20 79 45
-53 -59 34
-37 -3 -45
5 101 51
-15 7 20
-38 -12 28
-22 7 -12
45 13 -41
-52 9 27
-17 64 47
-57 34 -45
58 54 -35
58 37 -46
27 12 18
-42 -8 -46
42 7 -4
2 12 -21
16 12 19
-12 12 13
40 13 -36
-37 12 -37
-18 12 -32
-2 -32 27
34 62 46
-55 65 42
-3 76 44
26 -44 -46
54 61 40
-42 63 46
-49 -87 1
-24 65 42
50 -90 27
58 32 28
45 -61 -19
-12 -37 -45
50 55 -55
-49 -65 34
54 55 54
-3 7 -41
51 22 -46
-47 73 49
-34 58 40
-52 -58 -36
-35 -1 28
50 -58 -41
45 -61 -36
-23 -42 -47
-52 -72 -45
-12 -18 27
50 51 -17
-3 -36 32
58 48 21
18 76 44
31 81 46
-7 -31 -45
14 88 47
-14 12 -41
-49 -93 40
15 -39 34
48 -81 -27
43 7 18
8 -31 35
-13 -20 -45
-58 27 33
45 4 -53
57 47 -21
13 -29 -47
50 53 26
53 79 50
34 -46 34
58 54 -46
6 65 42
-52 53 -44
50 -55 -53
11 57 45
-55 -81 -31
25 -36 34
-30 81 51
2 55 44
-51 -58 -8
55 60 -55
10 70 48
-35 7 1
-59 61 -68
58 53 -25
-57 -68 -52
-50 7 14
-51 -54 28
-55 -61 -48
-21 12 -5
62 59 40
55 -89 -21
-10 8 -46
46 7 -28
-48 -62 26
59 44 27
-54 37 34
-10 90 48
-54 -84 48
-49 12 21
-44 12 5
-4 7 -11
-55 22 -46
-49 19 34
-52 16 -53
38 -6 -53
9 12 8
-3 12 -3
49 24 -53
27 12 -10
31 12 0
51 -93 -54
23 12 -36
-21 -18 -53
51 70 43
50 -68 -46
22 -12 27
38 73 49
-28 92 49
-49 -86 33
10 78 45
-50 12 -4
-34 12 27
-58 -78 27
-47 -61 -14
-47 -61 5
19 12 27
-32 -47 -52
33 -49 -52
-17 -30 28
34 -5 34
-12 80 51
-51 55 9
41 -48 -46
58 -89 -47
12 -29 32
54 -93 -70
-46 -60 21
44 -58 -6
-42 11 -46
40 1 27
24 64 41
52 -89 17
-35 7 -8
-27 -8 -53
45 -56 -15
15 10 -46
48 -87 46
45 7 10
50 54 -44
24 79 45
-49 6 -16
-7 -36 -53
58 -91 32
-54 -89 -14
-58 57 17
-15 92 48
39 -55 29
-29 7 25
-49 -89 13
-32 79 45
-6 104 52
-58 59 -51
-44 -44 -52
58 55 -54
49 -93 53
48 -85 -10
51 41 27
