74 92 129
194 215 178
196 61 43
61 215 178
196 47 165
114 110 44
155 132 157
60 47 59
194 93 109
127 200 156
82 149 167
132 94 104
62 46 165
61 106 72
169 109 60
192 165 169
67 46 109
196 46 91
113 110 148
194 113 149
93 81 90
125 160 171
159 95 136
167 194 158
94 187 174
61 119 152
165 82 86
189 48 128
65 81 45
196 90 72
135 107 71
61 177 172
149 216 177
159 162 172
79 111 44
56 81 92
108 216 177
107 88 122
99 107 71
194 110 44
109 136 162
183 138 163
75 201 156
143 111 44
145 186 177
60 48 136
121 85 80
132 93 134
88 122 151
75 98 101
186 189 177
165 95 110
196 46 64
139 113 149
185 95 132
67 46 83
181 102 90
191 85 48
107 99 99
103 202 157
119 183 173
151 102 89
101 163 172
170 115 148
61 141 162
132 132 160
189 204 158
171 209 175
85 210 175
95 101 137
127 205 178
189 81 92
143 82 86
166 181 176
74 86 83
81 169 173
60 60 43
148 203 157
147 91 120
70 196 177
189 108 65
81 105 80
75 107 142
142 151 165
89 93 114
116 105 81
61 91 114
196 47 110
65 91 60
96 110 53
204 92 91
61 108 51
150 106 61
191 49 147
176 155 167
64 157 170
118 109 63
166 103 78
161 109 44
142 169 170
79 106 61
114 98 135
61 102 89
74 131 156
171 88 126
109 199 177
134 102 89
93 99 89
161 147 164
61 99 138
91 135 162
128 89 119
153 200 175
110 152 165
194 128 157
178 110 44
104 124 152
154 110 144
91 193 159
194 149 167
180 175 172
148 97 104
171 129 155
138 190 163
111 82 92
121 124 153
179 86 80
193 105 80
174 102 141
66 46 150
165 100 95
116 208 163
116 92 110
109 190 164
182 191 161
66 191 164
174 207 160
128 106 141
60 87 74
136 209 166
180 94 114
134 110 56
91 89 129
125 145 163
153 190 163
194 88 124
98 111 148
185 204 174
142 103 138
190 50 51
68 208 167
80 184 174
105 178 175
60 49 121
91 208 162
158 209 165
168 195 174
114 168 170
189 48 76
129 83 91
182 121 154
121 101 94
97 148 164
101 85 80
180 103 75
150 106 75
60 48 95
191 94 96
194 102 140
129 192 173
189 89 60
128 173 174
189 72 42
53 93 83
143 127 154
177 98 102
62 95 102
100 206 173
83 197 177
75 120 150
74 93 115
140 198 177
90 95 101
182 110 147
192 176 175
153 87 81
61 91 127
101 93 108
136 215 178
121 89 129
82 99 136
93 173 174
66 46 70
155 120 153
126 114 150
105 103 85
181 215 177
144 136 162
126 109 45
86 109 146
122 190 163
161 215 177
81 81 92
63 109 143
89 159 168
169 138 163
144 92 133
107 110 58
156 173 174
81 99 90
160 91 122
66 51 50
88 105 69
161 108 69
68 82 92
61 130 156
167 170 171
119 215 178
155 82 92
75 215 177
104 94 132
195 86 84
86 87 83
67 69 42
80 138 163
71 147 166
61 190 176
189 47 100
185 107 54
72 104 71
67 107 60
75 160 171
80 209 164
175 82 92
196 46 137
190 196 168
183 88 123
70 97 84
105 104 142
135 182 173
138 93 114
194 139 161
133 123 152
159 189 177
54 92 95
142 102 81
113 198 157
111 104 71
189 95 84
127 103 78
61 202 175
90 111 44
152 153 169
138 159 171
77 190 163
147 208 169
101 109 44
122 136 159
164 105 140
158 110 55
155 92 111
157 198 156
139 99 97
60 85 53
92 102 79
194 196 177
196 46 121
177 191 170
183 148 167
132 84 81
107 190 174
126 209 167
173 93 134
136 143 162
97 215 176
137 200 156
110 208 170
177 108 67
70 206 178
71 111 51
116 193 173
64 84 83
71 177 175
65 92 92
177 200 178
99 190 164
162 204 178
170 111 49
98 195 177
86 108 53
182 209 166
145 110 54
181 162 172
131 153 166
201 81 91
194 93 133
116 143 165
85 190 168
111 87 81
161 103 86
118 205 174
100 132 160
123 95 102
71 99 139
163 205 158
177 198 156
84 130 156
158 98 103
60 48 76
181 129 159
185 102 141
115 108 53
150 143 165
152 89 129
195 49 155
125 107 69
124 110 54
68 105 80
110 160 171
81 95 109
135 91 125
153 182 173
112 120 150
162 190 167
70 168 173
164 122 151
94 201 156
88 144 162
194 110 56
167 159 168
170 148 164
167 209 167
120 153 166
119 106 141
124 98 134
100 208 164
194 102 89
151 108 47
141 106 61
96 91 122
204 89 82
194 205 177
66 202 160
152 100 140
67 48 130
178 184 176
196 46 81
150 165 172
172 89 116
61 149 166
119 91 120
92 106 61
69 101 94
68 135 162
187 94 104
172 99 88
61 168 171
142 208 178
147 119 150
189 88 78
111 126 157
125 94 111
182 93 93
145 190 169
198 95 84
82 91 126
76 192 172
194 105 72
85 177 172
94 128 155
161 138 160
193 186 174
144 177 175
55 85 81
67 199 169
161 113 150
112 90 131
68 123 155
67 89 68
67 48 100
189 48 86
98 97 98
67 92 133
125 100 86
189 48 114
189 47 60
83 197 157
120 81 92
135 111 46
68 88 123
190 157 167
195 89 54
104 84 89
168 95 101
143 99 90
129 192 160
194 122 151
177 107 57
134 99 139
69 93 107
99 157 167
154 209 178
112 98 92
77 206 172
107 90 114
145 193 159
196 78 46
190 109 143
60 48 155
171 104 71
163 90 130
190 204 167
140 97 106
131 100 97
194 98 102
136 108 143
74 94 92
60 73 42
114 176 175
163 128 158
174 165 169
149 193 177
191 89 116
157 97 95
185 100 97
105 145 163
196 46 73
127 106 61
109 207 161
173 190 163
90 96 133
189 58 45
123 195 177
97 119 150
196 92 64
135 166 170
91 205 173
110 94 104
177 104 83
67 46 92
189 48 68
171 84 81
186 182 173
105 194 158
67 115 148
179 90 130
153 102 81
86 188 177
196 55 49
127 181 176
142 106 74
118 161 169
89 105 140
137 82 92
112 209 178
133 206 159
166 98 134
175 121 151
82 96 100
106 170 173
80 107 71
188 195 157
68 188 174
61 49 144
67 46 138
173 178 172
127 214 178
120 203 157
128 126 157
67 59 47
189 133 158
182 82 88
100 102 79
67 46 158
188 171 171
60 48 108
189 91 70
177 144 162
78 88 120
133 206 173
134 105 80
169 108 146
76 153 166
178 208 178
154 191 171
67 87 76
141 207 160
148 95 111
61 103 80
148 97 95
163 153 169
189 47 163
175 208 169
106 113 149
145 108 146
105 111 51
99 106 63
132 199 177
119 104 73
107 108 66
123 167 173
67 48 116
147 160 168
189 48 137
150 97 134
68 109 45
184 190 170
136 189 177
185 111 47
87 167 170
90 193 173
83 92 134
67 49 59
51 88 88
196 46 103
162 85 80
84 206 159
199 93 96
62 96 84
104 209 178
150 126 153
107 100 136
90 115 148
116 85 87
196 68 41
196 50 58
88 88 122
91 151 165
100 184 176
67 87 51
186 105 80
143 143 165
102 101 93
60 48 67
169 202 178
132 190 167
73 207 161
69 195 157
145 88 126
161 197 177
154 206 159
82 156 170
140 86 80
188 117 152
98 195 157
122 176 172
96 93 134
95 86 85
100 93 116
75 111 148
71 141 161
120 195 158
169 200 156
77 199 175
85 101 84
67 108 68
112 103 142
162 207 171
120 111 48
163 176 172
98 192 171
122 112 145
116 97 98
151 136 162
174 92 110
62 49 87
148 81 91
127 91 127
189 126 153
79 126 154
73 103 87
135 109 63
112 183 176
95 106 144
180 205 158
158 109 62
140 89 118
188 86 84
85 109 61
118 129 158
81 93 116
111 101 85
182 95 87
183 197 177
180 99 136
82 105 143
153 88 122
169 190 169
189 144 165
123 191 170
61 99 96
69 153 169
164 90 115
67 103 142
92 210 178
95 167 170
133 115 147
121 118 149
100 89 129
82 114 147
139 96 136
159 103 77
125 85 87
78 175 172
109 105 80
159 192 160
187 89 129
74 81 89
136 129 155
175 171 174
148 203 178
130 139 164
196 46 128
131 92 111
80 108 50
141 207 171
100 138 163
149 105 68
60 90 65
64 208 175
139 121 151
168 188 177
150 113 150
189 66 43
80 85 80
97 97 104
65 182 176
113 90 116
73 110 58
97 103 85
90 100 96
138 191 170
183 106 61
95 180 176
77 94 135
177 91 120
125 207 160
75 102 81
94 108 68
82 163 172
102 151 168
135 175 174
68 163 169
179 191 177
89 93 107
85 208 169
61 54 47
67 46 76
162 82 92
56 96 89
179 108 50
175 134 158
185 104 71
162 108 146
148 131 156
167 103 85
164 108 51
150 176 172
191 49 93
181 93 107
67 46 123
80 206 178
178 117 148
126 121 151
68 93 114
123 189 177
149 150 165
60 48 129
147 87 81
120 209 168
166 88 121
134 147 167
158 126 154
82 215 177
186 91 112
150 197 157
179 105 140
176 85 87
189 48 155
113 134 158
149 106 141
61 111 45
138 90 130
136 137 160
95 209 168
168 81 92
175 110 148
61 94 109
139 108 53
66 146 163
85 138 160
74 95 109
152 83 86
191 100 95
61 106 63
77 194 158
94 141 164
123 210 175
194 93 90
112 107 59
168 93 130
94 92 111
172 100 97
173 215 176
64 91 120
101 107 57
177 127 154
89 215 176
82 145 163
194 108 62
65 195 174
187 210 175
190 190 166
165 106 64
186 99 91
194 169 173
86 204 178
62 84 89
150 208 162
154 108 68
165 164 172
195 83 92
188 161 171
191 49 122
68 214 178
135 194 158
100 108 142
109 108 47
67 103 87
81 191 177
108 132 157
68 98 102
110 82 86
122 140 164
205 86 93
156 205 173
189 100 137
94 190 167
148 105 81
177 98 93
80 135 158
131 108 146
168 153 166
195 46 150
155 194 177
72 109 65
190 80 44
132 161 169
157 111 48
127 98 93
86 81 90
78 103 138
140 132 160
130 101 83
61 49 101
70 191 169
61 134 161
69 111 145
74 182 176
80 110 57
123 90 115
187 103 86
110 95 110
84 111 46
159 157 167
163 96 99
164 104 73
117 94 132
98 170 173
114 91 124
135 82 86
67 98 135
95 108 48
108 165 169
82 121 154
125 131 160
176 138 163
117 102 90
73 190 177
104 106 76
189 106 75
95 122 155
76 143 165
121 147 166
111 190 170
61 113 150
150 90 115
159 100 140
168 109 44
117 199 175
138 203 175
125 92 133
136 209 178
196 87 77
189 114 147
156 104 143
147 99 139
112 204 157
87 106 75
190 86 53
124 101 140
137 153 169
104 118 152
64 110 57
141 108 69
84 100 97
111 146 163
143 194 173
97 206 178
174 99 135
194 98 135
157 152 165
174 106 77
112 193 177
66 104 73
67 207 161
179 167 170
190 198 173
62 49 53
155 140 161
163 107 57
60 89 58
143 214 178
96 110 59
116 190 165
161 185 174
99 81 90
170 122 155
91 111 50
192 46 106
152 93 107
153 208 168
108 205 175
160 169 173
61 94 132
174 108 142
118 101 140
61 104 139
68 203 174
203 85 86
70 94 96
105 197 175
148 210 175
65 64 42
194 49 98
100 101 140
115 137 163
76 101 93
129 168 170
175 149 167
67 174 174
129 97 137
166 211 178
92 85 80
102 129 155
96 160 171
88 102 90
161 94 106
139 103 87
184 108 142
157 91 132
59 92 94
192 108 49
173 186 174
176 204 174
127 206 172
169 174 174
69 83 85
122 110 59
165 143 165
190 208 162
97 175 172
186 175 174
150 171 171
125 99 99
73 91 121
142 157 167
112 193 159
93 196 177
189 88 122
168 135 159
193 82 87
144 198 156
153 147 167
85 183 173
76 168 170
178 95 132
68 96 89
117 155 170
141 105 143
72 97 134
154 215 176
168 101 140
67 75 43
60 67 42
86 191 162
175 110 53
155 92 118
116 96 106
173 96 106
146 109 60
73 135 162
147 153 169
69 120 150
88 201 156
195 74 42
156 166 170
159 99 90
172 106 65
142 92 111
67 129 155
109 108 142
79 85 88
126 149 167
80 110 144
190 192 172
62 124 156
107 84 82
91 110 56
175 194 158
166 205 174
76 106 77
89 104 84
73 125 153
136 96 100
78 97 95
130 186 177
90 83 85
189 150 168
86 154 166
171 102 81
96 106 77
185 166 170
110 141 161
119 170 173
166 190 163
92 118 152
71 192 160
123 203 175
163 95 132
158 107 73
181 101 84
194 135 158
134 193 177
184 207 160
194 107 144
67 92 128
191 49 141
60 82 46
94 92 116
180 155 169
79 90 130
184 143 162
189 205 178
143 209 166
85 118 149
116 115 148
97 205 158
191 91 127
164 117 149
95 133 157
141 164 172
191 49 81
107 148 167
109 176 172
75 210 178
112 103 76
103 98 102
151 186 177
144 121 154
72 111 45
136 91 119
121 105 66
102 96 136
77 94 104
104 190 167
189 110 44
140 186 174
69 182 173
100 108 50
109 110 54
60 47 83
121 93 107
145 94 106
115 105 67
118 120 153
100 190 177
67 47 165
144 108 49
81 117 152
146 165 170
60 87 81
170 94 113
138 178 175
122 157 167
120 103 78
131 108 67
196 46 116
64 154 166
131 106 75
196 84 51
89 100 137
79 104 85
127 155 169
191 107 59
63 49 160
84 101 140
138 101 93
183 92 118
174 160 171
105 209 168
136 95 132
188 208 170
138 171 174
126 85 80
146 114 147
132 212 175
104 136 159
148 190 163
183 98 103
109 91 119
125 108 146
113 189 174
174 116 151
