-21 -20 -40
33 114 35
32 -105 18
-34 43 32
-42 -105 -61
42 -78 -63
35 -6 22
-33 -68 19
-35 113 27
40 -20 -40
27 54 24
-36 -12 17
9 -44 -3
-38 -58 -64
-8 78 37
9 -41 -64
-1 19 16
-38 -41 -9
33 -66 19
-31 -105 14
1 -20 22
37 -26 -6
0 110 27
9 -20 -28
41 -43 -64
-43 -25 -64
-3 47 33
26 83 38
32 24 17
-15 -20 -8
29 -36 21
-11 -47 21
-35 72 27
-36 17 16
37 -105 -58
-41 -41 -38
-10 -42 -28
30 -42 -27
26 -20 -64
-17 -41 -57
-36 -40 18
2 -20 -53
-39 -20 -23
14 -20 -3
-18 3 23
-41 -82 -56
10 -42 -40
13 0 13
-27 93 38
16 34 30
8 67 26
-19 -20 -64
-16 35 20
-17 -44 -2
8 90 28
32 -45 2
-19 60 35
-37 -20 -2
11 -47 21
-19 -27 22
29 -85 13
-27 -86 13
28 -41 -49
35 -61 -56
29 -20 -25
-18 112 37
20 -20 -45
-41 -21 -43
28 -20 10
17 16 25
-15 -12 12
16 105 37
-11 96 28
8 -43 -22
42 -26 -58
33 66 36
34 96 28
-42 -43 -56
34 37 31
-23 -42 -40
-29 -42 -23
-26 -53 12
-8 -20 -29
-1 3 23
-22 20 26
-1 30 29
11 50 24
-2 -20 2
17 -15 22
29 7 14
-6 -42 -46
-21 81 28
-5 -33 -64
24 -43 -12
-1 -20 -15
40 -39 -39
-34 3 24
-7 61 26
26 -52 18
-1 -46 9
-18 44 32
-29 -33 -64
25 -38 -64
-5 -43 -12
-23 -20 -22
35 -90 -58
11 -25 -64
8 78 37
14 -31 22
-32 58 25
39 -32 -20
-35 29 27
22 73 27
-36 -26 12
-2 -34 22
-32 -20 -55
1 98 38
16 58 35
-36 -45 5
17 -46 9
-14 14 15
-12 -20 -51
-35 86 28
-22 -20 4
9 -20 10
36 -34 10
25 -6 13
-25 102 28
-36 -93 -63
17 -20 -16
34 78 28
11 26 18
-40 -35 -26
34 13 25
-3 -5 13
21 91 28
21 113 28
38 -41 -10
2 -20 -40
25 41 22
-26 1 13
-23 -15 22
32 -20 -50
-9 20 26
-39 -68 -56
22 1 23
35 -24 22
-3 41 22
2 60 35
-34 104 37
-30 -41 -51
-29 39 21
0 77 27
-23 73 37
16 -41 -53
10 12 15
41 -39 -52
-15 70 27
-4 -21 -64
-26 -43 -11
-18 54 24
-22 -43 21
26 97 38
8 -6 22
-42 -31 -52
21 46 33
-8 -11 22
28 -20 -11
-38 -27 -13
40 -30 -32
34 49 33
-34 64 36
-9 66 36
29 -20 -37
-37 -33 2
-13 -46 9
-33 79 37
2 -42 -32
-31 -20 -32
-13 89 38
19 -42 -32
10 114 32
38 -20 -18
15 87 38
-12 108 27
41 -51 -56
2 -41 -55
-26 28 18
35 -32 -64
6 20 26
10 39 21
-18 100 38
-27 -96 19
42 -66 -63
-6 107 37
11 5 24
-6 29 18
28 26 28
8 43 32
-9 38 31
-16 -43 -17
24 102 28
-27 52 34
9 103 28
-22 32 29
41 -29 -47
17 69 36
22 20 16
-35 -47 -63
-25 12 15
-29 -20 -12
35 -45 19
-9 84 28
-27 -77 19
-31 -24 22
-16 -30 -64
27 -95 18
-13 3 14
-35 -75 -63
27 -77 19
-1 -15 12
34 46 23
-22 113 27
35 -11 12
-5 -44 -2
24 -24 22
35 -71 -58
14 81 28
-25 -9 12
-10 55 35
37 -21 4
15 -20 -55
35 64 26
-40 -26 -33
34 35 20
11 -10 12
-10 -23 22
22 30 19
19 -41 21
34 -57 12
37 -35 0
35 -53 -64
-13 -37 21
-28 113 37
29 -15 22
20 -20 -31
-42 -35 -64
-24 -45 5
-26 -63 12
30 -42 -37
20 -42 -43
-3 8 14
-24 65 26
-22 -20 -51
-39 -43 -19
-9 -20 -40
-1 -47 21
-31 -20 -44
19 -17 12
-20 -42 -31
19 -43 -22
-35 98 29
21 -44 -1
42 -97 -62
-18 -20 -31
-22 83 38
-33 -56 19
36 -1 14
-1 99 28
-25 92 28
-2 13 25
5 108 37
34 106 28
-29 -6 22
1 53 24
38 -20 -29
-28 11 25
-1 86 38
17 58 25
38 -43 -22
-13 45 23
-28 -20 12
34 87 33
-42 -20 -54
-41 -32 -43
-13 -20 -20
0 70 37
-13 -20 7
35 -21 -64
-42 -53 -57
24 -20 -2
32 -42 -58
27 56 35
11 -20 -39
35 4 22
35 15 16
-32 -23 -64
-35 18 26
2 33 20
19 9 14
-29 49 23
-34 -42 -31
12 -43 -12
26 -68 13
34 102 37
5 -20 -7
-16 -6 22
10 -23 22
-16 26 18
34 76 37
-12 -42 -37
-13 12 25
-7 -41 -57
-1 -43 -21
25 64 26
34 -74 14
-34 -4 13
14 25 27
27 -46 10
23 112 37
0 -20 -25
-33 -74 12
6 -40 21
-36 5 15
-24 -41 -64
35 -81 -57
26 72 37
10 97 38
-15 -42 -46
25 -29 -64
25 13 25
-8 98 38
-33 -48 15
-6 70 27
18 79 37
5 -32 -64
36 -44 10
41 -20 -49
36 -26 13
20 49 24
-41 -97 -57
-9 114 33
22 -8 22
-9 -1 23
39 -39 -29
42 -35 -59
25 37 31
10 -20 -48
-30 -33 22
-14 31 29
-21 44 22
-41 -41 -47
-30 -44 -3
9 51 34
7 -20 -19
-4 -20 -7
16 98 28
22 82 28
3 -43 -12
-27 -20 -3
-1 87 28
-1 39 31
-32 -84 19
31 -43 -18
-35 51 30
9 -46 10
-33 -42 -43
-1 114 35
5 -20 -62
-36 -36 10
5 1 13
11 -42 -32
-35 28 18
-35 -67 -64
25 -20 -55
-34 -20 6
-34 87 38
-19 -4 13
-17 90 28
27 -60 19
6 34 30
-21 -46 13
40 -85 -64
34 55 28
10 -42 -49
-12 -23 -64
-38 -60 -56
38 -32 -11
-27 73 27
-25 105 37
-10 -20 -2
23 1 13
-31 -42 -60
6 12 25
-12 -41 -64
14 -35 -64
-32 -20 -19
6 90 38
-35 11 21
-3 -41 -64
-43 -72 -63
2 -42 -44
8 -15 22
-37 -83 -63
-21 20 16
3 60 26
-9 20 17
35 -32 18
-38 -33 -8
-16 77 37
42 -59 -58
8 69 36
-15 61 26
36 -42 -46
42 -50 -64
-4 -20 -46
-40 -34 -35
21 -20 -23
35 -62 -64
14 73 27
-30 35 30
-36 -20 17
-25 3 23
-23 -27 -64
18 97 38
-10 -4 13
-43 -64 -61
-16 -17 22
-7 -46 14
-35 44 23
40 -28 -39
32 -20 -3
-35 -48 -56
32 -89 19
19 -24 -64
3 -28 22
-43 -45 -63
19 8 24
35 24 25
42 -74 -56
33 -81 18
5 82 28
20 -20 5
29 70 27
-12 -44 -9
-22 -42 -49
-6 -20 -55
-38 -89 -56
26 -43 21
32 -98 13
-8 6 24
22 62 36
-26 -71 15
15 -3 23
-20 97 28
-33 -95 13
23 90 38
-29 21 17
28 88 28
-33 57 35
29 -1 23
0 78 37
30 113 28
28 -44 -6
19 -47 17
-27 66 36
-30 23 27
-6 -41 21
25 -41 -57
-21 -35 22
-9 -43 -19
-35 36 21
-1 -12 22
17 -42 -61
-35 64 29
-18 53 34
-21 -42 -23
-36 -100 -61
-27 -42 -33
28 44 32
-19 8 14
-39 -29 -22
-31 79 28
-9 36 21
22 21 26
15 108 27
-33 -61 14
-35 -76 -56
-24 40 31
34 59 35
-10 53 24
-37 -27 -2
25 104 37
-34 96 36
33 -20 -43
-21 13 25
5 -20 3
-5 -42 -35
18 -9 12
35 -76 -64
-32 -43 -16
-12 47 33
-31 -14 22
35 -17 18
-1 -20 -32
16 -44 -6
13 -45 3
-25 -20 -58
-36 -20 -37
-25 55 25
31 91 38
19 -20 -8
-35 105 30
5 -47 17
-27 -51 19
-42 -89 -62
-27 -61 19
15 20 16
26 13 15
-31 -45 21
38 -44 -56
31 -20 -17
34 -64 12
40 -67 -56
16 33 20
3 25 18
-13 76 27
9 60 35
38 -20 -10
-15 -20 -58
-37 -40 0
-19 105 28
3 -45 0
-9 -32 22
-3 -4 23
-16 66 36
34 -50 15
-15 -20 -44
23 -32 22
-36 -39 -64
-6 -20 8
-36 -31 17
-35 -30 -64
-22 -20 -8
26 -14 12
-33 71 37
29 31 19
-16 23 27
-36 -5 20
-16 114 30
-8 -13 12
42 -20 -64
-43 -53 -63
7 96 28
-36 -43 11
5 44 22
-1 23 27
-17 38 31
-4 49 23
-30 -46 9
2 53 34
-27 85 28
-24 -41 -55
-37 -20 -48
16 113 37
-6 -18 22
-6 -20 -20
4 -8 12
-13 105 37
-20 -36 -64
13 -20 -11
-6 104 28
11 60 26
-40 -42 -27
39 -28 -25
2 13 15
1 -26 -64
37 -44 -2
42 -82 -57
-10 -20 -13
-38 -20 -12
35 -52 -57
-17 -47 18
3 71 27
29 8 24
28 -70 19
38 -26 -14
23 31 29
36 -100 -61
-18 -20 -2
-21 -20 -15
14 -20 -22
35 -40 -64
16 41 32
29 -20 4
26 -59 13
-39 -33 -16
-5 93 28
38 -20 -55
35 8 17
8 19 16
20 -20 -38
25 -20 -17
8 -41 -55
29 -78 12
-32 -90 19
17 -24 22
-21 93 38
33 -91 13
20 52 34
41 -27 -64
28 -104 14
14 88 28
-38 -20 -30
34 69 31
41 -33 -53
35 -69 -64
-22 -43 -17
-12 -45 1
27 77 27
-42 -36 -57
36 -28 7
-8 28 28
8 111 27
-23 -22 22
22 -41 -50
27 -20 -46
-39 -20 -60
-42 -96 -63
-28 114 29
-33 -76 19
42 -89 -59
-41 -27 -47
35 -47 -64
31 -26 -64
-27 -102 18
-32 -81 12
-25 46 33
-35 91 32
34 31 27
-20 74 27
35 -39 22
26 108 27
35 20 21
37 -42 -35
41 -105 -62
35 -18 12
-19 -44 -8
41 -35 -46
7 76 27
29 -8 22
31 -20 -31
-17 -19 12
-25 -20 -34
13 7 14
-33 -54 13
-24 -44 -2
-23 -8 22
4 114 31
26 -45 4
-42 -76 -57
1 -44 -6
-5 -45 5
16 -42 -37
-24 26 28
-6 1 13
-36 -105 -58
-33 -17 12
5 -20 -45
11 -36 21
2 -20 10
-13 82 38
-27 -39 21
32 -57 20
32 -43 -12
16 42 22
-25 -21 -64
15 -20 -63
5 84 38
-23 33 20
-9 9 14
-30 -20 -26
-42 -29 -58
19 24 17
3 46 33
-32 9 14
-36 -41 -49
40 -100 -57
-7 72 37
-25 59 35
14 -9 22
-37 -27 4
-42 -78 -63
28 -85 19
35 39 25
16 -42 -27
14 66 26
28 -42 -43
-15 17 26
26 24 17
10 33 19
40 -58 -64
-38 -24 -7
0 92 38
14 -20 6
-27 108 27
-22 -14 12
-35 -42 -23
-13 60 35
8 -20 -57
5 -20 -32
-14 101 28
-7 76 27
0 65 26
3 104 28
28 -29 22
5 -42 -26
7 28 28
-13 -28 22
-34 110 37
6 2 23
34 82 36
5 -42 -37
-7 15 15
40 -35 -35
-10 90 28
27 114 33
28 18 26
-27 -98 13
-35 38 27
21 36 20
-33 114 33
37 -37 -6
16 -42 -47
-29 -20 3
-6 -26 -64
-4 -41 -52
0 -36 -64
-7 87 38
33 84 28
29 -20 -59
-7 112 27
8 -4 13
33 -74 19
1 92 28
12 19 26
-15 82 28
29 49 23
16 48 33
28 -1 13
-33 -67 13
-4 -42 -26
39 -33 -26
-42 -35 -49
37 -91 -63
-6 43 32
28 94 28
-27 -84 19
-26 100 38
13 73 37
36 -20 -37
-29 17 26
-20 59 25
4 7 14
-35 82 32
-26 -78 13
-41 -26 -39
29 -22 22
-39 -38 -14
10 109 37
-15 -42 -26
-43 -59 -60
-10 -18 12
-35 -42 -56
32 -99 19
24 -43 -18
25 78 37
8 -15 12
-35 53 24
38 -41 -16
12 11 24
-27 80 37
-32 -99 18
13 93 38
29 107 37
-35 -44 -5
14 63 36
24 -42 -29
-29 98 28
24 -42 -35
-26 -67 19
17 -43 -15
-12 111 37
41 -27 -52
24 -16 22
36 -40 6
-21 -1 23
14 113 28
-33 -43 -11
-3 56 35
-5 62 36
23 58 25
-40 -27 -28
-30 33 20
4 -43 -18
35 -82 -63
11 83 38
35 -6 17
-35 -42 -37
-16 -41 -52
35 -41 -52
-26 -42 -45
29 -33 -64
-20 -20 -57
21 -20 -50
-20 -20 -46
6 101 38
12 95 28
-27 -20 -17
0 -20 -3
0 -20 -58
29 103 28
6 -20 -14
-17 -20 -25
-30 -42 -38
-26 -30 22
-1 -40 21
34 100 31
27 -90 17
20 26 28
27 36 21
4 74 37
2 -42 -61
-34 -20 -8
-40 -40 -33
-35 -52 -61
-37 -40 6
20 -3 13
41 -37 -64
-14 40 21
36 -20 -23
-20 2 13
-21 25 18
20 -20 -61
13 -42 21
-19 -12 22
3 -45 6
-36 -26 20
37 -27 1
42 -46 -60
-9 -20 -60
0 103 37
-16 -22 22
-18 -42 -40
-30 -20 -38
35 -42 -28
11 -31 -64
-10 -31 -64
5 38 21
-22 87 28
-25 -20 -44
15 -20 -31
-32 -20 -49
-35 -62 -60
-4 34 30
-35 24 22
-42 -48 -56
-3 35 20
-27 88 38
-18 48 23
-19 28 28
-18 110 27
-31 15 16
-15 -36 -64
30 -40 -64
-18 105 37
-29 -72 20
-26 60 25
35 -96 -57
6 -37 -64
20 -35 -64
-29 74 37
34 42 31
-21 115 32
-6 93 38
-20 14 15
-8 -20 3
-15 -43 21
3 -35 22
9 -32 22
-24 -47 17
-35 -85 -58
33 91 28
15 -46 13
5 113 36
34 96 37
-10 -15 22
28 49 33
-37 -31 7
-29 -57 12
-19 65 26
-38 -24 -64
-33 -87 13
-39 -20 -17
-21 8 24
-26 -56 17
23 -47 21
0 -46 14
34 19 26
-35 -11 22
7 57 25
-42 -83 -63
19 73 37
35 -66 -57
29 60 25
-32 -51 19
-3 58 25
-27 -91 13
21 67 26
-26 -47 12
-10 65 26
36 -38 13
37 -23 -2
3 66 36
-36 12 16
-10 -41 -53
35 29 19
-29 68 27
-11 -20 -34
-2 -42 -41
-35 57 29
-31 -1 23
-7 98 28
-16 -32 22
16 -29 -64
26 -65 17
22 -20 -12
-3 81 28
5 -11 22
-8 43 22
-29 -27 -64
-9 -42 -41
16 -20 -42
36 -22 17
13 -43 -18
20 15 15
14 53 34
-21 78 37
-33 -9 12
-40 -30 -64
32 52 24
-40 -21 -35
26 -42 -24
4 -45 21
26 -73 15
-18 85 38
-18 -26 -64
-14 -42 -32
20 106 28
14 -19 12
-35 -35 21
-14 96 38
36 -105 -63
35 -44 -7
29 31 29
5 -20 -24
-16 -20 4
23 -20 9
-4 102 38
-5 -20 -36
24 -46 14
-5 17 26
39 -26 -20
28 -44 -1
31 20 16
-6 -47 20
42 -41 -57
1 9 24
-34 23 17
31 -47 21
-25 -4 13
2 17 26
28 -102 19
-27 7 14
-3 23 17
41 -24 -44
-12 25 27
-36 -20 10
-34 34 30
-35 -47 20
-19 -42 -62
10 -20 -64
19 -45 4
-36 -96 -59
-29 40 31
34 110 33
29 63 36
41 -40 -45
-4 -23 22
9 -20 -2
31 -52 19
-35 75 32
35 -42 -41
-23 -20 9
-17 -20 -35
39 -37 -21
-30 31 29
-12 -20 -26
22 84 38
28 82 28
-13 2 23
-9 -20 -8
16 30 29
11 -20 -15
-21 49 33
21 -44 -7
-13 31 19
37 -56 -56
0 -20 -48
6 51 24
-30 103 28
-38 -35 -3
13 56 25
-1 29 19
