3 -25 -17
-37 65 57
-69 -75 63
69 -75 63
-78 -75 -68
78 -75 -69
55 39 38
-72 0 -36
69 4 -57
-65 -2 39
-20 -11 -79
0 6 40
63 -20 42
55 -10 -9
14 62 62
28 -11 -78
-41 -17 0
-74 -34 -59
-36 27 41
77 -36 -58
-29 -15 -39
24 -17 18
-58 -1 -73
32 -14 -40
-65 -39 48
63 9 21
-11 -21 17
22 32 48
0 -15 -53
-12 44 54
-35 -3 28
-69 -4 -4
43 64 52
34 7 34
67 -47 54
71 -1 -29
30 -20 -12
-62 23 31
-53 48 42
-51 -11 -24
46 -6 -60
-51 -6 -48
-21 -22 -17
4 -13 -80
46 -8 16
-56 -1 17
-15 23 46
-76 -11 -54
-38 -8 -67
8 -25 4
5 -12 29
51 -9 -32
12 -19 -35
75 -16 -53
-8 62 65
-76 -55 -61
-34 47 49
-19 -12 -59
-10 -20 -35
77 -56 -62
20 -12 -59
-16 -6 33
39 26 39
38 46 47
62 0 38
18 13 41
7 45 54
-68 -57 56
67 -5 5
-66 -21 43
-23 -22 2
58 0 -73
-46 12 31
55 23 30
-25 10 38
3 24 48
-32 -16 16
21 -5 31
41 -15 1
-70 4 -61
59 -3 -46
-36 -17 -21
-8 -26 -5
-68 -5 -21
28 56 55
42 -15 -21
-23 56 57
-54 -11 -8
48 5 26
-7 -13 -69
70 -5 -14
51 53 43
42 -4 -74
25 -20 -27
-36 -11 -53
-24 34 48
34 -7 25
-53 34 35
26 -21 4
-58 -6 -35
63 -33 48
68 -61 58
-48 60 48
-46 -10 13
16 -24 -8
-63 11 23
71 2 -42
-64 -1 -47
-67 -2 9
8 -13 -66
-42 -12 -36
33 -11 -53
45 -9 -44
-13 -16 -48
2 -21 18
-50 -4 -63
13 -16 -48
-4 35 51
57 -1 14
-43 39 42
52 -9 4
-12 11 41
-62 10 35
21 44 52
30 17 40
-1 53 58
-31 -20 -10
44 16 32
35 -16 12
-23 -13 25
-57 -7 4
-4 -25 8
59 -7 -21
-22 -20 -29
61 12 34
-10 -24 -22
-32 -8 -78
58 -1 -60
-4 -5 35
10 1 37
-46 1 24
-75 -23 -54
35 -9 -65
15 -23 -21
-47 -4 -76
1 -22 -30
34 35 44
-36 16 37
-47 23 34
-75 1 -51
-8 -14 27
15 -10 -78
-44 -16 -13
13 -21 14
2 -19 -41
15 -15 25
72 -5 -52
41 -13 -32
62 -4 -34
21 -17 -41
24 5 36
8 34 51
-22 -20 14
44 36 40
-25 0 34
-26 24 44
-23 45 52
-76 -64 -66
-28 -11 -68
-8 -11 -79
-3 16 44
40 -17 -10
17 52 56
-9 -14 -59
-60 -1 -60
65 -10 39
-33 56 53
35 63 59
3 62 63
75 -25 -58
-76 -44 -62
74 -46 -60
74 -65 -66
5 -26 -5
-14 -24 8
-11 54 58
14 25 46
-35 7 34
-17 -12 -69
19 -12 -69
37 56 51
-14 33 50
66 3 -67
9 16 44
-33 -19 5
51 30 35
-59 -8 -17
-41 -8 21
-62 -12 40
-19 -18 -38
55 13 26
-53 8 25
-26 -14 -50
-49 -12 3
64 -6 -6
-18 -24 -8
-54 18 29
32 -18 -21
-10 2 38
-43 50 46
-32 -17 -30
25 -14 -50
-19 62 63
-63 -30 47
25 63 62
-34 36 45
24 23 43
-66 -66 59
50 -12 -17
41 -1 25
-65 3 19
-29 64 60
24 -12 25
-65 -47 54
-3 45 55
-42 -8 -58
18 -23 6
52 -5 -52
-66 -3 -30
47 44 41
-6 25 48
30 49 51
-62 -7 -9
51 -5 -74
65 0 15
-42 -11 -45
12 -14 -57
12 -8 32
75 3 -50
-45 31 38
9 53 58
55 4 21
-39 -15 10
47 -14 -6
32 -19 -3
-42 -14 -28
-50 -10 -32
-33 -10 23
44 -13 8
21 -22 -15
26 -11 -66
-12 -25 -13
28 40 48
-29 -11 -58
33 -16 -31
29 -3 30
0 -14 -61
-21 18 43
-6 -18 -42
-58 -7 -27
10 -22 -28
49 -2 20
67 -3 -21
-64 3 -68
32 -13 20
-27 -6 29
-28 -20 -21
42 -8 -53
67 1 -50
15 36 50
-54 -4 -55
-51 -8 -40
55 -6 -39
47 58 50
8 8 40
35 -8 -73
-18 4 37
-71 3 -43
-49 -5 18
-69 -6 -12
63 19 30
-41 60 52
3 -13 -72
31 27 43
-57 -4 -45
-16 -12 27
38 17 36
-4 -26 -14
47 -5 -67
49 -11 -25
66 -27 45
-40 -8 -75
-38 -18 -8
67 -69 58
-51 41 39
65 -55 54
4 -5 35
0 -26 1
-66 1 -55
-2 -24 -22
5 -24 11
20 -19 -34
23 -23 -5
58 -8 -2
9 -25 -12
-5 -19 22
-34 -13 -44
-44 -15 -20
58 -5 7
9 -18 22
-65 -6 2
-52 -7 10
16 6 39
-15 -21 -29
58 -7 -28
27 -19 11
44 50 45
-61 15 29
-59 -3 10
-42 4 29
-57 27 35
66 -40 50
40 -8 20
-18 51 55
-47 -14 -6
51 -7 11
38 -11 -46
-50 53 47
43 9 30
48 23 33
60 -1 -53
-58 5 21
14 -24 -1
-19 -14 -51
-32 -20 -3
65 -1 -41
-19 -17 20
1 -17 25
10 -13 -74
-18 39 51
61 -7 -14
-47 -5 -69
29 10 37
-29 40 49
-52 -12 -15
-9 -9 32
71 1 -35
45 -10 -37
35 -18 5
36 1 30
14 46 54
-27 50 53
-3 -12 -75
-3 -20 -36
27 -17 -35
-21 -16 -45
53 -3 -66
-27 -20 9
-7 -25 2
21 58 58
-35 -9 -61
25 -21 -21
-24 -22 -11
-5 -16 -49
-4 -22 15
3 39 53
57 29 33
-16 -24 0
-66 -2 -38
62 6 33
24 50 53
-5 -23 -28
-28 16 40
14 -17 -42
36 -16 -25
21 -21 12
21 -12 -76
-25 -9 -75
-46 45 43
51 -7 -44
-21 28 47
-56 -2 -66
-62 2 35
31 -10 -59
40 -12 15
-3 -12 30
-38 53 50
-40 44 45
37 -17 -16
17 -21 -28
7 -16 -51
9 -24 -21
-73 -5 -50
44 30 37
3 13 43
-25 -22 -4
-13 -12 -75
45 -14 -13
-13 -13 -63
2 31 50
-71 -1 -25
-35 -14 -36
-11 38 52
-42 16 34
-36 -18 -14
16 -18 19
-52 2 22
32 -13 -47
-45 -8 -52
68 -4 -1
-6 9 41
-38 -13 17
65 -3 -28
-21 -9 29
-42 25 37
41 41 43
-14 17 44
-20 -22 8
24 16 41
4 1 38
-18 -22 -23
-31 30 44
-31 1 33
15 -3 34
38 32 41
40 -8 -59
28 34 46
-27 -15 19
73 -31 -57
61 15 25
5 -14 -58
-7 49 56
59 0 -66
-59 -3 -52
-77 -28 -57
-56 -9 -2
49 -12 0
-32 12 37
4 -20 -35
-44 -14 7
-73 -17 -54
27 -15 -44
-64 2 13
3 49 56
-13 -18 -40
-11 28 48
-27 -17 -34
-53 -4 -73
19 -15 -50
8 59 64
-70 3 -51
49 14 29
-16 58 60
-10 -4 35
65 2 -60
17 -10 29
-23 -11 -65
75 -10 -54
-12 -17 23
60 2 18
41 -7 -66
53 46 39
34 22 40
-41 -2 26
44 -13 -27
-34 -9 -72
53 -3 -58
10 28 48
-31 22 41
64 -1 9
-56 13 26
35 40 46
-50 29 34
-37 22 39
-75 -70 -65
11 40 52
-3 59 65
29 4 34
-18 11 41
39 12 34
-6 56 60
16 30 48
-8 19 45
12 11 41
-40 11 33
43 22 35
20 -23 0
-28 -21 -15
76 -50 -64
18 21 44
-23 61 59
38 62 54
0 -26 -8
-66 -71 59
-44 56 49
2 -25 6
-39 32 41
-29 59 57
-28 45 50
-76 -39 -58
74 -40 -61
21 0 35
20 60 63
-9 -15 -53
31 -9 -69
-21 -4 32
76 -71 -65
-58 -9 -12
-61 -7 -3
-11 -23 12
63 -6 0
22 38 50
37 -18 -5
-62 -6 -22
-75 -59 -65
36 50 49
8 -18 -42
-14 -23 -19
26 -12 -55
26 -7 29
38 -13 -38
-56 23 31
-23 -13 -55
-48 18 32
62 -5 40
-71 2 -56
-1 -1 37
-23 -11 -71
69 -5 -7
-8 32 50
-46 -10 -41
8 -22 16
14 -24 -15
-66 -34 50
56 -9 -14
4 55 60
41 4 29
-48 35 38
4 -24 -24
-20 23 45
-17 -22 13
-47 -12 -27
-65 -24 47
-55 -8 -31
25 -11 -71
-5 40 53
-37 -16 -28
-5 -13 -64
58 8 23
48 35 37
74 -60 -64
30 64 58
30 -11 24
-65 -8 40
20 -15 23
30 -18 -26
12 -24 9
-40 -16 -16
9 -11 -79
-27 -20 3
-51 -12 -3
-14 -14 -57
53 -10 -22
46 -11 -32
21 9 39
-33 -17 11
-61 -5 -31
-65 1 -63
57 17 28
-14 60 65
-64 -16 44
63 -13 43
-55 -3 -61
16 -12 -73
-49 -12 -19
30 -16 16
-36 1 31
-27 -14 -45
-55 39 37
-35 41 47
26 44 51
-42 -7 -64
14 56 59
-35 61 56
42 54 48
-68 -43 51
-67 -51 55
-47 7 28
27 -21 -2
42 58 50
34 -19 -11
65 1 -54
-62 -4 7
-17 45 53
5 -26 0
13 -13 -63
74 -21 -54
10 -13 28
-68 -62 56
40 -15 6
-69 -3 -16
26 28 45
-30 6 35
13 19 44
-76 -50 -63
67 -2 -33
14 -12 -68
3 -17 -46
-17 -19 -34
71 1 -54
-27 -20 -26
-63 18 33
-9 -24 7
-62 -3 -41
-31 -12 -49
50 -8 -40
59 -4 -41
41 -11 -41
32 -7 -78
-38 38 44
-24 6 37
26 0 34
-56 -9 -22
51 -12 -12
6 20 46
56 35 35
44 -4 22
33 60 55
-12 49 56
-8 -26 -10
-1 -13 -66
39 -8 -76
4 -26 -10
-50 14 29
7 -8 32
50 48 44
48 -7 -48
-48 -6 -56
59 -8 -8
-26 30 46
-12 -25 -8
-45 -5 21
52 0 -72
49 -10 8
-42 -7 -70
8 -21 -32
47 56 45
63 -1 -47
32 45 49
-4 -15 -56
-39 -16 5
-3 21 46
62 2 -70
0 -8 33
32 -18 9
-31 -10 -64
-43 -16 -7
-14 6 39
27 -14 20
53 -4 15
-38 -11 -48
32 55 53
16 -14 -55
33 14 37
-49 -13 -11
-63 -6 -16
38 36 43
65 -5 -16
-43 -9 17
-15 0 36
53 -11 -2
2 43 54
-16 -17 -43
49 40 39
-50 -7 14
64 4 19
11 49 56
16 41 52
10 -4 35
-9 14 43
61 10 26
-11 59 62
30 -20 -16
-71 0 -31
52 9 25
60 23 31
-19 32 49
-67 -7 -8
23 54 55
28 -21 -6
21 -15 -46
37 -3 27
-60 19 27
-71 -2 -40
-39 48 48
46 -5 -72
20 25 46
-12 -13 -69
-57 32 33
-35 -18 2
18 -12 -64
-31 50 51
-64 6 22
-25 -16 -41
70 3 -47
36 -18 0
-28 -12 24
20 -22 -19
-12 -25 -3
-44 64 53
-23 39 50
-17 -23 -14
-1 57 61
29 22 42
-51 52 42
16 2 37
37 -8 -69
69 -1 -39
-52 25 32
-1 10 42
-52 -10 5
-43 -4 -75
-21 -23 -3
67 1 -45
-41 -13 14
69 -4 -25
72 -1 -49
-3 -16 26
38 -10 -52
-53 -4 15
-32 -6 27
-8 45 54
23 -23 -10
-25 20 42
-9 -13 -73
-38 -9 -56
54 -5 -47
-29 -18 13
-32 -13 20
-17 -16 24
-44 21 35
-5 1 38
52 25 32
-17 27 47
47 1 23
59 -6 3
-31 -18 -24
-47 -10 -37
9 -25 -2
-11 -18 -44
2 -12 -76
47 9 28
-59 9 23
-62 -4 -35
58 -6 -33
-33 61 60
-44 -12 -32
-31 -11 -54
-49 -10 9
46 -10 11
-47 41 41
25 -21 -15
-25 -21 -19
-20 0 35
50 18 30
-6 -25 -17
-54 -7 -37
31 -15 -35
20 -21 -24
-33 18 39
14 -24 4
-12 -11 30
27 -11 -60
49 -5 -56
-14 -23 -24
64 -51 54
8 -24 -16
63 -29 46
46 -13 -22
-25 -9 27
65 -59 56
-24 -12 -60
-60 0 15
36 -9 -60
18 -18 -39
-46 -6 -60
39 -14 11
44 -14 4
22 -22 5
30 -9 -74
-63 6 33
-40 -16 -23
-20 8 39
17 -16 -46
-60 1 -67
36 -15 -34
20 48 53
19 -23 -4
6 29 49
-36 -6 -76
36 -10 22
14 -20 -32
-60 14 24
-10 23 47
41 -16 -5
42 -9 -48
-12 -25 2
49 -4 -62
-52 -10 -28
1 20 46
8 -13 -61
-54 0 -71
55 0 18
19 -19 16
-20 59 61
-17 -20 17
-53 -10 -19
23 -12 -63
-30 -10 -75
16 -22 11
12 -20 19
67 5 -62
-2 -13 -71
-19 -23 4
-23 -18 -34
68 -66 59
-17 -16 -47
-40 -12 -41
1 -24 12
9 -26 -8
63 -4 6
60 16 31
-36 -7 24
-6 -23 11
64 -38 48
-54 44 39
-68 -3 0
-66 -7 -3
-24 14 41
55 -3 -53
0 -23 -26
27 -18 -31
46 62 50
-43 8 31
-37 -15 -32
-64 -6 -12
43 46 44
13 -15 -53
-33 -10 -56
-58 -9 -6
-19 -12 -73
-38 58 53
23 -8 -76
13 -22 -24
25 -4 31
-74 -9 -51
-39 64 53
30 -19 2
52 5 24
-60 -1 -56
68 -71 62
-57 27 30
66 -6 -11
25 -16 -40
77 -68 -67
51 -12 -8
34 30 43
53 -3 -62
-10 -24 -18
21 -9 29
65 -17 44
69 1 -59
-47 -14 -15
-17 -10 -77
-22 49 54
17 -24 -13
63 -5 -21
-69 -68 60
-2 -18 -44
-47 -14 -2
-16 54 58
-66 -4 -26
-35 12 36
45 26 35
-44 -9 -49
12 6 39
-50 5 26
-63 -1 -52
25 12 39
-68 -3 -9
8 25 47
67 -7 -3
61 5 21
-61 13 33
27 19 41
33 2 32
13 -25 -5
12 34 50
-56 -6 -41
41 49 47
30 -7 27
-30 26 43
-36 -18 -3
-47 56 46
-5 4 40
36 -13 17
19 35 49
-33 -19 -17
-24 -21 -23
-46 -6 -65
-28 36 47
49 -9 -35
25 -20 8
-78 -67 -66
-67 0 -45
-7 -21 19
43 -15 -9
36 28 41
-52 -6 -44
-63 -6 37
40 -5 24
64 3 36
-10 -22 -28
-27 -11 -62
-2 -11 -79
-68 -2 5
-49 49 44
-74 -26 -57
54 -7 7
29 -12 -50
-28 -3 31
-68 1 -59
41 62 55
-34 -9 -68
0 -19 21
51 2 21
-23 -16 21
78 -62 -65
35 65 56
33 10 36
63 1 -64
-50 44 41
21 -14 -53
-62 -2 12
-67 -50 52
-68 0 -34
-40 -17 -11
-40 19 36
-23 53 55
-31 -16 -35
-4 28 49
-77 -47 -60
52 -10 -28
31 37 47
0 -16 -48
56 -2 -70
16 59 60
77 -43 -62
-74 -6 -54
56 -5 -43
-53 -5 -51
10 56 60
-17 15 42
26 61 58
6 -11 -76
55 -8 -24
-12 -12 -80
40 -7 -71
-62 12 27
-27 -21 -1
38 22 37
-19 -21 -27
-43 -15 3
-22 -23 -7
-56 -3 13
-76 -62 -63
-5 -9 32
-5 12 43
55 -7 -35
-47 27 36
-57 -6 8
31 -10 -63
45 12 30
-3 -19 -40
36 -12 -43
66 -31 47
-74 -13 -52
66 -64 56
-68 -2 -23
33 -4 28
64 -4 -25
55 -9 2
-63 6 18
61 -5 -27
59 20 27
-52 -4 -59
-5 -21 -33
17 -23 2
-24 -11 -79
-26 61 62
0 -26 -13
38 -17 -20
0 37 52
-18 -13 -55
21 -20 -29
-1 48 56
-28 56 55
30 61 60
64 -24 43
4 9 42
-77 -33 -58
-28 -10 -79
60 -1 -57
-12 -15 25
-28 -21 -6
1 -11 30
53 15 28
-40 -17 -4
38 8 32
69 4 -52
40 -15 -28
3 16 45
-43 34 40
-60 -3 -47
