-25 -32 25
39 114 40
40 -99 -70
-41 -44 -71
-41 62 30
40 27 16
38 -100 14
32 -24 -44
-40 -100 12
39 -36 25
-18 114 40
-41 -99 -70
-19 -21 -28
-12 18 12
11 70 30
21 -9 -5
41 -55 -72
1 -37 -70
-41 -5 0
-41 -62 8
0 -37 -2
32 -66 8
4 -13 25
-41 28 28
39 -37 -13
-12 45 30
35 -2 26
40 57 28
-40 -37 -11
-41 94 36
12 100 38
6 -37 -35
12 27 28
-41 -24 -48
40 85 34
-34 -71 -63
-13 86 34
-9 -9 -4
-29 -1 26
-17 -37 -50
27 -34 -69
14 -37 23
21 12 10
40 -18 8
35 -76 -63
4 -18 -21
18 49 23
-35 15 11
8 -24 -52
-21 -37 3
-41 -20 -26
31 -19 -23
-19 66 28
-41 -30 10
22 -37 1
40 4 7
-28 -30 -66
-6 -37 18
-40 114 41
39 -46 7
-31 -37 -32
10 7 26
-15 -37 -17
25 -20 25
26 -37 -30
-31 45 22
3 4 6
-33 -81 9
-41 -17 24
-15 -15 25
-10 4 26
-28 -14 -13
-33 -47 15
-17 26 28
-24 1 5
29 17 27
40 -37 -56
33 39 29
13 -37 -17
0 114 40
-9 -24 -60
-2 32 17
20 -37 -51
29 69 33
-8 -24 -42
34 -83 8
19 85 34
40 -12 -9
2 55 31
22 114 41
17 -22 -33
-29 81 33
-41 11 27
-14 -37 -33
-41 -21 -6
29 97 37
-25 98 37
23 30 17
-2 18 27
40 -36 -37
3 86 34
-1 -37 -49
-30 30 16
-5 99 37
-24 -24 -45
-41 -2 15
-43 -58 -64
19 -6 26
8 21 13
-4 69 33
-15 -37 -67
24 -24 -57
-35 -37 -55
40 -21 23
-40 -34 25
40 -31 2
-25 14 27
7 -7 -2
-39 -85 -66
3 41 29
-4 -25 25
40 13 18
41 -39 -70
13 -30 -66
-41 -26 -63
18 -16 -17
29 -39 14
27 0 5
-9 -17 -19
40 -57 16
-28 56 31
-15 37 19
-2 -37 -17
-41 -17 11
38 -24 -60
-41 -36 -41
12 -24 25
9 -37 10
11 37 19
1 -22 -33
-41 45 29
40 -24 -13
26 -37 -16
-11 5 7
-41 -33 -26
28 56 31
-28 -18 25
40 -23 -34
34 -62 -64
-34 -37 1
-28 33 28
-28 -37 -15
-41 78 33
40 -6 15
-21 -8 -3
-41 24 16
35 -47 -63
-35 -23 -38
-41 38 19
38 27 28
40 73 30
-18 -37 15
-9 59 26
40 -31 -25
-21 -24 -57
-28 -37 -44
14 3 6
-8 34 29
14 57 31
25 5 26
23 33 28
18 -24 -45
19 -37 -39
36 -88 -64
-33 -69 14
32 18 12
-42 -50 9
-29 109 39
8 -37 -58
25 -35 25
1 -2 26
-31 68 29
-41 6 7
32 -37 -45
-24 12 10
-19 53 25
1 -13 -10
36 -5 1
3 -26 -62
-35 -50 -64
-8 -37 6
-12 -37 -4
40 101 38
-15 -26 25
29 -14 -13
33 49 23
-33 -24 -56
2 -35 25
29 -37 -58
-18 77 31
-36 -63 -71
-41 -16 -15
38 38 20
-5 43 21
29 81 33
32 -37 -5
11 112 40
40 -28 15
-32 -39 -70
-16 103 38
-30 -21 -28
28 -23 -34
-23 44 30
27 40 20
32 -50 15
-16 27 15
-14 14 27
10 -37 -48
11 -37 -2
36 -74 13
-40 -1 26
7 48 23
17 16 27
-35 -57 16
-2 15 11
39 -69 -70
-18 -5 26
-9 -37 -57
-36 -91 9
35 8 26
15 -37 -27
-3 -24 -51
-28 -37 13
-5 -37 -27
-18 -14 -12
-33 -9 -5
18 -37 -62
40 -29 -48
-31 21 27
35 -12 25
-9 -37 -43
2 28 28
12 -12 -9
-22 -37 -60
-42 -39 -63
11 12 10
19 22 13
21 65 28
19 74 33
10 -24 -40
-8 -21 -29
-41 -25 18
-7 -9 25
22 104 38
40 46 29
-37 102 38
-41 -30 -2
33 -27 25
-41 -41 11
25 44 30
30 9 8
39 17 27
-6 -31 -67
-19 5 26
40 4 17
-18 -28 -65
14 -15 25
-13 -37 25
14 38 29
-33 0 4
-41 9 16
-33 -26 25
-5 -3 3
32 108 39
-41 54 25
-38 -53 -72
40 -37 10
2 76 31
4 105 39
20 -37 15
-22 87 34
-8 78 32
34 -56 8
-14 -24 -51
11 80 34
40 -21 -1
-9 111 40
40 -18 -21
32 -37 5
-27 -37 -5
-18 -23 -37
-41 -25 -16
-23 -18 -20
35 64 28
-25 21 13
34 -92 13
-25 38 19
4 63 28
37 -31 -67
6 -37 -25
0 -37 -60
-36 86 34
-41 -28 -33
19 95 36
18 -37 -8
-3 52 24
-39 -74 8
-32 -9 25
-1 9 26
3 94 37
22 24 28
32 -41 -70
-32 48 30
7 20 27
-41 -33 -51
10 -37 -70
-33 -37 -22
-16 45 22
-41 -11 -8
27 89 35
10 -21 -27
-2 -37 -38
-20 -37 -27
-24 -37 -70
40 -48 16
-1 24 14
39 12 10
-5 89 36
-36 -37 17
15 -5 0
-32 -43 7
30 -10 -5
12 46 30
34 -37 -27
-7 25 28
-41 -21 3
-40 -76 -68
1 -37 13
-14 -2 3
32 27 15
-19 36 29
-14 94 37
-37 36 29
32 -62 16
34 -51 -71
30 -27 -64
-33 -18 -20
5 -37 -12
-42 -67 -64
13 28 16
-33 8 26
12 89 36
-19 -37 -39
-31 8 8
-11 67 29
32 -24 -52
42 -53 -64
20 -28 25
-20 58 31
40 -31 -7
31 -46 7
13 -24 -60
11 -7 26
-41 18 23
24 -20 -27
-38 -33 -68
39 -64 11
3 -24 -45
-38 70 33
-41 -9 8
28 -7 26
-27 -37 -53
29 28 28
-41 -8 23
-26 73 33
6 31 17
40 -15 17
36 92 36
40 -12 2
-7 -37 -10
22 57 26
-23 -24 25
-30 -37 -63
7 -37 18
-34 23 14
42 -44 -63
-4 45 30
19 38 20
4 -23 25
-42 -54 16
42 -61 -67
40 -37 -45
-10 30 17
-26 -23 -36
-14 54 31
20 -27 -63
-32 94 36
-19 -37 -8
26 -37 -39
-36 57 31
-8 -13 -10
39 20 13
25 -24 -48
-35 -58 -65
16 -37 7
7 -2 4
-8 -18 25
41 -48 -72
40 35 29
19 -37 -70
-37 -56 8
-35 -79 -63
34 -37 20
-30 52 24
-38 47 23
-41 -36 5
19 51 30
-36 -37 -46
40 -26 6
20 -37 -21
-41 -62 16
3 38 19
7 55 25
5 -37 -42
-43 -46 -64
-37 32 17
-34 -65 8
-27 -5 0
-11 52 24
-19 7 7
40 -6 7
38 -37 -21
-20 -37 23
-24 47 23
23 -12 25
-33 -37 -9
37 -21 -27
-25 -11 25
-41 -28 -10
-12 -37 -24
-40 -93 -65
5 48 30
-41 -36 -19
32 35 18
40 32 22
27 -5 0
25 -17 -18
24 12 27
36 -15 -14
40 -24 -53
6 34 29
10 -31 25
-35 -47 -72
33 57 26
-41 -15 -1
34 -64 -71
-27 63 32
39 -37 -4
-38 -37 -33
18 1 26
40 -2 21
40 -24 -42
6 13 27
-2 -17 -18
-24 27 28
33 74 34
35 -37 -51
38 -81 -67
-2 -20 -25
19 -24 -52
31 48 30
0 -37 5
-5 -34 25
40 -9 22
11 62 27
31 -37 -21
-31 -37 25
-40 -24 -56
11 -37 -39
-16 -18 -21
-4 60 31
-31 -24 -48
26 -24 -41
-34 75 34
-14 11 9
33 -70 -66
-41 -33 -60
40 24 22
-8 37 19
39 45 22
-8 12 27
-34 62 27
-7 -37 -65
-40 -46 16
40 -27 25
-9 24 14
15 -19 -22
40 -30 -57
-22 105 39
16 107 39
-41 -33 17
-13 73 33
40 -21 15
32 -37 -34
-41 16 14
-35 -43 -62
32 -74 7
-16 -37 8
-14 61 32
-27 -37 -26
-41 -1 6
-41 5 22
14 -37 -55
33 2 5
9 -16 -17
-9 105 38
-2 -9 -5
40 -25 -23
6 -30 -67
40 -36 17
-41 -27 25
20 -13 -10
40 -67 -63
-39 -22 -32
-5 -23 -36
40 -31 -16
-34 -37 -40
-22 -37 -21
-3 83 35
26 -37 6
13 44 21
-24 51 30
-40 -68 12
-16 -24 -45
28 63 28
-20 18 27
-3 8 8
6 -37 3
-42 -62 -70
39 -92 -69
35 -23 -38
32 -69 14
-41 107 39
-37 -70 -70
-8 -3 26
40 7 23
-12 -23 -34
32 114 41
24 18 12
34 -20 25
40 -30 -40
36 -39 -61
-7 -37 0
6 -37 -52
-41 -26 -39
25 -37 -7
-2 -16 25
27 -37 -50
35 -44 15
-20 94 36
26 46 22
10 1 26
-24 58 26
-33 29 28
35 -54 -64
-10 -37 -50
22 4 6
-25 -24 -52
-9 18 27
8 58 31
39 78 34
-33 -26 -62
-41 -37 -5
-33 39 20
-16 -37 -57
-41 -23 10
18 8 26
-21 33 18
-23 27 15
33 -33 25
32 -37 -13
-37 17 27
-35 -65 -64
3 -24 -56
-30 102 38
-36 -37 9
-37 -47 7
1 -5 1
-36 42 29
0 -9 25
40 -11 11
-28 -37 4
25 -2 26
34 -58 -70
-41 -14 18
0 -37 -32
11 -37 -10
39 67 32
-41 40 25
-41 33 24
-21 -4 2
-33 114 41
-3 108 39
-28 39 29
8 -23 -34
33 33 28
3 10 9
-15 -7 -2
40 -36 -29
19 -37 -32
-3 -24 -59
25 76 31
19 -19 25
-27 -24 -59
8 74 34
13 -37 15
25 -37 -63
-34 -12 -10
33 -35 -69
-23 80 34
31 -78 12
16 63 32
40 -55 8
-38 -84 12
-34 -5 1
40 -1 11
40 -34 -63
38 -69 8
-27 -37 -38
0 -37 -23
-35 -37 -15
7 -37 -64
-5 65 28
-34 -63 15
26 109 39
35 22 27
-8 50 30
-18 15 11
32 86 34
7 -14 -12
-26 5 26
15 22 27
39 106 39
38 53 24
-16 -10 -6
-16 59 26
19 -24 -39
-43 -51 -69
-1 57 26
-5 19 12
12 -37 -32
-41 -28 -23
0 -37 -9
-13 37 29
-37 51 30
-30 86 35
-41 -38 -70
36 -9 -4
13 52 24
38 -37 3
-41 -29 4
26 -29 25
-34 -19 25
40 2 26
9 -24 -46
-19 70 33
-13 79 34
16 33 18
-41 -52 -64
-29 16 11
-42 -57 11
4 -21 -28
28 54 25
21 -5 1
16 9 8
9 94 36
6 15 11
-12 30 28
7 67 32
-24 -12 -9
-18 -37 -2
19 -37 -15
-22 -37 9
40 40 28
7 -37 -19
25 -37 -24
18 29 28
5 4 26
8 5 7
-15 -24 -59
-6 -37 -21
-23 -37 -48
-41 -29 -44
19 44 30
-2 -37 -43
19 -37 -45
33 -56 16
19 -31 -67
-9 -30 25
31 61 32
-2 36 29
-8 14 10
-24 -37 -32
-41 -21 -12
-8 -24 -54
30 2 26
-25 113 40
-5 3 6
3 71 30
36 -75 -69
-21 -17 25
-33 -73 7
-25 -37 20
-9 -37 12
-3 -37 -55
-21 -37 -14
-14 8 26
-34 -3 26
0 -31 -67
-3 4 26
-24 -27 -63
40 9 14
40 -15 25
28 23 14
23 51 24
-38 -78 12
-30 -24 -42
-18 21 13
23 18 27
33 69 29
28 13 10
-36 81 33
26 39 29
-12 -32 -68
-33 -15 -15
40 -32 8
-14 -9 25
-37 -37 -26
36 -24 -48
33 102 38
16 15 11
1 100 37
-36 -95 12
-14 -20 -26
-15 109 39
38 -69 14
32 -42 -64
34 -12 -10
4 25 15
0 -37 20
-35 -82 -68
-26 92 35
33 53 31
-10 45 22
2 46 22
-39 23 27
0 -24 -39
-27 -6 26
-17 50 30
-24 -22 -31
22 -37 20
-17 42 29
7 -37 25
21 -37 -57
35 -37 -40
-13 -21 25
-12 -37 -12
-25 -20 -25
9 -18 25
-41 27 21
24 36 19
23 68 33
6 114 41
-41 11 9
36 -51 8
-15 -37 20
-24 69 29
40 -19 -15
24 82 35
21 -19 -22
22 58 31
7 42 21
-29 3 6
30 -21 -29
-14 20 27
-36 -89 -67
40 -17 -8
-32 -22 -33
35 82 35
-9 41 29
-31 58 26
-35 107 39
17 61 27
-38 59 26
4 -10 -6
-40 -37 -54
-20 -24 -49
17 -21 -27
24 -37 -44
-41 -10 3
-35 64 32
40 18 20
-15 -37 3
16 -33 25
40 62 30
13 -37 -65
-12 -27 -64
-41 13 20
38 -43 -71
-23 -2 26
-19 -34 -69
22 89 36
-32 -31 25
35 -86 12
-3 38 20
-34 -51 11
-41 88 35
-8 94 36
35 23 14
35 -96 10
1 -28 25
25 -12 -8
-41 99 37
11 -9 -4
-21 100 38
40 -52 13
20 0 4
23 99 38
-41 3 16
40 -26 -7
-41 -9 14
29 9 26
28 -13 25
-37 -37 23
-19 13 27
23 -22 -32
12 -37 -22
28 102 38
-41 -36 13
7 99 37
-35 53 24
-10 -5 1
0 50 30
9 -26 -63
-19 -37 -33
40 -29 -63
13 22 13
-41 -30 -16
-18 1 5
-39 -12 25
15 77 31
33 13 10
-41 -20 16
-15 -37 -42
-41 -33 -36
-38 -50 16
40 -33 -52
-16 0 26
35 -38 10
36 97 37
5 81 33
14 57 26
-39 -18 -21
24 -29 -66
39 -73 -63
36 -79 11
38 -62 16
-27 -27 25
39 -40 14
-18 82 33
-24 52 24
-14 -16 -17
-39 -74 -63
-21 43 21
39 51 30
9 39 29
-38 -8 -4
25 62 32
35 -41 6
32 -61 11
-36 -58 -72
39 12 27
17 68 33
-2 94 37
-28 -35 -69
-9 64 32
22 25 15
-8 85 35
-37 42 21
-22 -15 -14
-3 74 31
28 -37 18
-15 32 17
13 -24 -51
-20 30 28
38 -1 4
21 45 22
32 -50 10
-37 4 26
-3 -14 -13
-43 -57 -70
-30 34 18
-38 -79 7
-38 19 12
-12 -37 -63
-32 -41 15
-25 -37 0
32 13 27
7 -4 26
26 51 30
-9 57 31
-30 -37 -57
40 -7 -2
12 -1 4
41 -39 -65
38 -58 -64
13 11 27
-17 -31 25
40 -25 -29
-30 16 27
-41 -17 -8
16 -37 0
37 -37 -8
-41 -3 21
-41 -27 -29
-33 53 31
3 -16 -17
-34 -86 9
6 90 35
42 -48 -65
10 17 27
-33 38 29
-24 -32 -68
34 41 20
20 79 32
-34 -61 11
34 -81 -64
16 113 41
-11 -13 25
-38 75 31
20 110 40
18 101 38
-36 91 36
-18 90 35
14 -15 -13
-35 -24 -51
-41 83 34
34 -84 -67
25 -37 12
-34 4 6
29 74 31
14 93 37
-41 -31 -65
-9 -19 -23
-41 -44 6
40 -6 25
36 59 31
31 -17 -18
15 -34 -69
1 67 32
10 50 30
38 33 18
-37 67 29
-11 100 37
-26 -37 -65
25 94 36
37 -61 8
-28 -1 4
7 -28 25
35 -22 -33
40 -30 21
30 -44 13
-8 73 30
29 -40 9
4 -24 -49
28 22 27
-22 -29 25
-37 96 37
-41 -37 21
-37 -69 7
28 -24 -60
-1 0 5
40 94 36
-2 -21 -29
-40 -21 25
-37 -39 5
-39 -61 -64
4 -37 9
23 -37 -11
-9 -37 -32
-41 -23 -1
-11 -37 -18
-26 7 8
-15 70 30
-41 -34 -31
-11 -37 -70
40 -26 0
32 -3 3
4 52 24
10 -19 -22
33 -89 8
37 -53 16
30 -37 24
6 -24 -59
-21 -37 -65
1 61 32
25 -15 -13
-37 -72 14
1 20 13
7 29 28
-41 54 31
7 108 39
-16 66 32
14 72 33
-33 -42 -67
24 72 30
-42 -46 11
-25 63 28
-41 -28 -54
28 31 17
-31 -37 -51
29 -37 -9
-9 -37 22
40 -28 -33
