158 123 129
128 124 0
30 132 156
128 175 244
89 119 88
124 120 194
226 132 154
137 133 57
96 124 144
167 137 232
90 137 233
128 139 101
164 113 87
132 138 159
128 130 241
60 130 132
196 130 131
127 154 212
125 115 129
130 107 29
126 139 27
127 117 80
101 127 115
176 126 150
143 132 219
111 133 217
148 124 105
126 117 170
122 116 105
129 139 133
119 123 44
135 136 182
128 153 235
136 117 149
129 139 77
105 107 124
80 127 121
146 106 123
50 130 150
177 127 121
205 130 150
118 128 147
165 114 111
137 124 19
132 137 202
118 127 64
77 127 142
138 126 38
127 122 213
94 112 106
138 128 121
128 168 224
109 135 235
119 132 116
138 128 89
110 126 131
149 135 236
120 122 25
118 128 91
159 123 147
127 136 225
119 132 175
126 139 45
133 118 64
144 124 136
124 134 12
163 124 99
138 127 168
135 120 183
173 128 136
122 136 189
97 126 100
136 116 99
93 125 129
190 129 145
218 131 142
112 126 104
38 131 143
158 127 115
138 129 73
132 118 48
133 115 115
118 126 162
120 129 203
136 136 145
131 139 115
64 129 147
126 118 13
93 116 119
135 123 202
125 139 63
123 115 144
101 136 225
121 120 182
118 129 78
156 135 225
100 114 94
138 131 102
127 140 213
147 119 125
118 120 119
119 132 35
157 113 101
128 117 36
137 134 232
124 138 88
123 116 92
137 129 192
138 127 156
125 117 157
129 156 224
129 139 172
206 129 138
119 133 136
129 125 225
137 133 28
123 138 151
50 130 137
119 133 54
107 118 123
185 127 133
135 116 136
124 118 56
128 166 236
74 129 130
136 135 46
156 121 90
122 137 162
90 127 115
135 126 8
148 126 116
133 118 26
137 116 125
151 109 133
136 117 88
118 122 136
134 135 17
137 132 130
87 126 138
167 126 123
128 147 204
118 133 230
122 119 71
107 123 142
136 131 210
119 134 105
89 119 99
124 138 123
119 132 22
127 146 228
159 118 119
40 131 154
135 136 67
135 120 163
121 130 220
110 110 132
134 137 86
153 126 139
99 136 237
133 138 37
101 118 110
99 122 88
156 119 109
138 126 110
121 124 8
215 131 152
167 115 101
118 128 125
119 127 190
126 139 181
111 126 117
120 134 70
138 125 145
135 120 76
180 127 142
119 120 84
129 139 54
134 134 219
68 129 139
119 123 172
137 124 54
158 136 236
128 175 232
100 125 135
164 126 138
120 122 34
126 120 203
165 123 108
103 127 125
133 120 192
134 119 173
118 132 212
127 139 142
126 135 234
115 118 128
124 115 28
166 121 91
138 118 107
134 137 123
123 136 199
118 122 100
118 121 110
138 127 64
89 119 108
119 120 152
148 135 227
130 139 189
84 128 129
129 149 219
138 127 177
56 130 143
135 136 95
125 138 36
131 119 6
151 126 124
136 136 166
198 129 141
109 133 227
125 115 119
30 132 147
120 124 16
138 125 28
95 112 87
185 128 125
168 127 115
136 135 79
139 124 97
133 137 107
142 126 127
126 127 232
128 129 6
138 125 46
134 126 219
138 125 82
119 132 183
123 136 207
167 138 240
156 121 98
119 132 45
132 118 56
176 125 129
138 131 138
126 137 19
123 137 111
119 131 156
128 162 218
95 127 121
159 112 93
104 126 107
80 126 150
120 135 95
101 118 101
123 116 136
119 124 56
129 160 230
128 115 99
137 133 115
127 118 187
122 137 81
194 128 152
134 131 225
136 135 174
135 120 40
160 127 123
224 132 146
97 124 109
137 134 153
79 125 136
138 122 116
128 117 21
125 115 111
94 112 98
131 115 142
150 122 132
134 124 211
191 128 137
129 140 196
164 127 131
138 128 185
125 117 45
106 114 129
66 128 128
45 130 142
130 139 149
122 137 169
92 123 95
119 123 77
119 134 62
135 119 156
112 110 124
138 121 132
133 137 24
128 139 70
147 112 128
122 119 163
96 113 113
121 124 208
124 136 217
115 134 223
209 130 144
119 130 196
129 117 72
125 117 65
133 119 16
113 123 123
127 142 220
134 137 138
119 133 143
155 126 109
112 125 137
87 126 121
120 135 129
128 117 177
91 137 240
136 132 198
133 138 61
118 127 72
131 137 209
131 133 11
132 129 235
130 117 151
151 134 221
118 121 93
119 132 85
110 123 111
121 124 200
138 131 161
166 114 94
138 118 142
96 135 230
118 128 109
141 134 226
118 121 145
159 113 108
160 121 136
131 115 93
62 128 141
125 107 25
74 128 124
145 106 131
118 129 98
132 115 104
173 127 142
128 160 238
164 121 114
137 133 39
120 135 28
97 122 125
154 135 231
118 128 132
137 130 23
133 117 82
121 120 50
137 122 68
92 123 103
124 120 4
106 123 135
141 123 103
136 129 14
122 137 50
118 126 179
138 129 51
120 116 114
93 126 140
58 129 149
118 129 169
127 140 203
120 116 97
90 115 93
129 116 87
136 121 33
128 173 238
190 129 128
160 136 229
129 147 213
70 128 145
121 121 188
132 138 30
120 131 16
95 123 116
135 136 192
122 119 40
118 126 115
43 131 148
129 119 198
129 139 92
199 129 148
127 123 219
143 134 232
123 127 225
122 137 74
101 121 94
159 124 104
173 128 125
121 136 40
132 115 131
138 132 84
154 124 119
119 134 122
134 137 130
90 116 113
138 120 93
123 138 56
103 136 232
179 128 136
138 121 122
162 124 88
131 138 178
106 106 131
132 115 121
118 126 50
137 123 61
128 139 155
143 123 111
36 132 149
145 126 122
129 117 162
220 131 154
129 156 218
167 117 106
158 125 141
143 116 128
138 125 139
100 115 88
160 124 94
75 129 137
83 127 142
164 113 105
136 123 188
151 110 123
126 139 107
105 124 117
131 121 207
129 169 230
138 124 161
185 129 140
107 120 128
119 123 157
129 139 83
138 123 151
154 126 130
104 126 131
159 116 113
99 122 104
106 134 220
123 119 17
55 130 134
117 133 218
96 122 132
119 132 164
133 138 101
121 120 62
128 139 127
127 139 162
126 117 51
132 118 168
123 137 133
100 114 105
171 128 130
128 147 233
135 123 13
148 125 141
118 125 39
101 126 140
155 117 94
129 152 227
202 130 134
133 138 50
138 128 134
121 133 224
138 132 125
156 116 88
136 133 205
211 131 139
135 137 73
122 119 30
138 131 216
93 123 87
66 130 134
118 126 142
128 140 229
124 116 150
131 135 230
132 138 45
124 138 117
119 134 150
219 131 148
97 122 138
119 117 132
128 169 241
123 118 175
122 137 156
162 125 118
98 117 116
172 126 119
80 126 128
137 134 90
50 129 144
118 127 33
122 119 80
122 137 101
92 122 113
148 126 129
128 117 31
132 123 2
118 128 103
126 138 192
129 136 15
160 127 134
119 118 140
115 134 234
203 130 144
138 129 33
161 112 98
119 123 68
133 115 110
125 131 237
124 136 212
138 134 222
150 123 112
137 132 179
130 139 166
138 131 107
94 119 93
137 117 113
120 117 88
137 125 195
159 123 111
129 150 208
121 128 213
108 123 122
138 121 86
90 128 125
118 127 27
137 124 172
100 125 128
133 138 153
141 126 117
132 136 214
118 123 130
105 124 112
167 120 96
119 124 185
89 115 105
137 133 187
91 127 133
132 118 187
121 136 179
137 132 69
197 128 136
110 117 127
129 139 40
164 116 117
119 127 21
121 136 139
167 121 102
126 139 175
150 118 129
135 120 52
118 125 81
118 126 86
118 127 152
129 114 27
182 129 129
138 130 45
176 124 134
135 120 22
137 116 119
160 122 124
129 138 218
131 127 231
127 155 231
115 123 117
124 138 95
146 134 222
118 130 39
131 138 143
132 118 34
214 130 146
144 126 105
96 126 105
163 137 236
137 123 166
123 125 217
176 125 146
136 134 63
123 130 9
133 137 56
138 121 127
193 127 142
70 127 133
123 116 84
129 144 207
130 139 65
136 135 158
154 124 113
121 136 33
130 134 237
133 119 178
121 120 169
118 119 104
135 120 46
136 135 110
123 130 230
138 129 97
128 117 60
122 137 144
127 115 107
131 115 126
138 131 144
138 130 78
129 117 41
138 120 137
118 128 137
134 137 118
123 119 23
125 117 75
128 118 192
118 130 58
128 115 138
136 122 179
35 131 154
131 109 24
168 127 140
120 127 12
160 119 93
114 126 111
136 126 207
185 128 145
131 137 19
126 121 208
119 131 189
95 112 93
138 124 75
121 135 194
161 126 108
118 125 166
129 139 111
119 133 90
110 108 128
128 116 147
94 136 235
168 127 135
127 152 222
119 117 123
118 126 121
150 107 128
150 127 109
163 125 112
149 124 121
119 126 195
131 118 11
123 138 185
134 136 196
132 135 226
138 127 125
134 121 198
95 125 135
131 123 216
113 133 229
127 164 228
126 139 137
167 119 110
138 118 103
160 127 127
137 117 130
123 137 24
126 118 8
114 125 133
119 133 76
119 132 111
125 115 124
108 126 126
156 116 105
130 139 184
84 127 118
138 125 93
115 126 127
83 126 124
97 124 93
121 136 174
120 116 128
95 127 113
134 137 186
136 135 34
138 127 103
121 122 12
127 146 223
167 117 90
54 129 139
150 134 231
127 140 208
143 125 141
86 126 133
150 114 126
90 114 99
127 152 216
179 127 125
156 121 103
131 115 22
114 123 107
138 126 58
122 137 68
131 117 77
124 134 228
122 135 19
81 128 133
120 133 207
154 136 237
175 128 132
134 121 9
119 117 110
125 127 2
58 130 138
99 122 99
110 106 124
129 117 181
102 127 121
134 137 41
150 123 126
118 129 68
108 124 107
127 139 32
119 133 169
144 123 119
138 125 23
126 110 28
89 120 95
129 141 224
128 143 200
60 129 145
191 130 132
138 129 172
224 131 150
99 121 112
133 137 81
97 127 125
122 123 204
146 124 131
120 122 176
129 117 156
136 135 104
107 111 126
114 124 101
101 119 106
130 120 2
134 119 72
127 160 224
45 130 152
124 138 128
134 137 149
53 129 147
92 125 119
135 130 221
120 117 146
137 134 121
155 116 98
137 134 99
124 120 199
128 138 23
131 139 96
121 136 86
122 137 106
177 126 138
202 130 140
104 135 237
121 119 156
131 117 68
129 139 61
97 127 117
121 136 46
138 122 111
104 134 228
108 127 112
118 125 95
89 128 130
82 128 138
70 127 128
141 132 214
121 134 203
62 128 136
95 123 121
137 132 95
124 118 179
133 137 171
196 129 145
130 139 88
135 116 95
144 126 113
165 123 94
97 123 148
159 120 115
133 132 230
129 139 118
138 126 70
132 118 43
151 106 124
137 126 199
119 133 100
164 128 121
129 115 117
118 128 46
186 127 129
149 124 137
129 139 48
128 128 237
137 134 228
119 134 159
210 131 148
137 124 183
157 126 138
162 114 91
127 117 69
145 110 125
122 120 44
163 126 103
164 125 127
132 138 194
138 131 150
118 131 31
127 164 233
127 171 234
135 126 215
109 135 223
100 127 111
147 133 218
30 131 152
126 139 168
132 127 5
119 131 50
137 124 42
134 130 11
129 164 224
98 127 132
93 113 110
80 124 140
136 121 56
131 120 203
136 121 29
119 123 72
121 134 215
120 129 209
92 119 116
119 124 150
160 112 104
128 117 55
138 126 129
124 137 203
158 113 88
151 126 134
118 127 158
159 124 99
119 123 30
138 128 115
98 112 97
108 123 115
132 115 138
144 123 107
128 115 134
118 127 175
142 126 109
126 117 166
124 115 96
121 136 147
126 139 187
131 139 139
101 119 90
118 129 83
137 124 50
157 122 94
127 139 51
137 134 170
170 128 121
131 118 60
121 116 120
137 133 74
118 130 178
107 134 231
136 121 159
100 135 230
118 122 114
132 115 99
138 127 164
124 138 84
123 116 140
123 124 213
131 136 222
111 127 109
123 121 8
130 122 211
116 124 139
97 120 119
95 137 239
138 120 146
121 120 58
92 112 102
124 135 222
157 122 107
123 115 115
141 126 123
137 122 78
123 126 222
95 126 96
136 122 25
167 125 119
78 127 125
118 124 125
136 130 202
152 135 226
41 130 144
156 127 125
119 134 80
134 132 14
152 127 118
124 138 78
168 126 127
128 125 229
92 115 89
118 127 54
118 131 131
152 127 113
119 122 163
125 118 33
137 120 83
124 119 191
133 138 111
123 124 4
194 128 148
111 123 119
128 159 234
136 135 126
121 135 183
138 129 29
89 128 118
63 128 151
120 133 199
120 133 220
137 133 134
127 133 10
86 128 125
120 135 57
128 164 239
124 128 6
124 115 101
144 125 102
119 131 147
127 134 238
90 115 108
118 125 60
121 136 115
127 144 211
106 125 138
136 133 21
129 142 216
137 126 191
131 139 27
122 119 35
64 129 144
132 118 159
137 118 152
106 114 125
115 126 106
127 159 220
138 131 156
77 127 131
138 131 60
111 106 131
121 120 75
137 133 182
135 120 168
129 171 227
138 131 65
134 127 224
121 136 91
133 137 163
97 126 140
101 118 97
97 115 91
150 124 116
81 127 146
136 133 194
112 123 129
135 134 212
120 135 154
105 135 224
105 109 130
74 128 141
119 129 193
120 127 199
99 124 119
111 126 122
135 116 146
130 138 200
120 122 21
121 122 196
133 138 90
110 124 134
164 112 101
118 127 76
123 116 109
184 127 137
163 120 119
123 116 132
89 120 103
129 156 227
157 124 117
111 113 127
113 132 220
137 123 37
126 117 17
136 135 25
137 134 140
97 112 107
130 138 205
131 129 7
92 121 90
99 136 233
138 132 36
128 139 35
129 117 46
131 124 220
124 138 41
124 115 22
118 121 141
