-37 -4 20
45 -102 -60
50 94 31
3 -102 77
61 4 -33
-50 94 32
-73 -102 22
-43 -83 -59
70 -86 23
-19 -3 -61
36 -2 40
-6 -72 6
0 52 35
-61 36 -23
10 -19 -12
-61 38 50
61 46 4
-61 -16 -32
24 -70 -32
61 37 50
27 -15 -59
-6 95 38
1 -72 47
-3 11 37
-45 -72 17
34 -70 11
-24 1 -20
45 -4 3
-21 -69 -29
-56 49 14
37 59 32
-31 33 32
-52 -10 -63
-28 67 30
4 0 -38
23 28 29
-7 -14 17
-52 -1 -7
36 -17 -30
57 34 -24
-5 -40 4
20 83 36
17 1 12
-34 -17 -42
3 -97 -1
52 -4 -59
-55 11 -34
-11 -21 -30
11 -62 -10
-23 -3 42
47 36 26
39 -80 -50
-5 1 -5
25 1 -17
5 -3 -62
0 -80 71
-46 16 26
-66 -80 24
14 -4 41
-42 -18 -17
-50 70 27
45 13 27
-52 -4 37
-7 73 32
-29 88 36
1 -64 26
-11 -20 -4
26 0 -43
14 -20 -33
-8 31 30
-24 1 4
-26 -65 10
58 -17 -30
10 -26 8
50 -80 20
-10 -62 -13
-6 -16 -49
-42 50 30
14 -65 10
-19 0 -40
46 0 -19
16 64 31
-32 -81 -41
-59 47 -6
-45 -102 -54
-20 49 29
50 73 29
-24 14 30
52 -5 22
-51 -6 -44
-60 41 31
42 -17 -49
21 10 31
32 -4 22
-42 0 -27
-7 -7 35
47 -18 -16
20 47 33
-37 -2 -58
45 -1 -41
-53 -2 10
9 -9 24
0 -3 -21
-19 1 20
66 -102 26
61 46 21
32 95 32
8 33 35
28 -4 0
-37 4 35
12 -16 -49
-47 34 24
-4 1 11
-29 -16 -27
53 20 -30
-1 -56 8
12 1 -3
5 -80 -2
-28 -15 -57
37 -1 -57
-36 1 -9
35 76 29
59 44 36
14 -74 -20
10 95 35
16 -4 -29
55 41 -10
-40 81 29
-45 -17 -31
5 -32 -5
26 -18 -42
-11 -27 9
34 44 27
6 80 33
-39 0 6
32 0 -30
-33 0 -43
21 -1 -58
-62 23 -30
48 51 28
-5 -88 6
51 -5 36
-42 -16 -55
9 19 35
-7 -10 -63
2 -22 -25
30 -80 -39
-18 -18 -43
-60 -2 -33
-13 -4 -28
34 19 33
-15 62 31
-14 83 37
0 -82 57
-18 1 -8
-4 0 -52
21 -4 29
-33 -76 11
-9 -17 -17
13 0 -48
38 0 -9
-52 -1 23
-2 -75 35
-13 -60 5
-14 -73 -19
-2 -11 -37
9 6 33
1 -57 -5
-53 -4 -21
-16 7 37
43 -13 -62
13 -13 -62
42 -89 -59
-41 62 31
2 -20 -2
12 1 -18
52 -14 -41
-1 -69 -5
7 -15 13
-53 -82 18
-11 20 35
52 -1 -8
1 64 36
36 30 26
-37 21 32
34 0 10
41 1 28
2 -3 43
1 1 24
52 -4 -31
23 -73 10
-52 -17 -49
2 -68 15
-8 43 30
-37 96 33
-24 79 31
9 44 30
-1 -90 77
-26 -4 28
-21 26 34
26 69 34
40 86 34
-12 -3 3
-30 55 33
-20 38 33
1 -32 11
-16 -11 -54
-49 -2 -55
48 62 25
-7 -31 -4
47 -15 -27
24 -12 -32
-6 -17 6
45 0 13
25 0 40
61 -80 20
52 -16 -56
-50 58 26
-38 39 26
-19 94 38
26 57 33
46 25 28
-51 82 30
-69 -91 23
31 4 31
-55 40 41
-28 -5 -53
39 -78 16
-31 -4 -28
-11 -3 -17
8 -3 7
-16 0 -51
-20 -12 -32
-8 0 -41
36 -4 -19
-55 42 -15
9 -12 -39
-29 -4 13
-42 -5 -38
-38 -78 -50
-2 22 31
7 -63 1
32 -12 -49
4 -3 -11
21 94 38
10 55 35
-18 -72 9
-34 -5 39
-42 -5 30
-14 0 29
14 1 23
1 -24 -13
-44 -4 -15
16 73 36
51 -6 -49
-6 -79 -2
20 -3 -8
-27 -78 -32
-20 70 35
-62 48 5
0 86 38
6 -38 3
-11 51 35
49 84 28
28 37 32
-2 -88 -4
2 -77 8
54 46 13
42 -11 -38
-46 6 30
4 -15 -55
-2 -11 26
-54 45 23
-29 -6 -63
60 -5 -37
-48 -5 1
-40 -11 -63
4 -5 33
-28 43 28
54 40 44
6 1 -28
7 -14 -29
2 -49 2
-8 -4 22
1 42 35
-37 72 33
41 -5 -31
18 36 34
20 -11 -51
40 -5 -49
-14 -3 12
-8 -62 -3
5 -88 5
-43 -92 -56
22 -21 -28
-13 -1 42
-50 -1 -36
-29 -4 -4
3 -17 -45
-27 7 36
-41 -5 -47
40 68 32
-27 -19 -37
-35 -4 -19
54 43 28
-10 -12 -42
26 0 17
-53 -11 -37
19 22 34
32 -7 -63
15 0 -38
29 84 31
-42 25 25
13 -5 -56
8 -71 -13
61 14 -32
-49 -16 -23
33 -5 -40
-10 -70 -8
-3 -97 6
-2 -4 -31
-27 -4 -37
39 9 33
19 -67 -24
17 -3 4
-43 -17 -45
8 1 16
60 26 -29
36 -16 -56
2 -4 -45
-25 -12 -45
-19 -12 -63
-1 -73 24
24 -64 10
30 -5 32
7 69 32
-4 2 34
38 0 1
-5 58 31
-21 1 -31
34 -16 -40
8 -17 -20
11 85 38
25 -4 -27
-46 42 28
-10 -1 -59
52 -2 8
-4 -14 -29
1 -22 8
-44 87 33
2 -3 -2
20 -76 -27
60 39 -17
-56 27 -25
-34 -12 -32
-36 13 28
10 -23 -4
28 -5 -52
-20 -67 -21
-34 -16 -51
1 31 30
1 -40 -4
70 -95 23
7 -72 2
15 29 30
-20 -21 -30
-8 64 36
54 45 -2
-24 -4 -13
27 -4 9
41 95 30
-43 -4 -6
13 -4 31
-36 56 27
-2 -62 18
26 -4 -36
17 -18 -41
43 44 24
24 76 31
33 52 27
2 -11 -63
0 -17 -18
4 -19 -37
0 77 37
46 -73 17
-24 0 -46
44 -4 -12
16 -66 -17
-61 -11 -39
-43 -1 37
43 -5 33
18 4 38
-29 22 29
43 -4 -62
-48 -5 17
-11 -12 -31
-7 82 33
-38 -69 14
29 -20 -34
2 95 39
0 -69 39
54 10 -31
-3 -6 -58
-62 14 -31
30 12 34
40 38 30
-10 -19 -38
-62 47 19
33 -77 -46
-19 -4 35
-5 -3 -13
60 -15 -38
-42 70 27
-4 -64 8
3 4 38
-28 -75 -39
41 56 26
-10 -24 -13
-21 -16 -51
-38 31 31
31 -4 -12
27 1 -6
-11 -3 -6
-1 -77 63
44 -2 -54
1 -12 17
25 19 30
-62 7 -34
-32 83 31
20 -9 -63
17 -15 -27
40 -101 -54
4 -5 -53
2 -4 17
-31 -4 4
-6 1 4
-53 -15 -56
-48 50 25
-15 13 32
30 47 32
-67 -101 27
17 -11 -37
-35 0 14
53 28 -26
-44 -4 10
-10 8 33
-27 -74 9
-22 62 34
33 65 28
-20 1 11
31 24 28
19 -4 -42
-20 -76 -25
-15 -67 -14
-30 0 22
-15 32 34
14 13 32
-15 75 37
-10 89 34
-31 1 32
12 -3 -9
17 -4 -21
43 75 28
-11 -26 1
-15 44 34
4 -65 8
9 -68 -6
-49 -1 -28
52 -15 -49
53 -12 -33
60 46 -7
50 -1 29
46 -5 -26
52 -4 -39
-55 20 -29
18 53 30
0 -78 42
43 -5 24
-54 -16 -29
4 -63 -9
-34 -5 28
-35 -1 -51
29 -11 -38
-7 15 32
26 -74 -38
-15 24 30
40 18 27
-9 -33 4
-34 0 -33
-30 95 33
-31 14 34
-41 -17 -25
9 -4 -35
28 -16 -27
-5 -80 6
5 89 34
-10 -8 28
-2 -75 54
-56 45 0
-4 -4 29
-4 -19 -10
5 -17 6
16 -12 -44
-10 -22 -22
24 -4 22
-47 -79 16
-35 0 -1
-4 -102 74
39 -4 14
2 14 32
-47 -12 -52
21 40 29
-62 41 43
5 -11 -49
-32 47 32
-40 -85 -52
-43 -7 -58
61 48 11
25 -78 -32
41 48 30
52 -4 -16
31 31 32
-48 -17 -40
-10 -15 -58
-15 -68 4
-22 85 37
-62 42 -13
-45 0 22
-60 -84 22
53 46 21
40 -4 -4
-19 -3 -1
6 -55 3
-21 57 30
73 -101 23
-51 -5 30
39 0 -37
-21 0 30
-4 -96 -2
-52 -4 -13
-11 1 -33
-2 -67 32
15 -71 5
-19 -4 -23
-13 37 30
-25 30 29
54 3 -36
54 36 -17
16 -4 18
41 -82 -57
24 89 32
-20 -5 -54
8 -31 4
-10 -5 -49
42 -12 -54
-55 48 7
12 -6 -63
28 0 26
-3 -11 -53
51 -4 -2
45 -16 -34
-45 76 32
9 -21 -28
-30 75 35
-20 -64 6
61 44 28
60 38 41
3 1 6
-3 -53 1
4 26 35
-55 4 -32
-8 37 34
-39 -76 17
-4 -23 -18
30 -76 11
-3 -18 -41
22 63 30
-41 -12 -39
5 57 31
-2 -14 11
-29 0 38
11 -60 6
5 37 30
1 71 32
-42 -101 -61
42 0 7
55 49 6
8 -23 -17
21 0 -31
17 1 -14
9 -11 -54
-20 20 30
-8 -4 -24
38 0 -26
-36 88 30
41 -15 -25
-31 1 -14
10 -4 -25
25 51 29
-13 -4 -39
40 79 33
-5 -24 11
39 -70 15
20 1 -3
41 -18 -17
-3 -14 -59
22 -12 -41
-30 61 29
28 -2 -61
-6 50 30
-4 -20 -32
-44 95 30
9 -4 -43
-43 0 16
-31 0 -22
54 36 51
-41 0 -19
-4 27 35
-47 -1 -49
-45 -5 -31
-56 35 -18
2 -39 9
-17 -19 -36
-16 -15 -27
38 0 22
-58 -77 20
-17 -11 -38
9 23 30
35 -1 -50
-10 -11 -50
-42 -1 -53
1 -84 65
32 37 27
-13 -9 -63
-40 7 28
33 70 33
21 -5 -50
50 -14 -62
29 78 35
30 -4 41
-51 -75 19
18 59 34
-35 -76 -44
-48 -17 -16
-37 -12 -46
17 -15 -55
-28 -11 -51
16 87 33
-5 -4 41
-34 26 28
55 -77 18
9 12 37
-9 -70 -15
9 1 39
1 -79 49
-3 -4 -38
44 -96 -56
26 -16 -53
-24 -4 -27
-8 -16 -24
45 -1 -48
5 1 -17
3 -19 -9
21 -19 -36
-8 -3 8
-30 -69 14
34 82 34
-4 1 -27
7 1 22
25 1 5
-61 30 -27
4 -27 12
46 88 33
43 -17 -42
-46 -1 -42
41 -12 -31
39 1 34
0 -11 -43
11 39 34
-44 56 25
-35 -16 -57
52 -1 15
-30 -1 -58
-27 1 -8
22 2 33
16 79 32
29 -68 14
-41 16 31
-15 -4 22
19 -4 -36
-2 37 30
-19 -4 6
1 -84 76
9 73 37
29 -4 -19
-41 0 -33
4 -90 -2
-13 70 32
-5 1 -19
30 -11 -55
-28 -17 -45
-55 36 50
1 -97 74
-10 -65 8
40 0 -17
63 -85 23
-32 7 31
-24 37 29
44 68 26
-20 16 35
-17 80 32
-25 -10 -59
43 29 24
-43 36 29
45 8 30
-21 90 33
-7 -71 0
-47 89 28
9 50 30
-55 -5 -38
-71 -85 23
21 -4 13
-61 46 11
-9 1 18
44 0 -6
-41 -4 1
26 -8 -59
-5 -20 1
-32 -11 -38
-62 44 25
-33 -7 -59
-22 -4 17
-21 -15 -57
33 -4 4
8 62 31
-3 1 19
41 -4 -23
27 24 33
-5 -4 -46
-5 -21 -26
-17 57 35
-6 -66 -10
-48 0 -18
37 -9 -59
3 -96 6
-45 -13 -62
-45 0 -11
-13 -5 -55
-47 64 25
46 -79 15
-35 64 28
2 -71 9
20 1 -25
-19 -5 -48
-2 -63 -6
-54 43 35
1 -60 14
-26 -71 -32
-8 3 38
-41 -12 -31
-10 1 -2
-3 -67 22
6 1 0
-13 95 38
-4 69 37
-31 40 32
-33 0 8
-27 51 29
34 -83 -46
45 -3 39
36 89 30
33 0 16
-18 1 38
-7 86 38
54 40 36
-41 32 25
18 -63 6
-35 49 27
19 67 35
43 84 29
-14 -16 -50
19 -68 11
-40 45 25
34 -12 -34
56 -10 -39
31 -4 -26
-5 -38 -3
45 -5 -36
17 -1 -54
-8 22 31
-59 39 37
-53 -5 -51
-37 -5 34
2 -43 4
-26 19 34
30 16 29
-57 41 -9
8 -21 3
19 -2 42
-34 -82 -47
30 1 37
15 50 34
52 -1 -22
-38 -12 -53
-34 -5 -39
8 -14 -60
-39 1 29
-9 -10 22
-19 -11 -48
-12 -67 -19
-30 -13 -62
46 -5 19
-47 -7 -63
8 0 -53
-22 7 32
-46 -5 34
13 -13 -31
1 -84 8
-46 22 29
-26 -21 -30
-43 -4 -23
0 1 -13
56 -83 21
0 -78 -5
37 95 35
-35 79 34
6 1 34
-23 -16 -27
-33 35 27
36 -16 -50
21 -17 -46
-9 -65 2
-11 26 35
2 7 33
-3 92 35
3 49 31
-56 33 -25
-18 30 30
-57 46 29
-22 68 30
-26 70 35
9 0 29
-38 84 34
-24 -1 -56
-51 76 30
1 0 31
12 1 -31
42 63 31
-7 0 26
35 -74 16
40 -1 -43
15 18 31
14 -71 -13
-61 37 -17
-11 56 31
-56 -16 -35
2 35 35
31 55 32
17 0 29
-45 83 28
38 -84 -53
-45 10 26
10 -66 -17
24 34 29
27 1 -24
-36 0 24
-23 0 24
14 35 30
-21 1 -15
-8 -11 -37
36 -4 -33
4 -27 -7
30 87 36
-1 19 36
30 -17 -46
57 -2 -33
20 -4 35
-47 0 -4
-30 -5 -45
26 -69 8
-51 -13 -43
-17 -3 -15
-30 26 33
-6 -91 1
47 78 31
-24 -70 12
4 -72 -3
-27 1 9
9 -7 35
49 57 27
-9 0 33
20 31 34
47 -8 -63
43 0 -28
10 1 10
-3 -68 12
29 72 30
14 91 38
-25 -12 -39
31 0 -45
32 -6 -56
9 -19 -39
13 66 36
49 -12 -53
8 -29 -2
-13 -4 34
-21 -76 -31
8 -61 -4
22 15 35
-9 78 37
0 81 33
39 -16 -36
2 -16 -24
-16 87 33
49 -6 -54
25 -12 -47
13 58 31
16 7 33
-36 -4 -30
-12 48 30
-37 43 31
-6 -84 -1
61 43 -12
-6 -4 -63
-29 -4 -19
-8 -58 5
18 71 31
38 13 28
-45 0 3
41 26 30
51 -17 -31
-47 29 27
16 94 34
23 6 36
2 -73 31
40 -6 -55
-47 -1 31
55 15 -33
33 0 -15
30 0 -39
31 63 33
-2 -7 33
5 -5 39
-4 -34 9
28 58 29
-49 -11 -58
-10 -19 -10
-6 -3 0
-37 -4 9
-6 54 35
-16 1 0
-12 1 -14
-21 -3 -7
-7 -16 12
-24 54 33
-33 70 29
0 -5 -63
12 1 34
-34 -4 -13
-9 58 35
10 -24 -10
37 -14 -62
-5 -57 -3
-15 65 35
14 -69 -22
-47 -11 -38
39 -4 -13
41 32 30
-10 1 -27
-8 -22 5
10 -70 7
22 1 10
46 -5 10
-21 -4 -34
-30 -5 35
46 -15 -22
6 -79 4
60 29 -24
-5 -29 11
21 -4 -14
-53 -3 -3
1 61 32
13 25 34
22 -4 1
1 -3 11
-36 -6 -63
14 1 -24
-18 -4 42
38 -5 32
-22 32 33
38 -5 25
-11 1 6
18 0 -46
15 -11 -52
16 -3 -2
5 -34 8
40 -101 -60
-7 -4 -32
-26 84 32
37 71 28
4 21 35
27 -5 -46
-37 -17 -32
12 -66 3
15 1 -8
-24 -4 34
-25 1 14
6 43 34
9 0 -40
-24 61 29
-12 12 37
-1 57 36
-29 -12 -31
30 1 4
-23 -7 -63
-52 -2 -41
7 -65 -13
20 0 22
-52 -5 -32
0 -3 5
-3 -47 4
5 -9 29
26 -4 -9
4 -11 -38
