-25 36 49
55 -92 -71
-57 -16 -72
-55 -92 47
55 32 -47
55 -50 40
51 71 47
-11 -28 -4
-55 -92 -69
17 -28 -72
-57 32 -16
-57 -24 47
55 12 17
3 -21 55
53 -28 -27
-14 7 -44
-57 -26 -23
29 28 55
-56 31 -65
9 7 18
5 71 43
-53 72 44
-36 7 16
27 7 -23
55 -5 -71
54 -9 55
54 -92 48
55 -49 -68
32 -28 11
-22 -28 -58
-57 14 55
-55 -54 -62
15 -28 -33
9 7 -74
-48 -28 12
-54 -58 37
51 32 -12
-26 4 -76
-25 0 55
-57 4 -39
5 39 33
-13 7 -9
-25 -28 37
-57 32 25
49 41 33
55 2 -39
31 -28 44
-57 1 -9
0 17 55
-24 67 49
55 -6 -7
6 -28 27
55 -19 27
32 7 -56
-28 -28 -30
40 -28 -52
22 0 55
55 19 53
-51 43 49
-15 21 28
-57 -1 31
27 54 49
-47 -28 -49
-35 7 -26
52 22 -71
30 23 28
-6 -14 -72
30 7 4
-48 7 -64
-53 29 -40
14 -28 -9
11 7 -41
55 -28 4
31 -6 -76
-38 -28 -9
-1 -28 -49
-6 53 49
52 -27 -72
-35 29 30
-57 13 10
36 -28 -12
51 -70 49
-36 -25 55
52 32 10
55 3 37
-6 -28 -27
-26 -28 11
53 -30 49
-35 -17 -72
55 12 -19
51 -70 -71
-33 52 37
-47 -6 55
6 7 -17
-12 7 12
-57 -9 9
-53 -38 34
-56 -72 -72
-54 32 5
55 -14 -53
-33 7 -6
-34 7 -46
-57 -36 -72
-8 7 -63
-16 -26 55
-38 24 55
27 42 34
-57 -11 -52
18 -28 -52
-57 -23 -4
35 -28 -33
-54 -73 49
-53 13 -23
51 8 -58
48 52 49
32 72 43
-6 -1 55
55 -8 12
-57 -19 26
11 32 54
-15 39 33
-57 17 36
39 6 55
13 55 37
8 -28 8
55 23 31
-12 -28 22
-6 33 49
-20 17 55
-57 -8 -26
53 26 -30
12 22 28
9 7 0
37 -14 55
55 -11 -26
34 -24 -72
52 14 -1
-16 7 -27
11 -11 -72
39 7 -11
-56 -45 49
21 -19 55
27 7 21
41 -28 26
-39 -28 27
0 -28 -67
43 34 49
-40 62 49
-6 -28 38
13 -28 44
42 7 -76
55 -28 -43
-52 55 38
-46 -4 -76
23 -28 27
-25 7 -59
32 7 -39
11 7 -58
55 -22 -12
-57 29 47
-16 -28 -43
53 -34 33
-44 -28 -65
-57 -20 -38
42 12 25
-44 -28 -34
-40 8 55
-17 54 37
16 14 55
-2 7 -32
-45 15 26
-10 72 44
38 59 39
-29 16 26
-33 -28 -45
-57 13 -53
26 7 -70
43 7 -27
-47 7 0
-17 -24 -72
-11 1 -76
22 7 -10
7 47 49
-4 11 25
-21 -28 -18
-57 -25 -60
-16 -12 55
-47 42 34
-44 -28 43
-57 1 47
23 -28 -20
23 40 49
17 66 49
-53 18 -72
55 -11 40
53 -81 40
-5 48 35
55 5 50
-1 7 -49
-6 -28 9
53 -35 -61
-35 46 49
39 -28 55
55 32 42
8 2 55
42 -28 1
55 -5 26
-57 -13 39
29 -28 -60
51 -28 18
-24 -9 -72
-23 7 3
52 32 -62
-25 -28 -4
27 -28 -1
-57 -3 -65
-2 25 29
8 -28 -20
52 14 -44
43 -11 -72
-44 7 -38
-33 -13 55
39 32 31
0 60 39
23 -16 -72
-54 26 -28
-57 2 18
-19 8 23
-24 52 49
42 22 55
42 7 9
51 60 39
-57 -14 -14
53 -80 -65
-55 26 -53
-57 19 23
51 32 23
54 8 -72
19 -2 -76
-44 -28 -21
-28 40 33
-56 14 -8
-4 7 0
51 26 -1
54 -64 38
18 33 31
4 -28 -38
-40 34 49
29 -28 -44
22 7 -48
-3 -28 -14
53 14 -31
55 4 7
-48 -19 55
-34 71 43
51 -60 -63
15 7 -27
-26 7 -36
55 -1 -19
1 -3 -76
-35 7 -67
-31 -28 -68
-54 -59 49
12 -11 55
20 -28 14
24 61 39
-16 30 55
42 -28 42
28 13 55
-47 27 29
6 61 49
55 -16 1
42 -28 -64
-41 7 -16
52 -43 49
55 -23 39
-47 -28 0
37 47 49
-57 -9 -2
4 -28 -2
55 -2 -53
-16 -28 -31
-54 -81 40
-35 -6 -75
-6 -28 51
-57 -21 12
-57 26 -6
-14 43 49
38 46 35
-53 -34 46
-24 28 30
-25 7 -15
-6 7 -18
-57 2 -51
41 7 -49
-52 58 49
-8 -28 -58
-55 32 37
55 14 42
55 -18 -38
-36 -28 -56
-53 -62 -71
-54 -39 -61
55 -57 49
-54 14 -35
-15 7 55
-57 1 3
19 7 8
-43 7 -54
21 15 26
-56 -82 -65
-49 32 55
-57 26 14
-27 26 55
55 -17 -68
55 -24 -58
13 -28 55
7 -22 -72
-26 62 39
42 7 -64
54 30 55
9 -28 -58
43 -5 55
-57 6 -71
-45 -19 -72
-5 63 49
-53 -47 -70
-57 -24 -49
-54 -70 39
-57 -28 37
-16 -28 43
45 -28 -38
39 62 49
-27 -28 22
-42 7 -75
-1 7 13
42 -28 -25
-35 7 5
55 12 27
16 54 49
-57 -13 50
-57 1 -20
-56 -28 20
-54 -28 -13
1 28 55
-2 7 -73
51 42 44
50 7 -10
-57 -7 -42
-1 -11 55
-28 -28 46
51 21 21
47 -28 -14
-19 7 -69
49 -23 55
-41 60 39
46 7 -38
17 45 35
-57 -48 36
-36 -28 14
-32 14 55
24 -28 52
-25 7 13
-50 5 55
42 -28 15
-57 8 26
-25 -20 55
-57 -8 24
-53 -26 -72
-18 -28 3
-49 -28 31
51 26 -39
-22 7 -49
18 25 55
55 -8 -36
-31 -28 -20
-36 -28 1
-6 34 31
13 -28 -43
-9 22 55
2 -28 18
55 -21 11
30 52 37
-49 7 15
33 -4 55
15 -28 1
55 1 -29
40 7 -1
-14 7 -54
-44 7 -26
52 -37 -72
-57 18 46
51 50 37
52 32 -22
-44 72 47
-3 43 49
-15 62 49
4 -28 38
0 7 -10
44 -22 -72
4 7 -65
-49 7 -11
55 -7 -61
31 -28 33
41 69 41
54 -58 -72
17 7 -67
19 7 -36
55 -13 -16
55 3 -3
40 21 28
-47 16 55
48 13 55
-33 56 49
13 40 49
-19 -28 28
13 -28 33
31 -21 55
-9 -28 -70
-13 62 40
4 35 49
-37 43 34
-53 -28 54
13 65 40
4 16 26
-54 -28 -41
-56 14 -64
50 -28 -51
-56 -66 -63
48 -1 -76
-44 51 36
55 3 19
23 7 -58
24 -28 -11
23 -10 55
-37 -1 55
34 38 49
55 2 -64
52 26 -54
36 7 18
-53 13 -44
55 -20 -23
14 -28 22
-24 -28 -48
-57 -15 -60
55 -14 19
-30 8 23
38 30 55
20 -28 -62
22 -28 42
24 -28 -35
30 -28 20
37 7 -20
-56 -28 -32
-34 -28 35
-49 64 40
50 62 49
22 72 43
55 -21 48
51 -43 37
51 -28 27
13 7 -11
-25 -18 -72
-1 8 55
32 -28 -21
-16 7 -18
-6 -28 -37
-12 -28 -17
29 34 31
55 -28 -5
-16 -14 -72
26 -28 -69
4 -28 -29
-57 -17 -23
55 -8 -46
-11 -19 55
-11 7 -34
47 7 19
-44 50 49
32 5 -76
-55 -28 4
55 -3 46
55 5 -47
-18 -28 15
7 7 9
-4 -28 26
55 16 -66
-53 24 55
7 47 35
46 27 29
-53 -52 44
18 8 23
-57 10 -16
30 15 26
54 -78 49
-41 -11 -72
8 30 30
-44 34 31
55 32 31
47 7 -19
51 -34 42
-54 -83 49
-40 8 23
32 7 -4
-25 -28 -39
45 -28 34
-4 7 -41
-57 25 32
-57 9 -1
51 -72 40
-50 -11 -72
-18 -4 -76
5 7 -28
-2 -21 -72
34 7 -28
-57 -15 -45
-53 39 42
54 -68 -64
55 -22 -49
55 -28 -18
47 -14 55
-50 4 -76
55 26 -17
39 -3 -76
-16 30 30
29 66 49
-57 32 -48
-32 7 -54
55 -26 -35
36 14 55
39 -28 -43
6 -28 -11
-38 -28 -28
17 7 -1
-40 -25 -72
8 13 55
31 -28 -52
-49 -28 -58
-10 -28 -50
49 2 55
-44 7 8
30 7 13
-51 7 -56
-57 9 46
-57 -15 3
31 7 -14
-42 -14 55
-37 22 28
-57 32 -32
-57 -20 55
55 26 17
55 13 -52
-33 32 54
6 -28 51
-57 -40 42
20 7 -75
-55 -5 55
-25 -11 55
55 -7 1
-26 7 -23
-46 -28 -8
7 -28 -49
-48 -28 23
12 7 -49
55 22 43
-41 7 -7
-57 8 -29
-36 7 -37
-15 53 49
-8 7 -26
-54 22 -65
22 52 37
55 3 28
16 6 55
51 -57 37
-12 11 25
55 12 8
15 -28 -25
9 -28 -67
-9 14 55
0 -28 -58
-57 9 36
-22 -28 -67
51 -85 46
-53 -75 -64
-21 16 26
23 -28 6
-49 8 23
-41 -28 -41
-57 -21 34
-44 -26 55
-18 -4 55
-16 7 -1
-36 -28 46
-9 -8 55
-53 47 42
-21 70 42
-2 72 46
32 -13 -72
-57 -54 -70
43 52 37
-5 66 41
-6 19 27
55 -77 -72
-22 48 35
-28 -28 54
-18 7 -37
45 -28 50
-9 -6 -73
55 13 -9
23 27 29
55 25 -63
55 26 6
18 33 49
-53 -33 -66
55 32 -35
-53 26 21
28 7 -32
-28 -28 -54
-57 -13 -32
46 -28 -5
55 -10 32
17 7 -17
-17 -28 -9
-57 -4 41
35 7 -68
-57 -13 30
-57 -14 16
-10 -28 32
-52 7 7
-57 -7 -71
55 32 -5
1 -28 5
-28 -28 -12
27 -28 -28
-11 7 -70
-26 44 49
-57 11 18
55 -42 -65
38 71 49
23 61 49
-53 -83 -72
11 7 -33
-14 -28 -64
-34 64 40
11 11 25
55 2 -11
-53 -66 46
-57 -46 -62
-13 46 35
-53 26 -20
51 36 49
2 7 21
-56 32 -58
2 -9 -72
11 71 48
48 16 26
-43 43 49
48 -28 -58
13 -4 55
-57 -22 -16
-25 7 -4
25 -9 -72
30 5 55
4 7 -56
34 22 55
-17 -28 -52
-34 7 -14
10 -28 16
47 7 -2
51 -13 -72
31 7 -47
-15 -28 -24
-17 34 49
25 47 49
51 10 -65
32 65 40
-57 -28 12
8 -5 -76
-6 56 38
52 -88 -65
-54 32 -24
51 8 -27
-25 11 55
49 7 10
-34 3 -76
16 -17 -72
-8 7 18
-42 30 55
36 -28 -58
55 -17 -6
4 7 -38
-57 5 -64
-55 -28 27
7 24 55
-57 -3 -36
39 7 -57
-16 69 49
20 7 15
21 -28 -44
55 14 35
34 -28 -2
-6 -28 -44
55 -12 47
-7 -28 2
-57 -6 -58
-2 -28 45
1 -28 32
-48 64 49
26 1 -76
-48 -28 -28
35 -28 5
25 22 55
-33 37 49
22 32 55
-57 31 54
-37 15 26
55 -24 -66
-57 1 10
32 -28 52
47 29 55
41 -28 -71
12 -21 55
-57 1 -27
-6 -28 18
7 60 39
55 26 -10
55 -17 -60
-25 -28 3
-54 32 -2
28 33 49
-57 5 54
-52 34 49
52 32 2
-50 -28 38
-55 26 2
-53 32 12
-53 28 -11
-52 14 25
-8 41 33
4 53 37
-35 36 32
55 12 54
-40 69 41
-44 -28 7
-50 7 -30
13 -28 -16
-44 -28 18
-57 23 40
42 43 49
-32 -5 55
55 -1 12
-1 57 49
5 7 -46
3 -3 55
51 -63 44
28 7 -63
-30 5 55
-33 68 49
-51 7 -18
-20 -28 49
17 -7 -72
34 38 32
-9 25 29
-42 7 -61
-56 25 -70
-23 7 -42
52 28 -68
51 -45 -72
-57 -62 42
21 39 33
45 -28 -46
38 -28 32
9 54 49
-19 7 -11
13 38 32
46 64 40
-57 -88 42
36 56 49
-57 -5 -11
-53 -2 -73
46 7 -71
39 -28 -19
-11 -21 -72
55 -15 -46
-57 -6 47
-40 0 -76
18 -28 49
33 -28 27
-19 7 16
-52 38 32
17 60 39
51 -74 -65
-52 47 35
-25 53 37
51 -52 45
13 3 -76
51 56 45
51 -50 -62
-15 7 -76
-25 -25 -72
44 72 46
31 59 39
34 10 24
48 34 31
55 10 -39
51 32 -30
45 7 -54
1 -28 55
-25 34 31
-53 52 47
55 -1 55
-44 7 -48
-35 -28 -62
43 -28 8
-26 58 49
-57 1 25
55 -17 34
-57 -6 18
55 -1 -45
-57 -19 -30
-54 -28 -2
-57 -16 -6
-57 -10 -20
-5 -21 55
-2 7 -24
-7 7 -56
55 -6 -14
51 26 -48
55 -4 38
-18 24 55
55 -55 -66
-20 -28 21
1 44 34
31 -12 55
55 -18 -30
55 -7 19
-40 17 55
47 -28 -31
23 -28 36
52 32 -53
23 -24 -72
52 2 -72
-53 27 -59
55 7 -32
-38 -8 55
49 20 55
-13 0 55
5 7 -5
-57 -16 45
55 5 -22
55 6 13
-39 7 -1
-48 -28 -39
-40 -28 37
-22 -28 -28
-32 -28 -36
34 -28 38
-41 7 -31
-44 3 55
-57 5 -46
39 -28 47
4 -16 -72
4 -14 55
-8 7 -48
2 7 6
39 -22 55
55 -17 54
29 -20 -72
-30 -28 40
-20 4 55
-48 20 27
55 18 26
-56 26 -46
-10 32 55
-23 32 54
1 34 31
54 -26 55
-30 7 -72
5 69 49
55 -28 12
-57 -60 -67
-15 7 6
-57 -24 -67
55 -90 42
36 -28 19
55 6 -53
-32 -28 -3
55 -7 -20
-15 7 -62
-25 -3 -76
-19 47 49
-41 -28 -51
-35 -28 -15
16 7 -54
-57 -20 -56
-14 -28 8
10 -28 -3
-57 -8 35
-45 -28 -14
10 7 -66
53 14 -72
49 -28 2
55 -29 40
-27 7 -30
36 -28 -26
-57 5 -58
-53 -45 43
12 19 55
-56 -32 33
52 32 17
-52 7 -4
-24 11 25
-50 32 31
15 71 43
51 -36 49
35 7 9
55 -23 0
-49 -28 49
51 -82 -72
23 -28 21
42 41 33
-14 -28 49
14 28 30
-57 -28 -8
37 -7 -72
-12 -28 15
-52 -28 -20
-57 32 -9
-44 24 55
26 7 -39
-28 -28 -60
-46 -25 -72
35 7 -62
-36 -28 20
-53 -34 40
7 41 49
-43 -28 49
51 14 21
7 1 -76
-57 -39 48
-57 -75 40
-7 6 -76
51 -20 -72
-53 11 -70
53 14 -25
55 -73 45
-28 72 46
51 -34 -67
-53 -68 -69
48 7 -43
55 -56 42
12 7 -20
50 -28 -21
51 13 -14
50 69 41
-57 -52 48
24 20 27
27 72 48
55 -42 44
-30 45 35
52 33 37
49 44 49
32 29 30
-53 26 9
53 -64 -72
15 -28 -58
32 -28 -39
-31 7 -40
24 7 -18
-57 -1 -46
21 -28 -1
31 -28 -10
-3 7 -60
40 -28 -5
4 -28 -54
-57 -18 -66
55 -11 7
-25 -28 -22
-5 0 -76
-15 -28 -58
44 65 49
48 -28 39
24 7 10
42 54 49
-18 -28 -38
-30 -28 17
25 -28 -49
13 60 49
3 -28 -17
-43 57 49
-53 -28 -52
10 -28 -36
-57 -13 -39
-7 7 -11
-20 -17 55
19 -28 -13
55 -12 25
55 -22 22
-57 6 13
-53 -87 -65
51 26 -23
-29 68 41
33 -28 -68
-53 65 45
-56 26 -33
-53 13 -59
-46 33 49
53 32 -41
55 8 -6
55 -25 29
-55 -42 -72
-5 31 55
21 67 41
51 21 -65
50 -29 -67
2 67 41
-57 -41 -66
-18 65 40
16 19 27
55 -49 46
-57 -70 45
38 27 29
-38 48 36
