149 100 107
78 228 184
87 28 187
87 27 59
176 190 165
78 124 43
78 140 152
165 49 172
168 29 61
176 116 37
88 72 109
153 130 164
117 187 163
145 229 183
129 118 61
89 75 162
114 109 138
166 60 95
151 87 150
92 108 83
176 110 77
117 149 153
78 181 161
78 102 129
175 114 139
149 165 157
110 222 173
89 51 83
176 224 175
116 103 106
109 113 36
146 200 166
175 149 153
145 114 139
104 80 137
103 124 163
144 112 36
166 79 118
87 206 170
148 107 80
164 27 189
102 165 168
91 51 175
176 103 109
160 120 57
99 119 59
131 90 136
80 101 104
120 106 82
89 117 145
166 70 161
104 96 156
162 45 77
132 130 151
160 102 127
78 115 65
99 104 122
127 168 158
151 107 159
170 169 160
132 217 171
104 91 93
78 160 156
87 91 143
170 90 141
166 131 148
126 122 41
104 85 113
164 209 171
130 103 120
97 152 154
97 188 165
156 182 167
137 149 156
113 126 146
151 82 132
156 147 153
88 86 124
165 103 94
125 229 184
108 203 167
136 184 164
134 105 95
97 228 184
96 134 149
143 123 51
104 102 71
90 37 73
162 229 184
104 142 166
176 120 54
98 103 104
158 122 40
116 92 144
127 201 169
148 130 148
92 112 37
90 60 98
151 93 92
112 124 48
153 153 168
113 114 67
145 113 66
128 116 144
99 100 139
91 170 158
150 217 174
146 96 134
154 90 118
160 113 143
102 112 152
176 103 125
161 111 70
115 104 122
166 86 156
109 106 92
79 218 172
162 70 107
112 173 159
78 106 88
158 99 143
134 106 135
78 195 167
133 112 74
161 196 165
98 124 42
91 37 178
96 217 171
165 158 155
166 37 180
176 204 167
147 104 122
90 61 165
105 92 129
104 84 150
79 124 148
165 88 129
87 103 116
90 111 69
88 123 52
79 113 138
133 100 108
91 87 156
161 103 112
154 120 155
172 115 66
152 88 105
153 169 169
118 210 171
162 222 173
79 112 37
108 138 150
92 108 133
161 108 83
163 61 169
106 161 156
149 105 93
91 103 94
140 93 144
123 99 136
88 226 175
139 173 159
105 98 83
80 110 77
104 116 141
132 112 37
127 142 154
104 178 169
120 102 94
176 103 97
176 135 152
109 109 80
164 112 36
165 53 85
166 36 71
86 148 155
176 122 147
113 229 182
117 118 57
154 109 134
125 157 157
138 160 158
91 96 133
170 124 45
169 105 134
136 106 83
154 97 80
170 181 161
102 113 70
96 199 168
102 154 166
140 137 153
152 104 69
138 208 170
139 122 40
154 141 162
78 120 54
176 159 158
122 177 162
104 107 132
98 89 141
105 98 114
136 227 176
119 114 39
147 187 162
173 105 87
167 141 154
92 80 115
159 89 138
137 122 147
165 96 150
123 221 176
157 173 159
102 83 125
127 123 52
154 97 156
101 124 148
102 91 104
78 170 161
176 213 172
88 116 60
119 135 152
158 123 145
147 152 154
108 193 164
91 180 163
87 190 163
152 80 142
113 98 134
127 190 166
107 150 156
123 113 71
149 119 58
105 102 148
157 135 150
96 161 159
141 100 114
175 228 184
154 207 170
105 212 172
132 98 144
102 132 157
151 111 147
92 99 146
154 91 128
137 194 167
102 172 159
87 130 150
118 197 167
95 142 154
151 226 176
119 107 130
155 112 38
78 100 117
170 100 118
153 124 49
102 225 175
122 100 116
170 99 142
103 105 159
144 108 132
168 103 103
149 89 139
157 101 100
118 115 144
108 182 161
140 218 174
115 158 158
138 116 60
141 101 100
126 103 103
91 101 125
87 123 41
108 103 102
114 121 40
102 107 86
78 204 169
148 176 160
142 111 75
167 121 144
124 124 145
156 156 157
148 99 142
127 107 88
92 33 65
89 103 107
149 120 39
120 91 135
108 120 57
87 216 173
130 177 160
126 110 136
170 96 134
105 94 146
103 114 161
149 121 144
96 111 141
138 102 128
118 166 157
153 103 115
125 90 143
100 108 77
105 90 120
97 208 170
162 78 158
156 98 134
159 164 159
136 115 140
89 45 76
107 101 126
149 141 154
153 194 167
88 228 184
168 121 54
127 102 129
90 57 89
89 156 157
103 100 96
101 123 51
81 102 95
89 68 101
86 138 150
96 100 112
78 150 154
153 161 165
155 116 64
106 120 43
107 89 139
103 141 158
94 29 183
160 28 63
105 121 156
165 115 62
151 103 150
152 116 162
141 103 90
170 196 165
85 100 141
127 210 169
99 180 161
134 121 46
167 108 76
153 112 73
164 185 164
157 106 89
87 199 166
164 28 181
165 149 153
136 96 134
85 164 159
104 133 165
128 109 80
110 119 146
116 109 74
113 100 113
139 131 148
85 90 136
151 97 123
169 119 38
100 116 40
168 111 141
122 114 63
106 186 167
79 225 175
162 124 47
133 226 184
153 228 184
163 77 110
85 104 132
113 99 142
154 129 153
166 65 101
87 110 140
176 108 134
134 115 67
149 103 130
86 104 87
134 121 55
95 116 64
78 118 144
112 107 131
98 105 93
176 174 162
105 131 148
151 94 112
88 44 176
119 124 44
79 188 165
151 94 99
154 105 141
92 79 156
90 94 152
82 212 169
154 99 88
152 176 169
164 110 135
169 225 180
144 213 170
151 84 122
135 201 169
98 95 133
128 103 113
121 97 144
162 43 176
123 101 124
164 103 120
169 219 172
119 228 178
105 228 181
86 104 100
108 103 118
138 100 120
154 93 146
167 203 167
133 138 150
92 68 162
160 180 161
104 109 143
105 114 63
154 112 155
85 173 161
94 27 61
166 86 122
169 105 126
82 121 49
143 144 154
152 150 161
151 86 113
145 159 156
157 202 166
102 194 167
145 223 178
85 116 40
112 144 152
172 129 150
115 101 99
141 180 163
82 104 123
132 154 157
89 57 171
132 162 156
116 203 167
112 165 159
96 105 128
84 100 110
170 210 169
127 149 153
164 100 138
126 135 150
82 106 82
135 89 141
83 111 70
158 213 172
148 101 99
134 101 101
164 170 158
115 181 163
151 126 159
94 121 47
134 168 160
138 115 37
114 215 173
105 86 131
86 108 76
154 134 158
119 128 150
92 123 145
162 93 144
155 189 163
159 224 179
91 89 137
119 121 51
125 184 162
171 112 72
166 175 162
127 102 95
93 193 167
92 90 127
147 124 45
166 90 136
78 133 151
130 196 165
154 104 77
108 110 71
119 142 151
148 108 138
162 96 133
128 224 179
102 96 124
89 34 184
103 108 65
176 121 44
79 106 136
110 115 140
115 106 89
103 144 152
83 154 157
164 34 64
103 219 172
129 99 135
102 90 152
166 55 169
112 90 135
176 183 163
95 226 176
171 118 60
167 164 157
104 80 143
176 102 116
81 118 60
144 125 149
105 97 89
122 217 171
164 100 145
154 108 83
170 154 157
143 120 144
139 108 138
103 150 161
139 90 135
145 170 161
160 140 153
128 112 67
168 106 83
102 92 112
145 206 168
150 183 168
123 100 109
98 110 135
143 103 106
119 113 138
156 100 108
154 85 137
105 98 104
171 105 94
116 222 176
154 118 147
143 190 166
143 108 83
163 58 90
157 100 119
155 105 127
114 131 151
134 143 154
106 175 162
107 111 136
158 121 51
95 101 98
84 116 65
85 184 164
130 118 41
162 90 151
96 95 145
139 155 155
79 118 41
102 118 149
109 156 155
104 160 164
103 166 160
108 100 138
106 123 145
176 141 154
147 105 86
162 67 165
103 156 155
171 117 145
153 181 161
170 135 150
109 103 108
105 103 77
163 48 84
84 222 173
156 219 172
78 101 110
166 114 68
112 116 60
96 117 145
154 110 65
134 100 116
110 211 169
171 112 37
137 214 170
90 27 66
112 198 165
164 118 41
94 128 150
103 206 168
125 113 36
93 106 89
84 96 134
166 100 108
132 206 170
93 100 119
118 172 161
124 196 165
166 42 73
84 118 142
130 122 144
85 119 55
170 187 162
89 212 169
175 165 157
91 46 82
93 220 175
116 102 128
118 122 144
129 222 173
119 155 155
110 105 85
103 172 169
101 103 116
158 111 76
162 104 87
93 119 54
103 84 119
124 118 57
102 136 150
83 225 180
92 111 75
154 82 147
159 129 147
141 99 143
141 119 55
153 99 128
93 204 167
153 124 42
82 145 152
92 136 152
164 33 185
103 99 130
156 113 138
126 128 150
154 161 159
112 188 165
139 226 184
105 107 152
164 103 132
122 203 169
104 104 140
151 92 133
151 96 150
84 125 146
154 98 96
151 136 164
140 114 69
91 162 156
151 146 166
115 108 83
148 135 150
143 165 157
120 101 103
162 101 103
109 227 177
130 182 164
155 141 151
102 86 137
147 194 164
149 147 153
155 105 95
102 86 144
132 105 126
93 121 40
154 91 153
176 195 167
90 77 110
105 118 38
172 109 138
136 177 162
149 211 169
136 108 77
136 106 89
119 89 140
96 113 71
162 63 98
104 199 168
107 169 158
95 173 159
144 116 61
103 127 153
113 122 54
127 100 140
154 98 104
91 82 121
88 28 181
92 187 162
165 136 152
141 228 178
145 105 127
140 203 167
123 110 77
173 121 49
123 163 159
172 100 105
135 220 175
171 200 168
101 100 108
153 121 163
176 117 62
153 94 86
161 119 146
91 103 131
104 148 167
107 95 133
148 111 76
89 100 137
88 36 68
87 142 154
148 120 53
162 216 171
132 111 141
144 105 96
104 100 120
104 185 162
139 104 133
171 125 146
92 68 106
164 126 146
146 220 172
176 103 131
135 100 139
120 119 38
171 144 155
126 124 46
153 151 154
92 29 188
165 28 66
165 191 164
154 102 83
120 107 88
103 105 126
98 104 133
106 121 49
114 137 150
150 114 139
110 117 40
174 107 81
164 75 162
89 66 167
91 89 150
119 226 184
160 154 154
153 123 148
171 100 113
147 103 115
146 93 144
154 130 148
102 95 99
126 111 141
150 156 157
124 172 161
98 113 36
176 111 71
176 119 143
159 107 137
164 226 176
175 228 178
143 121 45
166 100 115
93 90 143
92 113 138
151 199 168
143 101 124
86 100 121
149 100 137
123 119 143
132 187 163
132 123 41
114 89 140
103 112 38
123 146 155
105 99 144
103 87 108
81 166 157
145 118 41
113 100 118
167 214 172
92 103 113
168 229 183
162 83 119
135 94 145
169 102 97
84 203 167
139 168 160
145 90 136
102 98 78
154 97 116
78 112 70
156 91 134
96 166 157
151 88 145
137 103 110
134 127 147
126 214 173
93 150 156
151 86 128
88 124 46
118 106 136
91 51 88
154 92 106
164 53 174
143 150 156
136 123 51
154 118 41
86 105 126
109 92 144
176 219 172
109 102 97
81 176 162
100 113 65
165 62 165
160 28 186
118 112 69
129 94 145
82 193 164
93 103 103
103 102 86
155 101 138
158 121 45
151 116 151
86 109 134
102 98 151
126 92 134
154 100 147
98 222 173
82 128 150
103 105 95
176 209 170
101 184 168
166 124 42
88 92 129
128 106 135
141 115 144
132 110 136
97 108 83
153 120 53
115 103 94
128 100 117
128 100 107
117 116 64
103 109 71
78 103 99
105 101 156
169 94 145
84 114 139
154 102 158
133 211 169
99 147 155
92 228 180
158 104 123
150 113 36
153 174 162
87 97 145
155 223 177
150 116 144
133 173 161
158 103 105
103 89 99
100 120 144
176 104 91
152 100 74
122 102 129
130 119 56
154 107 146
151 90 124
115 114 36
103 81 131
102 120 160
102 190 163
171 224 174
153 104 123
140 186 162
163 82 155
154 145 160
95 92 134
102 144 161
141 196 165
154 85 117
94 118 60
159 114 65
80 201 166
108 103 131
150 114 63
116 192 166
106 223 178
143 89 141
149 109 70
126 104 125
158 107 132
89 114 64
96 139 151
88 125 149
138 103 116
91 117 37
112 105 126
97 196 165
92 41 76
107 142 154
164 48 177
166 101 125
161 202 169
86 180 161
156 109 69
164 90 124
92 60 93
158 160 156
159 113 36
167 107 88
103 104 100
152 157 164
136 117 145
138 190 163
91 146 152
103 119 55
120 183 164
99 203 167
99 129 147
147 180 163
149 171 158
165 27 58
144 175 162
116 100 137
169 110 135
101 162 156
157 150 156
88 77 115
145 100 109
124 226 176
86 105 95
108 125 149
136 111 70
168 126 149
105 126 158
87 113 36
151 109 151
117 100 110
165 76 115
115 175 162
105 110 77
176 100 120
138 104 97
176 152 156
152 104 89
168 28 187
154 106 155
158 91 143
98 105 87
154 91 96
93 116 141
175 179 160
166 74 107
130 103 91
138 141 154
154 87 133
105 95 117
169 149 156
108 215 170
113 205 170
123 104 98
165 48 80
135 120 39
94 213 172
87 194 167
138 124 44
151 222 173
98 101 126
94 156 155
155 88 140
114 118 142
132 105 84
120 190 166
134 118 60
162 108 77
113 152 154
78 155 157
149 107 132
160 105 93
105 90 134
106 108 83
84 170 158
157 183 162
137 135 150
166 42 179
104 114 146
143 135 149
89 176 160
141 223 174
84 133 151
144 111 70
176 169 160
123 208 168
165 93 128
101 228 179
95 100 107
151 104 101
162 104 99
154 215 170
118 220 172
101 121 46
134 103 130
83 124 43
90 56 94
90 51 170
78 214 172
101 113 142
109 111 75
157 228 181
124 106 92
83 100 118
162 110 140
114 124 44
96 121 147
92 94 147
124 107 132
87 121 144
162 38 72
117 105 85
144 155 157
148 226 182
157 196 167
99 141 154
139 116 65
109 133 151
90 63 101
158 205 170
