128 112 101
103 230 155
126 8 152
158 167 157
129 19 75
91 57 118
163 56 119
100 141 151
158 223 152
126 85 148
170 140 113
87 141 103
126 68 79
92 8 114
161 8 115
115 185 156
141 129 145
147 141 79
125 47 151
155 92 118
100 92 115
111 139 77
117 141 120
152 23 142
100 23 140
129 156 156
145 195 151
120 109 131
102 22 90
151 23 92
85 130 129
148 120 118
129 218 151
139 141 105
165 139 140
97 167 153
100 33 117
154 32 116
121 129 160
128 43 84
129 91 89
103 206 151
109 129 99
163 129 93
148 141 126
121 141 142
131 129 87
129 27 142
107 115 115
94 187 156
136 176 156
130 127 126
107 129 132
98 141 119
125 66 153
139 104 114
145 146 154
161 186 157
91 75 115
162 75 116
126 199 151
115 167 151
122 141 97
96 140 87
129 141 74
165 129 126
161 21 127
126 129 109
129 28 90
93 23 104
114 20 150
156 141 102
145 129 95
143 228 155
144 211 154
136 110 129
129 98 138
92 20 127
143 162 151
156 129 150
138 132 160
95 141 135
113 218 153
86 129 113
110 152 155
161 22 104
134 141 134
111 129 147
159 129 112
112 101 118
125 10 86
94 129 144
115 23 83
121 230 152
134 118 114
109 129 117
151 129 134
129 22 156
103 141 105
139 19 85
134 141 118
93 129 97
120 120 118
147 141 140
156 202 156
129 118 138
138 130 75
132 141 151
137 141 89
115 109 105
150 177 151
116 129 88
141 19 148
104 179 151
159 141 88
143 129 110
109 141 93
93 45 114
120 129 135
108 141 138
99 218 156
114 199 156
112 140 158
84 141 119
134 189 156
100 19 115
103 129 84
153 19 115
160 141 123
88 25 116
128 129 146
124 129 75
128 99 98
168 18 114
124 177 151
153 129 85
160 44 119
129 56 80
98 129 123
99 129 108
105 192 151
130 80 82
142 129 125
150 141 113
134 129 101
169 129 105
120 141 86
158 141 149
148 141 93
167 140 100
132 208 156
124 141 160
107 141 127
127 141 108
126 123 95
128 16 143
131 166 151
120 209 156
138 111 105
134 129 116
132 230 151
120 141 131
126 37 145
113 141 109
128 116 124
169 141 130
101 129 152
94 177 157
148 135 156
171 129 117
135 129 135
119 156 151
148 186 156
118 110 116
117 129 123
162 129 141
98 198 156
160 177 151
86 141 130
111 129 157
125 28 80
151 159 155
107 162 156
137 153 151
156 129 102
126 119 109
163 27 118
124 190 151
96 129 134
147 219 150
129 76 151
144 111 119
148 98 114
129 103 129
116 129 108
156 141 132
114 176 156
155 193 151
94 84 118
112 228 150
113 110 124
93 141 110
124 56 152
138 202 151
138 141 143
137 141 79
164 66 114
159 84 115
90 67 118
99 141 97
129 18 89
112 129 78
123 169 156
110 141 148
161 141 112
87 15 118
143 170 156
151 129 119
120 129 151
119 141 151
152 229 154
110 210 156
86 132 104
105 141 83
143 129 86
129 129 156
138 218 154
134 141 160
123 23 149
93 141 144
129 141 85
167 132 134
128 141 125
89 135 138
120 129 100
125 36 88
153 216 155
108 19 143
142 183 151
99 20 98
131 141 95
102 129 141
130 10 78
104 222 151
158 20 135
128 112 131
150 168 151
123 222 155
105 141 114
106 172 156
91 137 94
146 154 151
85 138 111
126 141 116
95 130 88
146 201 156
142 141 113
102 129 93
151 208 152
125 92 144
171 140 121
98 19 133
121 137 75
115 192 151
148 129 150
123 129 117
139 141 125
109 19 86
123 19 83
160 18 119
157 19 98
131 23 83
126 105 105
133 22 149
94 129 115
130 141 141
154 184 151
105 185 156
127 183 156
106 98 114
125 86 85
132 198 156
143 129 133
137 129 153
154 129 94
92 19 112
126 210 151
114 116 114
107 129 107
123 129 83
156 129 126
123 162 156
94 141 127
113 129 138
115 141 101
151 129 142
146 133 78
115 160 156
129 14 156
101 141 143
90 129 121
105 201 156
156 141 141
146 23 86
127 126 134
137 111 116
136 129 93
162 50 114
142 141 132
142 141 97
145 141 148
106 135 155
98 12 118
167 12 118
142 128 117
137 164 156
145 141 86
106 122 118
129 135 161
96 182 151
110 204 151
153 138 83
101 26 113
137 195 151
151 129 112
148 141 106
111 109 114
131 129 78
138 171 151
141 190 156
125 118 130
112 141 85
97 224 152
159 133 88
144 129 157
125 50 81
141 140 159
160 129 132
105 129 124
131 173 151
98 191 151
136 129 109
143 129 102
100 129 101
121 129 143
152 141 153
161 19 111
116 127 115
125 96 93
141 157 156
164 136 94
136 224 150
111 180 151
141 119 117
154 174 156
123 129 93
125 116 96
94 24 118
85 134 123
125 109 126
158 39 114
149 193 156
145 22 144
121 198 156
126 141 134
129 119 103
137 129 83
162 129 118
129 226 155
92 50 118
156 141 94
155 13 119
122 152 156
105 135 80
141 108 124
153 25 118
101 173 151
110 193 156
93 129 105
106 167 151
118 137 160
121 109 101
115 141 137
94 141 102
123 129 127
132 180 151
149 141 134
152 141 120
91 141 117
135 141 110
133 107 101
129 112 108
97 135 148
107 214 151
163 141 134
166 141 107
126 141 147
144 100 118
95 40 118
110 187 151
115 209 151
107 157 151
151 222 154
162 129 105
102 141 90
125 122 124
110 129 93
121 141 105
121 184 151
143 177 156
128 17 150
129 10 146
127 160 151
114 141 126
118 201 151
108 141 101
110 129 84
147 228 150
159 195 157
128 128 103
161 135 144
127 152 151
135 211 151
170 133 126
124 100 133
137 183 156
132 135 75
142 111 111
112 141 116
127 141 101
151 199 151
111 146 153
129 61 153
166 129 99
116 224 155
149 129 105
137 160 151
101 141 129
125 74 81
125 22 143
129 27 152
160 190 151
147 115 114
120 191 156
146 125 114
117 141 80
156 170 151
115 141 91
155 141 109
148 129 128
111 167 156
125 14 76
107 141 153
128 214 156
130 124 108
117 173 151
128 62 80
116 129 94
131 186 151
113 129 130
100 180 156
120 218 151
121 179 156
160 179 157
167 23 119
101 191 156
169 136 104
102 129 118
127 205 156
157 129 137
138 206 156
154 135 152
149 190 151
127 195 156
124 141 79
141 137 76
152 141 88
95 175 151
135 123 118
100 162 156
121 166 151
135 129 124
118 141 114
132 204 151
153 180 156
101 200 151
125 31 144
129 52 151
138 188 151
111 113 118
91 19 121
129 163 156
134 141 102
130 177 156
142 196 156
138 141 149
165 129 111
90 129 134
116 154 156
152 141 146
129 129 97
131 129 139
102 141 123
135 129 145
101 186 151
145 141 118
165 141 117
91 53 114
112 162 151
109 223 154
111 171 151
121 141 124
118 129 79
154 189 156
124 114 137
122 141 91
157 141 118
154 141 126
97 87 113
139 177 151
146 165 156
148 183 151
144 173 151
119 108 125
153 19 137
121 195 151
88 141 135
137 229 155
93 27 113
133 152 156
162 183 151
133 221 155
155 162 153
125 22 90
86 135 132
132 155 151
127 129 121
125 79 150
127 130 161
162 141 97
129 43 149
90 61 114
161 80 119
163 69 119
88 133 99
125 73 152
131 108 127
137 141 155
108 177 156
124 225 150
129 129 115
126 141 153
101 129 130
86 19 114
99 135 85
145 222 154
114 129 152
90 141 124
151 141 98
149 129 90
115 141 145
157 37 119
126 134 74
116 107 111
156 89 114
125 23 77
157 199 151
115 105 119
121 207 151
148 213 150
107 229 150
117 169 156
146 204 151
170 133 112
116 134 76
92 135 142
137 23 82
101 175 156
91 129 129
84 134 115
148 207 156
129 171 156
131 196 151
105 141 134
112 155 151
107 199 151
142 224 150
121 129 105
142 141 139
129 18 82
160 24 114
157 23 130
171 135 118
89 10 118
96 171 157
133 129 160
149 19 88
104 96 119
120 19 151
106 129 80
149 130 155
164 62 119
146 141 157
149 129 99
157 129 118
125 129 140
163 59 114
149 162 151
143 185 156
84 129 120
127 231 152
124 171 151
128 189 156
102 216 151
115 129 100
105 129 147
135 129 130
159 129 146
119 115 115
129 89 146
89 141 98
141 129 138
148 175 156
160 129 99
101 168 156
131 141 114
133 141 127
136 125 114
90 129 140
146 129 140
108 129 141
160 141 105
134 213 156
94 23 131
152 168 156
108 125 114
122 214 156
136 110 123
160 174 156
130 12 87
129 118 96
115 222 150
124 42 148
94 135 90
149 96 119
95 19 101
156 226 156
139 212 155
138 106 119
149 129 80
140 208 151
120 107 106
160 23 122
111 23 146
94 80 114
100 25 118
99 129 146
125 117 103
107 22 90
106 206 156
122 141 137
146 141 101
113 198 151
160 141 129
88 12 114
118 179 151
103 162 151
154 129 107
114 133 159
118 202 156
111 203 156
106 184 151
137 141 96
118 129 156
135 141 138
97 141 140
143 129 152
131 129 107
127 182 151
136 158 156
156 129 89
135 194 156
146 129 121
125 110 107
125 9 80
129 103 102
121 185 156
158 135 148
129 70 153
106 129 155
124 141 129
95 182 157
120 122 114
111 129 111
127 129 82
132 129 149
110 141 123
147 216 154
91 141 131
94 23 110
149 19 142
91 72 118
153 19 96
129 25 78
134 219 150
109 218 150
115 211 156
97 38 114
129 94 141
86 20 118
156 217 151
101 204 155
126 205 151
137 171 156
138 223 155
154 28 114
130 73 80
102 19 94
167 137 135
114 103 114
118 226 150
156 23 100
130 97 93
119 125 119
153 93 114
90 69 114
162 141 143
127 107 100
156 179 151
105 141 146
98 141 107
110 129 123
127 141 90
120 161 151
133 141 146
104 141 96
131 223 150
114 119 118
95 19 117
97 11 113
134 108 106
124 218 153
153 198 156
103 19 143
125 13 155
138 23 148
95 187 151
147 157 156
129 100 134
129 117 129
157 87 118
129 141 159
129 87 85
153 203 151
141 156 151
156 12 114
124 227 155
166 141 122
125 24 155
128 24 148
136 116 118
140 230 151
105 129 103
162 141 92
93 129 110
118 129 130
125 90 87
143 141 93
138 201 156
125 30 89
87 129 108
99 129 114
137 182 151
98 141 112
116 184 151
126 23 83
156 185 156
101 129 88
96 141 93
126 129 88
110 141 131
119 212 151
125 176 156
113 141 152
110 185 156
142 167 151
134 19 83
111 108 120
162 50 119
129 122 124
125 122 137
84 141 115
130 14 76
131 213 151
121 174 156
124 156 151
116 129 143
141 129 93
107 140 79
158 220 155
137 138 75
115 141 131
125 14 87
131 129 134
102 134 152
114 19 86
148 120 114
129 34 145
149 157 151
96 192 156
85 136 127
152 129 148
130 49 81
144 100 114
120 23 81
102 19 138
127 128 130
126 127 99
97 88 118
99 23 94
166 133 138
125 113 125
170 130 122
139 129 113
91 28 118
141 129 79
108 141 87
151 141 129
160 129 122
161 80 114
151 217 151
124 141 112
118 188 151
122 129 112
143 134 158
164 129 135
106 196 156
96 129 93
142 141 153
134 141 83
138 129 104
109 129 127
146 125 119
106 129 88
124 105 128
96 141 147
163 9 119
141 114 114
107 120 114
159 20 115
151 133 81
124 27 151
117 230 154
127 107 132
159 23 109
169 129 128
166 133 97
94 19 107
107 99 118
137 141 130
140 115 118
140 220 150
143 141 123
125 129 154
121 157 156
139 141 85
137 129 140
146 141 112
164 141 127
143 161 156
146 129 146
152 172 151
101 129 137
157 141 137
125 55 80
97 197 151
137 108 109
146 19 147
95 9 117
90 141 140
125 78 82
113 228 155
167 17 118
110 19 148
110 209 151
160 45 114
124 9 148
163 21 116
128 220 155
104 218 155
156 227 151
169 135 131
127 39 85
85 133 109
110 23 84
155 23 138
167 13 114
159 195 152
125 98 137
134 226 155
112 111 110
86 136 103
130 113 97
152 206 156
116 110 121
160 19 130
148 115 118
105 23 141
138 137 160
96 23 135
170 138 108
110 101 114
105 19 89
167 133 101
113 171 156
101 141 138
133 141 76
129 107 106
143 141 128
166 129 121
109 141 143
114 194 156
95 129 138
156 129 133
94 129 101
126 194 151
132 162 151
135 174 151
126 199 156
106 23 146
141 165 156
159 129 95
99 141 134
143 199 151
140 141 109
163 70 114
157 19 104
145 152 155
118 23 150
129 130 74
130 125 96
130 36 87
157 129 142
98 179 151
120 132 75
97 219 152
155 141 114
120 141 157
126 141 95
130 141 136
138 129 157
102 166 151
120 129 90
112 180 156
149 141 84
134 180 156
101 195 151
121 166 156
155 129 114
131 167 156
108 228 154
93 45 118
146 187 151
148 228 154
125 20 152
143 219 155
86 129 125
143 107 113
125 95 140
159 25 118
85 140 107
95 23 125
156 23 96
143 23 147
97 171 151
105 210 152
129 9 85
101 140 84
124 110 129
93 131 92
130 230 155
129 112 136
100 23 136
138 129 148
110 152 151
129 21 143
125 62 153
148 210 154
131 110 104
102 141 110
151 129 125
108 141 111
129 129 91
116 162 151
167 141 112
135 166 151
125 141 121
125 13 144
115 129 83
157 174 151
146 197 156
148 169 156
142 129 98
104 180 156
133 204 156
94 129 121
122 202 151
141 141 118
126 141 141
131 191 151
99 226 155
107 176 151
109 141 105
150 129 94
99 141 101
98 141 124
117 129 148
125 125 108
156 136 85
137 19 149
146 165 151
113 129 119
107 158 156
166 129 131
