106 134 77
181 33 191
180 202 170
182 34 59
74 79 176
74 189 164
74 35 59
175 118 133
182 129 58
114 134 159
74 92 58
126 201 175
178 85 175
80 119 122
160 155 167
79 33 191
176 82 69
131 118 115
74 147 157
145 118 75
175 134 97
149 119 160
107 170 165
74 129 59
74 111 159
84 63 69
182 133 160
80 118 91
182 173 156
106 134 108
151 184 172
147 134 134
109 118 135
176 56 174
132 157 170
98 201 174
148 134 100
181 105 157
74 53 174
172 58 58
121 118 65
171 107 68
91 134 139
162 118 113
164 134 74
96 149 166
129 134 85
94 123 160
114 118 91
130 118 146
93 118 68
129 180 167
124 134 129
84 170 167
164 134 147
161 118 90
175 134 118
81 134 107
180 153 153
136 134 158
82 134 78
137 134 65
74 110 68
136 118 94
160 202 171
126 134 104
78 92 162
156 118 140
96 118 103
172 184 169
74 129 151
110 118 117
168 118 160
176 121 79
94 134 94
182 96 58
112 190 174
85 82 69
94 184 165
147 167 165
105 134 128
144 118 127
157 134 119
74 53 58
84 118 141
115 154 169
110 118 153
159 120 64
85 44 69
74 73 58
181 48 69
137 134 118
96 118 85
175 118 103
146 134 82
143 201 170
75 164 154
117 134 65
167 169 162
94 134 65
154 134 160
86 134 123
114 134 91
108 134 144
161 134 90
182 70 61
84 202 166
182 49 187
125 118 130
144 149 163
126 118 81
174 134 134
125 134 146
95 118 128
182 190 158
85 98 69
147 118 108
125 123 160
176 99 170
111 118 76
182 70 174
182 114 60
182 121 152
74 40 179
79 178 156
175 118 118
182 161 164
84 134 159
172 37 69
84 112 58
80 120 105
80 120 76
122 118 104
121 167 171
77 67 170
161 134 105
106 123 64
83 156 165
138 188 174
136 119 64
174 134 83
115 134 118
173 149 164
98 134 154
97 118 145
80 133 92
150 134 68
168 118 146
176 39 180
182 90 162
80 103 169
150 134 147
167 131 160
171 94 66
160 134 133
95 164 162
143 118 141
79 63 182
110 202 170
161 118 128
176 134 70
172 121 58
176 141 152
182 117 164
174 65 69
77 123 162
136 118 157
137 171 171
173 46 58
125 149 164
76 50 186
157 172 170
172 76 58
176 129 146
80 79 166
163 118 77
80 130 134
161 188 166
137 134 145
89 118 114
149 118 94
94 134 106
84 118 153
136 134 94
80 89 173
126 189 174
74 200 159
118 118 144
117 181 167
182 101 69
85 124 62
128 134 72
85 190 170
158 118 152
84 33 64
170 195 169
176 163 154
182 124 69
176 124 90
182 179 166
148 124 64
74 86 68
105 157 163
158 118 101
176 129 107
107 180 172
75 177 167
182 59 63
182 78 166
74 69 69
84 48 58
84 87 58
82 134 66
109 118 102
97 134 119
95 134 76
152 118 119
149 134 112
182 60 182
83 66 58
95 174 170
176 200 159
81 134 146
74 48 69
74 165 165
74 105 58
125 118 93
102 191 170
136 134 131
74 118 61
178 86 58
181 191 169
105 129 160
145 129 160
143 180 167
172 118 70
83 100 58
138 118 83
118 134 137
75 199 170
103 134 88
117 134 81
74 137 159
121 118 119
80 128 116
175 106 58
164 129 64
149 157 169
182 145 161
151 195 171
159 125 160
169 160 166
104 134 67
153 118 82
182 90 69
74 97 69
124 134 160
80 155 154
176 182 159
125 134 115
116 134 107
136 118 104
74 59 69
171 35 59
74 34 69
176 170 166
182 48 177
146 134 123
136 118 132
129 128 64
80 126 84
119 196 169
100 118 76
95 134 130
182 34 69
176 125 125
139 134 75
156 134 80
103 118 92
87 179 169
74 101 160
172 52 69
83 114 69
87 118 98
106 149 167
80 141 153
102 118 159
182 48 58
85 75 61
178 108 167
163 178 164
146 118 150
103 134 99
101 118 114
93 196 167
115 125 160
136 198 175
180 111 69
153 149 164
106 118 125
157 163 163
133 166 165
86 118 130
124 134 95
140 160 164
80 46 178
80 42 187
85 54 67
138 134 108
120 118 154
75 124 69
175 126 160
168 118 95
115 134 149
98 134 145
167 134 124
80 71 179
134 151 163
114 165 165
182 75 68
80 115 165
167 134 112
80 193 158
86 134 100
135 118 75
90 134 149
176 67 180
166 134 98
90 151 160
80 125 97
74 156 164
86 118 82
176 85 166
172 67 58
76 83 58
74 86 167
163 150 160
80 124 146
74 44 58
182 135 150
170 118 110
176 75 178
134 118 123
80 128 126
150 134 91
178 113 155
168 118 85
107 118 84
173 97 58
90 134 115
93 118 137
157 134 143
74 64 61
171 74 68
74 97 170
176 40 190
124 162 165
85 163 161
145 190 168
128 172 172
92 157 166
176 119 143
176 71 169
173 129 62
182 62 172
88 134 88
153 134 128
115 118 126
74 120 153
182 101 164
120 118 75
150 118 133
140 118 114
85 72 69
112 118 67
74 77 66
167 118 120
104 163 169
95 126 64
80 146 162
112 134 72
182 33 183
149 172 171
182 91 171
106 118 144
107 134 119
90 201 172
93 131 160
154 118 74
164 134 82
93 118 152
156 129 64
157 134 152
116 134 128
182 41 64
114 174 171
80 60 174
84 57 58
85 90 69
176 52 183
130 195 170
108 134 153
176 95 161
112 134 100
118 118 84
102 134 137
167 118 135
136 126 160
74 171 159
176 127 73
74 109 166
82 38 58
123 182 173
136 179 173
102 178 165
160 182 171
177 139 162
175 155 158
80 106 159
123 156 169
85 105 64
82 183 163
182 79 58
171 115 63
143 134 152
80 55 181
115 118 110
130 134 121
167 134 139
80 118 113
175 188 163
100 118 134
128 134 138
137 118 148
89 118 122
95 134 85
140 127 64
121 173 166
74 184 158
170 134 153
91 118 90
182 103 61
119 126 64
106 197 174
74 75 170
182 123 159
182 63 69
75 34 184
116 149 163
110 185 167
143 195 174
176 134 127
85 127 160
182 166 159
80 129 72
182 145 152
165 118 103
88 118 75
127 118 137
110 134 135
176 127 98
79 103 69
182 153 163
182 43 182
176 126 134
182 121 58
89 174 163
75 136 150
170 178 163
133 186 168
152 176 165
182 198 163
142 164 170
171 86 63
167 202 167
128 118 67
152 163 169
164 118 70
122 188 168
74 68 180
97 155 162
155 134 99
176 171 159
176 126 118
88 118 106
119 118 133
133 134 101
171 118 127
128 118 107
101 118 68
80 123 135
87 119 160
139 152 169
138 134 82
74 58 184
163 164 168
126 134 153
115 199 175
98 167 169
165 157 161
150 201 174
124 133 64
144 118 100
143 118 90
178 40 58
182 140 157
150 118 145
156 118 159
89 164 167
161 196 167
176 115 161
109 119 160
80 112 155
77 130 160
98 181 171
177 43 69
80 80 173
178 62 58
128 155 164
176 102 160
80 171 157
158 190 172
176 127 84
100 118 151
139 134 137
120 134 75
98 118 120
182 159 156
161 118 146
90 118 146
157 134 71
132 134 112
122 134 121
82 197 170
168 189 165
151 126 160
74 40 190
143 119 64
171 59 66
77 184 168
74 157 156
118 158 164
128 118 156
77 42 69
101 129 64
182 89 62
171 164 161
178 55 69
161 134 159
81 134 129
104 173 170
178 55 58
103 185 166
98 160 168
139 169 165
182 128 150
95 187 171
170 118 76
182 184 160
165 191 171
153 155 162
182 79 177
74 48 180
176 134 90
74 61 173
170 172 168
176 148 158
99 134 113
128 163 170
174 134 104
172 134 76
148 134 76
141 134 102
151 118 103
83 134 117
109 152 162
176 122 109
182 85 169
83 134 152
133 174 166
123 134 87
171 101 64
79 129 64
170 118 153
144 185 173
176 91 168
85 94 62
111 177 166
101 198 168
110 161 169
85 117 63
176 118 87
154 189 167
79 147 152
176 124 149
88 187 164
94 118 78
161 134 114
129 129 160
78 117 69
129 118 88
151 134 105
142 120 160
123 118 111
80 162 165
153 201 169
81 129 58
95 171 163
149 134 156
80 37 180
150 118 67
113 183 173
176 163 165
82 175 162
176 64 174
81 134 86
74 112 58
176 195 165
169 122 64
123 195 175
155 183 166
110 133 64
174 88 69
116 118 159
174 202 167
80 97 170
119 134 99
111 195 169
77 99 58
147 118 83
89 134 81
152 118 89
176 59 182
74 103 64
153 118 109
155 134 87
97 118 96
80 129 141
144 118 134
151 118 126
166 134 131
119 118 96
105 118 106
145 131 64
135 118 141
141 118 120
86 134 134
120 134 154
138 134 124
149 134 141
142 134 159
136 134 151
129 149 169
178 117 69
131 134 65
176 134 141
154 168 164
163 172 169
80 128 109
159 118 119
165 125 160
80 125 90
127 118 123
111 158 164
128 118 75
175 132 160
81 36 69
171 46 64
160 169 163
172 90 58
121 202 172
81 197 164
85 61 63
176 47 177
182 54 180
100 154 167
101 149 162
107 186 173
176 46 186
120 149 168
167 180 169
132 202 170
171 52 63
86 129 64
78 203 165
108 134 159
108 155 168
80 98 160
80 161 157
182 171 165
84 152 159
176 34 185
178 184 168
179 70 69
82 190 164
81 106 58
150 161 163
182 67 180
182 83 69
80 132 99
145 156 163
148 150 168
74 116 163
167 154 166
178 94 69
112 134 113
112 118 146
98 129 160
92 134 71
104 118 99
123 118 146
159 118 134
167 134 88
80 120 130
80 74 171
128 118 99
170 153 159
176 114 58
74 148 163
136 195 170
143 175 172
140 118 70
176 194 159
74 193 159
78 124 58
111 169 171
136 165 171
81 72 58
182 129 64
90 172 168
135 157 164
116 161 170
130 184 173
74 53 64
80 52 176
182 73 169
79 55 69
103 166 164
176 108 158
182 40 188
80 85 169
79 138 161
77 59 58
80 119 82
176 134 113
148 190 173
93 179 164
74 70 174
80 134 122
148 183 167
176 76 172
156 134 110
123 134 109
97 118 109
108 118 72
143 134 70
148 118 116
119 129 160
113 134 141
74 45 185
182 150 158
98 134 103
101 134 81
104 134 148
98 134 72
162 118 96
109 118 95
163 118 139
119 134 114
121 176 172
87 134 75
139 175 166
158 197 173
86 149 164
176 130 78
74 92 166
90 185 170
100 134 160
182 108 162
176 156 164
169 133 64
111 134 83
80 65 176
85 81 63
161 118 83
82 118 146
85 70 63
99 134 92
143 134 114
109 118 111
126 134 77
132 118 151
100 134 132
152 134 136
174 118 148
118 190 174
116 118 102
142 134 92
155 178 171
81 68 69
89 134 156
80 128 78
120 134 143
131 121 160
79 81 69
75 87 174
125 198 170
176 176 157
159 154 161
83 185 169
159 149 166
162 118 158
182 51 63
149 178 172
95 196 172
74 92 65
182 97 171
79 33 62
74 61 179
176 124 104
165 183 165
80 52 58
171 68 64
89 195 171
174 191 169
127 178 173
177 121 163
175 118 157
79 116 58
113 149 168
176 89 162
116 187 168
176 127 58
126 185 168
173 134 146
79 170 166
171 118 140
113 170 165
166 186 170
80 109 167
182 95 160
182 54 174
80 116 160
74 42 63
120 167 165
176 148 152
82 176 167
182 96 66
74 71 63
85 39 63
137 181 167
106 118 78
154 118 95
166 134 104
109 134 92
136 134 89
89 134 129
132 118 80
134 134 76
143 134 146
176 127 140
105 118 119
135 129 64
144 134 107
80 124 71
135 118 89
80 109 69
132 134 146
123 134 134
131 134 130
138 187 168
96 134 136
93 134 100
151 134 122
112 118 85
130 134 159
158 134 65
128 196 175
74 79 166
137 202 171
155 118 68
127 172 166
74 177 161
85 169 161
108 191 170
92 180 170
182 83 63
179 203 163
176 34 191
176 78 166
108 165 164
92 158 161
80 200 159
109 118 130
134 134 138
160 134 128
131 134 94
176 119 74
79 189 169
86 134 94
151 118 150
74 116 158
74 87 63
182 116 159
74 125 63
174 113 69
125 122 64
171 41 61
74 47 63
181 104 168
101 186 172
123 118 160
85 47 63
77 63 69
85 111 63
172 184 163
74 101 165
182 43 58
123 178 167
85 119 58
85 87 64
79 153 164
93 118 158
100 122 64
81 94 58
86 134 108
141 118 153
181 108 58
122 118 138
74 127 158
146 195 169
109 134 124
100 134 124
86 134 143
145 134 88
155 118 115
80 128 102
114 118 138
182 120 64
126 118 118
182 111 158
153 134 115
74 115 65
166 118 130
176 187 158
114 123 64
176 122 130
164 134 119
109 126 160
113 129 64
165 134 156
158 118 106
108 134 103
95 118 116
160 118 73
81 134 138
182 128 157
80 49 69
96 191 167
150 130 64
144 169 171
99 173 164
80 35 187
80 92 69
171 202 171
74 92 172
182 188 163
90 201 167
173 118 98
104 123 160
80 87 163
167 167 167
133 190 174
80 129 147
80 184 158
170 158 160
126 191 169
180 54 185
178 158 153
80 201 170
177 90 173
80 119 96
164 134 66
177 74 69
180 73 179
93 118 99
177 135 150
99 160 162
164 149 165
132 123 64
154 155 168
138 118 137
111 118 122
127 134 90
123 134 81
147 134 118
74 193 168
176 137 156
74 133 156
74 81 63
143 155 169
90 192 167
85 157 160
81 87 69
165 118 65
74 196 163
176 145 162
123 154 163
182 109 64
76 143 151
107 180 166
80 118 137
74 160 161
74 151 153
179 34 64
171 73 62
176 119 125
172 34 64
176 52 177
89 123 64
176 48 69
80 69 173
107 198 169
78 188 158
