103 194 175
128 25 52
84 30 191
187 112 126
70 128 76
55 34 105
174 31 187
71 112 163
200 27 105
153 123 51
183 185 161
127 61 123
135 135 159
122 116 102
74 162 144
183 136 169
143 215 157
83 95 120
108 108 55
187 116 80
108 38 156
131 176 145
162 38 117
150 94 130
149 38 156
102 126 136
93 38 118
128 38 90
158 128 104
163 154 144
77 201 152
70 127 112
116 94 133
107 156 156
165 116 151
172 212 172
136 127 129
135 191 177
133 30 129
130 129 73
73 143 167
99 129 86
113 213 155
79 108 55
100 185 148
181 124 53
155 179 159
157 117 78
67 112 136
186 126 104
75 177 165
94 129 160
122 115 149
94 115 109
176 89 130
135 107 59
184 159 158
162 127 129
83 211 173
163 202 152
95 128 62
71 110 96
93 44 175
127 152 144
126 43 67
185 127 146
171 103 111
183 43 109
157 138 159
167 107 58
161 44 174
184 104 151
91 145 145
114 43 127
156 196 174
144 114 144
136 49 141
120 187 161
73 44 111
127 212 172
143 161 156
74 128 149
115 115 121
140 116 89
126 125 52
141 115 112
114 116 74
176 172 144
135 197 150
82 127 129
133 86 123
143 46 121
173 129 72
88 113 143
115 131 160
126 47 108
92 215 156
92 169 157
113 170 144
170 116 93
99 87 128
87 117 78
70 109 117
79 128 95
186 108 61
80 183 147
87 194 166
109 128 109
74 126 57
120 129 88
181 145 145
105 212 172
145 142 146
182 115 166
179 127 121
171 104 140
147 211 173
118 47 145
81 98 138
179 206 157
158 115 115
184 109 102
79 156 159
103 115 150
133 128 101
68 113 68
109 139 147
151 172 144
95 114 127
123 165 156
119 126 134
142 116 72
100 201 152
152 129 88
137 182 160
164 165 156
148 124 159
173 128 159
171 195 167
107 116 92
72 126 170
74 146 145
112 127 59
180 129 87
135 127 145
171 188 148
154 128 67
108 176 158
94 161 143
126 74 131
160 214 161
149 189 149
123 127 117
129 114 135
171 114 128
92 116 93
119 195 177
147 114 127
152 108 62
162 94 120
170 146 158
138 202 165
123 145 158
70 105 150
118 198 151
93 113 57
99 143 158
73 202 166
147 127 118
155 116 95
131 95 134
157 114 138
82 139 156
128 215 158
154 127 146
141 127 59
100 127 121
128 45 123
95 128 102
167 127 57
102 189 162
126 116 67
170 178 159
113 200 164
99 116 69
118 183 147
80 110 129
126 116 84
187 113 141
109 114 137
149 158 143
73 111 82
82 106 111
69 126 132
119 87 121
169 116 69
113 153 144
122 109 55
185 121 66
149 192 162
126 39 54
103 47 119
169 126 143
133 129 86
154 154 157
129 115 119
163 93 134
172 128 103
182 160 144
165 129 88
167 127 116
106 129 75
186 125 133
89 194 150
84 129 83
88 127 146
180 170 164
186 127 160
123 53 134
117 127 148
102 123 51
148 126 134
123 38 135
126 125 158
86 42 186
80 212 160
166 139 148
72 166 156
81 128 67
92 174 144
167 42 186
196 41 108
89 183 160
178 113 116
160 182 147
73 189 163
138 165 143
81 126 159
86 123 51
143 129 76
79 88 131
107 128 96
150 204 152
170 115 107
95 205 171
100 45 164
144 146 158
81 116 103
99 116 83
136 117 153
126 198 164
104 129 150
172 44 115
120 128 104
141 39 146
183 141 158
181 204 169
133 140 146
69 117 152
93 95 134
160 211 173
186 119 93
161 124 159
135 170 157
103 115 117
145 128 105
136 118 53
131 154 156
91 118 154
162 166 143
119 128 69
176 114 60
171 215 157
83 116 66
69 118 104
173 117 82
127 45 81
176 115 148
153 44 166
92 127 113
91 156 156
135 116 100
70 148 157
70 127 89
81 116 88
104 116 104
142 178 149
114 120 156
125 163 143
161 201 165
80 115 118
135 127 117
127 96 122
180 193 154
153 115 150
183 105 134
152 167 156
188 115 154
69 127 159
126 205 153
138 86 133
161 129 77
77 108 141
75 173 147
64 40 106
109 115 64
85 45 114
68 116 126
180 112 71
154 46 120
130 187 148
121 139 147
95 129 76
147 116 103
186 120 113
128 38 102
145 195 176
116 119 52
116 210 174
61 25 108
134 42 132
168 116 53
101 200 164
79 127 118
109 91 125
124 35 124
112 146 158
183 111 88
182 150 164
81 176 155
138 151 144
108 193 149
184 129 77
143 128 93
139 94 127
70 114 57
111 127 123
98 178 159
112 165 156
158 116 67
156 142 146
144 114 59
93 127 130
101 146 145
178 182 152
102 212 155
77 126 139
102 174 144
103 134 160
99 114 137
130 128 61
104 164 143
128 39 115
174 160 156
171 160 143
80 115 150
71 108 106
84 128 106
138 192 162
147 117 82
172 149 144
138 125 159
176 128 62
182 194 165
118 115 111
110 46 150
134 52 127
139 213 168
120 156 156
70 124 66
169 114 140
126 47 96
173 96 118
161 191 162
85 204 165
94 94 122
98 213 165
116 213 165
144 129 151
83 168 144
144 47 150
121 86 136
137 208 154
71 105 129
161 114 129
119 116 92
75 191 151
157 112 54
126 175 158
82 165 156
128 126 137
161 116 104
145 177 158
168 115 118
131 115 109
152 206 166
179 128 110
88 213 166
69 125 121
172 199 151
133 68 129
178 126 139
130 59 133
100 107 61
165 128 67
167 174 144
122 114 129
104 128 65
125 127 127
90 185 148
125 136 159
174 138 159
96 139 149
69 139 159
98 162 156
125 31 60
68 123 143
113 116 84
69 127 98
178 120 157
90 145 158
156 127 119
89 128 94
104 121 157
106 38 122
147 134 160
163 129 151
82 141 146
121 174 144
69 118 114
98 38 170
91 115 118
119 51 125
79 38 112
183 150 154
130 114 145
133 206 173
192 33 105
92 205 153
74 162 164
93 194 173
84 25 183
174 187 164
145 117 154
164 37 179
78 154 144
150 127 59
180 106 142
166 26 185
145 88 126
109 126 142
119 115 62
182 167 155
70 119 75
88 87 128
140 39 125
164 88 126
127 38 76
121 114 140
113 116 100
165 133 160
166 205 171
169 126 134
128 128 108
133 117 79
90 37 179
88 114 132
124 83 128
112 114 147
160 128 94
112 129 85
108 182 147
74 209 174
122 129 78
183 124 169
117 96 122
107 214 162
135 115 64
161 147 158
171 96 135
170 127 125
101 156 143
88 107 59
172 129 81
151 129 79
128 116 93
139 126 137
129 113 56
178 115 97
78 117 53
76 111 64
178 112 132
105 91 132
115 107 61
172 128 93
78 116 74
186 112 110
69 119 85
144 196 150
94 46 117
122 66 128
81 187 164
114 39 149
150 39 123
183 177 158
163 157 156
154 88 126
143 123 51
117 173 158
109 201 152
149 114 135
128 129 151
119 45 136
182 109 160
179 106 108
140 139 154
150 149 144
176 210 165
184 113 55
101 170 157
78 136 162
177 37 112
160 190 149
94 191 162
88 101 116
186 123 125
126 190 176
75 151 165
180 128 97
122 127 60
141 188 148
125 194 150
120 147 145
149 214 162
103 114 130
183 106 121
95 128 150
156 116 86
71 157 156
155 211 154
150 116 73
139 114 126
126 207 166
129 128 93
100 127 112
86 115 110
164 46 116
152 127 127
158 127 60
116 128 95
93 126 138
118 206 153
82 207 153
115 127 115
90 154 144
114 162 143
76 129 83
166 117 78
144 129 84
81 147 158
179 131 164
178 140 151
84 34 183
117 139 155
146 199 164
179 107 58
137 128 109
132 162 156
107 46 158
127 49 116
87 133 159
148 115 115
179 161 164
68 111 144
153 178 150
74 122 162
90 128 69
168 121 157
108 115 111
166 34 188
131 51 135
162 192 170
77 114 111
120 157 143
157 38 169
186 118 102
134 41 140
116 87 130
178 129 150
110 205 171
70 107 60
154 198 151
151 143 158
86 94 130
75 184 155
95 116 101
155 128 111
88 127 154
103 207 166
180 212 172
152 128 97
87 127 121
77 169 162
178 180 165
152 128 153
117 39 140
127 183 160
109 126 131
171 93 126
88 178 150
103 115 53
104 139 153
94 137 160
187 115 133
68 116 92
147 116 95
84 113 57
73 110 155
144 186 161
157 95 128
126 109 62
99 126 143
129 139 154
110 48 122
56 26 102
104 38 163
143 107 59
79 101 115
189 38 110
176 118 53
124 92 132
143 205 172
155 130 160
131 80 128
94 123 51
161 125 53
75 121 154
154 121 156
182 167 147
168 208 154
125 31 133
182 144 167
160 172 157
114 190 175
102 128 104
82 190 149
90 116 86
101 94 127
100 128 94
156 160 143
163 116 91
121 126 141
92 116 72
157 126 135
80 114 137
160 114 146
94 114 147
120 124 154
120 117 79
102 115 61
176 154 159
135 125 53
163 181 159
193 25 107
125 115 113
142 127 125
147 46 157
186 134 160
77 211 167
140 172 144
97 150 157
116 114 133
72 156 149
74 134 170
147 116 66
187 115 62
166 99 116
109 139 159
171 129 152
69 37 110
126 179 149
61 34 109
164 146 145
132 146 158
90 210 174
95 179 149
151 114 53
142 168 156
107 194 163
80 195 166
122 59 129
127 46 88
168 39 113
122 41 128
92 129 84
75 127 128
98 194 150
142 128 66
165 139 157
130 168 144
97 122 155
127 52 123
162 109 62
108 120 52
128 117 154
185 119 86
131 33 55
99 116 90
121 215 158
149 165 143
150 139 149
162 126 143
122 115 121
137 214 161
128 43 60
87 38 114
107 128 159
115 111 54
164 128 109
100 38 119
172 203 167
174 172 158
153 207 174
132 213 166
156 213 167
160 173 144
179 113 81
185 120 160
84 129 76
172 179 150
76 141 150
180 111 64
137 158 143
178 127 132
132 187 161
113 128 153
88 176 158
127 37 83
175 111 122
72 104 140
185 122 73
121 205 172
167 213 167
89 139 148
185 120 149
127 66 134
132 123 154
81 128 149
169 123 51
138 93 134
199 35 104
124 90 125
87 127 57
76 109 121
101 207 174
105 116 72
152 37 162
138 115 118
131 88 134
171 166 156
126 37 64
127 46 135
165 114 134
132 93 125
131 37 124
142 41 153
126 128 99
136 114 132
89 116 104
83 126 136
113 128 66
145 126 140
138 115 106
135 44 123
175 205 173
137 182 147
176 116 90
177 146 160
80 116 95
84 200 151
141 45 144
187 114 72
148 212 155
68 120 158
176 155 144
170 26 191
126 118 53
172 111 54
123 213 166
84 37 190
187 121 142
93 203 165
98 128 68
148 129 71
76 206 160
118 191 149
120 116 70
88 98 138
183 110 95
186 112 117
126 72 125
71 111 88
108 147 145
154 187 161
157 150 144
114 189 162
158 139 151
86 212 155
74 174 157
150 192 175
179 189 149
131 128 160
75 109 133
174 116 73
129 40 108
151 114 144
138 157 156
165 186 148
154 114 60
76 129 72
100 127 160
117 126 54
116 180 159
89 162 156
105 162 156
103 129 81
94 117 79
138 129 81
94 115 65
173 107 61
158 119 52
155 114 125
81 205 172
83 104 141
129 196 177
68 118 139
184 127 63
105 129 88
163 115 111
122 128 110
138 86 126
172 167 144
100 115 111
98 166 143
114 144 145
98 184 160
184 120 59
156 115 109
86 114 126
197 31 109
168 116 101
102 116 97
78 128 104
165 98 137
187 112 148
81 179 161
71 119 167
131 36 133
57 40 106
127 143 146
78 143 161
99 127 57
152 108 55
186 127 115
88 122 158
165 44 180
171 117 153
92 89 132
137 128 153
156 39 120
176 102 114
77 129 163
142 114 138
140 116 96
163 214 155
88 189 162
131 116 71
154 90 132
175 111 109
180 199 162
115 178 150
61 32 103
147 182 147
173 126 56
129 44 73
104 127 127
115 127 129
137 129 71
74 143 156
57 30 110
124 30 53
96 210 154
141 122 154
132 62 127
89 117 53
69 126 106
110 195 176
167 116 84
80 160 143
68 113 101
76 183 166
93 127 120
108 114 122
115 151 157
184 106 127
139 116 83
122 128 94
173 37 187
124 186 148
146 128 112
143 155 144
148 115 109
83 174 144
170 87 129
130 26 59
79 45 113
180 191 160
95 107 56
144 205 153
131 202 165
127 128 67
177 113 142
82 89 125
149 116 89
127 206 173
128 199 151
81 108 62
166 214 161
88 161 143
166 128 94
127 129 86
142 114 132
128 114 129
139 142 146
97 45 169
165 160 143
113 115 106
93 89 125
106 113 143
152 128 104
145 89 132
88 93 124
120 118 154
99 92 132
154 200 164
77 110 115
157 129 85
70 128 83
109 210 167
89 139 156
179 137 163
180 199 154
179 112 103
108 114 58
132 47 129
166 179 149
161 196 150
179 44 113
99 113 143
99 212 172
172 143 146
84 153 157
131 193 163
68 112 112
125 192 162
78 109 107
184 126 139
157 107 58
124 169 144
117 161 156
72 180 161
167 127 159
97 118 53
175 194 150
163 114 58
166 195 163
185 104 144
189 43 108
78 125 53
177 211 157
136 110 54
123 47 131
76 128 90
115 114 140
140 47 127
133 116 90
145 115 120
174 206 153
94 128 91
152 43 160
71 121 58
144 140 159
105 127 118
137 128 95
177 129 78
158 44 169
179 114 155
179 125 162
73 195 165
96 153 144
88 115 150
183 107 113
182 162 151
186 124 89
71 130 165
156 159 156
69 119 120
93 114 133
161 207 166
129 44 101
168 194 150
124 130 160
106 109 61
78 93 127
113 44 144
81 25 189
67 112 130
137 142 159
88 28 186
140 134 160
93 198 151
107 203 165
94 38 175
75 191 158
