-53 -18 -103
64 -26 107
-106 -26 65
110 -26 -57
2 93 6
6 -26 2
-78 18 -17
-21 13 84
38 -26 -117
119 -26 34
8 37 -61
57 33 34
-108 -26 -61
69 22 -32
-42 47 29
-56 -26 24
-1 -26 -67
-121 -26 3
45 -26 48
-62 -25 107
3 -25 124
-35 54 -27
71 -26 -2
-46 -26 -34
55 -26 -61
8 47 51
-42 20 -66
39 59 -8
-67 8 60
30 8 86
-5 -26 55
-10 -26 -123
87 -9 63
118 -20 -11
33 7 -85
-92 3 24
91 5 22
-87 -26 -24
-45 -26 69
-13 4 -93
78 -26 -95
-78 2 -56
6 65 -33
30 -26 -30
17 -26 89
39 41 -43
23 67 24
81 -2 -58
-27 -26 102
-36 -26 -71
-30 -26 -1
-57 42 -2
-85 -25 -90
-6 -26 -31
39 -26 14
-27 70 8
-39 28 58
56 14 63
68 31 1
76 -26 32
93 4 -16
85 -26 -34
-76 -26 50
-66 25 30
-55 31 -37
-87 -26 9
28 -26 -82
13 -10 -107
-80 -14 80
53 17 -62
34 -25 120
-119 -24 -28
-109 -26 33
-48 -2 89
1 -1 101
-24 -26 30
-99 -2 -8
65 -26 76
-7 67 32
31 30 61
-67 -26 -58
-61 -26 -6
-20 43 -51
15 -26 33
3 27 72
-60 -2 -79
-19 -26 -94
54 -10 -94
97 -26 9
-16 74 -18
91 -26 85
109 -26 61
75 13 43
55 -2 85
-21 47 47
19 77 -10
6 17 -80
21 -26 61
-98 -9 -41
50 48 13
33 48 39
-89 -3 49
-9 -26 82
89 -26 -72
59 -26 -34
-16 25 -71
-79 19 8
41 -26 95
107 -14 -34
22 -26 -57
-38 0 -90
-26 -26 -49
27 -8 104
101 -9 38
31 28 -63
56 39 -21
-34 -26 -114
-43 -26 44
66 -2 -75
28 58 -29
123 -26 11
-58 -26 -80
48 -26 -13
-22 -3 100
-89 -14 -68
105 -5 1
74 22 21
70 -26 54
-18 29 67
84 15 3
41 -26 70
3 -26 -88
-107 -10 13
-43 55 9
-47 -26 91
14 -26 -121
-20 -26 122
-72 17 -39
84 7 -37
59 -25 -109
97 -26 -16
-88 -26 -50
-86 -26 30
-40 15 74
61 -26 17
-41 -26 117
-13 -11 -108
-26 -26 -21
-105 -26 -13
77 -26 -53
91 -26 51
56 -26 -82
-6 -26 103
-67 -26 -32
19 48 -47
-26 -26 55
-13 59 -37
-57 24 48
-1 -26 21
-64 -26 77
32 -9 -102
5 78 20
-25 60 29
108 -11 20
73 -8 79
0 86 -12
10 12 86
-61 11 -62
-79 10 39
-91 4 -25
10 -26 -17
30 -26 -5
54 28 -45
-63 32 -20
69 13 -49
43 -26 -98
-78 -25 95
-1 49 -49
-41 33 -50
14 -26 108
-38 -26 -90
78 19 -16
36 62 10
40 -26 -46
3 -26 -47
-65 32 13
-64 -13 91
-41 -13 103
96 -12 -56
47 31 50
-30 -26 80
22 -26 -99
-14 85 2
-103 -15 47
-31 65 -11
73 3 62
16 5 -91
-75 -12 -80
-60 -26 58
95 -26 33
-12 -26 6
22 22 75
-50 45 -19
87 0 48
13 59 38
-69 -26 11
-101 -26 -36
-91 -14 66
73 -20 93
54 45 -4
20 78 8
-39 -26 14
-45 -26 -51
-11 -26 -12
-17 -26 -76
-45 36 43
120 -26 -32
78 -26 14
45 -26 30
-32 13 -79
43 50 -24
-103 -9 30
-59 2 76
39 16 73
76 -14 -83
39 -26 -68
-69 -23 -99
-36 -12 -104
-95 -26 78
50 3 -81
106 -9 -17
-91 6 6
46 -10 98
-45 -26 -12
85 -26 67
-14 75 19
-118 -22 19
-103 -26 5
-83 -26 -8
67 -26 -19
-108 -12 -26
-28 31 -61
23 18 -77
29 -26 43
-4 39 59
-4 -26 37
-52 17 63
-2 -13 112
-54 22 -53
47 -21 110
-44 43 -34
-6 -26 -106
-83 5 -40
51 -26 3
39 16 -72
62 35 18
15 34 64
62 20 49
-33 3 89
38 55 24
-7 54 44
-79 16 24
14 -26 -73
-70 28 -2
70 -26 -73
22 -26 9
99 -26 -42
-76 -3 68
-114 -26 -46
-113 -15 -4
-53 41 21
-77 -26 -73
2 1 -97
-91 -26 46
-99 -26 21
88 -26 -4
26 -26 77
18 -26 -39
-48 9 -74
96 -3 -33
-96 -25 -76
-79 -26 70
-98 -14 -56
46 44 31
-69 -26 30
-52 -26 -67
9 -26 48
-11 5 93
-11 -26 -54
-26 36 56
2 -17 -115
99 -14 54
58 -26 93
67 31 -14
-120 -26 -12
-58 -26 43
18 69 -23
-7 39 -59
26 -17 -112
23 44 50
-24 -26 15
86 -12 -68
108 -26 24
-2 74 -24
-59 -11 -91
30 -26 26
-17 -26 70
-24 -16 112
0 -26 69
-58 -26 -46
-75 -26 -45
-17 14 -82
-112 -26 51
99 -25 74
13 27 -70
67 6 -63
61 -26 43
-57 -26 -21
55 -26 65
20 -25 122
30 69 -3
-71 -1 -69
92 -26 -57
-45 53 -8
114 -26 48
9 -26 -103
-11 21 77
28 -26 99
81 12 30
-2 28 -70
19 1 96
-22 76 -5
94 5 -1
110 -26 -23
-73 -26 -20
-54 -26 6
-89 9 -7
90 -2 -46
90 -26 -86
60 4 73
-31 44 -43
-42 -26 28
45 -26 -27
-23 -26 -35
12 -12 110
29 38 -53
116 -17 2
-48 -26 -113
-33 61 18
81 -26 -17
43 -26 -83
61 -26 -47
35 -1 94
51 37 -35
65 -26 -94
3 -26 89
7 -26 -31
-23 -5 -100
69 23 34
-68 17 45
-61 -26 92
13 -26 18
-16 -26 46
-24 65 -24
42 -4 -92
-23 -26 -64
12 87 0
-33 43 45
29 65 -16
86 -16 76
-20 -20 -116
-30 22 70
35 38 50
-45 -26 104
107 -26 -1
100 -2 13
60 -13 94
18 57 -38
-88 -3 -49
46 27 -55
-2 10 -88
-89 1 37
42 25 61
-65 25 -31
110 -16 33
101 -26 -68
26 -26 -17
-78 5 51
-55 -16 101
-55 33 35
44 54 4
-1 -8 -106
40 -17 -107
-46 -8 -96
-11 -7 105
-27 6 -88
76 -26 82
-79 13 -29
-68 -6 80
76 23 8
44 7 81
-36 62 0
-4 13 86
-91 -26 62
-56 -26 -92
-76 -26 82
-19 -26 91
-86 -26 -38
39 -26 82
-67 14 -50
114 -24 -43
-79 19 -5
124 -26 -2
-87 -26 -64
29 49 -40
65 -11 -88
-26 53 -37
6 67 31
103 -26 43
14 -26 76
-39 -26 -102
-46 -26 -79
94 -1 32
83 15 15
-101 -26 -49
58 -26 30
-29 51 37
92 -26 20
-43 -26 0
-34 -26 -58
35 -26 54
-61 -26 -108
104 -16 -47
36 -15 108
58 41 7
-48 7 79
67 12 55
-106 -10 -15
-7 84 13
86 11 -22
-13 -19 116
76 23 -4
25 58 32
86 12 -9
-62 23 -43
-107 -16 -37
-54 38 -27
78 -26 -83
-29 21 -71
51 11 -71
-15 60 36
-13 67 -28
-30 -26 114
78 6 -49
-48 1 -84
76 -5 -70
-36 -26 -27
-7 20 -78
58 -26 -6
80 -26 -65
-32 -26 65
-34 -26 37
71 -26 66
77 -26 44
-27 -26 -105
-4 -26 -79
60 31 -31
10 79 -17
71 -26 -30
73 -26 -42
54 -26 82
-34 -26 91
9 54 -44
-51 47 7
-101 -26 54
27 -26 -120
-2 57 -41
-100 -2 6
-71 -26 62
2 -26 111
-99 -4 -26
26 -1 -96
90 8 10
-87 -26 88
47 50 -13
24 -18 114
-114 -17 9
-16 38 59
63 -26 6
-73 -26 -88
-67 -26 -71
-80 -6 -66
-11 82 -12
17 -26 -84
96 -26 -31
-84 -19 -80
-61 16 55
-6 92 -2
21 34 -61
1 60 39
-63 34 -8
119 -23 23
9 45 -53
-25 -13 -108
47 -26 -110
77 -4 69
94 -16 67
-38 -5 96
-99 -26 -23
-94 -26 -1
-12 50 -47
-21 -26 -10
32 -26 -94
-77 -26 2
-8 -26 -90
-84 -26 20
37 -26 -16
20 -26 50
-8 -26 -42
-12 -26 -65
50 -26 18
-15 -26 25
-50 -26 78
-32 12 81
-111 -15 25
-52 16 -63
-86 11 17
20 -26 -112
3 7 92
-93 -2 -35
-11 46 51
32 -26 -105
28 -26 88
39 -26 -57
45 -26 59
-49 -26 58
-41 53 20
-6 32 67
47 37 41
11 84 10
61 37 -6
-17 36 -60
122 -26 -21
0 -25 -124
28 70 8
-8 -26 124
-120 -25 32
85 -18 -79
52 22 57
30 -26 110
64 22 -42
-99 -16 59
82 -25 93
54 41 23
19 51 44
101 -3 -10
20 -26 -9
-32 -26 -13
-98 -26 37
-30 -26 -83
7 -26 61
-15 -26 -24
-1 -26 -6
-115 -19 -20
-19 68 25
-69 -26 41
-50 -26 35
20 -26 -26
97 -26 59
51 -26 -41
110 -11 -6
110 -12 9
64 -8 86
7 40 59
102 -7 28
76 7 52
31 23 69
43 22 -64
-41 21 66
-60 33 23
21 14 82
58 -18 -101
42 45 -33
-71 24 -22
-38 58 -14
112 -26 11
-99 -3 19
-9 -18 -115
36 57 -20
-58 39 9
-31 37 -53
-58 -6 87
45 -1 90
1 19 80
77 16 -28
23 11 -85
-106 -7 0
30 -26 -42
-36 -26 -38
68 29 12
13 -26 -53
-32 -26 24
13 -26 -94
30 -26 67
56 -26 52
-79 -26 -54
4 93 -5
-18 78 10
98 -8 -42
-74 23 16
56 27 45
-68 -21 98
14 75 20
83 7 39
-72 25 -12
-34 54 28
51 11 71
-116 -26 42
-51 -25 112
95 -17 -65
54 -16 102
-59 6 -71
60 6 -70
-50 30 -46
-83 9 30
64 30 27
105 -16 47
57 -3 -84
-10 -4 -101
68 27 -24
-72 18 36
-57 40 -13
-108 -17 38
113 -17 -25
62 13 -58
-109 -26 18
-80 -26 59
-110 -26 -34
59 -26 -72
-40 27 -59
36 -26 5
18 41 -55
-2 -26 9
103 -7 -27
-20 -26 111
55 -26 -24
106 -26 -34
88 -26 -43
-32 -14 108
45 -11 -99
-98 -26 -64
-90 -9 -57
12 20 77
11 -26 97
50 -26 100
84 -26 26
37 -26 36
-63 24 40
-110 -26 -5
4 -26 -58
51 -26 -90
67 -26 88
-35 -26 50
-106 -26 43
-99 -9 39
81 -18 85
-84 -7 63
-43 49 -24
68 -26 -103
10 -5 103
72 16 -41
8 9 -88
14 -19 117
-38 35 51
-22 6 90
72 -19 -92
38 34 -53
14 -17 -113
-29 69 -1
64 9 64
37 -8 100
-47 40 34
-52 11 70
-88 -19 78
-97 -21 68
-86 10 -20
-48 -9 96
-19 -26 80
-32 -6 -98
35 52 -31
-57 -26 70
91 -26 -23
-27 -26 44
84 -26 37
48 -26 -54
50 -26 -75
108 -26 -10
80 -26 5
25 24 -70
104 -26 52
65 -26 -62
-16 -26 56
-56 -26 -32
69 -26 -84
97 -26 -2
-73 -26 -9
-76 -26 -35
-17 -26 100
92 -7 54
-30 30 62
-5 76 22
-95 -10 51
-75 8 -49
18 -4 -101
-35 -26 -49
40 -26 -36
6 -26 33
-45 -26 -21
-10 31 -66
-15 -26 35
-69 -17 -91
89 -6 -55
-39 39 -43
-36 48 -35
-94 3 -13
-42 -18 -108
-68 1 70
-85 14 0
-61 8 67
43 9 -79
32 14 -78
52 -26 -102
-39 7 83
-1 -26 -114
-23 70 17
43 54 13
-65 33 3
89 5 -29
-1 48 51
-71 11 51
-105 -18 -48
17 64 -30
26 37 57
40 -26 107
32 62 19
-64 -26 -88
-38 -26 76
63 -20 100
-31 -26 -97
52 -26 39
107 -26 35
74 -26 22
3 -26 102
-21 -26 3
-2 -26 -23
30 -26 -53
22 -26 22
-41 7 -82
67 -2 75
23 29 66
73 -26 100
113 -22 40
-73 -14 85
23 76 -1
61 19 -50
15 15 -81
8 54 44
45 49 22
9 -3 -101
71 -13 86
22 73 15
-32 -7 101
10 73 -24
37 50 32
104 -26 -50
-70 8 -57
-91 -26 -83
-45 31 50
48 18 64
47 52 -4
-41 14 -73
-78 0 59
-39 -19 111
-95 -2 31
-21 -9 106
-3 -20 119
-72 26 8
-76 -8 75
-99 -2 -17
3 85 14
-68 -11 -85
27 44 -47
49 43 -28
53 4 79
41 44 38
-35 -26 6
-12 -26 -113
2 -26 -38
28 -26 -64
-49 -26 -98
-67 -26 -15
66 -26 36
15 -26 -62
-94 -26 -43
48 -26 76
-56 -26 85
-19 -26 -43
114 -20 -33
14 -26 66
-13 -26 -101
43 -26 -6
-38 -26 -6
-1 -26 -99
85 -26 58
-61 -26 17
-50 -26 17
88 5 31
102 -19 -59
4 33 66
51 48 4
-24 70 -14
-61 -17 -97
14 28 70
38 62 0
98 -1 -23
-119 -21 -4
19 7 90
16 66 30
-4 80 -18
98 1 5
-39 44 38
-48 -18 106
-49 23 58
47 -26 -64
30 -26 17
67 -26 -54
115 -26 -4
9 86 -9
-9 -26 67
63 -26 62
-36 -26 102
-43 -26 -64
41 -26 22
59 -26 -16
-82 -26 -17
74 -26 -10
-6 -26 28
-21 50 -43
0 -26 46
-68 -26 85
-112 -26 10
-85 -13 72
-12 -26 17
71 -26 9
-54 -26 -58
-53 -26 102
-22 53 40
25 -10 -106
11 -26 123
55 -24 110
31 16 76
-48 48 15
67 20 42
34 22 -68
-72 20 -31
44 34 -47
95 -25 -78
-71 -6 -76
-35 62 10
117 -20 14
-34 24 -65
-49 50 -1
37 5 86
-121 -24 11
113 -15 -16
42 -25 116
-32 -17 -111
-32 61 -20
-51 31 44
-25 59 -30
37 -26 -76
20 -26 100
-50 -26 -45
21 -26 -49
89 -26 -15
-8 -26 95
4 -26 81
89 -26 7
28 -26 35
-19 -26 -121
-102 -26 13
-79 -26 10
-62 -26 2
34 -1 -93
11 -26 -113
-12 -26 112
-87 -26 73
-71 -26 20
-19 -26 -56
22 -26 69
-86 -26 -72
-26 -26 -75
80 -26 -26
14 -26 41
-77 -26 32
6 31 -67
56 42 -11
30 -26 -113
-113 -19 32
-94 4 -4
68 -7 -81
-48 44 -27
74 21 -22
-82 -13 -75
-97 -26 -13
-77 -26 -65
-108 -26 -23
-98 -26 29
-46 -26 -90
22 -26 108
-58 -26 -72
-5 63 -35
113 -17 25
-51 46 -10
-9 -1 99
-8 -26 46
93 -26 67
70 28 -7
-24 1 -94
-9 45 -53
-67 5 -65
98 -10 47
18 40 56
59 28 -38
0 42 -57
84 3 -44
79 1 57
-90 -8 57
49 -2 -88
85 -26 80
76 18 27
-57 -26 -101
-23 21 74
-78 -26 -95
75 5 -56
74 1 -63
-93 4 14
101 -22 67
53 -8 94
61 -15 -95
39 2 -87
-121 -25 -21
81 17 -7
-17 8 -88
14 33 -64
47 -26 87
-108 -26 -53
-2 -26 -54
-24 -26 -113
-103 -10 -33
-30 -2 96
24 -26 -1
15 -26 5
3 -26 -73
-101 -26 -5
-113 -17 17
-87 -26 39
-91 -26 -31
-36 -26 58
-77 -26 24
-83 -26 46
-67 -26 -24
-73 -26 -80
-43 -26 82
-8 -26 -1
9 -26 11
-64 -26 51
-23 -26 -87
35 -26 74
-57 -26 -13
24 64 -25
7 -26 -82
-49 36 -38
9 -20 -118
57 40 14
40 31 54
84 -11 71
-43 52 -16
-46 -14 -102
-86 2 44
-48 44 26
-67 30 -13
-10 -12 110
77 11 -42
17 75 -17
36 10 81
-42 57 -1
81 -6 -65
-34 5 -86
-83 -3 -58
20 -5 101
-61 31 -27
109 -18 -41
34 64 -9
-66 29 21
-112 -18 -30
-23 38 -56
32 -14 -108
-77 12 -37
-41 -26 -110
36 47 -37
-96 -10 -49
39 28 -58
7 73 26
-17 78 -10
82 -13 -75
89 -17 -73
73 24 -15
25 72 -9
123 -25 -10
-26 42 51
-46 28 -53
-25 12 -83
-87 5 -33
