145 193 128
73 66 127
182 67 125
128 118 167
127 113 86
127 255 128
98 153 126
103 66 176
161 138 127
158 66 173
154 66 80
100 66 81
88 109 142
131 160 155
134 159 101
165 102 104
165 102 151
91 100 102
117 218 127
113 185 114
105 133 101
129 86 176
106 138 154
127 83 78
85 81 155
119 189 145
148 132 99
150 133 154
104 99 166
153 166 123
174 74 151
172 75 101
82 73 101
174 92 127
91 127 123
147 97 86
80 90 127
108 164 146
146 101 168
129 203 113
109 97 86
110 156 105
138 181 109
152 154 144
168 116 128
143 177 144
133 234 132
126 139 94
133 209 140
127 139 161
137 66 181
153 149 110
103 118 158
160 87 164
111 199 129
105 175 129
161 124 111
86 108 121
95 83 90
103 114 95
94 128 143
162 120 146
110 83 174
119 66 74
137 217 122
150 114 94
158 82 89
77 67 147
121 172 105
146 118 163
88 66 165
147 81 174
110 80 81
120 70 180
124 101 172
91 97 155
137 69 75
98 141 114
136 192 144
93 118 109
98 144 140
172 89 110
116 150 156
82 86 111
173 88 143
107 169 114
143 147 155
158 140 142
96 82 166
129 98 82
117 124 91
83 92 142
129 178 150
145 167 109
116 129 162
144 83 81
114 112 167
77 78 136
170 104 118
166 67 89
136 124 91
157 153 129
126 226 120
148 180 120
139 145 98
181 66 140
169 66 163
119 208 138
140 194 115
179 67 111
76 70 113
177 79 120
170 104 136
126 222 137
125 188 108
151 167 137
89 68 90
157 113 156
111 177 143
113 144 99
117 207 119
138 132 162
166 87 98
143 164 149
120 167 152
122 154 99
160 114 103
114 111 89
158 137 111
101 156 138
138 107 86
94 141 128
177 79 135
109 187 135
124 243 128
94 110 153
148 182 133
106 151 149
164 126 134
142 205 124
89 120 132
156 102 94
87 84 100
156 100 161
136 108 169
84 101 133
127 215 116
118 90 81
85 99 112
168 84 155
96 130 109
99 97 93
120 230 130
77 78 124
136 96 173
102 153 113
125 199 144
102 165 124
113 94 172
164 127 122
144 156 104
132 171 104
114 196 117
166 114 115
136 220 133
147 69 177
159 76 168
155 124 101
141 201 136
129 150 158
137 135 94
107 185 124
130 75 180
82 70 156
158 146 120
158 130 147
103 167 136
151 160 114
100 129 152
100 123 102
115 140 158
114 134 96
92 117 146
138 92 82
104 88 85
166 110 143
151 143 150
104 146 107
95 72 169
151 92 168
157 92 91
95 111 101
80 77 146
101 77 84
93 132 133
115 198 139
152 76 82
98 92 164
120 102 85
127 72 75
175 79 110
119 80 177
154 122 156
129 129 164
129 236 122
140 211 132
89 108 109
83 98 123
74 67 137
167 76 161
151 141 104
143 189 138
126 129 92
105 110 163
164 93 156
108 125 95
89 76 162
130 149 97
109 67 77
117 162 103
138 86 175
118 76 77
109 74 176
151 173 129
122 196 111
170 97 143
140 75 178
86 90 151
118 120 165
145 124 94
107 127 158
89 117 119
122 92 174
140 116 90
135 169 152
136 183 147
119 176 149
129 179 106
91 86 160
136 79 78
114 176 109
173 94 118
88 101 147
105 90 169
97 102 160
164 76 91
98 136 145
174 66 98
114 160 152
135 123 165
151 88 85
157 148 138
93 91 95
107 177 119
147 106 89
148 109 165
86 110 131
136 225 125
146 127 160
133 192 110
175 79 144
127 186 148
135 210 117
80 78 109
123 158 155
140 156 153
90 76 93
123 111 169
86 92 106
102 78 172
154 162 131
79 66 105
138 140 159
146 175 114
108 105 89
97 146 121
166 118 138
114 207 131
170 107 127
80 86 137
145 67 77
168 93 104
161 134 137
169 99 111
133 201 142
94 133 117
110 118 163
106 161 111
144 187 116
175 66 155
121 146 97
116 104 170
127 121 89
120 218 120
144 75 78
112 67 180
101 137 107
79 86 120
180 72 132
171 83 104
162 95 97
126 163 101
127 66 182
120 216 136
99 105 95
177 84 127
102 144 147
84 66 96
161 134 119
130 90 80
147 152 150
127 214 140
154 84 169
97 147 132
159 145 130
144 92 172
162 111 150
175 89 135
169 92 150
121 145 159
155 132 105
155 156 120
139 116 166
110 145 154
146 170 144
150 173 121
111 118 92
137 202 116
146 148 103
160 70 85
140 164 104
122 134 162
138 152 100
179 72 117
113 167 107
149 162 144
107 179 136
152 75 174
166 108 109
119 117 89
143 197 122
155 156 136
136 100 84
126 230 135
126 207 142
144 139 99
78 83 130
131 241 130
75 71 121
139 173 107
120 182 108
110 192 124
175 87 119
132 222 119
121 204 114
172 100 127
160 105 156
95 71 86
89 116 139
97 118 152
127 106 84
101 158 119
163 131 129
178 70 146
82 85 144
92 126 116
127 167 153
146 141 155
111 88 82
137 175 149
78 80 116
158 109 98
147 187 126
75 73 131
107 140 102
112 171 146
154 107 161
93 134 125
130 106 171
105 72 80
119 84 79
82 93 116
113 192 139
149 168 115
168 112 121
129 248 129
173 96 136
101 161 132
119 139 95
96 123 148
162 117 108
149 174 136
112 184 141
166 122 128
172 81 150
164 70 167
133 141 95
107 170 141
122 232 123
157 93 164
91 127 130
168 111 137
156 144 113
98 90 90
82 94 132
161 128 142
164 121 117
122 127 164
109 149 103
104 170 121
179 73 140
168 104 143
138 188 112
89 121 125
139 102 170
130 95 174
168 81 98
102 151 143
151 114 160
95 140 134
85 102 141
176 70 105
110 104 167
134 113 87
120 224 123
117 191 113
179 77 127
115 210 125
77 72 143
99 109 158
107 158 147
142 131 95
91 123 138
133 226 134
125 192 146
171 73 157
143 201 130
113 202 122
125 236 132
90 114 114
139 196 140
109 134 158
146 182 139
92 103 153
150 121 96
143 195 135
119 183 147
130 66 73
119 223 130
155 115 98
106 181 130
149 155 109
159 140 118
152 98 166
163 82 93
154 146 144
104 100 90
97 67 172
128 156 99
101 72 173
162 81 164
159 130 111
104 162 141
134 231 125
90 109 148
136 214 136
144 133 159
169 70 94
146 161 108
116 154 101
120 196 143
132 113 168
142 110 167
137 151 156
103 165 118
124 77 77
133 185 108
103 168 130
108 111 91
85 103 117
100 123 154
111 154 151
155 137 147
132 144 159
84 80 102
90 94 100
167 118 123
114 102 86
131 135 162
130 134 93
125 209 114
97 135 111
136 86 80
137 162 153
121 86 176
133 74 76
86 95 148
158 124 150
102 94 89
110 188 119
102 135 151
99 149 137
100 130 104
114 166 150
116 213 133
150 178 126
120 132 93
101 147 111
87 113 126
160 103 99
149 71 79
182 66 132
111 196 134
133 100 172
152 107 93
145 191 121
104 121 97
164 85 160
152 82 84
146 89 84
94 77 89
95 140 121
100 86 168
145 112 90
93 92 159
158 76 86
142 171 147
118 97 83
96 124 106
139 210 122
146 75 176
151 101 90
105 152 108
158 120 104
110 162 107
139 186 143
125 221 118
86 106 136
120 201 141
134 90 174
141 122 163
155 160 124
124 172 151
109 190 129
95 100 97
146 188 133
94 134 139
99 154 133
80 73 106
141 98 84
115 76 178
91 120 114
83 83 150
150 128 156
133 216 117
122 109 86
134 119 89
162 107 103
123 177 106
138 219 128
101 82 86
98 116 101
113 128 94
153 154 114
86 72 95
128 241 124
159 142 137
109 183 118
175 83 114
157 151 124
92 112 106
84 104 128
120 212 118
153 68 176
110 73 78
112 138 98
142 70 179
131 228 121
138 207 137
159 116 152
86 77 98
180 67 117
79 67 152
110 179 114
105 174 135
133 82 177
145 86 173
147 158 147
124 77 179
83 84 106
158 126 106
113 88 173
109 98 169
105 84 171
100 159 127
87 97 107
130 196 145
126 123 166
113 202 133
134 176 106
120 115 167
123 238 125
144 180 114
139 81 177
83 97 139
89 103 106
152 93 87
116 149 100
132 165 102
125 71 180
109 131 97
141 121 92
152 164 118
142 97 171
133 155 156
171 78 155
125 93 81
86 70 161
74 66 119
85 75 157
118 199 115
126 170 103
115 179 146
94 105 101
102 104 163
155 79 171
156 149 116
130 219 138
146 118 93
163 128 117
162 98 157
168 76 96
159 71 170
147 146 152
92 129 138
116 145 157
87 108 116
87 113 135
139 157 102
99 151 118
151 127 99
97 131 147
122 227 134
132 107 85
149 137 101
91 66 168
155 129 152
106 122 160
177 72 110
115 84 176
95 87 164
170 86 150
143 103 87
106 115 161
118 186 110
127 145 96
168 108 114
116 134 160
164 114 146
113 123 163
93 122 143
177 77 115
153 162 137
103 127 100
137 129 93
84 92 111
135 71 180
161 90 94
96 146 127
180 73 123
175 88 124
170 88 104
78 78 141
167 96 152
132 128 91
81 91 121
154 139 108
138 145 157
159 133 143
133 95 82
156 87 89
123 124 90
125 162 154
168 71 161
125 150 98
117 171 149
150 120 160
173 93 141
110 174 112
110 140 156
82 97 128
137 168 104
127 156 156
130 172 151
81 72 151
152 137 151
170 108 132
117 107 86
146 143 102
162 133 124
152 168 132
135 128 163
114 116 165
160 95 160
133 237 126
76 72 138
101 113 159
135 228 131
132 206 114
132 188 147
117 92 174
166 119 132
125 134 93
87 104 112
155 89 166
162 66 170
116 99 171
172 99 120
105 176 123
123 99 83
89 71 165
176 67 150
129 80 178
97 139 141
150 105 164
142 175 110
139 214 128
121 105 170
137 203 139
141 181 144
77 78 130
81 67 100
167 99 106
126 199 111
124 68 74
82 77 151
122 73 76
99 112 98
154 71 82
174 89 115
88 89 102
134 118 167
153 144 108
121 150 157
92 82 93
95 77 167
103 106 92
100 72 83
121 159 101
141 184 113
87 115 131
139 166 150
103 95 167
150 150 106
160 142 124
111 196 122
90 81 161
168 89 154
116 181 110
164 123 139
136 196 112
123 212 139
171 101 133
113 191 116
118 218 132
142 71 76
118 163 152
144 105 167
164 113 109
140 140 97
152 150 146
77 75 114
176 86 132
92 132 129
75 73 126
115 71 179
170 95 109
132 153 99
148 85 83
114 83 80
106 78 82
176 75 147
115 189 142
121 190 110
131 183 148
173 78 105
107 68 177
130 79 77
112 203 127
161 138 134
168 98 147
98 146 116
124 82 177
138 206 119
165 115 142
100 81 169
89 89 156
96 138 117
92 113 149
90 122 119
96 66 84
152 169 126
106 143 152
128 90 175
171 100 138
173 96 131
88 93 153
103 171 126
136 148 98
94 97 158
131 102 84
116 205 136
125 182 149
154 96 90
147 95 170
158 66 83
120 228 126
159 99 95
127 246 125
154 111 96
125 87 79
129 184 107
97 119 104
149 88 171
107 84 83
162 66 86
117 157 154
159 147 126
103 155 143
93 86 94
107 117 94
124 177 150
149 164 113
168 80 158
95 105 156
139 83 79
117 167 105
84 98 118
133 83 78
112 80 176
131 197 111
94 123 110
156 157 130
121 140 160
171 68 159
147 136 156
130 203 142
114 172 107
165 93 100
146 165 146
99 133 107
165 108 148
123 97 173
114 158 103
136 136 161
128 193 110
80 88 133
117 216 123
142 135 96
106 106 165
154 117 157
77 67 110
141 168 107
89 99 151
177 79 139
172 70 99
129 238 132
143 107 88
92 73 89
171 104 124
75 66 114
104 132 154
180 70 137
154 133 150
157 150 133
107 77 174
148 176 117
116 119 90
93 95 97
143 159 150
100 99 163
131 70 181
155 141 146
93 136 129
103 160 116
108 165 110
88 105 145
98 151 130
88 83 157
130 116 88
147 77 81
134 179 149
113 96 84
152 135 103
117 125 164
110 91 171
124 218 138
163 120 112
108 110 165
168 112 131
164 89 158
126 113 169
154 129 102
104 137 103
116 202 117
162 124 143
83 89 146
148 183 124
105 92 86
122 237 129
107 94 169
141 206 132
143 151 153
152 159 141
142 151 101
141 78 79
116 184 144
112 128 161
150 148 149
170 66 94
81 89 117
79 83 141
105 166 141
143 114 165
138 216 132
163 130 133
76 75 119
78 82 134
107 157 108
134 196 143
127 241 132
114 92 82
80 83 115
181 70 127
124 117 88
168 105 111
149 167 141
109 149 152
129 100 173
156 119 100
96 106 98
133 164 153
143 185 141
100 141 109
111 161 149
78 82 121
165 71 90
121 66 181
163 76 165
130 188 108
90 88 97
137 111 87
142 66 75
172 95 114
160 122 107
134 91 81
118 178 108
129 226 136
170 93 146
126 147 159
160 85 91
173 97 124
122 119 166
119 110 169
140 200 118
74 68 133
81 66 156
147 131 157
132 145 96
106 172 117
166 118 118
127 135 162
84 88 108
113 136 158
104 110 94
103 157 113
113 70 76
166 79 94
103 148 146
157 121 153
139 127 163
92 108 105
108 185 129
174 91 132
143 200 126
85 97 143
81 82 111
136 213 119
130 86 79
87 112 117
85 109 126
147 93 85
133 180 107
164 86 95
94 129 114
89 72 92
156 144 141
110 194 130
156 155 125
167 114 134
125 152 157
169 112 126
123 166 102
165 122 122
131 231 134
181 67 121
133 150 157
169 108 122
143 160 105
154 160 119
93 81 164
103 139 151
108 174 141
93 67 87
179 76 132
149 182 129
84 104 124
109 144 102
123 216 117
117 145 97
176 83 137
129 210 141
159 101 159
122 222 120
