37 -57 64
-19 124 -24
-78 -43 -76
75 -44 -77
-78 -47 42
37 31 -2
-4 -57 -19
-47 18 -13
73 -58 -2
-17 73 31
-10 -5 45
-5 62 -39
3 -2 -49
-62 -43 -16
27 95 -1
-26 -57 64
-19 -45 -77
40 -20 22
40 -43 -38
-5 124 24
7 -57 28
10 35 36
-48 -17 22
-40 65 -8
75 -43 42
-35 31 28
-35 -21 -42
24 -44 -77
41 -8 -17
-33 -57 20
-34 102 5
35 -57 -1
20 30 -36
-23 29 -40
75 -58 -40
27 62 17
27 64 -20
-24 90 -27
8 102 -29
-78 -56 -43
14 -30 46
-78 -55 10
20 4 37
42 -58 32
-23 -54 -45
9 94 26
-48 -43 -62
8 124 -5
1 -33 -54
-29 -31 44
5 -58 60
-55 -46 64
-53 -15 -10
-33 -57 -12
27 -17 -41
48 -32 -1
38 8 14
-56 -43 26
-37 56 18
-34 3 34
50 -43 -65
68 -58 64
-36 5 -36
62 -43 19
53 -58 -20
-39 41 -22
-14 21 40
-48 8 12
-21 124 3
-45 -58 43
-12 47 36
20 -56 -32
-19 97 25
-45 38 3
-15 -58 40
7 69 31
-49 -43 -37
-11 -57 9
30 30 22
35 15 -23
-28 62 -30
19 113 14
-77 -57 64
-1 39 -42
50 -43 48
-35 79 13
11 78 -32
72 -43 -20
12 -57 5
23 -43 -54
-19 -6 -48
15 52 -35
-7 -33 50
23 -58 47
21 8 -40
-56 -30 6
31 41 -20
2 -43 -73
-30 107 -16
34 -36 35
69 -43 -55
20 -43 62
-36 86 -10
2 123 -28
-6 17 -46
42 -29 -23
-21 -34 -52
34 51 0
-69 -43 -57
54 -58 7
20 111 -16
62 -58 37
-78 -55 -16
60 -43 -37
-46 -10 -28
41 8 -5
22 88 -20
-45 -57 5
75 -58 22
30 73 0
5 16 41
27 -17 37
-62 -58 -29
-13 106 -30
8 -11 45
-7 88 -34
-62 -58 51
-11 -47 64
25 -57 19
17 -57 -14
43 -8 5
-51 -28 -25
24 85 14
-78 -43 -30
21 48 27
-10 -49 -61
-37 -43 -77
-22 116 19
44 -37 18
-20 47 -38
-59 -43 -77
62 -43 -2
-35 -43 56
74 -58 -65
-78 -43 25
-31 -14 40
34 -57 -22
-20 -57 -28
-62 -58 -50
11 -18 -49
-43 -39 36
-5 -53 -45
33 -3 27
-77 -43 -2
-52 -9 6
-39 25 -27
-78 -56 -63
-8 124 -11
57 -43 64
-10 -20 -52
-44 -58 60
6 53 35
-61 -58 33
-28 46 30
60 -57 -47
-62 -58 -8
-60 -43 41
-33 75 -21
53 -58 56
75 -44 59
-51 1 -7
32 -4 -32
-40 15 24
34 -43 51
53 -43 33
-2 105 27
75 -58 49
22 19 32
0 124 9
-30 122 -11
28 -33 -43
-34 -41 -47
-44 26 13
-16 -21 47
2 -58 44
75 -46 10
-17 -57 -10
39 -58 48
49 -43 -24
23 117 -1
40 -43 -77
49 -56 -36
70 -58 -25
-9 87 30
-15 -57 24
-63 -43 5
35 -49 -63
-40 41 17
-71 -43 64
-29 -58 46
-46 7 -23
-16 76 -34
-22 14 -43
-28 -43 -62
59 -58 22
-56 -31 -10
-63 -43 -43
9 -49 -61
-41 -24 34
-45 -2 23
51 -43 -50
31 -53 -45
-5 34 39
-40 65 6
43 -57 17
-22 -43 51
7 26 -43
-76 -57 29
30 46 16
75 -43 26
-43 52 -1
58 -45 -77
23 -57 64
5 -41 51
10 124 19
-27 15 37
-24 60 29
1 -56 -32
-9 62 34
-22 34 35
75 -45 -34
-48 18 2
17 77 24
2 2 44
51 -43 7
17 -6 -45
45 -19 -6
-31 93 16
-1 -20 48
-39 55 -18
20 -58 33
20 99 16
18 65 -30
20 -43 48
59 -58 -6
-30 116 8
-50 -30 25
8 13 -45
-45 34 -12
-12 -58 54
36 23 13
68 -58 10
-63 -57 64
-29 72 23
45 -24 10
-43 -31 -37
-23 84 26
44 -57 -11
5 -57 -8
-23 -57 3
1 -57 15
-27 -58 32
27 19 -33
2 -43 63
-24 -2 41
15 124 7
-13 124 14
-34 -8 -40
51 -43 -11
35 -26 -34
-31 48 -31
36 26 -16
-11 5 -48
-17 60 -37
28 79 -11
-61 -43 -29
-78 -56 -29
75 -58 36
-78 -43 -43
-33 -57 -25
75 -46 -6
13 124 -21
38 -44 64
-38 79 1
-75 -58 51
18 100 -22
-24 -45 64
-45 -43 48
-45 -57 -14
-3 76 -36
-24 -18 -48
4 83 30
-41 -11 30
-52 -43 -50
13 -35 -52
62 -43 42
-27 105 17
24 53 -27
-74 -43 11
-66 -58 8
-31 21 -36
18 64 27
23 75 -22
-35 -53 -45
32 13 24
-11 9 43
11 107 22
72 -58 -53
22 42 -32
39 -17 -26
-75 -57 -5
-10 28 -44
-5 -58 32
-5 73 33
50 -58 42
8 90 -31
32 51 -13
35 34 10
67 -43 -67
38 -43 -50
-5 50 -41
-35 99 -7
40 -9 17
60 -54 -59
-74 -43 -17
24 -57 6
-59 -43 53
75 -55 -14
-33 111 -2
-9 118 -29
31 -58 37
-23 109 -24
39 19 2
-10 -39 -55
-68 -43 32
-6 -58 64
-55 -38 15
-73 -58 40
-78 -46 55
-36 90 5
-49 -5 -19
20 31 31
62 -58 -34
24 101 -11
19 -43 -65
24 107 5
-10 114 25
11 -57 -24
-32 37 -32
75 -55 -76
-67 -43 -69
46 -53 -50
35 41 -7
-38 -49 -61
17 -19 43
37 4 -21
-28 1 -43
-5 -10 -51
25 -33 42
28 73 11
31 62 6
-8 -57 -3
-65 -43 18
20 123 -11
65 -43 53
28 -57 -11
9 43 -39
-4 100 -32
38 -56 -33
3 124 -16
-43 -19 -35
28 84 -1
32 60 -7
43 -5 -6
64 -58 48
46 -29 -12
40 -43 40
-33 -57 9
3 27 40
-9 -43 -71
12 -57 17
74 -43 -45
20 -24 -47
1 -22 -52
0 44 37
-78 -46 -64
13 -44 -77
20 -7 39
30 31 -26
-54 -21 11
-42 -48 64
-42 49 10
14 -58 54
16 20 -40
-54 -58 59
-54 -38 -22
-31 93 -19
-48 -45 -77
-59 -43 -61
48 -52 64
14 25 37
-35 -41 42
13 -58 41
-41 14 -28
-25 124 13
-16 94 -31
33 -26 33
40 -41 28
-55 -18 1
-10 -43 53
-78 -53 -74
-7 124 1
6 63 -37
63 -58 -15
-26 79 -28
30 9 -32
-20 124 -13
-20 -11 44
12 -50 64
62 -43 -17
2 -57 2
40 -30 25
14 109 -24
-42 47 -13
-12 38 -42
-22 -57 16
-29 -29 -48
41 4 4
-2 -43 -60
-36 69 16
-1 94 29
-58 -38 -2
12 -1 42
-67 -43 -7
-50 -18 -23
-19 107 23
34 -15 29
-18 -34 49
64 -43 9
-19 -43 -60
-30 124 -1
13 44 33
45 -57 3
2 113 -29
52 -43 20
61 -43 -27
-38 -58 51
24 -2 -39
41 -38 -30
-7 124 -21
-33 -57 -2
35 -57 9
53 -58 31
-62 -58 -40
26 41 24
35 -57 23
-47 25 -5
29 -42 -45
33 -15 -33
24 -57 -21
-40 -3 -33
-35 63 -23
-4 20 42
-50 -8 15
-24 -57 -19
49 -43 -34
13 3 -45
18 83 -27
58 -50 -69
-35 40 25
15 15 38
28 7 30
-2 -58 54
29 -43 -69
-37 77 -12
30 69 -10
-22 -58 52
30 -58 58
-12 -30 -53
-2 -10 47
-27 116 -18
-51 0 6
-27 100 -23
45 -57 -24
0 116 25
-49 -36 -30
34 44 7
18 88 21
-27 -43 -72
-7 -57 -28
-69 -43 44
20 -57 -5
47 -43 57
62 -43 30
12 34 -40
75 -48 -61
6 52 -39
-42 32 -21
-32 -49 64
9 -22 47
-16 -54 64
-44 -43 -45
-49 -43 57
39 15 -11
-36 -32 39
58 -57 64
-49 8 -13
-9 99 28
-28 24 34
67 -43 64
26 54 20
-25 -42 -52
43 -19 -17
-34 -6 35
36 -35 -36
-32 62 23
-52 -58 49
27 -42 42
-8 -57 18
49 -41 -2
60 -43 -52
-78 -54 -52
-42 -43 -55
-50 -43 34
-35 22 29
-32 -23 40
45 -18 4
-17 57 33
24 98 8
75 -53 57
64 -58 2
-35 12 31
13 57 31
-1 9 -47
-52 -58 38
-78 -43 -54
68 -58 28
75 -49 49
46 -37 -19
-78 -56 19
-78 -48 34
41 -43 -66
29 -43 61
-13 38 38
22 -36 -48
75 -49 19
-2 29 -44
28 -7 33
-31 84 -22
-30 12 -39
-69 -43 -33
-33 51 24
-24 39 -38
-46 28 5
-29 85 20
47 -35 10
38 23 -7
-20 10 40
-13 124 22
-28 70 -29
-6 -58 43
72 -43 2
-53 -30 16
0 -52 64
41 0 -13
-37 -33 -43
37 -8 -27
-40 7 27
10 -8 -48
1 -32 50
24 107 -5
31 54 12
17 -57 25
25 93 -12
75 -51 29
-11 68 -37
75 -55 -31
-55 -23 -6
-78 -49 64
-45 25 -17
48 -43 -74
-25 -21 44
-14 124 -4
-78 -50 3
-78 -49 -11
10 69 -34
-35 -58 60
9 116 22
-21 67 -34
55 -58 -29
10 -27 -51
-20 101 -28
75 -49 -70
-20 49 33
-1 -57 24
-40 70 -1
-3 9 43
35 5 22
28 21 27
-18 -25 -52
15 91 -27
-16 2 43
-16 82 29
-46 -1 -26
18 124 -2
-44 17 -21
-27 -9 -45
-37 69 -16
56 -43 54
-38 74 7
-44 35 10
-47 18 10
50 -58 24
-36 -58 40
-71 -50 -75
-34 29 -33
50 -58 -5
-4 55 36
11 -42 -54
3 -58 36
0 124 -8
-16 116 -27
-53 -25 -18
27 88 6
10 9 41
-19 3 -46
-67 -43 56
-39 33 21
-44 19 18
40 0 13
67 -44 -77
1 20 -45
23 76 18
53 -58 15
55 -58 48
-70 -58 59
44 -58 55
-41 57 -9
64 -58 57
-71 -43 -49
7 -57 -16
62 -43 -60
29 -25 -41
67 -58 -45
-12 54 -39
0 84 -35
16 74 -30
-12 -13 46
-40 57 10
37 27 6
19 40 30
-50 10 3
75 -50 -24
-54 -11 -3
-35 53 -25
-44 44 -5
-18 28 38
40 12 5
31 38 17
14 -58 63
-49 0 13
2 70 -37
32 -43 -77
42 -43 49
6 -43 -66
75 -52 6
66 -43 -9
47 -43 -43
-15 -57 1
-5 -57 -11
-51 -43 41
26 -26 39
-5 -1 -49
32 23 -25
28 -56 -32
12 -56 -32
-50 9 -5
38 -43 -58
23 -58 56
13 -39 48
3 63 34
11 124 -13
53 -43 40
-49 -38 28
-45 -21 28
-20 85 -31
-78 -47 17
28 80 6
-4 108 -31
-25 -57 -11
-63 -47 64
-10 81 -35
39 -58 41
-62 -58 -16
-39 -3 31
67 -58 18
-40 -43 -65
12 86 26
-24 54 -35
68 -58 41
4 101 27
3 -12 -50
75 -49 37
-39 24 23
10 78 29
30 -58 29
-15 12 -46
-53 -43 -28
62 -58 -24
32 -58 46
16 120 16
65 -43 -46
27 45 -25
69 -43 15
-23 -58 41
-28 -43 57
-68 -43 -77
0 93 -33
-18 -58 33
-28 -39 46
7 124 5
-14 -13 -50
-15 90 28
-29 35 31
22 114 6
-15 65 33
-41 62 -1
29 56 -19
36 34 -10
75 -57 13
-45 8 19
44 -12 -9
-26 92 22
17 -13 -46
-41 6 -29
-32 115 -10
-8 -26 49
-50 -54 64
3 -40 -55
8 -58 50
13 -43 59
-19 21 -43
-57 -38 8
-20 -58 59
57 -43 12
68 -43 -37
55 -58 -13
23 67 -25
35 16 18
25 36 -30
-45 36 -5
14 71 28
67 -58 -6
-64 -58 40
75 -48 -51
72 -51 64
12 59 -35
-26 5 39
23 92 13
16 44 -36
23 114 -8
22 -49 -61
-46 -10 23
-12 -5 -49
15 13 -42
-44 -38 -39
-45 -33 32
37 -10 24
2 76 32
27 72 -16
-12 106 26
25 -49 64
-34 88 11
23 67 20
-18 -43 -70
-34 -58 33
-11 47 -41
-32 -43 49
21 56 25
22 11 34
39 -53 -46
5 33 -42
61 -58 12
24 -9 -41
26 28 28
-78 -49 -38
-35 93 -12
-22 -27 46
34 2 -28
-36 13 -35
35 43 0
-53 -43 48
-59 -43 -52
-9 79 32
-58 -43 35
-56 -43 -35
-72 -43 20
-47 -29 -31
71 -43 -28
23 60 -27
-37 47 20
41 -50 64
14 27 -40
-52 -37 22
-3 -2 45
-46 -58 12
69 -58 -35
-39 -10 -36
10 119 -25
-14 -57 -24
-70 -43 -23
5 5 -47
11 -57 -4
-19 -57 9
0 56 -39
46 -43 37
-78 -49 -48
-59 -42 -10
75 -50 -38
-44 46 3
29 -57 13
-36 94 -1
60 -43 -70
36 -43 35
45 -30 14
-34 -43 -70
42 2 -3
-71 -43 2
3 124 19
-4 124 17
-20 19 39
72 -43 36
-9 124 8
-51 -4 -12
-28 -58 57
-26 53 30
-23 67 29
40 7 -12
-35 83 -16
18 120 -17
43 -13 9
17 106 18
-4 -28 -54
5 40 37
-45 -58 53
-5 -44 -77
-21 123 19
15 97 21
-32 117 2
-78 -44 5
-27 112 16
-37 83 6
-68 -51 64
-43 40 -15
-31 107 10
-56 -43 -44
-36 -43 63
-57 -31 -3
-45 -43 -70
24 -43 56
-60 -43 -68
-3 -57 7
40 15 -4
56 -43 2
8 -29 48
-26 -57 22
-58 -43 -22
-23 101 21
68 -49 -71
28 0 32
60 -49 64
29 2 -34
34 -49 64
-17 -39 -54
-52 -14 11
38 -3 -22
-26 21 -40
44 -11 -2
-43 42 10
27 27 -31
4 -57 -24
-44 -43 41
-17 -45 64
0 124 1
75 -46 -13
3 -5 45
32 64 0
42 -19 15
-56 -36 -14
-51 4 0
-62 -43 -2
34 -42 -41
27 89 -6
65 -57 -53
-38 62 -16
-18 34 -41
-78 -47 -24
74 -43 -68
47 -57 12
-12 -43 -77
10 -58 33
24 -57 26
-35 -43 -60
46 -29 6
44 -58 63
-74 -43 50
45 -43 25
-61 -58 58
-23 75 27
-10 27 40
-31 100 14
57 -58 -38
-52 -17 -17
34 40 -14
-18 -5 44
-28 44 -34
-74 -57 -57
24 13 -36
5 77 -35
71 -58 4
-39 -17 34
36 -58 55
54 -43 -44
-13 -43 -63
12 -43 -69
-53 -4 -2
54 -43 -17
5 -57 8
37 -43 57
59 -43 37
18 -57 2
-71 -43 37
68 -43 47
-62 -43 29
11 96 -29
-37 20 -31
15 -57 11
1 34 39
-78 -55 42
16 -12 42
-37 36 -26
25 101 1
62 -43 59
20 -58 41
19 1 -43
-7 -18 48
74 -43 20
-36 45 -26
33 -43 41
20 120 8
19 56 -31
29 -11 -37
-20 42 35
42 -7 11
75 -56 42
-78 -57 57
21 105 -17
51 -50 -67
-41 -24 -38
37 19 -16
30 15 -29
-13 -58 47
-11 98 -32
40 -23 -26
21 -28 43
-23 124 -7
-34 104 -1
49 -58 49
19 93 -22
8 109 -28
-36 63 18
48 -37 3
75 -57 63
-35 -15 -41
7 -43 56
-37 85 -3
-14 -43 59
46 -25 -4
30 69 6
-48 -20 -29
-3 28 40
-23 117 -23
-29 -35 -49
12 -43 -61
-51 -22 17
10 124 11
65 -54 -62
35 38 3
10 100 24
-38 49 -22
33 55 4
-11 -57 29
57 -58 2
-33 105 -8
12 65 30
21 105 13
5 -16 47
59 -58 28
24 35 28
-39 75 -6
33 29 17
-6 124 -28
62 -58 -41
69 -58 53
-47 31 -1
38 18 9
75 -51 -2
36 -30 30
-60 -43 14
0 -49 -61
-12 -57 -14
-8 42 -42
-4 -43 -67
58 -43 47
-78 -50 -60
43 -57 -18
31 -20 -37
-74 -57 -21
8 23 39
33 -30 -39
-30 -21 -46
13 102 -26
70 -58 -19
1 69 33
