132 147 119
132 36 217
123 36 38
136 187 223
119 186 33
131 56 128
136 113 192
127 113 49
120 187 164
124 187 86
119 99 99
126 65 177
126 103 146
129 56 81
136 156 191
127 146 76
131 77 216
136 187 126
125 75 39
133 140 158
123 150 39
134 33 157
116 36 105
133 136 216
137 175 59
121 86 70
118 182 195
119 164 142
118 163 222
134 36 187
132 116 120
132 86 121
119 171 109
117 66 105
128 116 78
126 93 173
133 76 152
120 133 100
119 161 171
130 56 201
137 163 93
120 39 65
133 105 216
126 32 133
126 118 171
136 88 195
136 169 33
137 179 181
137 168 157
125 132 137
120 62 60
118 162 61
120 131 60
133 134 184
119 187 64
128 78 90
137 185 104
133 54 150
129 34 88
136 187 148
137 170 208
137 166 128
118 164 82
118 183 136
123 95 39
118 162 200
123 56 38
123 131 39
127 47 169
118 185 215
137 187 41
121 154 100
137 186 199
133 122 151
119 176 49
137 175 78
126 73 135
119 105 65
119 187 119
119 116 107
118 167 34
137 168 110
119 51 96
118 84 109
129 44 116
130 94 82
132 153 215
131 101 129
136 71 191
129 121 208
127 86 53
126 145 173
131 143 201
118 167 126
137 163 176
129 131 114
126 149 135
129 70 115
119 177 178
126 48 53
136 186 165
129 133 86
133 107 160
126 71 75
124 147 57
125 88 142
137 161 70
132 61 217
133 51 184
121 187 102
127 101 114
137 161 51
118 176 153
132 172 223
131 154 149
128 92 210
123 119 92
126 117 134
136 187 69
132 65 162
130 41 202
122 172 94
125 45 141
126 78 169
121 175 73
128 106 181
133 89 160
119 55 114
128 187 53
130 81 182
137 173 140
119 162 47
131 155 165
131 103 201
134 130 198
137 181 90
136 173 194
127 160 115
118 162 156
124 130 74
121 143 109
129 70 205
120 76 60
118 171 210
119 167 187
128 171 167
126 131 172
129 150 89
129 179 114
128 180 207
127 35 175
127 106 89
125 64 145
126 44 76
125 99 55
125 187 185
132 128 127
128 175 131
127 65 49
120 120 66
126 30 147
127 142 146
122 64 93
127 140 47
130 48 215
128 154 181
124 187 151
136 100 190
129 123 181
130 44 130
127 125 49
121 88 94
137 176 47
126 158 74
120 176 223
121 53 70
132 127 162
129 155 204
128 46 89
123 107 39
129 170 182
127 177 33
127 37 50
119 75 98
128 187 174
136 144 190
135 31 198
134 45 158
129 187 138
119 187 46
137 162 223
120 150 68
137 173 100
125 174 144
120 38 94
126 168 54
137 161 139
132 94 149
129 82 203
137 164 81
135 187 80
118 175 60
118 186 76
125 100 74
136 49 195
120 37 116
128 87 131
126 104 169
137 186 211
130 139 130
128 84 78
133 180 156
118 176 120
119 74 113
126 170 43
132 68 127
132 155 127
126 116 145
137 177 122
129 171 85
130 68 85
116 47 107
125 56 137
137 176 171
130 164 213
123 120 39
129 162 34
124 160 90
129 59 115
131 94 183
132 132 149
130 166 148
136 187 114
121 113 58
126 86 42
121 144 98
120 127 109
131 55 164
131 40 148
134 62 185
137 163 200
133 65 152
118 176 167
136 123 190
119 95 64
125 161 135
132 116 216
126 45 43
118 172 136
137 161 41
128 133 207
120 140 67
118 181 110
122 92 115
126 185 222
119 104 108
125 77 145
119 179 83
125 187 129
137 179 132
132 35 125
125 98 137
129 187 34
127 187 195
118 172 199
129 144 182
127 156 50
128 111 206
121 64 70
129 144 212
127 101 46
120 109 96
133 111 150
118 165 100
126 54 177
128 34 77
127 169 115
119 182 94
132 179 216
130 36 166
118 182 206
124 112 115
128 44 180
121 65 116
136 62 194
132 117 162
126 107 135
126 126 145
135 186 188
119 166 70
126 75 53
132 98 164
132 71 183
128 56 90
137 181 33
118 165 116
137 168 186
127 187 109
132 105 121
118 186 176
123 66 38
132 78 162
119 177 37
131 117 199
137 186 59
128 79 114
127 55 48
126 181 45
118 176 188
137 164 166
129 170 202
128 181 166
137 162 102
132 126 216
128 35 208
129 124 86
123 123 57
119 124 100
131 95 119
123 110 73
123 129 92
126 121 113
127 187 73
128 187 95
127 187 213
123 97 91
120 49 60
127 169 76
133 149 158
130 138 166
125 155 142
137 177 110
131 85 148
133 159 156
133 137 121
134 77 198
119 162 210
126 154 173
121 160 107
137 161 60
120 86 59
127 164 223
125 141 89
119 177 129
137 161 116
118 169 162
132 110 128
137 170 67
122 178 101
132 51 121
124 151 114
130 153 81
137 184 174
128 178 90
137 184 50
118 93 105
121 75 69
137 174 151
126 177 53
134 116 184
137 178 202
126 158 41
130 92 200
123 38 57
129 69 214
128 58 210
127 69 169
132 96 216
118 179 145
129 178 80
117 55 105
127 93 48
126 132 53
137 171 90
130 181 148
136 79 190
126 55 146
136 136 192
132 169 121
126 92 75
131 87 216
127 178 179
131 79 129
135 39 195
128 89 89
119 165 179
129 187 159
133 160 183
127 187 61
118 182 56
128 187 119
137 179 67
124 140 39
128 100 209
133 101 153
130 172 213
128 35 115
127 138 177
126 73 176
129 76 82
118 166 90
128 106 78
126 126 133
126 165 174
119 183 157
131 120 129
118 170 42
130 114 85
120 45 116
129 86 166
137 162 208
127 63 132
137 184 138
127 99 178
120 154 60
135 152 198
126 112 176
127 85 176
120 136 108
126 139 115
119 172 80
118 169 150
137 170 217
132 146 150
118 183 184
125 107 55
123 69 57
124 121 74
128 125 78
137 168 47
132 74 122
128 49 207
130 163 84
126 59 55
130 48 147
132 155 119
123 138 57
118 85 100
134 68 198
122 73 92
134 187 180
128 139 78
129 167 131
122 38 73
137 162 148
127 147 50
134 107 186
118 168 52
125 38 143
135 45 188
137 178 163
129 187 203
118 165 134
117 74 106
126 182 134
126 61 171
134 82 156
132 126 120
125 82 136
129 42 83
135 89 187
137 177 222
132 92 127
126 134 145
122 152 93
128 88 114
127 72 46
120 46 67
118 183 125
124 160 57
131 147 165
125 168 138
136 95 196
137 176 38
129 110 166
128 42 209
129 71 147
121 151 107
137 170 54
120 132 67
125 59 74
132 181 126
137 171 165
128 162 167
119 183 223
132 148 128
129 163 204
124 187 143
128 78 209
137 172 132
126 96 146
126 172 174
133 70 157
119 117 100
137 179 188
118 170 219
136 162 33
125 78 74
124 187 41
124 91 56
127 51 132
137 186 157
127 80 48
135 106 197
132 65 120
119 58 96
135 150 187
133 162 122
134 59 156
123 165 39
137 180 146
119 162 164
125 67 138
126 141 135
131 48 200
121 187 191
121 187 202
136 165 192
131 44 165
131 187 102
137 161 216
134 95 157
132 42 122
125 110 142
137 184 97
127 166 90
131 136 200
137 178 84
120 180 65
129 63 204
118 178 216
126 39 134
130 183 85
136 54 191
122 145 72
133 132 156
134 115 156
121 80 93
125 121 140
127 119 52
121 103 59
119 97 111
134 174 184
133 173 160
122 171 103
136 180 195
137 176 212
127 131 180
127 164 49
128 60 181
126 115 42
127 177 222
126 124 169
130 179 200
119 176 90
125 145 140
137 167 74
137 183 75
133 101 184
124 165 111
122 136 93
120 170 64
120 70 63
126 52 114
129 63 78
127 40 91
122 81 115
128 150 208
129 100 87
126 92 135
129 157 210
120 146 62
120 159 70
132 54 217
122 45 93
117 62 111
137 169 147
127 117 179
119 172 183
118 172 173
132 167 162
123 112 91
137 180 55
118 69 99
124 49 38
127 160 179
130 37 182
118 182 171
120 140 103
128 145 114
127 68 91
119 162 192
137 171 201
127 152 45
126 40 170
137 161 108
129 156 86
119 176 204
123 187 208
125 163 143
126 187 80
136 31 191
134 52 158
137 179 102
135 129 187
129 147 82
127 187 165
118 182 42
125 180 74
123 151 73
121 94 71
126 125 42
117 41 100
132 34 150
125 177 40
127 60 43
128 50 79
130 84 85
126 122 176
137 170 116
120 55 61
129 129 212
132 59 122
134 141 185
127 155 133
131 42 216
122 172 33
119 187 148
125 180 142
129 100 80
124 175 112
131 161 129
133 147 216
124 138 74
124 81 57
126 53 170
135 145 197
126 149 178
133 186 216
128 171 34
119 114 64
126 178 173
121 167 59
119 173 142
125 171 223
121 187 110
119 163 149
122 187 54
118 171 192
119 126 65
133 45 152
132 142 124
132 171 127
119 187 89
127 39 44
129 131 79
118 166 205
136 187 34
131 88 182
130 140 84
122 187 96
128 94 167
135 187 86
130 60 148
130 172 148
137 186 205
128 187 47
136 187 132
130 108 116
118 176 161
118 164 76
131 165 116
121 183 71
133 123 199
129 51 85
129 62 85
124 51 91
124 127 114
118 180 76
137 170 39
130 35 201
127 146 44
130 73 130
132 49 127
129 86 210
124 51 140
130 110 200
133 139 152
122 104 114
137 168 97
137 176 95
130 182 183
118 176 113
118 171 156
132 31 183
123 187 136
119 170 120
121 116 71
131 104 165
131 187 150
118 186 130
124 173 57
131 187 39
117 40 112
123 89 39
127 92 179
128 121 148
128 159 148
128 141 206
128 130 166
127 133 132
125 49 73
119 107 102
123 42 38
126 45 135
130 36 131
127 151 168
127 65 114
121 158 96
123 103 91
132 183 162
124 183 91
117 50 102
120 110 111
137 183 122
121 104 71
132 157 199
127 106 50
129 96 205
129 77 203
137 168 171
137 169 104
137 175 71
125 171 89
137 180 208
124 187 123
125 72 142
134 77 185
118 62 101
122 177 107
136 168 223
127 95 114
118 80 104
123 181 34
126 132 43
124 34 91
135 67 187
125 84 90
122 44 72
120 137 62
128 64 166
121 117 112
120 129 104
126 142 54
126 139 171
133 82 199
126 49 175
133 44 183
120 119 61
125 31 139
120 80 66
125 103 140
127 120 45
131 173 117
137 182 218
121 187 181
131 176 165
129 115 115
135 57 198
132 71 164
118 162 217
127 143 167
123 164 33
137 182 152
125 174 136
130 127 202
131 165 199
128 129 90
133 122 159
134 124 185
137 161 86
119 182 151
130 185 130
133 169 152
126 43 174
133 88 154
122 187 169
118 174 98
128 145 131
119 181 163
120 121 105
118 49 112
137 181 41
131 187 67
137 168 59
118 167 105
137 170 80
134 187 93
119 170 131
137 182 112
125 53 55
124 59 116
118 184 51
131 187 124
133 187 193
133 127 154
133 187 107
133 175 34
118 171 88
135 112 198
125 93 140
137 162 133
134 155 185
129 65 209
119 162 37
128 105 207
118 182 103
137 171 181
123 187 68
121 96 58
128 76 181
121 123 94
135 118 196
131 141 117
128 175 76
136 128 193
126 183 177
137 181 61
132 100 124
131 111 215
133 151 123
123 71 115
119 91 110
135 95 188
125 183 55
129 69 79
126 78 175
124 183 111
130 65 182
130 167 81
119 166 195
126 41 53
129 119 88
125 138 139
131 104 149
127 43 48
127 172 51
126 105 176
127 107 43
126 169 145
130 122 166
130 50 165
120 90 66
130 150 115
126 127 55
129 138 182
126 70 41
130 127 149
118 170 74
125 41 113
121 99 70
132 97 200
125 81 39
133 180 121
131 182 222
125 100 41
128 49 181
137 171 124
118 68 112
136 161 188
137 165 122
122 187 156
126 153 54
137 162 76
121 124 70
127 68 132
130 99 147
125 77 139
119 156 64
136 150 192
129 175 206
119 187 81
129 150 147
128 95 89
137 178 176
125 82 143
128 183 77
119 182 189
129 115 131
119 182 115
132 62 127
137 169 85
118 177 211
118 163 53
137 176 127
137 178 137
118 184 141
135 101 196
137 173 189
119 90 101
119 177 54
118 178 137
129 116 204
133 70 151
126 159 172
125 127 138
136 105 191
129 160 78
131 81 165
124 84 74
133 148 183
128 73 166
133 102 159
129 177 212
130 49 116
129 126 115
126 127 176
119 165 43
125 122 89
133 155 159
128 72 89
120 109 62
137 183 83
129 89 82
123 179 57
127 110 147
127 54 76
123 59 91
131 60 164
133 150 153
133 56 184
120 95 96
132 187 57
132 176 151
137 177 116
120 174 68
130 101 214
122 187 59
119 163 129
132 187 168
119 172 56
128 112 181
134 187 141
131 168 216
123 170 39
126 165 43
129 176 85
135 140 197
137 166 180
118 182 36
118 173 215
119 180 201
133 187 50
118 177 183
128 187 89
119 167 213
132 187 76
137 167 212
137 165 153
122 87 115
118 171 205
130 104 84
131 79 148
127 97 133
133 41 161
118 99 104
129 146 205
121 122 110
133 166 34
132 131 120
132 63 199
130 152 130
129 134 212
119 187 39
133 84 161
126 102 134
133 121 216
124 187 34
131 187 220
127 49 46
128 165 181
127 97 51
122 165 94
123 144 92
132 160 163
128 75 77
123 163 73
123 177 93
128 57 167
136 187 54
130 118 82
133 108 155
127 87 48
134 65 157
127 111 75
123 187 115
123 182 39
133 133 161
129 145 87
128 184 114
126 112 171
134 84 185
127 58 133
124 48 116
131 136 116
120 56 66
126 183 172
125 135 89
135 72 196
129 54 206
129 38 213
130 151 201
123 67 73
129 117 166
123 155 111
133 143 162
118 36 98
131 79 119
129 173 80
137 176 217
133 187 209
126 82 172
128 40 78
137 162 158
