121 136 207
164 138 6
19 133 89
203 129 119
117 128 85
91 138 11
93 115 148
162 111 164
127 125 255
63 128 109
134 136 131
128 170 16
129 124 38
236 133 90
121 136 168
166 125 117
107 123 120
134 116 108
127 134 9
136 124 228
131 115 151
135 135 64
135 122 187
127 151 35
74 127 134
37 132 108
159 126 143
149 136 26
109 135 28
122 137 107
98 122 170
215 131 100
183 127 132
127 115 129
118 131 146
86 126 117
137 129 91
119 132 237
119 124 56
148 122 125
132 120 208
118 132 188
185 127 111
130 119 74
136 133 154
116 119 161
128 152 16
136 121 169
119 122 221
126 138 48
94 126 132
119 134 123
129 138 224
148 121 156
136 132 114
133 136 196
111 120 136
141 124 140
126 137 26
118 121 108
129 138 79
134 136 178
134 131 242
50 130 117
126 118 94
122 120 195
105 125 153
107 136 13
123 119 177
120 135 66
136 127 51
150 137 12
136 134 211
127 119 239
168 124 131
163 123 156
138 135 36
88 116 162
127 138 92
63 129 125
202 130 106
138 135 19
26 132 101
119 117 147
229 132 101
157 123 169
49 130 104
86 126 143
127 161 25
119 134 37
130 138 144
117 128 98
157 113 152
137 129 77
119 123 71
135 135 102
118 124 207
129 119 61
121 136 136
178 126 121
73 126 117
137 121 118
100 115 160
124 138 155
125 115 116
133 115 139
101 121 141
212 130 111
135 134 166
190 127 122
117 135 19
98 137 20
137 126 200
118 133 222
117 122 127
137 119 130
133 120 85
117 130 159
160 138 17
127 128 19
157 123 131
129 115 162
125 133 247
83 127 128
94 124 154
119 128 46
128 138 120
137 125 217
122 137 179
95 124 121
150 120 145
129 139 37
129 118 222
137 125 101
127 121 49
170 126 141
105 124 130
157 124 120
119 124 231
134 135 232
117 128 178
118 131 114
140 124 151
139 119 159
120 135 56
128 138 187
136 124 66
128 147 25
121 136 197
123 127 30
127 138 214
94 112 169
121 115 138
35 131 98
137 128 125
137 127 177
195 129 113
119 134 76
120 125 244
136 132 186
120 121 186
122 120 86
135 134 45
137 132 143
117 127 136
117 127 199
154 116 162
121 136 85
128 161 13
132 130 28
132 123 248
131 119 199
124 119 213
166 119 164
118 124 169
118 121 118
136 132 223
160 117 144
112 124 144
131 119 179
112 119 153
155 124 151
133 136 55
135 123 237
127 136 238
135 134 83
130 138 204
148 124 135
124 116 104
129 119 231
129 138 163
165 116 152
100 137 9
118 131 214
130 138 111
59 130 116
137 125 110
121 115 155
95 126 146
127 138 61
125 118 169
72 126 126
134 136 72
138 136 27
137 118 145
98 123 161
137 128 133
126 138 129
137 126 161
133 115 123
44 131 112
93 112 156
121 121 63
129 118 189
131 119 100
219 132 107
119 134 92
100 118 152
89 118 169
124 119 203
176 125 134
164 126 125
129 138 172
126 115 144
85 124 135
107 136 20
119 122 78
117 136 29
157 124 162
152 137 20
117 128 106
134 136 93
174 126 115
120 135 229
126 144 32
122 137 116
136 134 202
164 127 137
119 116 123
128 138 101
133 124 45
56 129 107
135 123 58
93 120 141
133 115 115
157 137 9
122 137 143
137 126 208
127 143 19
121 127 38
91 123 162
130 138 137
66 127 117
137 130 194
126 135 17
126 154 27
135 135 123
120 135 100
155 115 169
222 132 97
137 127 83
137 131 58
197 129 123
143 136 14
117 125 150
210 131 105
89 118 155
117 128 65
127 146 40
171 125 124
124 138 72
131 131 249
163 116 159
118 124 92
79 125 123
230 132 94
107 125 139
119 116 130
24 133 94
42 130 103
118 131 171
118 131 129
89 126 124
122 136 44
125 119 70
144 119 149
106 120 145
160 121 138
204 130 112
127 169 9
101 116 167
137 132 173
132 120 216
119 122 102
128 118 81
125 121 248
134 128 39
130 138 86
135 122 194
134 136 218
111 121 129
122 127 250
124 123 43
51 129 111
127 165 20
123 131 25
117 128 121
118 125 191
120 122 237
135 122 77
144 122 120
139 119 136
122 116 163
116 118 142
144 135 22
131 134 21
136 129 236
100 125 136
162 122 149
142 123 132
80 126 138
132 137 157
126 158 20
110 123 159
117 128 225
123 119 228
122 137 218
154 118 155
57 129 123
117 130 205
127 138 194
184 128 118
118 131 52
95 111 162
131 135 31
101 123 124
176 125 128
120 136 160
125 137 232
132 120 68
183 128 126
121 115 111
129 138 67
31 131 104
92 127 138
152 125 142
127 115 136
136 123 90
136 133 108
118 133 153
165 115 169
131 119 172
123 135 32
147 125 149
137 128 167
137 117 152
122 137 190
125 115 150
124 120 57
129 138 151
119 122 213
118 132 140
117 126 142
129 138 181
137 128 119
133 136 190
117 128 219
118 131 165
137 131 97
117 126 185
142 123 126
130 137 43
147 120 140
100 122 147
158 113 158
132 115 131
143 136 31
129 115 109
153 124 126
123 137 225
122 137 149
70 127 112
118 131 70
98 113 155
188 128 129
137 126 144
111 125 151
142 123 159
157 118 150
93 118 165
119 123 175
193 129 118
124 138 201
121 131 243
164 126 145
136 132 51
133 135 38
96 123 127
131 119 92
121 123 48
127 118 184
133 115 157
118 131 58
114 121 122
133 134 238
127 127 25
89 124 130
68 128 129
134 136 147
69 129 121
117 125 163
131 120 242
135 125 242
161 119 166
94 138 16
129 120 55
112 119 146
103 137 24
132 137 49
179 127 114
133 117 166
116 124 155
129 130 14
223 131 103
103 136 16
119 122 201
137 120 112
123 138 123
132 126 33
132 137 115
163 138 11
103 125 144
149 123 120
125 138 55
137 126 184
134 136 140
117 129 92
137 130 71
188 127 116
113 136 23
96 122 136
94 120 151
137 129 228
112 135 16
78 128 130
190 128 110
123 137 184
137 126 223
137 130 103
118 133 177
125 138 208
170 127 136
142 124 146
117 118 152
120 116 118
126 115 123
134 121 202
151 122 130
132 115 146
121 120 96
118 125 113
137 129 149
118 132 201
130 134 245
196 129 107
121 136 49
118 132 193
137 129 64
163 122 170
159 125 127
122 135 21
117 128 77
92 123 168
157 122 156
137 128 213
154 120 166
30 132 97
154 122 136
124 136 37
114 124 139
126 142 26
136 132 161
133 137 184
136 121 104
132 120 227
120 122 181
125 119 219
91 138 6
131 138 127
108 122 125
101 120 157
133 137 227
136 123 212
126 150 21
137 132 137
128 150 30
137 132 218
125 138 139
136 134 77
137 119 123
132 137 211
118 127 237
123 138 96
118 133 107
129 140 30
123 119 74
135 122 97
135 122 221
137 125 72
154 126 146
135 122 181
81 126 115
135 128 44
98 126 142
129 138 73
124 138 174
208 130 115
119 134 183
106 121 134
163 112 155
127 142 45
84 126 122
144 119 144
95 120 146
160 115 148
122 137 79
114 123 134
125 119 233
106 120 150
156 122 140
134 134 25
118 131 81
137 125 173
148 137 17
137 132 129
121 136 61
137 124 123
125 138 168
118 133 118
133 122 53
173 127 130
113 135 33
135 134 31
127 138 219
57 129 112
127 138 115
137 131 178
165 114 163
162 126 130
62 127 121
117 128 210
127 138 21
95 115 159
123 121 53
91 125 119
109 120 140
118 119 166
160 112 169
118 126 61
131 120 237
130 115 119
91 112 165
134 136 172
137 128 140
162 124 163
120 135 112
155 138 13
158 122 146
119 123 226
144 125 153
143 136 26
92 119 159
122 120 91
137 123 164
129 123 252
124 135 242
143 119 156
127 166 13
151 124 153
119 123 84
199 128 117
126 115 155
159 126 137
118 118 114
159 115 162
100 121 165
128 138 106
125 138 134
121 130 33
127 118 209
147 125 144
135 122 81
120 121 191
154 120 160
123 137 164
134 131 35
118 124 196
122 135 27
134 136 111
118 135 24
136 132 88
136 133 119
118 133 85
126 138 147
137 127 190
126 124 35
36 132 103
130 137 230
131 138 59
127 118 176
137 129 204
120 133 41
123 121 243
118 132 136
193 128 126
233 133 97
134 116 162
118 133 62
97 115 151
165 121 153
22 133 98
136 133 198
129 138 96
96 122 157
137 129 156
118 130 229
128 157 24
127 118 194
117 126 131
120 118 104
128 144 36
125 138 87
125 118 100
130 138 198
90 123 135
107 122 156
146 121 133
137 124 131
124 138 67
74 128 122
161 120 160
215 131 105
118 131 103
125 138 110
106 125 148
207 129 109
118 118 136
89 121 166
97 118 161
129 118 205
133 121 231
129 116 103
53 128 115
87 127 138
46 131 107
92 126 127
137 126 115
128 129 253
141 119 140
98 124 150
96 115 166
136 117 133
92 115 153
127 138 158
134 136 152
91 126 143
95 138 9
121 120 170
163 123 134
120 135 129
125 118 89
126 139 33
170 126 119
124 119 190
119 126 51
118 133 96
132 119 192
76 127 114
121 120 209
136 127 56
117 126 203
119 134 211
115 118 157
134 121 173
122 120 224
129 123 42
62 128 114
151 121 149
119 132 46
124 115 133
19 133 93
144 124 137
54 130 120
137 124 138
178 128 131
127 158 29
130 138 132
134 135 98
128 154 20
135 116 127
134 121 72
130 132 17
127 118 200
161 125 147
133 136 161
136 134 228
161 125 121
129 118 213
126 118 225
137 128 107
97 126 138
42 131 108
199 128 110
117 129 125
127 157 16
119 123 65
137 130 81
137 126 194
133 137 201
137 127 96
101 122 130
138 124 157
67 126 125
227 132 97
166 118 160
132 137 166
134 128 245
128 154 31
122 115 142
148 137 22
136 133 67
122 135 234
129 126 29
157 117 159
156 137 20
166 119 169
121 136 173
121 121 233
146 123 129
179 127 135
139 135 23
123 137 92
47 129 114
134 136 136
136 117 119
181 126 129
131 137 82
121 125 43
179 128 125
129 119 66
117 126 215
79 125 127
119 128 241
168 127 126
66 128 113
133 121 62
96 138 13
103 137 12
89 123 139
117 126 172
127 115 159
131 128 24
175 127 119
99 124 120
103 125 140
153 125 138
131 138 90
132 119 184
124 119 65
122 115 128
118 124 122
136 123 85
123 137 214
135 122 177
93 124 149
135 135 207
83 127 134
161 121 142
87 127 133
131 138 63
134 136 89
72 128 131
155 114 155
81 127 119
134 135 59
118 130 234
91 121 152
89 116 166
132 137 222
98 114 169
158 112 164
182 126 122
90 114 158
137 124 106
125 124 252
166 123 137
114 122 161
141 120 130
123 119 182
136 134 192
122 130 246
101 122 136
123 136 238
129 118 88
78 125 133
186 129 124
118 128 55
134 117 104
131 119 96
129 118 217
98 118 155
158 119 163
174 127 125
141 118 147
116 124 145
165 122 160
96 124 166
162 118 151
124 119 82
135 122 207
132 127 250
134 134 19
117 128 116
117 130 182
103 125 149
125 133 13
132 137 78
125 115 139
167 127 134
122 115 146
129 138 52
128 138 176
129 115 114
201 130 114
165 118 156
126 118 77
118 125 181
131 115 127
124 131 17
160 125 152
135 134 215
120 135 155
109 135 24
135 132 40
129 120 245
119 134 70
39 131 101
137 127 153
161 114 153
129 122 46
129 115 141
121 121 68
120 134 31
91 114 168
125 138 143
121 115 151
136 130 49
122 115 107
124 129 21
212 130 107
120 122 60
96 123 132
123 138 159
93 124 158
103 122 127
135 122 225
128 142 41
127 130 10
131 137 105
129 137 35
118 132 90
137 118 156
172 124 133
76 128 125
136 117 140
133 135 42
151 121 138
125 138 227
118 125 80
98 122 154
88 126 127
128 148 34
128 142 22
113 134 28
95 117 144
101 119 162
117 126 72
120 116 160
235 133 94
136 131 232
132 137 69
167 127 139
107 136 17
163 112 161
99 126 146
137 126 234
131 138 193
141 136 18
126 138 75
108 124 131
53 129 105
102 122 151
128 161 18
133 123 49
137 130 122
99 138 16
148 125 139
115 119 134
114 121 127
118 131 209
162 118 148
60 129 108
157 122 166
135 135 158
130 130 20
129 117 168
85 124 131
107 125 143
69 128 116
96 122 140
110 124 138
136 119 166
143 120 137
118 124 98
84 125 140
122 137 127
120 121 88
97 118 148
154 122 147
219 130 104
131 137 101
112 120 158
145 124 141
118 131 109
124 138 102
135 122 199
153 137 16
97 119 166
117 124 136
200 129 121
129 138 140
133 120 77
124 138 119
185 128 115
133 125 42
122 137 74
135 134 55
127 132 250
126 118 173
141 121 161
117 128 168
155 115 152
130 135 241
116 118 146
122 124 248
129 115 156
188 129 119
128 139 25
105 121 138
113 124 148
139 136 31
140 123 136
193 129 122
125 138 198
117 126 88
125 116 165
93 121 155
77 127 117
154 115 165
98 125 124
127 138 82
136 118 116
136 120 107
117 120 123
121 136 187
110 122 120
167 125 123
132 137 120
137 130 210
130 135 25
70 129 125
125 138 151
120 135 139
124 127 253
152 124 121
175 127 137
179 126 118
117 119 130
137 125 79
137 128 100
121 121 204
192 128 113
117 130 175
153 125 130
159 137 13
118 124 187
119 134 204
157 126 133
162 126 140
186 126 121
92 124 145
92 123 138
147 136 13
106 136 27
132 137 148
117 128 146
145 121 158
162 115 166
137 129 113
206 130 104
123 119 216
202 130 109
110 119 149
120 136 120
104 121 142
136 123 190
134 116 143
98 112 163
118 133 197
136 133 148
136 133 93
114 118 150
121 136 221
185 126 129
