-4 29 44
-99 -44 -70
65 -45 -70
67 -44 96
-16 29 -69
-91 29 -10
66 29 -17
60 -45 13
-8 -27 95
67 29 74
-9 -45 -70
-60 -34 -12
-77 20 -71
-31 29 -10
43 12 -70
33 -20 56
16 29 96
17 29 -30
46 29 28
60 -20 -28
-99 -13 -32
-53 -24 -71
46 -5 96
-59 4 -33
-4 -42 56
28 -27 -71
60 -5 9
28 -44 96
-6 5 74
6 29 6
-98 -45 -10
60 -45 56
-9 -8 -71
28 26 61
60 2 47
-76 -43 -41
-99 -9 -67
-99 28 -44
-48 29 -56
65 29 -51
67 -11 -68
16 29 -64
36 29 -2
15 -3 96
-38 4 -71
-13 29 -36
60 -17 71
-77 -7 -12
-61 29 -17
46 26 96
60 -23 32
4 -14 56
17 1 -71
67 29 11
60 -45 -15
60 -45 -43
67 29 46
20 -42 70
-58 -22 -44
60 4 -43
-72 29 -42
38 29 -47
-72 -42 -71
-8 29 84
50 10 71
-73 -6 -67
67 10 96
-36 -43 -71
21 29 34
60 5 -16
-99 6 -15
67 -19 95
-99 -35 -46
10 11 56
50 -36 80
-38 29 -33
-99 29 -70
66 14 -71
-8 28 -13
44 29 -24
4 -26 -71
-99 4 -47
-30 -20 -71
60 -24 -3
-2 -42 79
-8 10 96
32 -22 94
43 -11 -70
60 11 24
43 -44 -70
-99 -23 -12
-58 10 -67
30 3 56
-6 -18 75
0 14 -71
60 -26 -54
16 -45 -70
-59 -15 -22
49 29 62
-58 -41 -54
-8 28 23
4 29 66
-85 -24 -71
-78 -43 -17
-76 15 -12
38 -40 56
60 -45 34
13 -30 94
32 11 96
-59 -41 -31
4 29 -46
31 26 83
17 29 -10
-58 -4 -53
-36 24 -71
24 29 14
60 -20 51
54 29 -70
60 -2 83
-99 10 -65
-3 -8 96
-19 9 -71
-99 -35 -27
60 14 1
60 21 -34
-88 26 -28
-60 29 -70
65 29 94
-59 6 -12
49 -27 96
35 29 -66
13 -32 56
-84 29 -56
38 29 47
52 -26 -71
47 -8 56
-96 -19 -52
-5 1 56
47 -44 96
-6 -45 96
66 29 28
-76 -24 -12
-13 -28 -71
-31 29 -49
60 -5 28
60 16 57
50 11 88
50 -29 62
50 29 80
-58 16 -51
60 -28 14
49 29 12
14 29 50
-99 12 -30
-88 -43 -57
34 -42 81
60 2 -60
-53 -41 -71
52 29 -7
21 29 -47
-1 29 -62
24 16 -71
-59 22 -31
15 29 79
43 13 56
-53 -4 -71
11 14 94
2 29 -26
60 -12 -47
60 -9 -6
50 -14 83
60 -1 64
-69 -21 -71
9 29 22
-47 29 -10
-99 -29 -64
60 -35 -28
60 16 39
17 -16 -70
-6 16 63
-23 29 -24
-76 29 -17
-6 -26 62
-69 26 -57
-84 5 -67
60 -45 73
18 -8 56
13 -42 85
29 29 -19
1 25 96
66 -28 -68
60 -34 46
60 -5 -30
60 -39 -1
32 2 -71
31 -3 96
-15 29 -54
60 -25 83
67 -4 96
-8 28 5
-97 -9 -17
53 29 43
60 16 -53
-91 -43 -36
49 29 -38
-23 -5 -71
31 29 -34
64 29 61
60 18 80
-51 29 -40
31 29 96
3 -2 -70
-58 -27 -57
-99 22 -57
-88 -35 -12
66 27 -3
49 29 -55
24 -40 56
11 -16 96
60 -15 18
60 -31 71
7 -42 64
-8 28 58
3 -40 -71
-63 -8 -11
-47 16 -71
-6 -9 65
-59 -28 -26
-21 -38 -71
60 -39 -58
60 18 -12
49 -42 65
-72 26 -29
-42 -12 -71
-97 -25 -38
54 -3 -71
60 -28 -40
39 29 72
-49 29 -23
-99 19 -11
60 -30 -15
60 9 -28
67 29 -70
50 -6 73
-98 29 -22
-99 -1 -34
-65 -43 -19
30 -45 -70
-85 29 -42
-86 -42 -71
-6 -6 81
-87 -10 -71
57 19 96
-73 -43 -58
36 -35 94
24 15 56
-91 19 -71
35 29 35
60 -35 24
18 29 3
-6 23 73
16 -31 -71
-71 10 -67
4 29 -12
-59 16 -19
37 29 19
4 29 35
-43 -32 -71
23 -13 94
56 -13 96
-58 -14 -64
12 20 -71
-88 -16 -12
2 3 96
-27 29 -63
-63 -33 -67
-6 -28 83
-26 29 -36
40 -30 -71
31 -13 -71
7 -2 56
15 -20 56
-65 -22 -11
-88 9 -12
-97 15 -42
62 -34 93
-64 -43 -42
54 -38 -71
17 29 67
67 2 -70
-59 -2 -23
-48 29 -70
60 -13 -18
4 -13 -70
60 20 12
-99 -8 -48
67 29 -29
8 -44 96
60 7 13
-36 29 -21
3 26 84
-96 0 -58
-71 4 -12
-6 18 85
50 4 59
60 -13 42
-73 -43 -28
-24 21 -71
-87 29 -68
-99 -22 -24
50 -22 72
54 9 -71
60 -45 84
-11 19 -71
21 8 96
56 -15 -71
23 20 96
60 -12 61
-58 6 -45
-59 -10 -43
-6 -36 68
60 21 68
-20 29 -12
-58 21 -62
-10 29 -24
-99 25 -33
55 29 -20
60 -34 60
-75 -31 -71
-59 -33 -40
60 -16 6
60 -14 -58
2 -33 96
38 -42 68
41 -15 94
60 22 -62
24 -29 96
27 29 49
-94 1 -71
-99 -39 -60
-61 29 -51
60 7 75
24 -27 56
-59 -15 -33
-7 29 -45
44 15 96
43 1 -71
41 29 87
-6 1 89
-66 21 -11
-6 -18 -71
50 18 63
44 25 -70
5 29 -70
-9 4 -71
-99 -35 -15
-8 28 34
-78 -16 -67
60 -13 84
60 6 36
60 29 19
-76 29 -65
8 29 -36
60 8 88
26 29 72
9 9 -71
-31 12 -71
-95 -20 -68
-2 29 15
-84 22 -12
38 29 61
58 29 5
-96 11 -55
-6 -17 92
24 29 -58
50 2 80
-85 -43 -26
35 29 9
-38 29 -59
4 29 52
11 29 -20
53 3 96
60 22 -45
67 26 84
24 28 -71
-97 17 -21
42 4 94
67 29 -40
9 29 -57
-4 -33 -71
0 29 -2
-63 -43 -63
-6 -17 57
60 -35 -47
2 -28 56
-99 -45 -42
-58 5 -58
43 29 -12
60 -35 80
55 29 33
-41 29 -47
55 29 53
37 -6 56
60 1 -5
28 29 24
-64 -2 -67
8 -42 76
50 -20 58
-17 -18 -71
-67 21 -71
-99 -45 -25
50 21 87
-43 -22 -71
12 26 59
-24 -28 -71
-99 -29 -54
-33 -5 -71
42 -27 56
60 -45 44
-97 3 -25
60 -14 -37
-64 29 -37
60 20 29
-99 -16 -42
23 -8 -71
-90 -33 -71
-6 -28 73
50 15 79
-88 -43 -45
60 -7 50
60 -2 18
46 29 2
60 -24 61
-21 29 -45
60 -24 42
60 -45 -32
29 29 -8
35 19 -71
38 -20 -71
60 10 64
50 -29 86
17 5 56
-69 -35 -12
-4 26 -70
54 29 91
-8 29 96
60 -31 5
40 4 56
37 29 -57
1 -42 88
63 26 38
-94 29 -61
53 -37 96
60 22 48
55 29 72
60 5 56
60 -9 75
-99 -6 -26
50 -38 57
60 12 -39
-59 21 -42
19 -42 94
2 15 96
67 20 96
52 18 -70
57 29 -29
9 29 -4
-88 29 -19
24 29 87
-99 -44 -51
-86 -25 -12
13 29 40
60 -26 23
60 -33 37
60 17 -21
40 29 -33
5 29 75
-99 -9 -57
-87 -7 -12
20 -42 80
51 29 21
20 29 -20
12 -6 -71
-47 4 -71
-26 5 -71
-64 29 -28
9 29 91
60 -7 -63
-77 29 -50
28 29 3
-66 -13 -67
60 12 48
32 -35 -70
60 -4 -40
34 21 94
60 3 5
30 29 -51
-5 29 -32
-53 29 -31
21 23 56
50 -42 87
-59 -24 -34
35 22 56
-91 29 -49
35 -42 90
31 -13 96
59 -24 96
56 29 -49
5 -5 94
60 -23 -64
66 29 -62
0 -24 96
60 -6 91
-55 21 -71
60 7 -51
60 -27 -23
16 29 16
60 -17 -9
50 -9 65
24 -38 -71
65 -36 -70
-59 -35 -21
24 7 -70
60 -1 -23
60 11 -61
-8 -36 95
-72 -17 -12
-68 -43 -51
50 22 74
2 -14 94
-45 -44 -71
-93 29 -38
-79 29 -27
-57 29 -59
46 -42 74
-55 28 -10
-64 13 -11
-8 21 95
-81 -36 -67
-6 -36 87
-69 29 -13
60 -37 -39
-59 14 -28
-81 3 -12
-99 -8 -39
35 29 -26
60 -40 65
60 -31 -62
46 29 51
-77 29 -36
60 -22 -17
-99 21 -65
60 -36 12
60 -42 -23
60 29 -11
60 -23 -46
50 0 68
58 29 82
45 29 41
13 29 -49
50 -6 85
-53 29 -49
58 29 -40
-99 27 -14
-5 29 -53
60 -5 -55
-6 -1 68
-90 10 -68
60 -14 34
34 -29 56
58 29 -57
15 29 -40
24 -13 56
-51 -15 -71
-66 29 -64
-79 12 -71
-87 -43 -14
-60 -42 -12
-4 29 67
-97 -36 -37
-58 -14 -56
45 -34 94
-6 13 75
13 29 32
60 3 28
50 -21 91
-59 6 -23
61 3 96
-6 8 63
60 -5 37
60 18 89
17 12 -70
-99 -25 -47
59 -44 96
-80 -17 -12
0 -6 56
20 -22 96
57 10 96
-99 -22 -61
24 29 -40
-59 -6 -36
-55 -33 -71
-99 -44 -34
-66 -43 -34
0 29 23
-15 -2 -71
-59 -26 -16
-70 3 -71
16 26 88
-95 -2 -12
-6 -17 65
38 -26 96
-81 29 -10
60 -45 5
60 -45 -6
50 -35 70
5 -42 57
-2 14 56
65 26 53
44 29 -63
60 -45 21
32 -42 61
-98 -35 -70
60 -24 75
32 -42 72
-3 29 -19
47 -17 -71
35 -7 -71
-82 -3 -71
-79 -43 -33
60 23 -26
60 -35 -7
24 29 -27
0 29 -40
60 21 -4
13 -23 -71
-63 -25 -71
58 -32 -70
-97 -43 -17
59 22 -70
-99 21 -49
13 19 56
-33 29 -41
50 2 89
48 29 -46
1 -42 72
-36 -35 -71
60 19 21
-81 -43 -54
63 -18 -71
50 -24 80
38 -8 94
9 22 94
35 29 -15
21 29 43
-24 29 -56
-13 -35 -71
62 8 -67
-40 29 -14
35 10 56
-58 -28 -50
60 -18 90
29 29 40
-99 -29 -20
18 29 27
-99 -27 -29
60 -4 1
-29 29 -18
34 4 94
-59 -2 -15
-8 29 -5
-26 -13 -71
-97 -14 -25
-39 17 -71
-1 29 90
50 -45 -70
65 -12 93
-62 -40 -71
24 0 94
24 -36 94
67 21 -68
-58 -23 -65
-92 16 -12
-43 29 -40
9 -33 -70
36 29 54
60 -12 -26
14 -42 62
-86 26 -36
60 -15 -2
60 21 5
2 6 -70
-58 29 -42
57 29 64
-66 26 -47
-1 26 57
-99 -15 -10
-8 2 96
-6 -35 79
-98 29 -52
-8 28 -63
60 26 89
-34 -13 -71
-58 23 -54
-2 29 30
-58 -35 -58
32 26 69
-58 -5 -61
47 29 72
60 24 76
-79 -43 -62
60 -15 27
42 29 80
-30 29 -29
60 -40 90
10 7 94
60 24 -18
42 29 -40
8 -36 96
42 29 11
50 -10 -71
60 -27 -32
-61 -15 -11
50 -15 69
22 -2 56
-18 -45 -71
39 -16 56
16 -38 56
60 13 71
60 9 -9
-8 29 50
-58 3 -66
61 -2 -70
39 -37 -71
5 29 45
-71 26 -22
60 -3 -47
40 29 94
13 28 -71
-1 29 6
60 -24 5
-56 29 -23
31 -29 96
-11 11 -71
-6 1 81
-99 21 -40
-59 -2 -43
57 29 12
2 5 56
58 -45 -70
-87 26 -62
-85 17 -67
-91 26 -55
58 27 96
-94 29 -30
-59 -11 -71
-93 25 -67
38 -43 96
59 29 47
-3 -42 64
22 26 80
11 26 66
22 29 61
-34 29 -66
43 26 57
-70 28 -70
67 26 -11
-96 -15 -59
1 -42 96
-99 20 -28
-73 -42 -12
47 -32 -70
-59 -10 -27
-93 -29 -12
17 29 -54
60 -17 79
-67 -2 -12
-16 29 -19
44 -22 96
-21 29 -31
50 -31 75
-99 -17 -18
-43 29 -28
60 -35 -20
57 29 26
60 -5 -17
-6 -5 73
-6 -11 86
60 -21 12
58 14 -70
62 29 69
47 19 56
13 -42 71
-43 9 -71
-25 29 -70
-58 -20 -51
-59 -8 -18
-92 -43 -51
-53 29 -17
-58 -41 -47
66 -29 96
-88 -2 -68
56 -4 96
-61 15 -71
-33 -26 -71
59 29 -4
-91 -26 -68
-99 10 -39
-25 -45 -71
-96 -2 -51
-54 7 -71
-78 26 -58
48 9 94
48 29 -17
60 -24 68
59 29 -64
60 6 -36
45 -42 60
60 -2 72
60 -42 -64
18 22 -70
60 -33 86
10 -9 56
35 29 27
-48 22 -71
-66 -29 -12
-58 12 -42
-3 -4 -70
12 29 72
10 1 -70
31 25 -71
50 19 94
35 26 90
20 26 72
-63 29 -10
-7 -25 -70
60 -14 -65
-1 26 78
11 -24 96
-99 9 -23
-98 12 -10
-81 26 -21
-85 23 -71
25 -7 94
67 29 18
-77 26 -43
-64 -43 -27
-86 26 -51
-6 22 61
36 26 78
-7 29 76
-65 8 -67
47 -14 96
-68 -27 -67
-8 29 12
16 21 94
15 -10 94
-52 29 -64
25 26 93
10 29 -29
-97 6 -33
-95 -42 -64
-58 3 -51
60 5 20
60 -1 -11
44 29 21
-3 -42 -70
14 29 10
21 29 53
-23 -20 -71
60 8 -1
50 -13 60
27 29 32
10 26 83
11 -39 -70
26 -42 68
-78 -23 -71
60 -39 39
60 -32 52
-99 1 -40
-2 -12 -70
-59 -22 -28
-86 -43 -63
58 -24 -71
46 -24 -71
30 29 56
60 26 30
60 10 7
51 29 5
60 -41 -51
-6 -12 77
-42 -38 -71
50 12 60
-99 1 -66
22 29 21
47 29 -29
60 15 -30
-76 0 -71
60 -18 -52
34 -12 56
-3 -32 56
6 -34 56
-6 -24 89
20 -25 -71
60 11 -17
60 0 40
26 -42 76
58 -9 -71
60 12 -48
-72 26 -51
1 -21 -70
-58 -29 -63
38 9 94
30 29 17
-72 -12 -71
-65 -7 -71
60 -38 54
61 29 -24
-94 -14 -70
60 -39 30
-70 -36 -71
-87 -19 -68
-1 29 -8
35 12 -70
4 29 14
60 -21 -38
-59 23 -25
0 -21 56
35 -26 -71
-65 26 -21
-76 21 -12
25 9 56
55 -31 96
22 29 -6
60 5 69
60 -12 11
29 29 -62
60 -6 44
29 29 -44
-15 29 -46
-2 -2 96
-21 29 -62
-99 5 -53
-84 -43 -38
60 -33 -55
-14 29 -29
11 -15 56
-76 -31 -12
39 -34 56
-59 29 -32
25 12 96
47 6 -70
26 -18 -71
-93 -12 -12
-99 -4 -62
-74 -43 -22
-96 10 -49
-20 3 -71
-99 15 -60
-97 -28 -71
40 26 67
-18 22 -71
4 29 59
60 -9 69
-92 -38 -68
-6 -41 72
60 14 -6
60 -13 51
44 19 -71
52 29 -1
24 -20 56
50 29 -63
-45 29 -64
50 -32 57
-66 -43 -58
-70 -43 -42
24 0 -70
19 -34 96
-43 27 -71
50 24 -70
-97 -31 -42
-59 -41 -39
60 -25 90
-6 22 81
-81 -31 -71
-74 29 -55
50 -10 93
-75 28 -10
50 -35 91
-25 14 -71
-71 17 -67
0 26 63
62 26 13
-99 -15 -64
-99 -31 -35
28 22 56
6 28 96
9 29 -65
47 29 91
-99 -22 -33
50 24 66
13 -39 94
-63 22 -67
60 -38 96
41 21 94
-30 22 -71
2 23 -71
41 29 -18
60 14 15
60 -11 -13
61 29 -46
60 21 60
-99 0 -17
-58 10 -55
50 4 73
-95 -6 -70
60 -32 -2
-94 -19 -12
60 -1 53
60 -8 23
-59 7 -39
-47 -9 -71
-64 26 -60
60 14 32
