18 17 -2
-101 -49 -63
60 -49 98
59 -48 -63
-76 20 -9
6 20 86
-25 20 -63
-36 -48 -27
24 -49 33
53 20 -62
60 20 49
-102 18 -63
54 3 98
12 -49 95
-100 -48 -14
-28 20 -14
58 -15 -33
16 20 43
61 19 3
13 17 -44
55 -20 37
-41 -19 -56
-98 -12 -33
-63 20 -48
60 -49 -28
43 20 -28
34 -24 93
36 17 72
-36 -49 -62
-102 20 -32
60 -49 38
42 20 25
-35 4 -39
30 -4 36
32 19 99
-8 18 4
-13 20 -36
-53 17 -23
-95 -37 -40
60 -6 -57
61 18 79
-101 -19 -57
-37 -24 -33
28 20 -63
53 -34 -45
36 -46 99
33 -27 33
6 17 22
2 20 -18
-100 20 -9
-1 18 -63
54 3 34
38 17 49
-79 17 -31
6 20 62
60 8 -35
32 -2 94
40 20 -3
55 -19 97
-48 17 -62
-95 4 -48
-78 20 -63
22 17 -23
-43 -38 -47
60 18 -18
40 17 -47
61 20 27
-38 1 -57
43 -43 32
25 17 15
-45 20 -40
50 20 93
24 17 59
-44 19 -8
-29 20 -46
50 -35 93
-89 20 -46
24 20 85
-43 -11 -42
50 20 63
56 -22 -56
-102 -49 -30
59 20 -47
16 18 99
60 -49 -45
-31 17 -30
-60 18 -8
-14 20 -52
-104 -24 -42
-100 4 -33
28 17 33
27 20 -38
-13 20 -13
44 -9 41
-102 -49 -47
50 17 38
46 17 11
42 -10 101
54 -4 -42
-102 -34 -55
-63 19 -63
-91 20 -21
54 -35 37
3 17 -32
59 8 -56
15 17 73
39 8 35
60 -29 -33
13 20 -63
-103 -7 -46
-66 20 -33
-36 -49 -41
3 17 -4
33 20 -14
-69 17 -20
41 9 97
8 17 8
37 20 87
-1 20 -45
-41 -37 -34
-102 18 -49
-38 -32 -57
-39 14 -52
47 20 -15
-76 17 -46
-34 -25 -46
56 20 -33
38 -34 101
24 -49 95
57 -36 -57
33 -41 39
-17 17 -24
48 -48 94
43 -31 41
48 17 80
53 -19 -44
6 18 36
43 -18 32
14 20 -14
6 18 50
24 20 -51
18 20 25
40 19 -63
29 20 4
-99 -3 -57
-89 17 -60
45 -3 92
58 17 15
-51 20 -51
-35 -9 -51
-42 20 -22
37 20 61
-95 -16 -47
30 -13 98
55 -40 -34
60 18 99
30 -15 37
44 -23 101
52 17 -5
-88 19 -8
-39 -5 -33
-21 20 -5
41 -4 31
16 17 -33
-43 1 -47
49 20 51
-98 -29 -33
26 17 47
-102 18 -20
-56 17 -40
-79 20 -20
61 20 61
-101 8 -57
-37 20 -63
-91 20 -35
54 -8 95
54 -8 34
36 17 16
-95 -29 -47
-95 -42 -50
5 17 -54
-13 20 -63
59 -3 -33
-36 -43 -53
26 20 69
43 -15 92
-1 19 12
61 20 38
-6 17 -27
6 18 96
50 17 -51
47 17 -38
58 10 -45
-97 13 -41
49 -49 39
40 20 39
-95 -4 -40
32 -38 94
52 17 23
-23 17 -36
-36 15 -40
-43 -30 -41
37 20 -36
-71 20 -55
30 8 97
46 -28 32
60 18 89
43 1 41
-104 -34 -44
53 0 -51
15 20 15
-103 4 -43
-82 20 -53
6 20 75
53 -43 -51
-36 -15 -36
41 0 101
35 -49 33
38 -21 40
44 -27 92
24 17 -10
54 -10 -50
54 17 71
30 20 -28
30 20 24
-47 17 -31
38 -36 32
12 17 -23
47 -42 101
-34 -5 -42
34 20 -55
53 20 -24
-43 -20 -44
-97 -48 -38
43 18 99
16 20 53
-35 -34 -49
-83 17 -40
-31 17 -56
15 17 90
-35 20 -8
20 17 7
42 -39 92
-41 -49 -49
-97 -49 -23
-35 -39 -41
37 17 7
-52 17 -13
-95 -6 -50
15 17 64
29 17 78
45 -40 40
30 6 36
-4 20 -11
24 17 94
61 -48 -54
-103 -15 -41
15 17 -54
-16 17 -44
49 -30 100
15 17 33
45 17 71
-4 20 -53
31 20 -5
61 20 -8
47 -23 40
-39 20 -32
55 -43 96
-97 -27 -56
51 20 3
1 20 4
38 17 -22
-34 -16 -46
-96 20 -55
-96 -22 -38
59 17 -55
-98 -49 -54
-101 -38 -33
54 -27 -41
-61 20 -24
-10 20 -4
32 20 -46
36 -19 100
15 20 81
-42 -26 -52
30 -31 98
49 -5 101
-42 -14 -50
-97 -11 -56
53 -43 -42
36 -10 33
49 9 36
-32 17 -22
-74 17 -37
60 -15 -55
-58 17 -32
37 -9 92
-103 -26 -50
61 -48 -36
54 4 -39
50 -13 100
-36 -44 -34
44 17 57
-8 17 -19
-23 17 -51
-73 20 -26
-55 17 -57
55 17 55
49 10 97
18 -46 99
-39 9 -44
43 20 -55
-102 -42 -55
-41 8 -34
48 20 31
-102 20 -41
59 -30 -53
34 -32 39
-103 -6 -37
-103 -44 -41
-35 3 -50
-41 20 -47
-42 -44 -41
37 -6 39
-103 -14 -51
11 20 -4
-60 17 -17
-89 17 -28
-68 20 -11
-19 17 -59
-42 20 -57
46 -9 32
45 3 32
-42 1 -38
30 -48 39
38 15 33
54 -21 -36
41 20 -11
23 20 38
37 -33 92
-35 -31 -37
54 -11 -40
54 20 -13
-19 17 -16
-23 20 -28
60 17 -40
6 20 -41
-7 17 -42
-64 17 -41
33 20 43
-41 -9 -56
-38 17 -15
50 -41 34
55 17 33
53 -27 94
60 20 -63
-96 4 -39
-99 11 -48
-37 8 -56
37 1 37
50 -4 39
10 20 29
39 3 93
21 20 -59
38 17 80
43 20 18
6 20 -12
-4 17 -34
58 1 -57
50 17 -31
-102 -18 -35
53 -27 -48
-43 -6 -49
5 20 -26
32 -48 94
-103 0 -49
8 17 43
60 18 -28
21 20 -44
29 20 -21
44 20 88
42 -48 39
-41 -46 -58
50 -15 38
47 3 101
37 15 95
6 20 -63
5 20 15
32 20 92
59 3 -46
-64 17 -56
31 -35 34
-36 -22 -52
35 -18 32
-95 -43 -43
35 4 100
40 -25 31
31 17 11
46 -35 32
9 20 56
-96 -11 -41
-42 -33 -52
45 17 43
-86 17 -17
-97 17 -24
-95 17 -15
55 -46 34
47 17 -23
-95 16 -49
-28 20 -7
-47 17 -18
-71 19 -63
35 -6 99
53 17 -42
-35 -20 -40
54 -17 -52
49 -15 93
-13 20 -29
31 20 52
54 17 83
53 17 46
23 20 -16
36 17 -30
-30 17 -39
53 -37 99
30 17 86
34 20 29
59 -4 -49
52 20 16
-88 17 -53
61 19 70
12 20 -29
49 -19 32
-34 16 -49
-42 -17 -38
-96 -34 -52
-95 20 -62
55 -46 -58
55 -46 -32
58 -43 -47
12 20 48
52 -48 99
56 17 7
42 -49 97
32 17 66
-48 17 -45
-95 -23 -45
-9 17 -48
43 20 5
43 -15 41
-36 -49 -54
40 17 66
9 17 -34
-42 -43 -52
-97 3 -55
6 17 1
9 17 80
22 20 31
-85 20 -23
36 -17 93
46 20 -60
37 -25 101
-81 20 -13
52 15 97
33 17 37
54 -33 -51
-102 0 -37
49 -29 40
46 4 92
-102 -7 -52
-99 15 -57
36 -13 40
39 -40 100
60 20 21
11 17 69
-96 17 -31
41 20 93
23 20 21
-42 -2 -53
-73 17 -15
30 20 58
23 20 52
49 -23 93
-70 17 -47
-83 20 -47
46 17 -6
-83 17 -60
-18 17 -10
-103 -39 -49
-34 -12 -42
54 -35 -39
-38 15 -59
-7 17 -60
28 17 -57
44 -34 101
53 -25 34
-95 -31 -40
-24 17 -42
-38 -25 -57
19 20 69
-97 -46 -29
13 17 22
23 17 -33
-57 20 -48
9 20 -50
50 3 39
43 20 -42
60 -9 -35
-36 -29 -52
17 17 -9
-42 -24 -37
18 17 48
-49 17 -56
-26 17 -20
30 -20 96
-35 -41 -47
-77 17 -57
-41 -30 -34
-35 -4 -48
43 -6 97
30 -43 98
51 0 94
36 -42 32
-37 3 -33
55 15 -49
49 -42 93
49 -3 33
-40 -37 -57
-103 -33 -38
34 19 -63
26 18 99
-97 20 -43
-102 -46 -22
40 -36 40
-43 -5 -41
50 20 -46
-31 17 -62
42 -22 93
58 17 -3
42 17 -16
49 20 75
-51 20 -37
-97 -22 -53
59 0 -41
-90 17 -41
-41 -49 -38
44 -34 92
31 -44 34
-102 20 -55
-97 -38 -56
50 -21 100
14 20 8
-42 17 -27
-53 20 -62
-4 17 -4
-41 -49 -30
57 12 -39
42 20 33
37 17 55
-36 20 -53
59 -42 -39
54 -6 -36
-43 -38 -40
25 20 10
-36 -15 -56
-99 8 -42
-41 -12 -35
57 -34 -33
-96 -42 -37
-97 -6 -35
31 -24 38
-100 16 -36
-36 -4 -53
-43 -20 -50
35 5 32
24 17 73
43 20 78
-95 -36 -46
60 -40 -54
-23 20 -56
54 20 27
-96 -16 -38
55 17 61
53 4 -47
0 17 -51
23 20 -4
-85 20 -31
-60 20 -53
40 -43 40
58 -8 -42
18 20 60
57 4 -51
-38 1 -42
-14 19 -1
-104 -2 -42
33 17 -1
58 17 43
60 -21 -34
44 -43 96
20 20 -29
-27 20 -33
36 17 -42
10 17 -58
18 17 86
49 20 99
43 17 -34
53 20 89
5 18 27
58 14 -34
56 -11 -56
-103 -20 -50
61 20 54
17 -49 94
52 -43 39
54 8 37
56 -48 94
42 -16 101
43 -28 101
55 -48 -38
35 20 22
52 20 -19
30 17 -51
-39 6 -51
23 17 65
-1 17 -57
47 -34 40
-97 8 -36
22 20 80
-36 -46 -48
27 17 40
-103 3 -53
-13 17 -58
2 18 19
35 -46 39
31 17 -34
27 17 -2
54 -28 -54
45 15 36
38 17 43
55 -5 -53
-102 -49 -36
-39 -8 -39
34 -2 33
-102 -25 -36
-95 -2 -45
44 -8 93
-103 -43 -46
32 15 96
47 15 94
48 -46 33
-43 -33 -46
-97 -49 -44
-97 -34 -35
-43 -25 -45
-104 -16 -46
54 8 96
-97 -49 -60
31 -25 99
37 -13 101
37 -3 93
55 20 -52
0 17 -23
19 17 17
42 20 13
-96 -16 -53
8 17 -16
12 17 4
11 17 99
46 17 24
31 17 71
50 17 56
20 20 -39
-32 17 -13
-95 -11 -48
-102 -38 -39
10 20 92
-14 20 -18
-78 17 -51
-21 20 -21
56 20 76
2 17 -10
-36 -36 -36
-103 -28 -45
35 -43 94
27 17 -14
41 -13 32
60 2 -35
-39 15 -35
53 -14 -44
-102 17 -26
38 20 99
53 -16 -39
6 19 68
-35 -32 -42
44 20 -49
19 17 -49
35 17 -7
-39 -4 -45
54 -49 39
-41 -49 -43
52 17 11
-4 20 -16
-4 17 6
30 -9 36
-42 20 -14
60 20 84
55 -48 -49
53 -14 34
-93 18 -9
-30 20 -51
54 -22 -49
38 -26 40
34 5 39
55 -33 97
-43 -43 -46
-102 -49 -57
30 -49 99
61 20 9
54 20 40
31 2 98
59 20 -23
-103 -33 -49
-40 -18 -33
49 17 87
35 11 36
32 -8 94
-36 20 -38
-35 17 -27
-46 17 -51
-96 20 -38
13 20 86
43 17 52
-69 20 -42
-78 17 -25
-18 17 -39
58 15 -61
27 20 62
38 -30 32
-18 20 -50
60 -20 -54
39 -27 92
-8 17 -10
11 20 -9
33 17 -19
-62 17 -29
30 17 18
-28 20 -25
-52 20 -44
-73 20 -32
47 20 -2
41 20 71
-52 20 -19
-90 20 -14
26 20 28
35 -37 99
0 17 -37
-36 -2 -37
-43 4 -43
55 20 98
-80 20 -35
33 20 80
58 12 -52
25 -46 99
-35 4 -45
16 20 -22
40 3 31
18 17 -14
25 17 -29
-41 15 -41
-47 17 -13
43 3 97
24 17 3
-53 20 -32
19 20 93
35 9 96
53 -5 -48
-65 20 -17
18 20 3
44 20 61
50 17 68
-43 20 -62
-60 20 -37
-12 20 -42
-19 20 -33
41 17 2
-57 20 -14
-70 17 -29
-8 20 -32
44 -3 35
-9 20 -23
-32 20 -17
-14 17 -7
53 17 -58
60 -48 33
61 18 94
-99 -3 -52
55 -26 -36
-41 -49 -62
13 20 -37
25 17 -44
15 17 28
-54 20 -9
-58 18 -63
-23 17 -13
38 20 -51
-3 20 0
-34 17 -33
-35 -8 -45
55 17 19
57 16 -44
12 17 39
41 20 83
49 -8 97
-36 -46 -58
-101 -14 -57
33 -19 39
55 -4 97
55 -13 97
59 5 -41
-99 -43 -33
54 -39 -54
36 20 34
-35 -27 -40
43 3 37
41 5 101
-36 -9 -34
53 -38 -48
11 20 63
11 20 76
55 -30 36
59 -3 -53
52 20 34
45 -47 99
34 -13 95
39 -46 35
-98 -33 -57
60 -37 -36
-100 -2 -33
-99 -8 -42
24 -47 38
-18 20 -63
18 19 -63
61 18 -34
51 5 94
34 -38 35
54 -1 -38
39 -46 94
48 -15 33
-35 -44 -43
30 -30 36
-99 7 -52
-75 17 -20
-2 17 -29
25 20 89
-19 17 -29
-99 17 -14
-9 20 -55
-98 -43 -57
-57 20 -26
5 20 -45
-49 17 -25
49 20 -11
14 17 60
4 17 10
48 20 -56
-45 20 -34
33 -31 94
-101 -24 -56
-95 -26 -42
60 20 33
-100 16 -43
50 -25 97
-101 -29 -53
31 1 38
-99 3 -44
-38 11 -38
-97 -46 -48
-41 5 -56
56 -17 -57
-36 -16 -51
58 -17 -37
50 5 33
49 -9 39
10 20 34
-37 17 -45
57 17 67
35 20 4
58 -31 -37
-38 10 -49
46 20 -32
56 20 1
-83 17 -27
27 17 53
-66 20 -52
-67 20 -23
40 17 22
-98 -46 -19
17 20 77
-60 20 -42
-37 -49 -35
36 20 -25
15 17 -27
38 15 38
-41 -29 -55
40 -3 41
13 -46 99
-101 -46 -51
49 -32 32
33 20 15
30 17 -42
-70 17 -59
35 -30 100
-100 5 -38
15 17 -18
16 17 -41
43 9 36
52 13 36
38 -5 35
-102 -12 -37
43 -42 36
46 -16 101
50 -39 40
45 -24 32
50 -25 37
-35 -21 -47
38 17 28
54 17 -28
-99 2 -50
-36 -35 -55
-41 -14 -56
53 -24 -43
50 -43 98
56 -47 -27
60 20 -13
43 -32 32
-39 -43 -48
40 -10 40
-100 -24 -33
60 -43 -34
-42 17 -32
-100 -49 -26
14 20 -49
-55 20 -52
47 20 35
35 17 -48
56 -10 -34
-37 17 -23
-92 20 -25
-86 17 -44
46 17 3
-91 20 -56
10 20 19
12 17 13
57 17 24
47 17 15
58 15 96
45 -46 37
-39 17 -11
-42 20 -51
-37 20 -58
-2 20 -41
-72 17 -11
-98 17 -20
61 -47 -50
35 -1 100
56 8 -35
14 17 -1
-39 1 -51
-36 7 -35
35 4 95
51 -5 93
46 17 48
60 18 -51
-103 -19 -42
35 -42 100
50 -19 40
-96 -16 -42
31 -19 34
18 20 36
21 19 99
61 20 74
58 20 58
45 17 -44
47 -2 97
44 -5 40
53 -9 -44
50 -31 94
-97 -19 -35
-61 20 -59
35 -23 35
50 -11 93
-96 -30 -52
-39 6 -40
30 17 27
-97 -6 -55
-99 15 -51
-39 -42 -57
-33 20 -45
55 3 -35
57 -46 98
22 17 -53
41 20 46
51 17 43
-96 -26 -37
-75 20 -41
-49 18 -8
-79 17 -42
54 -39 -42
30 -49 34
-9 17 -1
23 20 -63
24 20 -21
42 17 -7
39 20 76
60 -34 -53
-42 -37 -52
30 -35 98
35 17 -12
50 -36 34
33 20 76
47 -10 101
59 -25 -53
-27 17 -59
35 -2 40
