104 156 67
164 55 219
66 156 204
164 54 36
173 152 158
73 73 35
73 66 219
161 96 104
173 154 33
135 129 219
66 152 130
128 106 34
173 155 96
163 94 173
114 156 168
73 126 34
125 152 116
120 80 216
173 156 207
89 116 219
164 117 62
116 55 34
66 152 86
164 98 218
131 149 34
164 118 138
105 156 217
142 152 73
76 152 167
163 91 34
161 125 191
94 155 33
136 156 195
157 156 126
95 100 38
99 152 138
97 152 99
66 154 49
161 127 107
173 153 65
102 54 219
142 156 153
153 125 34
108 129 38
138 75 38
134 54 218
94 156 190
164 131 219
93 88 219
148 155 220
114 107 216
162 94 76
164 122 165
158 152 181
147 152 102
164 135 81
148 77 219
121 156 88
99 74 38
152 152 49
81 141 219
164 94 130
140 104 219
109 131 219
122 152 140
74 152 108
80 156 69
161 102 194
88 54 34
161 113 89
73 100 218
125 152 55
127 150 216
161 141 143
161 99 151
73 104 36
132 127 34
118 84 38
140 54 37
116 152 188
164 96 54
136 152 175
79 152 146
104 152 118
95 156 158
164 136 49
161 111 119
66 152 184
159 156 81
148 105 34
112 156 39
161 115 209
90 152 51
164 138 123
91 136 34
173 155 139
139 152 130
161 141 203
157 72 38
173 152 115
87 156 208
164 113 42
85 152 122
73 152 33
100 72 216
110 110 34
93 117 34
83 156 87
157 144 34
164 112 179
161 142 167
118 62 216
80 88 38
74 125 220
77 82 216
161 141 66
161 143 96
152 156 204
66 152 220
137 91 34
173 154 189
110 152 151
164 73 216
158 156 151
126 152 73
98 152 175
151 156 167
146 155 33
98 152 81
127 96 216
85 55 219
134 71 216
109 91 216
113 152 105
138 152 88
117 156 204
165 152 220
123 69 34
147 138 216
149 61 219
66 155 153
129 152 160
173 156 49
98 142 219
173 155 173
140 156 58
119 139 38
155 156 64
128 114 216
148 122 216
66 152 65
164 136 180
103 152 202
145 156 116
80 156 182
73 57 36
141 139 38
103 117 216
164 112 105
150 94 216
108 95 34
94 103 216
102 59 34
164 120 76
103 143 38
164 129 150
149 152 140
137 85 216
154 108 219
134 156 106
164 113 151
112 152 78
110 152 54
159 152 109
161 104 66
111 156 130
139 116 38
164 96 90
121 137 219
173 152 79
86 69 216
89 156 109
148 156 189
75 140 38
79 154 220
91 130 219
161 109 163
149 87 38
85 68 34
164 124 123
164 133 36
164 129 206
79 156 197
161 95 206
107 152 90
152 60 34
92 155 220
93 86 34
133 156 46
120 122 38
161 106 139
161 96 117
111 74 34
161 123 49
163 148 54
162 152 194
136 152 142
137 156 211
110 144 216
159 156 95
83 156 40
66 155 99
119 123 219
129 156 185
92 152 64
81 113 38
78 152 133
164 139 111
161 126 95
74 113 220
77 152 58
105 156 184
120 97 38
134 141 219
164 148 133
66 152 117
100 156 46
164 105 81
68 156 141
161 127 67
164 113 196
164 131 138
161 108 52
162 84 219
128 57 38
161 156 34
91 156 146
164 142 154
161 123 176
66 152 172
74 54 216
116 152 66
86 156 171
112 72 216
82 152 100
158 141 216
84 96 216
164 102 40
173 154 126
164 95 184
75 152 210
126 156 172
117 156 220
149 152 89
128 152 129
161 137 191
140 115 219
135 65 34
123 156 151
81 156 157
104 152 163
121 152 44
121 155 33
89 156 135
163 117 219
154 114 34
164 97 161
74 152 79
104 101 219
161 145 84
114 156 117
112 156 141
122 152 99
90 156 75
134 156 67
148 77 34
102 83 216
125 152 195
83 101 34
84 78 38
83 106 219
164 105 210
131 83 38
86 147 34
164 80 36
161 95 140
85 124 38
113 152 178
74 156 123
103 83 34
161 146 44
159 156 139
162 152 210
161 152 162
162 148 74
87 79 219
104 153 33
169 156 149
101 156 127
104 156 108
138 156 163
163 148 121
141 152 41
69 152 194
138 104 34
135 152 117
164 106 127
142 129 38
147 156 179
154 69 216
107 64 219
129 116 38
164 104 97
112 54 219
101 156 147
99 126 34
161 131 159
161 134 59
119 112 38
145 66 38
109 65 38
164 94 66
114 147 34
151 156 74
148 152 125
164 64 37
111 82 219
112 116 219
129 105 219
129 138 34
140 62 216
131 156 95
163 156 46
66 152 39
164 104 113
148 146 38
161 104 173
161 123 85
137 95 219
135 153 220
105 119 38
139 152 184
169 152 106
164 119 115
155 99 38
123 54 219
80 156 115
93 152 201
130 152 206
111 156 195
142 152 204
98 152 212
173 155 217
163 118 34
75 152 43
162 156 173
161 94 46
129 64 219
102 105 34
151 146 219
116 97 219
152 137 38
144 97 38
93 63 38
73 156 91
98 156 55
100 125 219
155 156 117
132 152 80
109 152 209
164 105 186
153 156 40
73 135 218
161 132 117
67 156 163
73 90 219
90 156 181
95 152 117
128 86 216
144 156 81
66 154 76
73 145 216
130 97 38
163 109 34
122 70 216
164 113 70
111 137 34
156 124 219
161 118 99
164 144 175
165 156 62
171 156 87
73 116 35
168 156 181
147 152 63
150 152 150
106 156 174
93 152 42
122 156 107
82 124 216
173 152 198
100 94 216
152 84 216
102 135 216
161 113 80
164 124 41
164 144 187
91 107 34
99 110 219
164 136 91
144 69 219
143 149 216
154 156 214
79 133 34
94 55 216
161 135 73
169 156 166
118 152 157
141 156 97
116 130 34
164 121 201
164 144 104
119 156 124
106 152 100
121 156 180
100 93 38
161 114 171
164 117 186
74 152 153
90 152 94
164 136 211
76 65 34
73 75 219
134 156 150
147 120 38
102 135 34
161 123 132
164 139 135
126 89 34
87 146 216
129 77 219
118 63 38
148 103 216
161 123 144
155 116 216
155 81 38
162 148 148
74 156 188
86 152 193
80 156 50
168 156 73
75 96 38
161 133 173
158 61 216
133 120 219
102 156 192
110 86 38
117 156 52
123 156 64
68 156 212
156 133 216
166 156 119
66 153 109
89 152 154
166 156 132
108 152 45
148 152 197
144 152 51
82 60 38
92 156 126
73 84 37
138 156 34
102 152 74
132 152 60
121 76 38
158 156 53
164 116 51
116 104 38
161 113 130
101 67 34
74 156 100
151 152 158
118 145 216
155 156 102
99 63 219
164 132 130
164 106 147
163 94 192
118 89 216
161 138 42
149 156 109
112 122 34
118 152 132
93 122 216
87 95 38
163 109 219
83 140 38
164 144 211
95 156 167
164 144 195
76 152 175
89 152 162
81 133 219
91 138 219
161 125 59
93 78 34
109 57 38
97 111 38
131 156 137
107 152 136
144 156 145
89 152 82
113 156 85
114 156 98
97 152 108
148 156 133
118 156 73
117 152 211
84 156 58
98 152 184
101 152 154
96 55 38
173 152 41
141 76 216
127 156 39
161 118 156
119 112 219
147 130 219
157 93 219
143 83 34
161 109 204
81 116 216
112 123 216
80 62 220
131 75 34
141 148 34
164 149 38
104 148 219
73 156 64
66 155 58
164 148 62
166 152 202
161 101 133
144 152 167
82 156 140
166 152 98
154 55 219
94 144 34
164 102 203
121 156 165
122 146 38
164 147 113
79 148 38
141 135 219
80 72 219
161 111 189
91 62 219
164 120 91
143 88 219
148 111 216
81 155 33
82 152 204
154 156 176
142 156 106
149 156 55
135 156 124
149 152 210
158 77 219
166 152 187
155 156 196
129 152 88
74 156 160
167 152 143
164 124 216
153 153 33
100 156 87
91 156 101
128 152 178
165 152 85
164 141 35
96 77 220
72 156 181
82 88 216
141 152 191
164 110 60
146 112 34
134 142 38
121 105 216
119 152 80
140 152 65
126 142 216
131 152 168
155 156 187
81 152 77
73 156 52
161 101 181
135 111 34
161 101 123
164 132 99
161 137 150
137 134 34
147 54 35
153 93 34
141 124 219
125 129 38
134 111 219
130 136 216
116 130 216
129 152 110
161 104 46
164 102 60
151 156 96
161 138 102
161 130 182
92 97 219
141 143 219
161 67 219
92 129 38
164 102 106
171 156 57
108 103 38
161 129 167
107 76 219
161 131 199
169 152 212
71 156 134
161 142 117
158 149 216
72 152 70
150 152 80
74 152 140
126 156 49
99 156 38
137 152 157
110 152 123
158 102 219
167 156 39
164 142 77
163 90 216
99 152 63
159 156 203
92 109 219
110 99 216
164 111 96
164 120 150
161 120 106
118 156 146
104 112 38
92 70 38
134 121 38
135 156 74
152 67 38
164 127 80
141 54 217
163 94 83
164 73 35
114 152 91
86 152 115
136 156 204
123 156 211
128 156 122
116 156 60
154 152 133
164 140 60
159 60 34
73 152 115
85 84 34
117 90 34
80 119 34
113 116 38
126 122 216
125 82 34
158 156 74
164 105 74
110 137 216
164 95 111
105 109 216
94 94 34
78 80 34
161 96 97
86 152 70
161 131 144
164 123 182
161 118 123
164 129 73
164 134 65
82 156 127
119 152 171
125 156 203
103 152 52
141 156 172
108 152 190
138 156 112
107 152 144
82 156 214
66 154 33
107 58 216
79 71 38
164 137 163
161 142 130
164 102 156
77 152 87
96 156 68
158 122 38
106 156 78
137 152 101
82 156 189
108 152 112
125 156 220
164 144 218
135 156 188
164 100 144
164 145 160
71 156 147
164 152 156
94 69 216
135 152 53
125 131 219
164 103 165
111 156 161
110 152 69
122 156 188
84 107 38
113 98 38
147 152 173
86 156 46
164 120 68
105 77 38
80 54 34
161 142 52
115 70 38
114 80 34
164 134 106
131 69 38
112 151 220
157 130 38
169 156 194
161 148 90
167 152 175
81 156 165
154 156 87
115 152 47
101 156 207
144 156 212
99 152 220
135 148 216
159 155 220
159 152 60
135 102 216
161 142 180
117 156 111
141 156 121
74 156 202
98 156 197
132 91 216
114 155 33
164 123 101
128 156 146
164 109 156
161 123 208
97 121 38
152 99 219
127 123 34
161 129 45
164 140 86
103 152 179
131 156 199
161 113 140
164 125 157
161 131 89
164 131 193
146 137 34
95 83 216
142 97 216
136 78 219
104 89 219
130 156 33
73 134 37
86 151 220
154 54 37
123 156 133
92 151 215
132 156 215
68 152 158
142 152 140
86 115 34
161 116 162
79 156 94
150 131 38
156 156 145
101 149 38
162 156 104
95 116 216
141 110 38
133 156 131
164 97 211
164 102 88
164 115 203
146 117 219
156 107 34
80 152 106
95 152 88
148 156 68
71 156 84
132 152 40
167 152 126
130 156 115
145 156 46
97 156 76
156 156 157
142 152 177
87 156 199
171 152 134
74 110 38
173 152 183
161 147 205
173 152 72
161 108 40
103 156 94
71 156 173
144 156 161
143 156 88
113 156 183
161 94 124
158 152 68
167 152 49
84 152 179
100 156 103
97 152 50
93 152 132
139 156 135
98 156 113
127 156 102
113 152 201
93 152 208
80 152 64
150 152 117
139 152 81
142 156 198
94 152 142
166 156 110
90 156 119
164 126 34
164 96 198
96 137 38
157 66 34
79 100 219
72 151 217
66 155 124
164 147 169
85 137 216
164 118 175
164 112 124
161 97 61
108 144 34
113 61 219
123 62 34
161 118 43
164 140 71
87 62 34
141 123 34
161 113 110
119 75 219
79 108 34
161 130 211
87 123 219
163 86 38
164 94 154
167 153 33
161 117 191
161 117 181
125 113 34
163 102 34
120 107 34
85 61 216
74 118 216
144 60 38
134 63 216
71 152 59
80 156 172
89 84 216
80 156 151
167 152 91
90 156 88
152 152 182
97 136 219
79 152 123
117 152 151
130 156 193
91 152 58
118 152 194
164 124 111
161 139 158
164 131 54
151 135 219
77 130 216
84 75 216
115 141 219
135 80 34
145 73 38
123 101 34
161 109 213
147 54 218
164 107 192
123 117 219
164 125 117
122 93 219
138 61 38
161 117 57
92 123 34
122 65 219
78 106 216
89 101 38
80 67 216
132 134 38
164 116 84
106 140 219
75 152 193
67 152 94
79 148 219
108 151 38
73 146 37
159 152 42
164 138 218
157 138 34
161 137 185
85 131 38
81 79 219
164 142 148
106 156 84
164 113 145
143 89 34
110 152 61
161 107 89
120 156 39
164 106 134
164 106 121
99 80 38
67 156 189
173 152 146
161 148 127
164 95 39
76 95 216
73 107 219
131 156 155
80 127 38
164 63 216
134 156 182
152 156 122
117 156 138
86 101 219
139 68 216
132 88 34
93 143 216
106 152 157
146 152 95
96 152 151
140 68 34
164 107 102
128 144 34
161 107 178
161 97 168
104 152 212
121 99 216
143 109 219
154 152 55
153 152 106
90 152 188
86 152 131
146 152 155
116 152 41
123 156 77
167 156 81
159 152 169
153 152 171
145 152 111
96 156 180
102 156 168
66 153 178
173 152 102
169 156 156
150 151 216
111 156 216
164 147 69
70 152 46
76 60 216
164 135 202
136 86 38
144 81 219
118 156 94
161 106 198
96 156 122
158 112 219
92 148 38
107 156 199
164 102 50
93 156 80
150 110 38
160 115 38
92 73 220
104 68 216
120 85 219
161 124 152
164 131 177
77 139 216
108 105 219
161 136 127
164 110 173
101 105 216
120 156 198
164 99 137
116 119 216
114 87 219
164 109 46
164 126 171
106 137 38
146 126 34
113 63 34
117 74 34
110 112 216
122 147 219
161 100 111
79 120 219
161 101 208
