135 128 168
89 27 59
172 145 56
88 27 195
84 144 90
165 61 62
165 54 193
90 90 189
171 145 119
93 89 61
84 145 148
96 145 198
134 128 88
171 144 198
166 100 194
123 145 127
162 103 66
110 145 56
172 144 159
94 124 119
131 145 198
167 27 59
149 125 135
168 131 87
89 124 174
88 122 65
93 58 189
94 58 64
141 140 60
111 145 163
113 145 100
163 124 178
113 124 189
146 145 106
168 27 194
108 128 143
109 128 81
146 145 151
160 124 110
85 145 56
149 145 180
122 124 61
141 124 192
127 128 111
93 113 195
161 77 189
124 145 75
84 145 124
148 145 82
159 126 59
161 124 156
91 124 96
84 145 180
150 145 129
166 83 62
89 124 152
128 124 135
168 135 139
116 145 184
100 145 74
103 145 134
169 145 178
95 145 108
143 124 71
128 145 153
172 144 101
113 124 123
107 128 171
151 144 198
169 126 196
172 144 75
131 145 174
110 128 105
151 128 94
122 128 155
131 145 95
140 128 151
88 132 136
165 43 64
104 127 59
95 106 60
92 145 165
88 131 189
141 124 120
164 124 126
157 145 64
93 74 193
130 145 112
156 145 164
88 129 80
160 124 75
108 145 118
90 73 64
135 145 138
91 42 191
100 145 150
91 42 64
84 145 72
100 145 180
151 128 168
102 145 90
125 139 60
128 126 184
119 128 93
157 145 95
117 145 142
113 144 198
123 128 76
161 113 192
88 132 108
102 128 157
139 128 102
168 132 166
122 134 195
104 133 195
154 128 195
161 145 110
84 134 161
168 117 66
100 124 184
164 40 191
99 124 133
135 127 59
137 145 123
158 145 140
98 139 60
150 128 181
136 145 186
142 145 163
168 131 101
168 132 68
121 128 172
161 124 141
168 145 87
114 145 86
99 128 72
139 145 72
168 134 115
91 145 136
112 145 69
94 102 188
168 137 188
140 137 195
147 128 83
168 134 152
168 145 131
84 144 102
103 128 92
148 128 110
85 144 193
161 72 66
162 88 193
88 136 172
161 66 192
88 135 68
112 124 68
147 130 60
159 145 186
143 145 93
158 145 152
153 124 122
85 134 97
171 145 147
151 145 117
96 128 144
125 124 122
135 145 84
160 145 79
98 145 123
118 145 112
158 124 86
124 145 164
139 128 139
103 128 114
114 124 134
115 135 60
120 128 144
96 125 196
88 134 125
162 93 61
128 124 195
151 128 150
146 145 140
132 124 71
139 128 181
90 98 66
106 145 189
110 145 174
85 145 113
98 128 104
95 125 164
160 145 123
168 134 178
124 145 190
88 140 81
93 145 97
117 128 113
88 135 149
161 139 195
88 124 129
117 145 155
113 145 129
89 120 188
149 145 56
120 128 103
115 128 163
159 145 176
168 135 78
129 128 98
84 145 158
95 117 60
92 130 60
124 145 87
165 145 168
136 124 130
162 123 188
169 125 79
133 128 158
95 124 86
161 124 98
169 125 135
158 136 60
153 124 66
121 145 174
151 145 72
168 125 148
168 137 126
133 145 56
138 128 78
131 128 146
162 124 166
167 124 116
137 145 104
166 145 66
142 145 115
169 126 59
95 135 195
170 143 110
124 145 104
104 145 64
110 145 148
146 145 191
89 111 66
121 145 66
91 145 63
105 145 108
136 128 112
126 128 164
114 128 179
103 124 123
87 125 143
162 52 62
91 145 186
161 111 61
98 128 176
101 145 162
112 128 155
136 145 150
95 145 83
92 145 175
143 128 173
127 145 143
146 128 160
94 81 66
106 124 195
171 145 189
167 107 188
163 145 56
135 130 195
169 126 159
164 35 63
89 124 105
90 66 189
142 145 131
125 128 86
84 145 169
130 145 69
119 145 56
95 83 190
140 145 198
124 145 119
106 136 60
103 145 98
128 145 181
142 128 92
168 124 107
119 125 195
169 125 172
150 145 171
113 134 195
91 145 153
167 138 60
88 135 89
161 96 188
91 51 193
168 139 94
89 108 188
156 124 130
121 144 198
110 145 79
95 66 65
87 125 113
121 145 95
100 145 141
88 140 119
89 138 60
168 125 92
168 127 184
150 137 195
134 145 159
129 128 174
89 97 193
147 145 64
105 143 197
168 118 194
87 126 89
164 124 67
88 128 181
111 128 89
154 145 104
139 145 171
90 50 65
112 124 59
171 144 138
156 128 104
88 139 141
90 34 192
149 145 159
99 145 115
132 135 60
88 128 72
89 35 60
149 124 189
87 126 163
163 119 60
144 124 128
155 145 87
153 128 142
164 145 160
158 145 131
117 128 83
120 124 69
133 125 119
166 100 61
88 125 195
95 125 112
120 125 184
157 127 184
101 128 82
156 128 174
163 145 146
146 131 195
106 128 179
154 128 160
146 128 102
102 128 165
123 145 135
130 136 195
91 145 128
158 127 117
145 145 123
120 124 127
167 134 195
149 145 98
97 128 152
168 138 160
99 124 64
117 145 122
166 84 189
150 137 60
164 145 103
110 145 139
130 128 79
168 132 132
131 145 77
102 145 56
150 128 73
124 131 60
88 138 185
84 144 132
162 87 66
113 128 74
164 47 190
91 145 76
112 128 97
99 145 192
130 145 130
103 145 169
164 145 116
106 127 136
117 145 167
140 145 180
154 145 146
167 107 64
92 124 135
88 139 165
168 140 173
165 70 188
88 131 156
94 145 56
84 145 64
164 145 192
88 137 103
159 124 148
92 145 116
106 145 125
168 132 108
135 145 64
154 128 81
108 124 128
142 145 145
105 145 156
105 128 99
153 145 191
141 124 64
168 139 70
130 124 64
88 131 117
168 128 141
88 140 95
84 145 139
95 99 61
166 94 66
140 133 60
161 145 72
168 130 125
114 145 62
167 34 193
94 124 79
161 127 195
164 145 94
134 145 166
162 80 66
94 145 70
143 128 145
110 145 94
168 139 84
88 139 74
135 124 189
88 138 156
161 103 191
95 117 189
167 111 194
94 124 181
91 106 194
168 139 146
168 127 72
122 128 137
165 60 189
89 145 198
88 138 194
172 145 165
164 144 198
117 140 195
91 145 145
88 132 166
134 145 117
123 128 116
111 128 117
130 145 123
118 145 80
116 128 149
166 76 63
152 145 110
172 145 94
164 145 137
100 132 60
104 145 83
107 124 186
137 145 90
135 128 96
104 124 70
93 145 89
111 145 111
132 128 105
156 143 57
95 95 190
149 128 118
88 138 132
97 128 95
141 145 155
139 145 79
164 68 62
168 137 103
127 128 141
87 125 59
168 145 152
95 119 66
135 141 195
89 118 195
152 125 59
89 114 60
88 129 99
88 127 123
166 91 189
94 88 193
156 124 189
161 117 66
168 140 195
169 125 165
84 145 83
168 139 119
113 145 191
113 128 170
128 128 153
162 124 135
139 145 97
108 145 181
170 144 81
171 144 126
167 124 86
100 139 195
126 127 71
93 105 66
95 95 65
153 128 88
91 63 62
159 133 195
90 87 66
157 145 116
102 128 146
95 124 59
98 145 101
121 145 149
118 145 161
100 124 191
141 128 86
139 128 159
161 124 92
97 145 170
141 145 65
149 145 88
126 128 92
117 145 106
97 145 131
141 128 165
168 139 167
139 145 192
152 145 137
106 128 152
152 145 154
146 145 75
155 131 60
169 142 184
167 113 60
85 145 186
94 124 171
131 145 104
131 145 190
95 125 158
88 138 178
109 128 165
153 145 79
150 128 174
162 124 172
171 145 172
168 131 189
138 128 72
166 115 188
90 82 62
95 113 66
127 145 58
142 128 115
147 124 195
165 75 193
157 145 197
161 97 66
172 145 64
98 145 61
89 106 62
110 139 195
95 124 129
159 124 123
145 145 175
88 133 75
93 124 148
109 145 104
165 145 75
97 145 157
168 140 135
94 124 188
125 128 178
150 145 186
166 89 61
156 127 71
88 140 111
94 124 73
90 145 105
168 127 178
141 145 56
90 96 61
88 128 148
117 126 119
94 63 193
168 124 190
161 120 193
106 124 64
113 126 196
88 141 67
164 133 60
131 145 148
161 145 85
103 128 106
99 131 195
139 145 109
118 145 131
134 145 181
118 145 73
146 124 123
145 142 197
117 145 91
108 145 88
107 145 73
157 128 166
158 145 170
153 128 112
118 128 60
94 77 62
99 127 119
89 124 83
157 128 152
154 127 136
91 131 195
87 126 186
169 125 64
124 124 189
129 128 60
169 125 101
163 81 193
109 130 60
145 124 59
85 145 97
142 126 135
164 112 66
169 125 129
161 124 105
121 128 160
130 124 130
108 128 110
143 128 76
117 128 138
90 145 123
126 128 148
148 145 145
157 145 159
144 128 180
147 145 165
112 145 156
133 128 141
121 128 109
108 128 72
168 135 171
89 120 60
164 56 66
167 124 153
164 124 160
124 145 158
89 124 76
168 131 148
150 124 130
99 145 67
88 131 92
120 138 60
88 133 177
143 145 85
117 124 64
154 145 122
88 141 88
102 145 120
115 145 136
168 134 96
105 145 145
96 128 137
95 71 188
127 141 195
88 115 190
171 145 69
168 140 155
115 145 174
95 145 141
94 145 192
124 145 82
129 145 135
163 145 180
142 128 98
147 128 141
100 124 127
122 145 181
135 124 64
131 128 163
112 145 123
130 145 88
88 131 171
152 128 100
102 128 141
148 128 89
120 128 87
120 128 178
86 145 119
168 133 183
146 141 60
153 145 175
102 128 172
144 128 155
90 78 190
87 126 134
98 128 168
95 111 188
95 118 194
86 142 152
85 145 174
135 128 174
162 63 66
133 124 135
124 145 112
168 132 73
135 124 194
91 145 181
84 145 78
84 145 163
88 132 130
114 128 144
167 99 66
88 140 127
99 128 161
168 140 64
94 124 106
167 106 194
87 126 157
168 138 108
146 124 66
161 97 194
111 126 184
162 87 188
89 101 61
94 124 141
124 124 131
165 145 81
85 144 108
95 101 194
161 109 194
93 47 190
166 145 123
90 86 192
127 131 195
94 52 62
95 125 100
168 131 159
99 145 174
144 145 101
90 145 160
168 129 112
132 128 75
164 124 120
126 145 171
125 128 170
139 145 136
103 128 75
156 145 69
157 128 97
143 128 108
97 145 187
106 128 86
88 133 84
136 145 176
137 145 143
108 145 131
121 128 97
115 145 147
157 145 181
157 128 145
161 102 61
115 128 105
131 124 124
165 40 61
161 141 60
94 70 62
166 95 194
88 142 172
162 58 192
168 145 61
90 93 66
96 128 76
91 98 188
166 145 108
134 128 183
95 74 66
108 124 119
93 46 62
106 142 59
158 125 161
161 124 63
152 124 184
86 142 144
91 116 66
92 141 195
138 127 119
95 77 189
151 128 156
160 145 100
104 145 69
102 145 128
168 131 119
143 145 184
144 145 169
104 145 177
109 128 94
99 128 111
107 145 160
113 145 178
128 145 99
163 145 127
91 124 125
114 145 76
168 145 97
157 128 92
168 145 141
99 128 89
148 145 113
88 135 143
94 88 188
93 111 60
161 78 62
168 139 180
94 52 189
116 141 59
168 131 63
88 136 189
168 135 145
111 145 170
96 145 145
135 145 112
126 145 177
95 124 68
114 124 127
121 128 166
139 131 195
89 145 141
146 128 148
145 145 135
88 131 104
168 140 76
161 145 62
152 145 66
130 145 82
90 78 65
116 145 117
121 145 185
139 145 119
87 125 119
144 145 61
171 145 106
168 140 141
88 133 63
161 108 189
102 145 185
146 128 167
167 101 189
97 128 183
165 50 65
87 125 168
108 145 194
94 69 193
89 145 84
119 145 194
91 92 194
90 145 58
89 109 193
93 124 176
171 144 115
164 123 195
162 106 60
141 126 59
153 141 195
152 124 193
90 69 66
120 128 72
164 124 59
165 44 193
165 124 76
146 124 185
140 126 196
94 79 193
161 124 82
164 124 113
167 32 60
169 126 123
119 130 195
87 126 95
168 142 104
161 118 189
159 124 68
89 145 169
88 142 101
163 47 62
162 86 61
168 121 62
167 95 61
158 126 170
152 145 94
109 145 152
110 145 63
102 128 180
142 128 81
131 140 60
121 139 195
117 128 156
131 128 169
136 128 147
130 145 63
128 128 159
168 139 115
120 145 86
124 128 102
137 124 125
111 128 148
144 145 71
106 145 93
88 131 185
100 145 196
159 145 105
96 145 78
112 128 137
125 145 92
123 145 71
119 124 134
146 136 60
166 124 97
162 51 192
99 127 59
95 87 66
110 124 135
161 70 192
110 130 195
165 65 189
94 124 91
145 136 195
108 145 98
135 145 134
122 145 142
128 128 116
117 145 126
135 145 72
118 124 189
167 96 189
142 145 150
88 138 160
100 128 99
168 131 78
104 124 133
155 137 195
89 145 68
88 128 109
91 60 193
94 124 152
158 127 138
117 128 183
156 128 179
94 55 193
166 82 66
168 125 112
166 77 189
126 145 196
87 142 60
101 127 195
88 142 135
153 128 108
143 145 159
162 145 172
168 135 91
88 135 79
97 128 115
112 128 175
98 145 86
113 145 81
153 145 61
142 145 105
148 145 195
155 124 62
90 102 188
131 128 84
128 135 60
122 145 123
137 128 155
129 128 88
128 145 162
163 124 146
110 124 191
161 145 135
126 124 127
139 145 127
161 124 184
168 129 91
105 145 77
168 145 163
104 145 139
168 130 170
95 145 161
113 128 93
107 145 113
101 145 106
88 131 141
88 130 68
96 128 84
122 145 100
128 145 186
131 128 92
139 128 176
117 145 189
110 145 185
152 128 77
149 145 121
117 128 76
90 54 64
92 39 194
165 66 66
93 106 188
115 145 56
105 128 183
88 142 181
91 73 188
99 124 123
158 124 176
167 145 186
