-32 25 -18
76 24 99
75 22 -98
-53 -43 80
22 -58 -52
68 25 1
28 -43 42
-54 -32 -82
-6 25 76
-3 23 -98
-54 6 39
28 3 -41
13 25 20
-56 24 -69
-23 -29 -34
-26 -43 32
-55 25 97
53 21 53
-1 -27 80
-3 -25 -82
28 -34 -8
76 25 -48
32 25 98
-9 25 -55
36 25 -80
-48 -57 -50
-16 -3 32
-54 -4 -38
-35 -5 80
28 -9 62
28 -11 23
7 25 -16
-31 0 -82
28 -25 -64
-54 -27 49
-56 24 10
-40 25 64
28 -44 78
-21 25 14
19 25 54
-4 -1 -34
46 25 -25
28 1 -9
9 -33 -34
-24 -44 65
-21 -44 -64
76 22 31
18 -1 -82
-42 24 -98
-48 -58 51
-11 25 44
43 25 24
-24 22 100
3 -33 32
76 25 70
-54 -30 -53
-55 25 -36
46 21 -53
3 -44 58
-54 -6 -68
18 25 -60
14 5 80
66 21 -73
-57 0 65
5 22 99
20 -44 -80
-24 25 -78
49 25 79
-35 25 -52
31 25 0
-36 25 38
75 21 -23
-27 -27 -82
27 -39 17
-29 -3 -34
-38 -19 32
28 8 38
-6 5 -82
-12 21 -32
4 -44 -61
-54 -19 79
28 -20 -27
20 25 -36
-25 -26 80
52 22 -98
7 -8 32
-51 -42 -34
-9 -6 80
22 -22 80
-52 -43 32
28 -44 -28
-9 -44 -41
14 25 -82
-53 21 -13
27 25 77
-3 21 3
28 0 -63
55 22 99
28 -22 41
-44 -44 -66
28 8 14
-30 16 80
17 -58 52
-55 25 49
-33 -44 -45
-17 -23 32
-43 -22 -34
-54 16 79
19 -23 -82
-37 21 2
28 -36 -47
27 24 -98
0 14 32
-36 2 32
-8 -44 -81
28 -33 62
27 -16 2
-12 -44 45
72 21 51
-56 24 29
-22 23 -98
8 -44 79
-50 10 -82
36 25 43
-11 -44 79
49 21 -7
-37 17 -34
28 -16 -46
-5 25 -78
-57 15 -52
27 16 -20
59 21 -38
-22 25 60
-13 21 -12
-16 -11 -82
-44 -44 63
-5 -20 -34
-44 -13 -82
5 15 -34
27 -44 -63
62 25 18
-35 -42 80
-40 25 19
28 10 59
57 21 36
14 -6 -34
-20 15 32
-54 -11 34
-33 -44 48
-55 -31 66
1 25 59
39 25 63
-32 -44 -81
13 -45 -46
66 25 84
14 25 0
11 21 83
-39 25 90
7 25 -47
22 25 34
11 -44 40
-56 24 -89
28 -1 -25
28 -3 79
5 25 43
49 25 -71
-40 25 -78
28 13 -74
28 17 -50
-54 -11 -53
-54 -13 57
5 -11 -82
29 25 16
-54 -44 49
-54 16 62
-53 -3 80
28 -7 45
33 25 -64
6 -10 80
47 25 8
37 25 -40
20 -32 32
-54 -27 32
63 25 -88
-16 8 80
62 21 -58
62 25 -14
18 -44 62
28 -11 -76
-24 25 -40
-3 25 20
-12 25 91
27 -44 3
-17 7 -34
-40 -24 80
-54 -44 -49
4 25 -66
28 -13 -13
6 -37 -82
0 9 80
-23 25 -61
15 25 68
15 8 32
8 9 -82
-54 -23 -66
59 21 66
-50 10 -34
-18 -13 -34
76 23 14
27 -25 16
-21 12 -82
-54 8 -64
11 21 -97
-8 -44 32
76 22 -63
-37 -33 32
-43 7 80
-5 -16 32
-46 -44 -80
-37 -35 -34
-42 -8 -34
37 21 85
18 25 95
37 25 -14
28 12 73
18 -17 32
-10 -44 -55
-33 25 52
28 -3 5
-48 25 -56
-18 21 1
-20 25 77
-36 13 -82
-14 -32 -82
20 12 -34
-27 25 27
28 -34 -77
28 -32 -34
-37 -52 -56
-54 0 52
-20 -44 -34
-54 -22 -42
-14 -19 80
-46 21 -24
76 23 -10
0 25 -27
28 10 1
-31 -16 -34
-6 25 -42
-47 15 32
27 14 26
39 21 -93
73 21 -36
-36 25 -65
50 25 -84
10 -20 -34
14 -32 80
22 25 -10
-25 -13 32
-10 25 31
-42 -44 39
28 -32 -21
-40 -27 -82
-7 -34 -34
34 21 -28
-23 25 39
-44 25 78
19 -4 32
15 -44 -67
-50 -3 -82
-57 1 -50
74 25 -81
-20 -44 -77
28 -32 5
-32 25 -90
-54 -20 -81
-7 -44 -67
-21 -44 -48
-23 -1 80
23 25 -75
0 -44 70
16 21 -25
1 25 87
28 18 50
28 -22 69
-56 24 70
1 -44 -34
11 20 31
28 -31 50
61 21 -26
-50 25 -1
-29 -12 -82
-39 4 -34
-52 -31 80
-23 21 -25
-34 15 32
12 -53 -57
28 -43 -16
28 -14 -58
27 25 64
28 -43 30
-54 -40 -73
18 -10 80
-54 -44 -60
-13 25 -90
62 25 45
7 21 11
-3 -1 32
-11 25 -68
6 -20 32
-11 25 65
-31 25 72
28 13 -61
28 -18 52
-25 -14 80
-13 -33 80
57 21 3
44 25 99
-24 -44 77
19 15 -82
-25 21 -8
-18 -35 32
-20 -44 54
45 25 36
28 -8 -37
28 1 23
17 -42 -34
-51 -14 -34
28 4 -82
-43 25 -13
-39 -53 56
-54 -14 45
1 -44 -50
-6 10 -34
-8 -44 62
10 -49 51
28 -33 78
76 22 81
28 1 54
33 25 29
8 4 -34
-49 25 39
-54 -34 -41
2 21 -88
27 25 -87
35 25 -53
4 25 70
-33 -44 -64
-25 4 32
-53 -44 68
24 -49 51
-6 24 100
28 -44 66
56 21 87
-44 25 99
-13 21 21
4 21 -7
28 -21 30
8 -26 -82
-21 25 50
-44 25 51
-54 -12 68
11 -21 80
19 25 -49
-44 -44 -44
-55 25 -47
66 21 98
41 21 73
-56 24 86
28 -44 -39
42 21 52
55 25 -48
28 -23 -76
-26 21 89
-29 -26 32
54 25 25
-45 -5 32
62 25 56
28 -4 -50
22 25 6
28 -11 12
28 -27 -53
20 -14 -34
25 -48 -52
-33 25 12
-24 15 -34
-43 25 -45
1 -44 -75
8 25 -35
0 -44 40
28 -12 73
28 -24 -12
-45 -9 80
28 18 -37
48 21 65
-9 25 11
65 21 28
18 -44 74
-45 25 -88
-54 9 -43
73 25 41
-12 25 -22
-27 25 2
-54 15 51
54 21 -19
22 21 86
39 21 13
65 22 -98
27 6 -18
-23 -44 44
-7 -26 32
16 -34 -82
-12 18 80
43 21 -63
-6 -14 -82
47 25 -37
-10 10 32
-16 2 -82
53 25 -61
28 1 69
-42 3 -82
-46 21 11
0 25 34
42 25 0
2 -10 -34
-40 -54 45
66 25 -48
27 16 -8
-51 25 58
19 -27 -34
-53 -27 -34
28 -40 55
-54 -33 -64
-21 -20 -82
2 -1 -82
-45 -37 80
-13 -4 -34
-45 25 -35
28 -25 -43
-33 5 80
8 25 53
-5 -17 80
-34 -44 67
-43 25 30
22 25 24
46 25 89
68 21 74
-33 25 82
-3 15 -82
-56 22 -25
28 -1 37
-4 21 -13
-14 25 -79
19 -11 -82
-34 23 100
-46 25 -68
27 -7 -4
-55 25 19
-51 25 -98
75 25 59
-11 25 54
-23 25 -51
-54 16 39
28 -11 32
7 25 -56
28 18 40
28 0 -73
-33 -44 -35
-4 -38 80
-54 4 -73
18 14 80
-52 -44 58
-4 -44 50
-34 -9 32
6 4 32
28 -11 -23
-36 -16 80
59 25 -79
-16 -44 70
28 12 -28
-57 -15 -62
-24 -37 -82
-54 12 70
10 -39 32
28 -37 -56
-53 0 32
-54 -3 -59
3 19 80
-46 -51 -59
-54 19 -77
52 21 16
58 25 74
58 25 -6
76 22 -73
27 -30 25
15 -54 -47
33 25 55
19 25 -92
8 -44 66
28 8 49
-54 -13 -74
-47 -35 32
-54 -33 56
-38 -44 -74
-34 -20 -82
29 25 -21
-14 25 -46
15 25 -68
-54 17 -61
28 -34 -67
28 -9 -66
27 25 -56
-13 -23 -34
-30 -44 -53
-16 -44 37
11 -29 32
28 6 -50
7 25 -75
-45 5 32
11 -44 -76
-18 -9 80
19 21 15
11 -18 -82
20 1 -34
50 21 42
68 25 65
-31 8 -34
28 -24 58
59 21 -66
-22 -5 -82
73 21 23
24 6 80
-32 -44 39
-54 -22 68
-54 -37 42
-47 21 85
33 21 -73
-35 21 -10
-6 25 -5
-29 18 -82
19 -48 44
-39 -54 -48
4 21 27
-54 -3 41
28 -43 -75
-46 -33 -34
-33 25 -38
-22 25 -87
4 -1 80
-43 -36 -82
-47 -16 32
28 19 -80
27 17 13
28 -43 -6
28 -18 -36
76 24 4
14 18 -34
-42 -44 74
-47 -50 45
-5 -36 -82
27 -23 -2
-43 -43 -34
15 25 46
-36 -32 80
-7 -4 -82
63 25 10
-3 25 47
28 -4 -16
-54 -22 58
46 25 -15
-19 25 30
-26 -35 80
-1 25 -50
-54 7 78
-54 -22 41
28 -34 34
43 21 -86
28 -5 -82
-21 25 -18
-54 -21 -53
-54 -32 -73
7 21 -25
-43 16 80
-54 -41 -82
-9 -35 32
15 -51 57
-29 21 18
9 -46 -53
-36 21 26
31 21 70
27 4 30
1 -42 32
76 25 89
26 25 45
-34 21 -27
-54 -36 72
15 21 -9
-34 -36 -82
56 21 -89
10 25 91
17 25 -18
73 21 -89
-53 -11 -82
-37 -6 -82
23 25 -66
4 -25 -34
32 21 7
26 25 -42
26 -18 -82
-12 -20 -82
53 25 -30
5 -44 -41
30 25 85
47 21 -45
27 17 80
30 21 -13
68 21 -7
-31 22 -98
71 25 -16
17 -44 33
-54 5 58
-35 -42 32
-49 21 24
-31 -25 -34
-8 5 80
-4 25 -63
-8 -8 32
28 4 -32
42 21 -32
-33 25 -73
26 21 94
-47 1 -34
-17 -44 62
66 25 38
-19 25 68
9 18 -82
28 25 -33
-13 21 -97
-8 21 -85
19 -50 -60
28 -39 10
28 18 -67
27 20 -27
27 -2 15
-14 25 99
47 25 -92
27 -24 6
-53 25 79
28 -13 40
-31 -44 56
-19 21 86
4 -44 47
-55 25 -60
6 -30 80
-17 25 -38
-23 -5 32
40 21 93
-54 -6 59
-45 -27 32
-48 25 -76
41 21 -71
16 -3 80
13 25 39
4 -18 80
-1 -8 80
-19 25 -71
-48 25 68
68 25 -32
-37 21 -86
33 21 -46
15 25 10
46 25 57
48 21 29
67 25 -63
-5 25 -34
-45 -18 80
-54 -8 50
8 25 77
35 25 -7
-46 17 -82
7 13 80
39 21 -22
-10 -44 54
13 25 59
-24 -20 -34
-22 -7 -34
63 21 91
-46 0 80
-21 25 -32
69 25 -55
-39 25 -22
28 -17 -6
8 -43 -34
-50 -50 -51
27 12 -82
-54 4 -35
27 3 0
-45 -43 32
22 -39 80
27 18 1
-42 -58 -54
-54 7 -53
28 -18 -65
28 -8 54
-18 -14 32
-17 25 -56
-9 -24 80
-54 14 -69
6 21 18
4 -3 -34
-4 6 32
7 12 32
-1 21 11
28 18 60
68 21 -41
-19 -38 80
13 10 -34
-5 25 -21
-16 0 80
-23 9 80
28 -32 70
-18 -44 -56
-24 -36 -34
-48 21 93
-7 25 83
-30 25 65
34 25 -88
49 21 2
-5 17 80
-54 5 46
15 25 -41
-27 -44 -75
28 -30 42
44 25 44
1 -33 -34
-21 18 80
-54 -8 74
-7 18 32
-26 19 32
-4 21 93
27 -17 16
-25 -35 32
-13 25 -5
28 10 -37
28 1 61
-17 15 -34
-8 -44 70
-21 19 -82
27 -27 -82
4 25 4
-10 21 4
-17 25 7
54 25 59
54 21 -54
36 21 23
34 21 36
48 21 72
68 21 -82
70 21 7
21 -31 80
5 25 -98
24 -38 -34
-54 -38 -53
-53 -44 40
-20 25 94
1 -44 79
49 21 -77
-54 16 -37
22 18 32
54 25 -12
33 21 78
-38 -45 57
-54 -27 73
-52 -44 -41
13 -46 -60
0 -43 -82
-50 -49 52
-39 -46 -60
28 10 -12
15 -40 80
-54 -36 34
28 -39 -82
42 25 -48
28 -18 79
-14 21 14
-24 21 7
-32 25 -5
41 25 80
-10 -10 -34
28 -25 76
-12 -44 -48
28 -37 46
-44 25 2
1 -44 -67
-4 -44 -61
11 -8 -82
2 6 -82
0 -23 32
-17 -26 80
-13 25 73
28 -23 -21
28 -35 -27
-54 -26 -60
-39 25 -59
56 21 -74
-43 10 -34
2 25 -38
21 -23 32
-40 12 32
28 15 67
22 25 -24
-49 -24 80
-17 -32 -34
-31 25 -82
74 21 -2
21 -55 46
-46 -50 57
-30 25 34
-55 25 -81
27 8 21
27 -9 -30
-49 21 -30
56 25 12
27 -18 23
27 -6 28
-54 -38 62
28 -44 -48
27 6 7
-57 1 -66
44 22 -98
26 -9 80
17 -58 -58
-56 22 37
31 21 -93
-5 25 40
-48 25 -9
-26 25 55
-44 25 43
-8 21 -26
-4 25 65
-12 -38 -34
-27 21 -30
19 -47 -46
28 1 -55
21 25 -82
17 25 28
7 25 34
0 19 -34
-17 -44 -42
-30 -9 80
-8 21 17
-48 25 -18
-31 25 -61
-54 -17 -47
-24 25 82
-32 -21 80
-37 25 -33
-30 -1 32
-54 2 -42
-4 0 80
20 -44 -72
2 21 -21
-51 9 32
28 5 -68
-10 10 -82
28 -37 -1
11 -3 32
28 4 43
-56 24 -6
-25 4 -82
52 21 93
-39 -43 -82
76 25 -56
4 -38 80
-39 25 -3
17 25 81
58 25 -94
-26 21 -92
36 21 2
65 21 51
-29 25 -67
-3 25 -72
-12 -38 -82
-21 25 24
-50 -44 -68
28 -36 -14
-49 -6 -34
28 7 67
-12 4 32
-18 8 32
21 10 32
14 -10 32
11 1 -82
14 25 -54
2 -18 -34
69 25 16
-33 25 -46
-47 -25 -82
-35 -10 -34
42 25 -9
16 -44 68
-5 -27 -34
-54 -31 40
27 -33 12
76 24 -41
-51 21 15
-6 21 26
13 -52 46
7 -44 -81
-56 22 3
-54 18 72
27 -44 24
69 21 -25
-49 21 31
10 -45 56
27 9 -6
-50 21 -85
-55 25 -19
28 13 32
-35 -47 -51
-50 21 -92
70 25 29
36 25 69
-26 25 -13
39 21 30
57 21 44
-44 -58 56
9 25 -6
-54 21 -55
23 21 -15
60 21 -47
-27 25 94
11 23 100
-54 16 -45
-44 -31 80
70 21 90
-48 -44 76
-24 -44 -58
28 -13 67
-12 25 -62
0 25 -56
-32 -20 32
-54 -24 -73
29 25 -8
-39 25 11
2 25 -79
-54 20 55
28 -6 70
2 5 -34
28 -3 -33
-43 9 -82
14 -13 -34
23 25 -3
-49 4 -82
-35 6 -82
41 25 6
-11 -17 -34
-54 -5 -75
-36 -21 -34
74 25 -30
27 25 -49
-45 25 57
-54 -39 -65
-9 -26 -82
43 25 -79
-16 25 59
55 21 -25
58 21 29
28 -18 59
32 25 49
-13 25 84
28 -25 -33
28 12 -54
-23 8 -34
-1 -44 64
-6 -44 -74
-21 -31 -82
28 -6 -56
-52 -21 -34
-38 -46 44
28 17 20
62 21 80
28 -37 -39
37 21 99
39 21 -58
70 25 -93
70 25 -76
73 21 65
-38 21 82
29 25 36
46 21 83
-3 25 -91
9 21 3
9 25 27
-40 21 -28
69 21 44
49 25 49
67 21 59
11 25 -22
26 25 70
57 25 93
65 25 -22
54 25 66
-54 -21 49
-17 21 -25
-21 -44 -71
-37 25 72
-27 12 -82
-31 -35 -34
45 21 16
28 -38 70
28 -9 5
-35 -3 -34
-36 25 31
-13 -44 -77
-54 -9 41
-37 -29 -34
-42 25 -52
-33 21 89
14 25 -76
-6 -44 -50
-54 5 70
-54 13 -76
27 -37 27
