136 122 33
40 77 188
194 144 188
100 147 147
193 148 98
128 75 187
191 74 30
39 148 187
195 147 30
191 80 184
121 148 88
75 92 141
169 119 142
138 134 188
124 74 32
74 113 187
42 127 142
168 119 68
137 148 128
99 147 188
38 81 148
158 100 184
194 148 149
174 108 29
146 148 59
38 111 175
168 121 105
67 142 164
156 148 161
75 78 182
187 148 64
160 147 29
154 148 91
156 80 32
169 148 124
189 112 188
75 124 141
124 105 186
121 147 41
126 148 163
167 133 184
38 146 160
49 103 140
194 144 123
124 100 30
169 128 44
75 103 164
61 78 161
55 97 187
54 127 188
73 147 188
121 145 65
179 148 168
168 119 165
191 124 29
152 105 33
168 80 186
38 90 169
91 142 167
176 142 84
50 127 165
172 142 146
124 143 110
121 148 184
55 147 147
191 96 32
168 148 53
153 142 112
121 144 141
139 148 30
79 147 147
57 78 140
148 80 184
172 148 103
152 142 142
142 114 184
155 126 29
75 125 170
138 148 77
161 142 72
152 148 185
38 111 154
140 90 33
179 96 184
168 129 125
52 148 173
110 142 170
174 86 33
168 122 87
178 142 36
57 78 180
139 142 99
38 131 181
171 116 184
139 96 188
194 144 48
74 74 144
66 108 140
195 145 80
38 97 185
62 127 152
185 129 184
176 148 187
75 97 182
136 148 149
137 148 176
125 124 184
124 133 30
75 86 165
151 148 43
183 148 136
153 126 188
194 144 164
175 126 29
135 142 46
75 117 156
169 133 60
57 145 188
168 135 163
113 142 155
169 134 96
46 114 187
55 120 140
185 148 111
121 145 126
69 127 186
46 78 163
38 96 155
168 136 112
152 142 127
79 148 173
38 132 155
161 142 174
140 142 163
126 89 188
60 94 140
138 142 115
164 97 33
143 134 33
60 110 187
191 110 29
135 108 33
175 142 70
86 143 186
52 142 160
168 119 55
163 148 136
38 121 163
169 132 77
39 143 173
41 144 147
169 148 158
181 148 52
42 114 142
191 98 187
132 148 57
125 115 29
63 127 166
75 103 151
42 78 175
169 126 154
154 112 188
79 142 160
45 91 140
64 87 187
181 148 153
65 148 176
125 87 33
166 118 33
181 142 122
188 142 176
151 148 79
165 134 30
110 142 183
100 148 175
67 148 153
75 111 175
160 142 102
165 148 84
157 88 188
126 147 29
168 119 118
181 142 96
134 142 88
38 104 165
164 142 42
157 142 56
185 134 30
90 148 154
134 147 188
164 148 187
73 78 156
124 143 78
168 131 140
181 84 188
147 142 176
148 117 33
194 144 137
168 104 188
161 148 149
76 127 152
127 142 173
164 148 114
46 74 144
38 132 169
102 148 163
75 91 154
127 148 99
67 78 173
181 117 33
132 142 136
133 142 68
126 143 152
187 85 33
154 91 33
121 147 54
48 127 176
148 142 68
149 148 151
173 142 176
168 92 188
180 99 33
147 148 103
46 90 187
135 83 184
187 148 41
143 148 88
38 121 187
47 127 151
38 84 159
156 137 184
125 134 186
134 80 32
183 148 75
186 148 88
147 104 184
55 78 151
46 142 181
135 105 184
146 148 120
169 139 131
59 127 178
65 127 140
136 123 184
75 114 145
166 148 63
130 148 119
150 147 29
181 105 188
161 122 184
175 127 188
168 119 131
67 102 187
75 95 171
68 82 140
175 142 60
38 121 152
169 126 173
38 86 183
147 91 184
195 145 109
143 99 29
118 148 174
156 138 33
141 148 40
75 121 180
41 103 147
38 122 176
183 148 29
133 142 35
170 148 32
145 81 33
186 142 146
75 84 148
169 148 94
54 78 170
90 148 177
50 79 187
160 110 29
131 113 188
143 143 185
132 95 29
174 148 43
144 148 140
147 142 51
161 142 122
115 148 164
169 137 154
168 137 86
176 148 116
194 144 70
180 118 188
45 104 187
72 127 162
75 88 187
173 148 138
194 143 58
46 148 155
38 111 184
172 148 77
66 118 140
182 142 161
72 142 179
65 78 151
38 97 176
134 132 29
191 123 187
128 125 29
46 148 165
144 142 132
66 78 187
111 147 147
75 114 166
169 129 68
156 148 66
179 142 107
56 142 179
59 119 187
60 148 167
97 142 156
154 148 171
59 103 139
169 135 50
75 104 142
174 134 33
45 127 186
145 129 184
162 142 92
182 148 180
139 142 61
158 142 82
129 142 128
75 84 174
188 142 103
128 98 188
189 89 184
129 142 182
137 148 108
166 82 33
169 123 96
169 127 114
147 126 33
64 142 183
177 142 132
45 78 154
53 111 140
74 148 164
168 119 46
166 148 178
48 147 188
140 148 51
169 130 104
188 148 169
195 146 88
168 148 167
135 148 157
174 142 51
169 124 76
162 113 184
157 118 33
184 144 188
38 80 167
55 87 187
55 127 147
190 148 130
160 80 184
124 148 134
143 107 29
149 142 86
143 142 154
85 148 164
152 142 97
175 142 156
106 148 155
68 99 140
45 82 140
168 135 175
79 148 182
127 142 51
121 145 117
180 80 32
59 148 156
70 78 164
189 142 154
127 142 42
41 134 147
145 121 188
164 126 29
150 148 134
142 148 67
130 148 142
155 142 153
162 142 159
159 148 50
101 142 181
119 148 150
133 91 184
156 148 107
184 108 33
135 148 94
132 142 104
38 92 147
168 124 61
194 148 180
149 142 167
177 148 90
135 148 167
168 105 33
85 142 173
186 142 82
147 142 36
128 148 83
179 148 145
188 148 119
169 136 121
67 127 176
164 142 143
145 142 109
109 148 177
75 142 153
168 140 105
84 142 153
156 142 135
145 142 79
132 130 184
176 134 184
55 88 140
139 142 142
62 143 148
75 105 187
184 142 57
141 88 188
174 110 188
42 133 162
159 148 40
73 142 170
169 140 65
168 134 38
52 108 187
147 148 159
38 96 163
140 114 33
75 102 176
169 126 36
169 124 183
93 142 184
190 134 186
182 125 33
191 117 33
49 127 140
173 88 184
128 148 65
141 142 123
162 148 129
154 148 119
169 127 52
99 142 168
195 147 40
169 132 148
172 98 33
67 90 140
168 119 150
187 142 35
187 102 29
184 93 29
131 142 161
185 142 69
174 118 33
41 134 187
38 111 165
45 142 160
54 127 155
64 95 187
124 81 184
132 115 33
38 104 157
161 148 168
38 104 179
93 144 147
168 127 164
152 98 188
175 103 184
51 142 151
142 107 188
182 142 47
55 142 168
191 131 33
180 142 140
168 119 175
42 121 146
168 139 73
191 105 184
168 126 133
124 116 186
137 148 136
150 134 29
168 142 184
161 130 188
44 75 182
69 127 146
162 148 97
174 142 121
181 148 102
144 142 44
165 142 57
169 148 150
168 130 90
188 74 187
149 134 188
42 139 167
119 143 160
75 107 158
124 143 35
75 97 147
75 98 157
51 95 140
140 142 73
157 148 141
138 148 120
143 148 166
153 142 62
126 148 72
59 79 187
159 131 33
169 140 169
168 148 39
49 121 187
154 142 75
43 98 140
165 143 34
72 120 187
146 148 74
160 107 188
38 115 148
122 143 95
181 142 173
38 84 174
121 147 105
185 93 188
149 98 33
47 119 140
183 112 184
42 131 175
105 142 159
180 148 127
143 148 97
52 148 181
132 142 147
174 148 64
165 148 74
124 109 33
38 143 180
167 142 80
120 143 168
194 147 116
190 143 93
194 145 171
70 144 147
155 148 178
133 88 33
89 142 160
177 148 161
39 148 167
128 80 29
190 148 160
167 142 98
134 142 78
153 148 57
147 148 180
144 142 93
176 144 30
152 142 160
42 106 141
181 148 60
159 142 188
171 142 114
117 142 182
76 148 157
48 142 170
134 142 122
154 142 39
95 142 175
188 148 142
132 148 41
106 148 184
38 147 153
150 111 29
130 102 33
61 84 140
165 90 33
188 148 48
127 145 188
145 148 127
104 142 174
75 85 157
185 142 129
65 116 187
61 142 171
179 142 149
52 78 159
38 87 153
44 127 169
153 142 104
174 142 97
158 100 33
59 142 161
156 142 168
64 78 144
133 148 50
161 94 184
128 142 60
175 148 180
164 142 49
58 127 140
114 148 185
68 110 187
65 147 188
132 142 111
48 147 147
38 127 147
191 89 29
124 93 30
167 111 29
138 142 181
169 120 124
148 111 188
188 142 136
93 148 171
155 148 99
136 148 70
141 142 85
53 148 164
181 148 83
59 127 159
157 142 146
74 127 176
38 125 169
126 143 90
38 118 181
182 134 188
178 91 33
71 94 187
75 79 169
79 142 177
38 74 149
127 148 178
188 118 184
141 101 184
189 142 53
44 148 173
121 145 47
155 148 34
126 143 121
152 120 188
65 142 156
136 148 85
173 148 57
138 98 33
40 80 182
150 142 120
145 90 30
162 87 184
140 80 187
130 123 188
186 142 115
173 148 85
147 148 172
105 148 170
141 148 114
96 148 160
168 148 142
174 148 131
157 148 73
165 148 46
181 142 89
162 142 64
169 120 156
165 148 103
171 148 70
146 142 144
154 142 50
159 148 60
60 78 173
156 148 126
38 127 160
140 143 34
136 142 152
70 148 170
75 86 181
75 79 141
191 80 33
169 129 179
169 141 92
188 142 44
154 80 187
191 143 64
140 129 29
150 142 182
128 148 108
173 98 188
135 116 184
60 126 188
121 147 81
185 81 184
106 142 151
75 127 187
188 142 165
65 78 181
38 104 187
124 148 170
76 142 184
44 97 187
143 148 81
134 142 55
172 142 41
147 148 111
181 142 77
174 148 173
70 148 182
164 142 151
167 142 138
186 114 29
40 84 188
165 100 184
146 121 29
174 142 167
67 142 173
184 148 95
53 148 155
148 116 184
75 112 151
133 142 97
154 105 188
169 125 146
188 148 70
159 148 79
182 142 63
70 127 156
168 131 157
180 142 116
187 142 75
56 127 167
128 148 149
180 131 33
71 74 184
127 148 156
168 121 40
162 142 108
184 121 29
144 142 102
38 114 159
187 148 149
142 142 55
137 148 63
73 85 140
112 148 158
173 148 111
38 117 169
160 148 156
75 119 174
158 142 117
108 148 165
48 78 149
56 78 164
188 148 183
86 148 149
72 142 161
160 86 33
52 127 182
175 122 184
60 115 140
130 84 188
43 128 156
161 142 131
133 142 168
44 148 182
170 142 161
133 142 176
179 143 184
138 127 188
167 108 184
131 104 188
167 142 126
149 87 188
40 109 147
75 78 150
154 142 174
131 148 174
176 148 99
134 148 100
169 121 111
57 104 187
163 142 165
155 148 149
138 142 133
142 148 149
134 98 184
86 148 182
186 148 126
174 148 37
59 148 175
84 148 158
80 142 166
154 148 85
89 148 187
75 120 146
75 107 169
169 139 46
74 148 177
75 97 163
150 148 65
164 117 188
130 129 33
182 148 69
126 143 102
71 112 140
127 148 128
194 145 155
139 142 174
38 90 187
132 148 76
121 144 72
105 142 165
79 147 188
181 142 167
154 91 184
156 148 132
138 142 93
194 144 143
75 98 141
133 148 30
48 78 170
151 148 49
116 142 176
129 110 29
188 142 122
193 143 34
127 142 68
52 78 143
127 148 48
157 142 182
172 142 35
133 148 182
169 122 29
173 142 128
126 148 57
59 142 155
155 111 33
181 88 30
168 138 145
52 143 186
173 81 30
73 83 187
43 143 186
123 143 84
62 127 145
127 111 184
181 148 45
142 103 33
145 148 46
183 148 174
66 148 163
89 142 179
163 148 161
156 142 90
150 148 165
151 148 140
188 148 81
161 148 91
169 132 130
169 132 169
123 143 180
145 98 188
170 147 188
128 120 33
173 142 108
125 143 159
191 103 33
96 148 183
38 98 149
125 128 188
158 148 186
167 142 174
191 143 85
132 148 113
181 148 121
177 148 75
84 148 170
161 148 68
45 127 163
171 91 33
146 142 63
52 78 176
53 127 174
70 78 178
131 148 88
152 142 81
97 148 166
60 127 171
157 95 188
140 148 58
159 142 45
113 148 170
185 123 184
169 130 119
127 148 38
186 80 30
151 122 33
46 127 145
163 148 173
75 90 174
173 142 75
187 148 100
38 102 173
164 142 117
140 148 102
163 142 179
132 148 130
159 94 33
69 78 147
147 142 115
146 147 188
175 81 188
44 142 176
169 129 29
185 142 108
167 126 188
116 144 147
191 143 118
133 126 29
168 119 82
38 115 187
125 100 184
121 145 59
186 99 188
139 148 183
152 131 33
117 148 180
136 148 45
164 142 85
90 148 161
136 142 127
162 148 122
194 148 75
124 94 186
43 78 168
75 91 146
186 127 29
160 140 29
188 148 33
120 143 154
121 148 112
126 143 138
138 142 108
175 148 51
150 142 133
161 106 33
157 121 188
173 112 33
121 147 33
75 122 153
75 124 159
75 111 182
42 79 144
129 142 83
38 124 182
187 142 182
75 99 187
137 112 188
162 148 34
181 127 188
152 109 184
129 134 33
185 104 184
174 91 188
124 127 33
41 80 163
139 148 142
168 134 44
155 118 184
65 127 183
50 148 159
147 142 150
168 135 136
169 127 81
50 85 140
168 135 69
52 142 175
140 148 132
158 148 115
140 148 161
75 81 161
174 148 154
38 88 163
139 142 50
59 91 187
151 148 95
89 148 168
190 148 60
48 100 187
129 142 75
175 104 33
51 93 187
121 148 158
127 142 165
169 85 188
168 124 138
136 90 29
154 131 184
43 128 181
39 86 147
136 142 40
126 143 132
145 111 33
70 127 140
169 119 188
52 127 160
59 78 146
152 86 33
52 78 182
68 78 158
176 142 162
185 148 158
183 142 39
