120 159 131
179 15 122
74 57 123
179 244 119
75 244 120
179 100 120
179 180 118
74 119 122
136 58 130
129 217 131
74 187 118
106 15 118
125 108 131
162 140 130
179 58 129
142 20 131
93 87 130
166 212 131
84 153 127
93 215 130
144 185 130
74 23 130
109 244 119
146 244 118
105 46 130
150 87 130
110 188 130
103 130 130
135 134 128
122 81 131
155 114 128
164 35 131
161 166 130
178 125 118
179 153 118
173 81 131
126 37 127
74 81 119
162 234 131
74 221 119
90 177 130
158 63 130
103 107 128
103 68 128
143 154 128
127 239 131
75 99 131
95 27 131
179 222 119
164 191 127
93 236 131
146 205 128
179 41 118
179 201 120
127 15 118
157 16 118
76 203 131
110 226 130
103 150 130
74 137 130
146 40 127
128 195 127
146 225 128
112 207 130
84 42 131
172 118 134
75 167 118
88 15 119
126 177 131
93 195 128
85 69 131
164 99 131
118 59 130
105 168 128
114 25 131
118 140 130
179 140 130
179 165 130
89 116 131
142 103 128
75 36 118
139 74 128
178 71 118
115 96 128
166 16 132
122 124 127
77 232 131
90 139 130
179 30 131
74 177 131
149 128 130
145 169 130
136 119 130
177 231 131
133 91 127
93 244 118
167 50 127
161 242 118
91 55 128
170 178 131
171 152 131
75 146 118
178 86 118
128 23 131
107 82 128
179 192 131
89 102 131
160 77 128
141 241 131
179 212 129
171 111 123
153 28 127
125 244 118
102 16 131
74 163 131
148 141 128
157 152 128
163 125 128
79 216 131
140 15 118
92 164 130
79 86 131
133 166 127
80 190 131
131 146 131
106 238 131
76 131 118
75 97 118
170 67 127
155 177 128
76 205 118
128 67 127
152 51 128
172 243 131
83 244 131
176 94 131
178 45 131
133 229 127
85 128 127
109 118 128
117 46 130
178 140 118
87 15 131
74 15 120
179 128 131
134 206 127
106 34 127
178 54 118
137 32 131
159 202 130
74 74 129
178 167 118
77 111 131
179 108 130
103 94 128
84 30 127
165 223 127
154 15 130
136 46 128
76 67 118
100 205 128
151 237 127
179 29 119
114 176 128
115 72 130
121 15 128
165 87 127
153 101 128
150 72 130
100 183 128
94 38 127
121 226 131
152 192 128
172 202 131
95 76 130
99 225 130
87 226 131
139 196 128
141 215 130
155 218 130
168 18 120
107 57 128
87 205 131
74 108 119
109 158 128
74 150 129
74 37 130
114 106 130
74 157 120
74 231 118
82 170 127
178 232 118
126 52 127
74 46 122
179 190 119
122 203 131
121 187 127
136 177 128
116 217 128
179 69 130
125 97 131
134 242 122
116 236 127
179 114 119
152 162 128
146 60 128
81 55 131
134 186 131
176 18 131
133 15 127
75 64 131
170 162 127
164 26 127
74 126 129
156 41 127
106 139 128
178 212 118
159 244 129
106 197 128
116 17 119
99 119 128
174 220 131
113 128 130
145 114 128
76 25 120
173 38 127
141 84 130
172 122 125
93 149 128
164 111 131
85 94 127
98 18 123
129 155 127
106 217 130
122 148 127
179 177 127
116 195 128
116 34 131
104 25 127
99 242 125
123 168 127
170 136 127
84 78 131
170 244 121
133 102 131
112 148 128
143 94 128
74 176 121
167 59 131
81 143 127
84 242 120
119 244 130
74 196 125
126 131 131
94 126 130
131 79 127
172 187 127
95 64 130
179 152 127
154 229 127
90 186 127
97 157 128
80 119 131
143 233 127
82 180 127
121 28 127
179 62 120
147 15 124
111 15 126
179 79 124
172 103 131
74 210 125
118 114 128
146 31 131
85 234 127
131 126 127
179 238 126
141 128 128
143 51 128
155 136 128
133 111 127
74 89 122
139 145 128
99 174 130
179 116 127
169 231 127
79 15 127
95 111 128
95 46 130
156 210 128
127 139 127
123 89 127
171 169 131
171 143 131
115 165 128
74 244 130
155 122 130
99 54 130
75 49 131
74 185 129
157 94 128
85 197 127
99 143 128
85 213 127
137 66 128
179 133 124
85 108 127
112 88 130
163 182 130
102 232 127
91 244 130
94 96 130
138 223 130
86 61 127
172 27 127
110 64 130
123 212 127
173 195 127
74 224 126
171 128 131
163 158 128
179 23 125
125 118 131
175 87 127
124 232 127
126 60 131
128 45 131
154 169 130
122 74 127
160 52 130
107 100 130
85 22 127
139 162 130
167 43 131
153 80 130
94 19 131
153 244 122
150 149 130
144 135 130
121 103 127
144 177 128
160 18 126
179 200 130
74 81 127
175 52 127
117 244 122
179 93 122
164 147 131
74 139 121
177 107 122
179 226 125
111 40 131
101 86 128
89 33 131
99 191 130
162 174 130
111 50 128
83 161 127
164 71 130
156 34 131
178 22 118
82 101 127
176 158 131
155 143 130
158 86 130
111 244 129
101 243 118
85 84 127
85 49 127
179 183 131
102 76 130
109 180 130
165 118 127
121 67 131
166 202 127
167 239 127
170 110 135
101 40 131
97 136 130
161 132 130
177 158 122
148 217 128
96 104 130
134 237 131
90 157 131
82 135 127
128 182 127
149 108 128
149 21 131
160 105 128
134 39 127
127 18 125
129 86 131
152 199 130
179 37 124
93 171 128
128 209 131
173 214 127
134 244 129
143 26 127
145 122 128
101 61 128
179 195 124
74 106 127
170 20 127
177 206 125
141 244 124
169 93 127
74 157 127
129 32 131
147 244 131
144 66 130
151 43 131
100 163 130
179 145 125
134 17 120
79 68 127
127 15 131
139 203 130
150 17 118
177 173 121
103 114 130
147 99 130
174 64 131
166 77 131
76 32 124
94 230 127
175 74 131
131 172 131
179 101 130
74 92 130
94 202 128
74 217 125
128 222 127
122 192 131
82 18 122
81 226 127
140 109 130
146 78 128
135 23 131
74 30 130
139 41 131
128 163 131
111 30 127
133 212 127
76 163 124
77 125 119
77 52 119
134 200 131
177 184 123
127 242 124
140 15 126
99 33 131
74 170 125
135 151 128
76 73 122
135 140 130
122 41 131
156 184 130
109 76 128
179 45 124
109 233 127
176 134 131
120 22 131
150 34 127
74 232 125
74 197 118
80 206 127
177 217 123
74 214 118
90 79 127
179 243 131
162 218 130
146 197 130
109 20 131
119 52 128
105 244 124
111 200 128
92 15 125
104 210 128
117 153 128
145 163 128
121 174 127
102 244 131
110 134 130
150 210 130
99 219 128
114 15 131
128 202 127
158 27 131
161 45 127
156 69 128
114 183 128
177 147 131
121 237 131
120 132 127
150 155 128
79 131 131
148 230 131
131 118 127
131 97 127
178 132 118
173 225 127
172 58 127
90 26 127
177 70 124
92 132 128
135 84 128
87 145 131
138 229 131
169 32 127
74 43 128
138 170 130
88 122 127
79 197 131
93 222 130
174 15 118
163 65 127
74 65 124
74 237 130
126 151 131
82 36 127
106 175 128
77 170 131
117 210 130
118 229 127
179 121 123
94 16 118
139 209 128
76 182 123
129 104 127
174 173 127
89 244 124
165 244 130
153 57 128
133 160 131
79 155 131
133 28 127
178 39 131
74 118 128
151 64 130
74 239 124
167 217 127
174 234 127
157 196 128
164 93 131
76 99 124
74 150 123
93 209 130
113 82 128
74 143 126
82 64 131
97 81 128
76 237 118
133 71 127
90 71 127
89 192 131
86 182 131
139 188 128
80 75 127
157 224 130
133 51 131
76 113 123
116 119 130
86 167 131
82 115 127
170 207 127
168 82 127
79 59 127
117 39 127
79 25 127
79 244 125
104 122 130
167 171 127
112 140 130
101 99 128
74 20 124
179 55 124
89 199 131
165 244 124
135 192 128
154 18 124
120 181 130
122 32 131
90 39 131
84 176 131
120 221 127
179 164 123
111 212 128
118 89 130
160 229 127
80 95 131
177 139 125
126 113 127
116 19 127
149 185 128
179 79 118
76 202 125
86 89 131
156 236 131
127 125 131
141 33 127
131 62 127
163 207 130
171 89 131
168 101 127
112 170 130
167 141 127
84 188 127
87 238 131
168 23 131
90 49 131
74 62 119
116 66 128
136 97 130
105 15 124
104 223 130
122 18 121
106 205 128
101 236 131
107 41 127
148 242 125
101 22 131
179 206 130
123 47 127
114 230 131
84 219 131
166 108 127
111 111 130
161 22 131
174 113 131
104 29 131
166 153 127
168 121 131
94 183 130
120 108 127
146 46 128
77 209 131
179 77 131
101 15 118
107 153 128
179 48 118
79 175 127
155 108 130
90 106 127
163 40 127
105 190 128
90 44 127
171 77 127
98 70 130
164 82 130
74 40 122
177 98 125
151 95 128
177 190 124
155 75 128
108 70 130
139 242 119
146 15 130
98 197 130
125 187 131
129 233 131
151 118 130
84 201 131
123 199 127
167 132 131
171 45 127
171 191 131
160 238 127
85 26 131
74 53 127
179 89 131
76 227 122
140 139 130
179 172 131
164 227 131
89 151 131
151 222 128
95 32 127
144 190 130
85 55 127
106 145 128
179 63 125
179 122 129
110 35 131
89 229 127
80 81 127
179 32 125
102 135 130
93 119 128
138 238 127
163 197 128
124 158 127
163 57 127
116 77 128
127 145 127
165 15 126
129 93 131
177 111 126
84 138 131
149 179 128
116 190 128
177 225 131
131 108 131
79 146 131
136 128 130
76 128 124
144 73 130
179 218 128
116 202 130
106 87 130
171 116 124
165 178 127
81 185 131
112 59 130
157 190 128
170 54 131
74 135 125
81 126 131
76 30 118
74 194 130
179 35 119
168 148 127
145 212 128
174 34 131
80 41 127
129 188 127
173 23 131
79 150 127
173 15 127
160 99 128
153 204 128
102 178 130
93 143 128
98 169 128
100 125 128
76 93 125
75 221 131
111 221 128
175 128 127
96 23 127
81 21 131
94 239 127
160 33 127
130 38 131
80 220 127
155 127 128
90 60 130
177 227 119
89 128 131
131 114 131
179 17 127
133 67 131
170 234 131
121 207 127
97 131 128
123 64 127
174 149 127
168 199 131
141 57 128
74 187 124
117 145 128
179 232 126
179 150 122
160 111 128
106 231 131
132 20 127
136 217 128
138 182 128
85 98 131
168 165 131
82 239 127
151 173 130
144 89 130
168 182 127
74 227 130
120 215 131
119 98 130
173 49 131
173 180 127
84 210 131
129 42 127
107 126 128
126 76 131
152 37 131
179 170 125
167 157 131
143 148 130
142 118 130
133 180 131
105 52 128
87 218 127
157 163 128
130 244 120
102 159 128
129 133 127
139 91 130
97 42 127
126 227 131
85 72 127
114 44 127
75 16 131
134 76 130
98 15 129
144 237 131
125 71 131
124 58 127
176 103 127
74 77 124
79 242 119
178 53 131
151 112 130
121 242 124
166 74 127
179 160 127
155 157 130
176 244 123
156 20 131
146 25 131
80 104 131
81 72 131
115 242 118
79 194 127
77 123 127
116 222 130
90 93 127
126 32 127
119 33 127
133 222 131
169 37 131
79 46 127
155 23 127
114 160 128
173 138 131
82 231 131
138 79 128
111 18 120
87 172 131
179 206 119
178 239 118
122 137 131
168 115 131
117 125 130
152 241 131
89 84 131
157 49 128
138 17 132
161 120 128
111 239 127
123 179 127
173 108 126
131 236 127
115 136 128
179 236 131
87 114 127
171 15 131
131 121 131
170 29 131
82 48 131
106 20 127
111 24 127
127 198 131
174 243 118
121 118 127
138 155 130
148 136 128
125 22 127
107 93 130
168 126 127
137 124 128
75 42 118
160 178 130
175 31 127
145 36 131
167 242 118
170 73 131
176 82 127
113 101 130
150 123 128
177 75 125
161 17 131
164 48 131
128 191 131
129 56 131
128 136 131
118 233 131
126 121 127
175 238 131
110 194 128
143 219 130
124 244 129
96 244 129
179 92 127
126 100 127
126 81 127
178 145 118
122 113 131
81 89 127
145 19 127
124 92 131
158 244 123
83 121 127
76 182 118
141 44 127
79 136 131
84 157 131
175 198 131
110 166 130
101 31 127
126 170 131
80 236 131
173 167 127
125 141 131
122 127 131
114 54 130
126 217 127
166 104 131
84 132 131
124 190 127
149 55 130
171 229 131
173 43 131
79 78 131
171 211 131
79 32 131
149 165 130
158 172 128
105 163 130
105 64 130
173 121 131
87 140 127
77 115 119
110 96 128
158 81 130
90 21 127
119 243 118
138 51 128
179 195 119
98 149 128
130 160 127
139 132 130
131 15 123
135 106 128
120 170 130
161 187 130
117 15 124
126 206 127
177 161 118
156 241 127
76 86 119
151 242 118
84 15 127
179 23 130
179 64 130
101 229 131
96 177 128
140 61 130
139 115 128
76 37 125
112 123 128
76 154 124
155 89 128
88 160 127
108 148 130
112 153 130
120 72 131
74 25 125
178 109 118
161 31 131
91 110 130
171 131 127
129 49 127
125 27 131
148 92 130
142 159 128
160 214 128
179 221 124
179 136 121
96 242 122
172 244 126
133 43 131
91 99 128
87 148 127
128 158 131
151 26 131
168 65 131
161 145 128
80 52 127
83 151 131
87 66 127
175 28 131
139 236 131
112 242 123
74 214 131
75 142 131
92 154 128
164 96 127
90 75 130
177 41 126
118 149 130
95 50 128
131 153 131
94 160 130
173 72 127
135 63 130
165 130 127
94 35 131
99 35 127
91 231 131
168 204 131
140 24 131
160 24 127
97 60 130
94 115 130
151 133 130
136 35 127
85 124 131
177 129 122
148 201 130
176 66 127
138 18 122
124 224 127
76 82 123
179 113 131
