106 25 126
200 232 118
62 169 127
192 111 128
193 17 126
117 232 121
112 105 130
156 173 126
55 231 127
62 69 125
156 64 130
110 155 126
65 118 128
160 217 129
150 129 130
62 23 127
149 17 127
95 196 130
192 153 128
103 66 126
192 194 128
193 56 126
131 196 126
145 96 126
64 201 128
85 231 118
128 47 130
83 93 126
82 144 128
180 83 126
82 44 126
171 37 130
122 131 130
129 73 126
138 152 126
88 171 126
176 132 127
90 119 130
167 108 130
141 232 118
168 194 130
113 179 127
175 232 118
84 17 130
181 174 127
128 23 130
101 217 128
150 42 126
169 154 126
188 215 128
134 174 126
62 91 127
83 66 130
62 47 126
107 46 130
81 213 128
103 87 126
127 216 130
134 115 126
101 137 130
62 149 126
169 17 130
160 84 127
77 187 126
175 64 128
149 190 130
190 36 128
127 92 130
113 202 126
145 207 126
193 129 126
70 225 123
140 60 126
158 231 118
154 146 126
145 78 126
106 121 126
96 103 126
192 93 125
151 112 126
193 73 126
119 59 127
94 154 130
68 134 127
101 230 119
75 158 126
187 232 127
174 207 125
76 108 126
166 52 130
123 163 130
119 34 126
74 80 126
75 30 126
114 76 126
177 98 127
136 135 130
62 184 125
91 78 126
178 118 125
95 34 130
125 147 126
141 30 126
160 27 126
91 54 130
102 167 130
82 130 125
120 117 127
129 231 128
180 49 126
169 168 130
73 57 127
147 163 130
99 180 126
162 121 127
174 221 128
158 203 126
62 214 128
180 147 126
181 24 127
139 221 128
163 137 130
75 173 126
159 98 130
193 168 126
125 184 130
91 225 128
80 200 126
117 17 126
150 229 128
125 105 126
167 181 126
62 104 128
179 189 127
115 217 125
166 230 128
182 159 127
192 181 128
110 190 130
97 18 130
169 76 130
114 143 130
92 208 126
146 178 128
65 35 128
191 141 128
113 93 126
72 17 125
158 157 130
154 53 126
131 36 126
136 102 130
89 184 130
136 87 126
185 203 127
62 232 118
139 47 126
133 207 126
79 119 126
139 125 126
107 231 128
93 90 130
120 194 127
170 90 130
161 41 130
139 188 126
72 96 127
123 174 126
79 229 128
149 217 125
141 198 130
194 224 124
112 132 126
95 45 126
135 162 130
128 63 130
107 56 126
156 74 126
102 76 130
151 32 130
143 144 130
91 137 126
62 58 125
121 207 130
105 35 130
72 43 127
62 80 128
98 127 130
99 113 130
181 72 127
73 68 125
151 88 130
72 208 127
171 144 130
191 83 128
87 160 126
92 67 127
113 165 128
103 204 130
157 183 130
102 147 126
127 232 118
116 50 130
182 107 126
129 124 126
88 26 126
72 145 126
164 61 126
87 107 126
159 17 126
122 83 130
177 231 128
136 17 128
180 38 126
143 69 130
158 193 126
171 124 130
190 46 125
113 66 130
60 224 124
186 64 126
186 232 118
115 26 130
68 192 127
200 231 128
189 120 127
146 120 130
183 224 124
168 99 126
172 27 129
121 224 128
65 159 127
104 99 126
97 232 128
192 27 125
166 205 130
157 224 124
82 76 130
130 154 130
176 197 126
134 226 122
150 103 130
91 147 126
146 53 130
107 17 130
130 55 126
74 232 118
143 111 130
82 179 128
118 155 130
62 128 128
109 212 130
154 210 130
127 138 126
141 230 128
74 219 128
172 45 126
107 223 125
183 127 126
87 195 126
159 129 126
82 57 128
90 216 130
107 112 126
89 99 130
146 136 126
141 40 130
85 85 130
174 54 125
163 147 126
170 213 130
82 34 129
65 232 126
72 127 126
184 90 126
71 181 126
100 188 130
115 43 126
142 23 130
93 164 130
136 78 130
149 60 126
151 154 126
103 195 126
174 109 125
98 60 130
81 166 128
121 70 130
102 158 130
160 165 130
133 144 128
127 112 130
186 99 127
115 123 130
175 180 127
82 152 129
83 223 124
134 183 130
129 167 126
150 199 130
178 17 125
183 138 127
98 223 124
154 121 130
107 174 130
137 213 130
88 40 130
93 229 120
88 128 130
76 89 127
79 100 127
99 51 130
154 23 130
119 98 130
173 161 128
150 229 120
79 22 126
193 204 128
172 83 126
158 105 128
71 166 126
137 94 130
164 175 130
149 171 130
67 111 126
140 169 130
126 31 130
166 232 118
94 176 130
76 138 126
164 68 130
167 222 125
172 115 130
153 137 130
120 109 130
114 86 130
164 34 126
84 205 130
180 216 125
184 56 127
160 114 130
83 113 130
177 167 126
168 114 124
102 105 130
143 89 130
167 129 126
100 39 126
163 93 126
143 226 122
108 80 126
121 232 128
124 17 127
87 48 130
194 232 123
184 196 126
106 183 126
111 32 126
119 185 126
108 140 126
186 186 126
72 116 128
68 75 127
122 47 126
88 232 128
124 41 130
97 143 130
128 83 126
98 121 126
78 51 127
100 28 130
185 166 126
166 161 130
169 137 126
157 231 128
68 27 126
134 31 130
143 103 126
98 80 126
64 140 128
172 174 126
116 149 126
98 96 130
64 177 128
172 187 130
72 199 127
126 203 126
118 138 126
132 108 126
83 190 130
185 18 128
175 76 125
190 161 125
69 87 126
128 223 124
136 53 130
131 129 130
69 103 127
173 226 122
154 81 130
134 68 128
149 72 126
67 221 128
113 115 130
163 210 126
158 33 130
162 78 130
152 93 126
132 190 130
118 103 126
170 70 126
118 200 130
70 50 126
159 49 130
109 73 130
90 200 130
153 178 130
142 158 130
108 148 130
116 212 130
72 36 127
123 55 130
190 174 126
146 36 126
147 148 126
154 162 126
87 62 126
187 77 127
97 212 130
95 24 126
98 72 126
143 129 130
103 210 126
135 202 130
123 25 126
97 170 126
72 232 127
151 185 126
172 104 130
125 190 126
185 114 127
179 31 127
169 57 130
117 170 126
106 128 126
95 186 127
174 141 125
109 228 120
94 217 125
66 64 127
147 213 130
85 138 130
55 231 118
186 150 127
66 17 127
80 72 125
123 227 121
192 104 128
62 194 127
108 198 130
146 195 126
68 152 126
129 99 126
163 190 130
77 62 127
133 43 126
92 111 130
130 177 130
173 191 125
166 21 126
133 24 126
136 120 130
162 199 130
159 144 130
157 150 130
138 73 126
151 49 130
121 142 130
84 122 130
98 163 126
82 83 125
143 184 130
163 102 130
113 225 128
150 67 130
111 50 126
128 118 130
78 39 126
175 89 125
100 152 126
123 158 126
107 61 130
107 40 126
65 209 127
159 68 126
156 44 126
120 76 130
142 17 126
157 91 130
114 37 130
164 46 126
79 227 121
75 152 127
100 175 130
88 32 126
122 124 130
189 227 121
140 176 130
192 66 125
134 232 118
174 151 125
69 214 125
182 181 127
107 161 126
119 92 126
185 210 126
62 29 128
142 117 127
121 215 126
83 26 130
91 17 127
80 207 125
164 226 122
92 124 127
159 57 127
87 165 130
101 132 126
137 37 126
187 132 126
134 60 130
115 159 126
172 201 130
86 217 125
86 70 126
133 221 128
114 110 126
140 206 130
153 58 130
91 190 130
64 41 125
147 28 126
143 216 126
132 93 126
88 178 126
162 223 128
171 232 123
185 29 127
173 21 128
119 179 130
62 135 127
166 82 130
169 43 130
64 99 125
80 192 125
97 206 130
91 72 130
109 89 126
131 213 126
95 135 130
111 99 126
134 232 125
154 214 126
144 172 126
127 171 130
92 28 130
131 88 130
129 79 130
83 197 130
91 86 126
82 172 129
176 125 127
95 200 126
164 165 126
75 132 126
153 222 128
191 147 125
102 17 126
113 19 130
169 64 130
192 187 125
117 224 123
109 217 125
130 186 126
124 66 126
156 140 126
89 114 126
94 39 126
97 87 126
163 157 126
146 187 126
143 164 127
149 167 127
187 71 127
85 101 126
113 119 126
82 105 130
79 219 125
187 226 128
132 150 127
115 190 130
136 167 126
130 29 126
127 194 130
129 161 130
111 208 126
170 217 125
162 232 123
171 131 130
144 62 130
101 55 126
164 26 130
138 147 126
108 168 130
187 156 127
64 53 128
71 187 127
68 230 119
113 231 128
192 220 128
118 132 126
173 31 125
190 22 127
151 205 128
180 64 126
183 232 123
175 39 125
72 23 126
172 119 126
170 226 128
162 171 126
186 144 126
138 193 130
179 154 127
93 60 127
87 153 126
195 229 128
136 111 130
167 198 126
86 52 126
107 132 130
163 128 130
164 141 126
138 65 130
123 79 126
110 127 130
155 86 126
146 82 130
99 43 130
154 194 130
80 17 125
103 48 126
111 172 126
115 70 126
147 90 126
102 23 130
124 96 126
124 127 126
193 212 128
83 184 126
146 232 122
83 232 125
115 60 130
82 29 125
86 201 126
176 213 128
185 43 127
83 40 130
108 69 126
67 171 127
167 29 126
145 155 126
91 131 126
164 89 130
137 140 126
153 132 126
128 208 130
136 158 126
111 159 130
99 92 126
115 135 130
165 75 126
108 96 130
172 53 130
64 227 121
150 99 126
95 191 126
83 97 130
160 178 128
61 229 128
179 112 127
162 185 127
173 102 125
179 206 127
75 74 126
84 132 130
143 202 126
97 65 130
169 150 130
140 98 126
120 20 130
125 75 130
89 91 126
149 143 126
66 124 126
186 85 126
110 24 130
179 43 126
121 151 128
183 121 126
99 108 126
83 160 130
137 43 130
122 167 126
88 227 121
103 232 124
104 179 130
149 78 130
116 174 130
157 134 130
144 224 128
102 118 130
62 154 128
154 40 130
167 39 126
154 232 123
148 124 126
121 29 130
92 82 130
104 143 130
98 32 126
140 131 126
166 96 130
130 17 127
166 217 128
148 21 130
68 69 128
63 189 128
77 223 124
187 191 127
138 183 126
91 23 130
156 189 130
115 82 126
86 20 126
179 57 127
193 41 126
77 114 127
113 46 130
95 117 130
154 199 126
187 52 127
188 199 126
130 201 130
102 124 126
66 94 126
141 55 126
74 193 126
134 83 130
92 96 127
187 221 125
87 209 126
65 164 128
76 213 125
114 186 126
148 116 126
191 88 125
79 126 127
146 65 126
130 40 130
118 40 130
136 128 130
88 141 126
111 196 126
141 75 130
113 151 130
152 159 130
151 174 126
149 38 130
80 149 125
105 73 126
192 61 125
155 169 130
92 105 130
102 69 130
156 124 126
138 210 126
137 196 126
162 154 130
95 52 126
147 47 126
87 174 130
108 85 130
60 232 123
128 148 130
92 232 125
136 21 130
137 217 125
163 112 126
182 78 126
106 51 130
182 227 128
169 105 126
130 103 130
182 221 128
123 36 130
155 99 126
82 140 126
138 106 127
153 67 126
154 18 130
107 104 127
121 62 130
72 62 126
93 180 127
76 46 126
124 100 130
75 178 127
112 232 119
101 199 130
147 109 126
119 88 130
95 160 130
152 108 130
170 182 130
167 190 126
135 226 128
121 171 130
82 111 125
185 35 127
161 38 126
169 32 130
170 95 126
70 226 128
69 140 127
168 119 130
162 53 126
159 154 126
127 89 126
87 147 130
150 148 130
87 58 130
143 85 126
141 34 130
158 206 130
101 141 126
132 96 130
64 85 125
167 124 126
145 99 130
106 190 126
117 163 130
192 232 118
164 17 127
171 47 130
147 203 130
178 103 126
172 99 129
105 171 126
123 111 126
105 135 126
123 212 130
149 84 126
155 31 126
179 227 121
156 70 130
140 150 130
88 157 130
186 177 127
180 231 118
82 66 125
85 226 128
67 80 127
79 161 127
122 180 127
130 141 130
87 103 130
101 224 128
158 112 126
172 128 125
115 130 130
152 97 130
172 165 125
143 28 130
150 225 123
151 116 130
123 197 130
95 78 130
105 154 130
129 227 121
138 116 130
108 118 130
107 226 128
75 204 127
149 210 126
180 200 126
190 115 125
163 106 126
132 180 126
158 23 126
192 78 125
152 164 130
86 80 126
175 71 128
182 133 127
100 36 130
182 96 127
58 227 121
126 38 126
120 45 130
118 55 130
141 122 130
67 45 127
92 171 130
148 182 130
121 231 118
82 47 130
192 137 125
172 138 130
79 155 127
139 224 123
87 75 130
153 74 130
91 143 130
98 209 126
125 44 126
124 177 130
100 148 130
101 185 126
104 226 122
172 202 125
167 176 126
87 221 128
114 23 126
144 192 130
80 78 125
174 157 125
198 228 122
157 219 125
128 218 125
151 216 130
63 75 125
116 197 126
132 63 127
135 98 127
62 109 125
72 121 126
70 160 126
157 176 130
137 178 128
164 37 130
193 123 126
192 31 128
137 143 130
105 28 130
116 29 126
130 52 130
115 73 130
139 23 126
90 164 126
106 203 126
152 78 126
100 86 130
92 44 130
114 63 126
123 31 126
119 123 126
132 74 130
128 115 126
139 92 126
171 177 130
113 127 126
87 133 126
153 26 126
95 101 130
193 98 126
132 135 127
160 101 127
102 61 126
90 35 130
187 104 127
168 146 126
117 203 126
168 50 126
125 133 126
141 95 130
135 170 130
85 118 130
144 138 130
121 53 126
111 186 130
104 95 130
162 19 130
148 44 130
76 144 127
176 172 127
182 170 126
176 26 126
115 207 130
134 49 130
111 220 128
104 176 126
107 20 126
119 144 126
123 72 126
140 42 126
162 132 127
85 189 126
148 154 130
113 170 130
174 115 125
85 31 130
67 57 126
76 165 128
183 68 125
94 74 127
78 68 128
66 145 126
63 225 128
112 225 123
172 197 130
82 39 126
62 122 125
105 232 118
78 93 126
