95 63 70
160 226 200
93 226 54
158 26 199
95 126 174
160 147 85
95 211 142
160 27 113
95 48 155
160 226 98
160 98 144
160 152 199
96 135 56
160 83 58
105 184 199
160 178 141
95 111 112
133 83 199
140 26 57
95 168 102
142 192 55
144 226 146
105 26 199
111 33 107
160 50 157
112 226 97
115 226 182
95 181 58
95 163 147
160 75 106
118 97 55
95 82 181
160 139 158
95 70 117
160 189 182
160 113 192
160 187 91
133 152 55
120 145 199
96 26 56
160 116 109
160 226 59
156 122 55
130 33 140
160 50 77
130 62 55
95 97 146
160 81 176
132 33 175
110 108 199
95 109 78
127 226 64
134 201 199
160 151 118
95 200 86
160 206 124
110 59 199
95 132 138
156 59 199
95 161 179
95 193 171
95 139 89
136 33 87
160 167 56
160 105 80
160 54 128
121 226 128
95 195 117
160 215 170
93 225 201
95 37 82
141 173 199
95 33 130
116 201 55
95 85 94
93 224 117
156 26 144
160 26 172
126 126 55
160 165 168
160 125 135
136 123 199
133 44 199
93 224 165
95 46 182
97 133 199
95 71 143
95 159 73
117 226 155
160 204 73
120 174 55
95 85 57
132 226 202
93 226 79
118 39 55
160 113 165
160 50 102
160 27 88
95 152 122
138 226 172
145 226 121
136 226 88
160 178 114
159 89 199
137 33 116
142 100 55
160 73 143
115 33 158
160 76 81
95 61 95
112 210 199
160 135 183
160 204 149
160 38 56
95 184 138
95 103 171
160 155 141
99 111 55
160 95 118
95 143 158
160 47 181
160 144 56
95 204 63
106 86 199
159 202 199
111 151 55
95 48 112
160 60 57
160 169 78
106 161 199
160 125 89
94 205 189
117 33 77
95 68 164
96 47 56
126 26 194
160 204 102
95 179 85
111 72 55
95 92 127
95 133 116
140 103 199
160 183 161
160 170 189
112 33 181
95 53 132
140 171 55
160 185 66
160 94 98
95 119 155
140 214 55
138 154 200
131 83 55
160 161 98
160 138 103
150 136 199
121 174 199
160 224 78
95 171 123
95 64 189
137 63 199
95 113 134
95 211 101
150 33 71
160 226 136
133 226 107
118 33 125
106 226 140
160 134 71
96 32 164
111 226 75
95 105 189
95 124 99
140 33 155
148 33 185
145 226 188
142 134 55
95 177 163
115 126 199
111 219 55
136 43 55
160 84 157
96 226 183
95 129 73
160 102 63
160 100 177
160 76 125
160 63 170
96 48 199
95 92 75
155 204 55
149 33 130
149 33 101
95 85 161
160 224 154
147 71 55
109 33 141
160 108 130
95 148 192
144 226 71
151 42 199
95 198 154
95 147 105
95 183 185
98 162 55
160 189 128
95 106 96
160 42 142
95 33 99
148 190 199
95 187 102
160 155 69
119 73 199
119 193 199
160 166 127
115 226 199
110 226 113
160 151 182
95 147 143
112 56 55
139 116 55
160 115 149
160 141 131
95 29 184
141 29 199
160 61 89
122 97 199
111 41 199
148 75 199
160 71 189
160 221 185
127 33 102
160 224 116
94 226 98
143 214 199
95 156 91
101 27 72
130 33 68
95 191 73
149 156 55
128 226 142
111 133 55
95 141 177
95 209 167
160 205 182
95 95 110
95 72 84
160 166 153
98 31 114
95 210 127
160 35 158
160 58 143
95 120 189
96 32 149
160 210 87
113 116 55
160 91 75
97 67 55
160 42 116
112 26 60
160 121 178
160 64 71
160 109 95
160 198 165
131 202 55
93 226 147
160 126 120
95 53 81
123 226 168
95 145 69
115 33 92
96 172 199
93 226 132
129 226 184
122 159 199
160 41 90
95 76 198
95 162 162
131 185 199
134 137 199
128 187 55
145 33 168
95 53 168
110 188 55
160 126 197
123 114 199
159 180 199
147 85 55
160 90 133
160 136 144
108 226 166
124 141 55
160 117 68
94 78 71
145 226 98
129 106 55
154 26 60
95 220 67
95 47 95
95 174 71
132 226 155
160 62 110
95 81 107
160 97 162
147 226 56
95 212 79
153 226 174
95 103 66
150 117 199
95 74 130
160 190 105
143 58 55
123 55 199
155 102 199
153 165 199
97 195 199
95 121 123
150 181 55
160 176 176
126 28 55
105 95 55
160 28 185
99 212 199
95 198 140
96 96 199
95 160 133
95 179 150
160 151 164
127 33 153
140 226 133
160 190 146
149 33 86
95 84 144
97 149 55
160 174 97
108 226 127
121 161 55
95 125 86
95 57 145
160 129 168
126 226 79
95 37 65
107 145 199
160 71 157
118 84 55
160 26 129
95 117 66
160 214 64
105 36 55
153 49 55
149 226 160
149 226 84
95 132 151
95 139 127
160 197 116
160 193 80
122 212 55
101 124 55
160 37 78
102 226 88
95 161 113
160 91 187
156 214 199
153 109 55
160 210 136
95 107 158
133 33 128
160 59 186
95 60 109
95 183 120
95 173 176
127 211 199
106 172 55
95 150 168
100 195 55
95 133 186
160 40 192
95 36 197
148 38 55
95 93 186
124 226 95
123 226 116
121 33 170
158 192 55
145 92 199
145 33 144
160 162 112
95 115 168
100 212 55
95 62 177
145 226 202
95 209 114
160 139 119
147 202 199
160 38 103
160 78 69
160 140 195
160 76 94
95 172 138
107 33 168
149 33 116
104 226 60
96 112 199
160 159 85
160 41 168
160 48 65
95 215 157
95 100 86
123 72 55
115 31 192
95 167 82
160 199 91
106 70 199
95 216 90
160 90 87
95 103 122
160 173 67
104 226 153
131 223 54
95 216 176
160 125 101
160 124 156
160 152 106
160 198 135
160 117 80
151 226 109
133 33 189
154 134 55
154 95 55
160 215 106
149 150 199
160 39 127
126 129 199
95 111 147
95 92 174
160 86 109
95 84 118
101 122 199
160 219 128
95 162 194
95 51 70
95 41 171
95 133 164
153 26 161
160 149 151
100 226 108
160 27 73
129 94 55
160 167 139
124 33 113
95 198 106
160 191 197
160 226 165
95 199 128
160 136 90
122 84 199
160 52 171
148 145 55
95 59 156
109 97 199
160 178 129
95 135 100
119 226 54
160 26 102
95 202 74
95 102 134
160 106 118
95 122 112
160 67 99
124 48 55
106 226 188
95 83 81
138 226 63
95 148 82
160 155 130
134 226 121
143 54 199
102 31 89
110 174 199
160 71 57
95 115 179
160 84 143
95 42 123
160 103 105
160 145 173
159 75 199
95 176 110
95 78 153
160 65 135
126 37 199
110 105 55
95 62 124
95 43 136
160 211 160
95 71 99
109 198 199
138 182 55
160 159 190
95 190 90
95 188 156
95 152 152
160 178 56
95 205 178
106 33 128
96 62 199
104 33 189
152 217 55
105 226 176
115 226 85
126 33 84
132 94 199
119 33 144
118 226 138
160 65 120
160 61 154
108 46 55
95 79 171
95 95 157
136 165 199
131 166 55
160 53 116
152 32 152
160 210 114
160 104 153
160 90 171
95 220 193
160 36 67
160 47 199
95 75 60
153 26 80
160 181 189
95 183 173
95 169 63
160 172 161
95 202 96
95 96 98
122 33 183
109 135 199
105 143 55
95 172 92
160 179 85
129 105 199
160 126 146
130 147 199
95 121 141
160 157 59
160 37 178
160 98 128
160 216 95
113 226 63
113 152 199
107 85 55
123 221 200
160 198 189
95 54 187
153 26 95
160 51 87
133 33 165
95 85 134
95 52 122
160 111 179
124 116 55
123 151 55
154 226 144
160 148 95
95 193 186
134 143 55
160 166 178
159 226 88
95 74 188
94 150 132
95 185 196
160 71 176
140 113 199
160 91 65
136 126 55
133 72 55
120 33 63
160 116 119
150 171 55
160 81 186
95 41 146
153 226 67
128 69 199
117 183 199
140 33 78
144 205 55
134 53 55
160 170 106
160 181 75
139 33 64
95 138 77
160 75 166
99 31 139
150 27 192
95 42 103
160 192 156
160 156 173
154 226 127
95 58 59
97 154 199
101 226 74
108 33 65
104 33 79
136 226 193
96 100 55
95 38 156
102 221 200
103 32 177
160 198 63
103 32 155
95 114 90
120 61 55
160 35 136
160 198 176
95 52 102
160 141 66
118 226 108
160 87 123
160 216 149
107 63 55
153 28 122
108 33 116
160 180 152
113 226 146
148 125 55
95 220 139
160 130 80
95 180 129
147 127 199
136 33 106
95 191 147
154 226 192
139 33 136
160 145 140
123 202 199
133 54 199
160 215 75
160 170 88
151 67 199
160 79 114
151 33 176
95 42 74
122 194 55
95 72 177
95 103 105
160 91 151
132 35 55
120 226 70
140 79 55
160 145 111
139 226 182
160 133 112
95 138 144
95 174 190
160 101 192
95 220 124
151 226 135
153 26 136
105 49 200
94 161 123
95 84 189
151 173 199
95 156 102
140 226 162
95 193 64
123 46 199
95 62 134
160 188 113
160 85 96
160 206 192
160 49 189
160 98 89
160 100 71
95 129 129
133 226 97
141 33 177
95 115 101
140 183 199
144 162 199
95 150 183
108 163 55
133 33 96
124 33 94
138 226 79
95 188 112
95 141 199
124 226 193
95 140 135
96 85 199
116 26 199
95 169 168
95 160 171
95 63 85
95 177 100
160 148 190
95 106 181
160 117 128
160 43 151
95 160 64
95 226 174
96 26 197
119 183 55
130 174 55
107 202 55
160 202 81
160 111 62
120 108 55
95 112 124
107 33 97
132 28 199
95 216 110
151 63 55
160 165 70
160 57 67
160 116 136
119 33 134
130 226 129
160 127 187
160 75 134
139 161 55
150 197 55
95 152 112
104 54 55
104 226 98
116 226 190
101 203 199
151 84 199
95 158 82
160 226 107
95 38 186
93 226 156
95 68 155
130 174 199
116 141 55
115 117 199
118 135 199
160 133 131
160 183 170
142 42 199
102 74 55
95 187 80
160 117 199
160 220 194
160 33 146
95 88 152
95 32 75
104 181 55
95 91 64
139 226 113
95 145 96
160 104 138
95 202 162
139 65 55
131 226 73
133 193 55
127 33 122
113 226 173
160 154 78
160 159 158
147 226 168
160 181 102
134 33 149
95 217 147
160 127 66
160 48 135
111 33 84
117 126 55
95 191 132
103 32 105
99 104 199
160 170 199
95 32 173
160 66 199
150 33 63
111 219 199
95 207 150
95 53 178
136 211 199
144 46 55
160 58 81
160 68 79
160 58 162
137 91 55
117 33 117
116 65 199
156 35 199
160 141 75
95 154 161
160 109 71
160 60 177
95 182 68
160 222 67
160 185 138
154 26 179
153 26 109
96 173 55
138 26 192
159 26 155
95 135 64
139 221 200
104 26 59
160 226 179
131 219 199
154 225 54
93 224 90
97 26 65
95 195 178
120 105 199
95 130 108
160 157 149
160 208 167
95 185 164
148 33 161
95 35 57
140 78 199
148 105 199
148 226 181
95 78 91
102 220 55
95 123 78
116 226 164
126 226 150
134 226 147
142 139 199
95 94 119
160 132 154
130 214 55
130 226 174
95 124 182
95 75 161
104 169 199
141 150 55
119 33 100
115 210 55
95 143 62
147 33 94
160 217 139
95 165 95
160 203 157
160 149 62
108 26 192
95 139 107
160 219 177
160 129 58
95 210 68
95 128 193
112 82 199
160 124 76
144 33 108
121 226 177
95 47 86
130 226 164
160 119 170
160 108 144
115 226 120
121 122 199
95 129 92
160 36 111
115 168 55
104 226 120
95 193 98
95 93 90
110 33 73
99 31 123
95 68 108
131 158 199
160 43 73
104 33 147
95 127 59
93 223 105
152 32 141
95 155 140
95 219 184
110 226 55
95 136 172
95 87 102
96 189 55
95 165 140
95 70 66
130 28 63
106 226 80
95 97 165
112 50 199
141 70 199
160 206 63
95 209 89
95 54 89
160 117 96
99 203 55
111 180 55
141 85 199
160 59 98
160 82 194
132 193 199
127 226 87
132 75 199
106 115 55
104 132 55
160 128 176
152 226 117
95 38 90
150 181 199
160 97 81
95 43 162
137 105 55
149 117 55
95 170 116
95 209 134
126 33 130
127 134 55
123 226 102
143 33 121
126 56 55
160 94 110
160 198 123
140 195 199
95 58 117
140 226 153
160 71 87
140 132 199
160 219 84
154 145 199
160 105 185
160 111 86
95 193 162
95 168 156
158 212 55
116 169 199
160 168 118
111 189 199
153 51 199
95 113 190
95 216 165
160 83 165
129 61 199
153 94 199
159 30 55
94 102 74
160 29 193
95 201 171
139 225 54
105 154 199
138 146 199
160 97 170
148 30 55
149 163 55
95 107 86
126 33 76
95 121 131
160 121 192
160 31 123
95 141 185
160 51 95
95 216 59
160 30 96
160 52 56
95 50 63
151 221 200
158 135 199
118 27 55
95 145 150
153 30 170
95 47 189
95 69 196
95 68 91
145 26 62
160 27 65
95 67 77
93 226 64
95 64 149
95 133 178
93 225 71
95 111 69
107 115 199
100 226 127
95 60 165
160 31 165
160 92 141
95 104 151
160 189 73
160 78 154
124 87 55
160 109 158
160 146 102
113 141 199
160 172 170
116 203 199
106 128 199
95 39 110
124 181 199
160 133 97
119 219 55
95 192 124
160 159 123
137 208 55
95 123 149
153 208 199
160 212 185
95 50 142
160 205 95
160 198 99
107 226 67
112 90 199
144 226 106
95 102 113
121 226 185
124 80 55
160 87 181
95 107 141
141 35 55
160 107 173
160 201 109
160 64 146
160 197 143
95 213 189
148 36 199
160 43 81
126 38 55
95 132 82
115 158 55
95 143 168
127 226 122
160 191 173
