126 222 178
178 21 85
61 78 174
174 189 61
178 112 169
85 133 85
142 21 177
83 37 90
90 226 88
167 107 84
104 146 178
178 184 140
122 85 133
84 191 140
178 53 137
85 21 154
151 226 104
61 85 115
135 141 124
135 60 84
119 177 84
178 225 173
113 62 178
155 159 178
84 125 135
173 155 97
133 38 128
131 217 61
160 69 178
97 87 84
133 192 131
131 110 178
178 98 126
178 65 95
84 224 169
126 123 84
108 226 126
178 139 137
122 21 85
61 47 133
89 192 61
90 107 178
121 181 170
84 166 108
151 226 144
178 22 162
178 198 104
85 86 145
84 186 177
97 41 124
178 189 176
61 42 171
176 20 124
171 221 74
108 26 178
89 159 151
155 38 104
61 62 90
93 200 108
178 224 124
133 141 162
143 62 151
149 192 83
143 80 108
106 141 110
142 155 84
122 221 92
149 181 156
178 83 153
92 85 115
153 204 178
126 38 158
178 143 167
106 56 84
131 94 84
99 220 61
110 141 140
178 123 106
84 114 108
83 60 169
153 128 178
126 85 164
178 46 177
110 150 84
133 189 61
155 38 155
110 226 155
159 182 115
84 220 142
117 38 106
155 98 178
61 71 144
140 51 178
155 78 84
160 134 84
88 177 84
107 182 129
178 164 122
87 20 110
106 202 178
178 209 149
63 38 108
160 141 115
178 177 85
153 141 144
178 92 101
135 226 124
126 192 106
153 204 61
97 83 178
151 22 84
106 204 143
84 224 113
117 85 104
84 130 160
74 85 93
101 41 158
143 60 124
102 181 154
86 38 178
89 150 126
173 171 160
85 108 85
160 51 84
153 202 143
160 38 128
178 74 117
149 226 169
131 162 178
84 159 177
113 200 65
178 89 176
131 141 99
99 20 86
178 225 100
84 107 153
86 62 93
178 40 99
108 107 84
89 202 81
81 41 142
142 184 178
108 123 178
178 116 146
173 200 81
66 62 113
169 200 126
140 85 146
84 141 106
106 85 151
88 155 84
164 29 178
101 173 178
126 218 143
158 170 89
84 202 162
104 224 178
103 181 102
178 60 158
146 114 84
84 171 131
104 221 104
124 42 84
84 103 126
117 74 84
113 41 140
137 74 178
153 181 135
158 221 124
113 96 178
128 200 178
177 161 178
66 51 153
84 22 131
173 31 144
145 221 85
124 182 150
178 177 106
178 125 85
143 182 100
62 42 88
93 209 126
178 49 117
122 42 178
110 141 160
84 89 164
97 38 104
176 83 84
106 192 86
178 157 146
86 137 178
131 130 178
169 226 155
178 123 126
135 38 99
108 130 84
160 179 173
131 226 160
177 20 104
160 141 162
143 60 101
174 209 61
173 207 178
140 85 126
178 146 113
84 173 164
131 192 88
137 173 84
128 141 144
79 41 119
101 85 133
153 186 63
151 96 84
92 141 144
160 49 178
84 189 119
84 211 97
79 39 160
149 141 97
178 71 173
178 193 158
133 226 106
144 42 84
169 213 110
177 128 178
63 85 155
62 60 174
148 221 65
160 152 84
133 78 93
85 21 172
178 42 160
135 92 178
108 192 115
84 186 101
122 182 120
142 143 178
144 38 142
125 21 174
84 98 99
99 49 178
164 33 84
148 37 173
177 51 84
178 98 146
178 128 160
99 141 95
178 184 122
88 207 178
178 76 137
106 166 89
142 132 84
66 76 128
99 67 169
110 33 89
155 192 101
142 43 115
124 200 143
164 181 148
84 148 162
178 139 95
169 226 137
164 114 178
164 141 178
119 148 173
162 221 92
119 221 115
110 80 169
104 71 93
122 56 93
126 65 169
126 155 89
79 76 172
117 41 124
84 175 146
178 211 92
104 186 61
142 83 164
99 226 142
142 192 113
110 85 119
143 49 160
151 83 178
85 77 85
97 38 142
90 226 128
178 107 108
122 139 84
106 221 88
113 89 84
122 141 113
84 130 117
143 71 135
162 218 178
84 87 128
124 85 149
165 187 77
86 20 95
92 85 99
89 207 61
122 187 72
173 33 115
95 121 84
135 181 164
97 40 84
142 65 167
97 187 74
122 76 178
61 74 104
173 152 131
113 164 173
173 168 137
90 216 74
171 164 84
178 21 177
143 53 137
178 98 162
178 98 88
84 116 167
140 209 143
140 211 178
99 189 178
61 65 158
98 182 117
137 29 84
113 192 99
61 79 89
149 192 126
178 211 131
133 33 173
110 47 169
99 192 137
173 142 153
72 51 93
137 204 61
164 141 99
66 60 135
178 213 164
144 171 173
137 182 121
86 51 84
63 85 140
113 218 65
168 201 141
115 141 99
162 193 178
62 38 149
84 125 99
99 226 164
99 141 131
72 51 169
164 38 167
151 62 84
85 94 178
173 164 108
66 47 119
164 222 62
89 166 95
94 195 95
169 67 84
135 192 74
84 207 137
178 60 108
93 213 113
149 114 178
97 141 164
158 141 131
84 121 149
115 141 126
167 193 110
177 150 84
164 87 178
115 226 140
88 226 155
142 194 142
125 181 97
61 51 104
131 41 144
164 182 98
178 38 133
81 39 106
89 31 119
107 181 168
74 71 93
176 175 178
178 189 92
84 189 153
92 121 178
178 89 115
84 101 113
122 221 128
169 101 178
146 141 110
128 51 169
128 107 84
99 159 178
106 110 178
84 105 140
95 67 84
178 33 171
166 181 130
115 191 178
115 226 171
177 38 84
158 38 142
173 157 160
137 226 144
124 85 119
119 192 131
160 121 84
131 175 178
146 38 128
178 78 101
128 41 113
171 58 178
135 182 142
99 200 65
135 226 92
72 39 131
101 37 173
106 41 113
178 62 124
142 141 137
92 85 155
146 226 131
84 152 99
104 85 106
178 116 95
178 139 124
178 112 133
178 65 144
84 209 151
140 141 151
143 67 113
135 143 84
117 209 178
84 92 88
162 89 84
160 213 143
178 204 115
90 47 169
84 139 131
84 155 137
169 200 95
99 49 93
137 51 93
93 213 88
115 137 178
111 182 145
89 162 119
101 177 84
178 182 164
162 226 113
177 20 137
94 182 168
90 226 101
142 78 84
95 213 142
164 198 61
178 224 85
84 173 177
173 171 95
173 29 95
94 195 126
88 69 178
97 21 177
89 33 167
178 89 135
122 209 65
149 180 84
165 181 161
72 39 96
113 38 153
146 141 167
84 35 131
89 29 144
167 141 142
84 189 88
89 159 164
144 155 173
101 226 115
149 221 115
117 226 104
154 21 174
140 226 177
61 60 124
84 207 117
169 216 124
178 195 133
124 69 93
119 166 89
178 225 145
155 148 173
178 177 151
70 85 170
162 22 89
86 26 84
63 85 101
95 166 84
99 134 178
119 119 178
113 119 84
131 148 178
155 226 155
178 42 144
84 175 119
142 226 155
160 192 88
122 193 61
95 141 119
90 41 153
146 166 89
92 143 84
97 103 84
113 177 178
169 211 83
117 44 94
167 226 169
84 103 169
176 146 178
113 182 158
65 39 160
84 148 149
70 67 169
88 53 178
167 159 173
84 114 95
84 94 153
133 62 178
167 38 97
61 76 162
178 110 85
131 71 84
110 216 143
84 134 149
89 182 134
132 182 106
119 80 93
158 192 135
176 226 113
140 38 158
172 195 70
122 62 84
178 198 146
101 94 178
140 195 178
84 139 95
92 74 93
178 202 167
84 128 171
146 141 126
84 116 119
84 155 110
108 192 74
122 141 158
178 125 137
158 38 117
178 110 122
119 192 117
143 71 99
178 53 97
178 114 158
178 130 149
124 87 178
126 189 178
143 51 149
106 83 94
178 134 108
149 71 178
95 85 167
162 211 65
139 186 83
169 40 178
91 146 173
144 192 97
92 224 178
142 105 178
178 105 97
77 40 172
99 211 178
106 58 169
178 83 126
111 21 85
122 53 178
178 22 151
169 213 99
128 85 104
117 51 84
142 103 84
140 121 178
146 143 84
124 38 135
135 116 84
135 141 113
89 175 101
119 107 178
153 58 178
119 98 84
104 141 84
104 141 149
119 192 90
164 125 178
128 211 178
162 226 146
146 38 97
84 216 160
178 53 167
122 226 153
126 98 178
61 74 115
104 38 133
160 192 119
115 85 142
101 192 106
178 177 131
149 218 178
167 141 124
143 74 158
178 80 167
155 107 84
142 89 84
144 53 84
178 71 153
89 166 140
173 175 117
133 85 155
133 85 137
143 194 66
178 195 122
113 195 143
128 83 84
101 157 84
104 209 61
167 175 84
176 137 84
128 33 89
155 221 135
151 181 167
155 171 178
84 218 124
72 41 149
84 200 92
61 62 101
108 181 92
84 87 106
86 83 178
89 29 101
143 53 113
153 192 72
173 31 155
84 184 164
131 76 169
178 225 161
169 143 89
128 224 84
146 182 145
171 78 178
89 31 155
108 192 131
153 186 178
61 58 146
106 41 97
173 31 126
95 193 84
133 42 167
133 162 84
115 38 164
99 226 95
149 216 143
167 38 149
158 143 89
97 181 141
128 44 94
176 116 178
155 226 86
142 182 131
101 76 84
108 60 93
90 202 70
97 62 93
84 204 106
89 221 65
169 211 137
89 171 155
117 56 169
97 62 178
173 218 178
133 49 84
65 74 153
135 67 93
146 31 89
110 155 178
99 221 124
137 181 152
135 221 135
115 226 86
88 47 93
122 31 173
178 101 173
84 198 128
110 85 178
84 123 88
178 200 90
92 168 173
174 189 83
110 42 84
162 226 101
173 146 104
128 173 89
133 221 115
66 43 140
115 186 65
95 31 178
170 182 172
117 182 131
169 181 109
174 219 65
124 141 135
84 198 149
162 141 151
122 159 173
95 56 169
122 41 149
173 155 113
178 130 117
92 41 115
167 226 122
133 192 117
119 33 84
151 125 84
178 40 122
95 141 104
178 186 110
178 132 169
149 47 178
110 65 84
155 42 84
169 204 104
151 141 158
143 71 122
146 94 178
108 53 178
84 195 110
178 49 128
178 71 128
84 116 140
84 180 110
178 103 137
108 71 178
113 35 178
178 218 153
97 192 115
178 152 171
128 141 171
149 29 178
164 171 173
84 168 86
91 142 154
142 21 88
171 38 106
126 226 169
143 49 101
173 148 144
88 74 169
140 141 92
61 39 98
85 219 85
74 60 90
84 89 117
158 35 173
178 173 169
84 216 108
178 216 108
84 216 173
84 195 173
61 39 122
93 204 135
97 51 84
124 181 160
84 139 169
127 182 136
61 47 162
108 216 178
172 207 74
158 38 92
126 226 137
140 56 169
92 181 155
108 38 124
64 84 124
133 181 92
85 21 140
117 85 155
84 96 133
137 226 167
178 49 153
61 58 164
144 226 97
140 141 104
93 209 97
131 80 178
95 85 126
167 38 122
84 148 117
167 128 84
84 116 177
92 182 178
95 200 178
178 116 115
119 71 169
106 96 84
153 159 84
104 38 149
124 168 178
133 44 178
95 85 140
84 146 88
84 180 92
167 141 169
144 213 61
70 39 115
152 182 102
167 221 84
169 38 135
66 69 122
101 85 160
178 22 115
162 186 66
113 184 84
84 31 110
143 47 128
108 141 171
178 162 92
115 159 84
113 173 89
169 47 84
178 162 167
133 198 65
162 152 178
126 221 101
104 221 135
142 226 110
113 221 97
128 187 79
84 35 149
90 186 68
143 76 146
89 22 162
131 22 89
86 20 122
172 182 93
105 182 112
151 221 92
115 20 176
178 71 108
178 213 117
124 65 178
93 202 117
95 134 84
178 213 140
126 41 122
90 226 146
158 107 178
151 195 178
178 189 149
95 31 84
167 58 84
155 139 178
84 101 160
117 110 84
95 38 95
146 38 151
160 98 84
61 71 95
160 65 84
173 150 122
108 69 169
173 166 146
117 192 81
178 92 155
113 141 151
151 195 61
119 41 115
119 148 84
84 128 108
135 38 84
169 141 113
133 192 97
122 209 143
101 85 117
104 116 84
113 141 117
178 125 97
137 85 101
169 202 117
113 85 128
84 123 126
178 87 144
178 89 92
99 103 178
110 44 178
61 67 167
61 69 135
162 162 84
104 192 97
61 53 113
178 105 155
119 130 84
151 192 110
126 41 104
178 62 135
128 121 178
128 226 146
167 193 133
178 47 108
117 226 162
169 67 178
171 198 178
143 80 137
124 141 124
110 226 117
178 98 113
164 204 178
101 226 151
95 212 66
137 38 108
140 74 169
133 134 84
133 193 140
94 220 81
61 49 144
171 134 178
178 67 85
169 155 89
155 218 61
169 20 177
92 38 133
153 226 177
85 29 178
90 193 77
164 192 97
146 182 123
144 182 109
142 134 178
119 128 178
140 162 178
178 164 131
89 162 128
135 192 106
138 221 64
117 200 178
178 189 101
178 139 146
62 51 174
62 51 88
85 68 85
143 62 142
101 141 140
84 139 122
90 226 119
151 87 84
113 209 61
113 141 84
95 112 84
177 20 95
84 134 140
84 195 101
142 69 84
178 62 167
119 80 169
178 202 158
99 47 169
169 76 84
155 33 84
84 207 128
133 85 119
178 195 113
119 141 144
90 226 137
122 89 84
122 218 65
117 85 113
115 69 93
124 137 178
167 141 133
142 83 178
178 71 164
99 71 178
174 198 61
142 83 155
89 31 92
178 64 178
79 44 94
92 152 178
156 181 145
142 186 62
156 182 127
86 83 94
133 24 173
142 80 95
66 47 97
79 85 171
95 220 106
94 218 131
97 38 164
79 67 172
137 41 135
133 41 153
142 192 133
155 186 83
149 38 117
95 40 178
177 209 84
66 76 137
89 148 140
89 148 108
108 49 93
84 166 149
146 202 65
137 141 171
142 221 122
128 207 61
173 26 169
178 150 158
