141 130 82
81 140 243
246 137 163
32 130 134
174 140 241
122 117 168
127 123 10
184 122 135
127 187 230
80 112 93
127 128 220
119 139 125
77 125 136
125 103 49
149 102 123
175 110 91
128 142 45
105 102 122
222 129 134
9 137 162
128 159 206
111 124 95
140 132 147
138 133 190
164 126 114
114 125 66
127 159 235
101 138 222
153 138 220
91 126 113
126 113 134
134 117 106
56 128 120
128 142 168
128 136 246
137 120 33
130 142 101
114 132 149
160 119 138
54 127 143
138 121 60
116 132 185
202 127 121
100 121 135
115 123 42
212 126 155
140 131 123
121 141 80
126 114 80
121 139 203
123 136 26
28 131 155
157 124 94
240 132 144
116 121 115
134 140 65
140 126 170
92 115 79
185 126 112
154 138 240
122 121 201
126 146 220
133 116 152
114 137 235
127 174 217
162 115 79
73 126 110
12 132 145
200 128 141
127 142 140
129 119 185
138 137 231
170 111 108
142 119 135
87 109 109
140 115 90
121 119 25
138 137 211
97 139 238
114 131 166
140 131 47
153 118 122
141 130 98
95 122 97
115 135 53
117 138 109
114 124 130
118 117 149
124 113 96
136 114 121
127 144 191
122 117 55
226 130 150
87 118 126
114 128 80
170 123 127
136 135 34
131 142 117
42 125 152
46 130 131
127 174 235
103 120 121
151 119 107
114 136 216
134 129 21
118 139 93
124 142 154
93 109 94
119 139 65
69 127 125
127 115 42
138 136 161
133 141 87
162 108 93
104 125 107
117 137 38
137 138 177
135 127 202
137 119 74
164 140 231
138 137 135
127 132 234
140 134 111
168 125 102
128 161 221
86 139 231
114 116 86
189 128 124
116 136 136
86 122 89
82 108 80
126 115 66
97 110 128
84 124 103
127 147 232
141 130 69
114 116 103
122 113 122
65 127 138
212 126 140
121 140 177
169 105 81
236 131 156
134 118 164
116 124 176
134 139 200
169 122 90
144 123 115
158 107 128
24 130 144
140 125 157
116 121 159
115 116 138
209 130 129
127 187 241
124 113 110
137 119 47
127 142 57
120 123 190
42 126 140
87 121 138
117 132 196
134 140 76
116 128 30
114 131 118
131 118 19
176 123 118
122 138 225
137 124 181
129 148 209
136 139 53
78 123 119
147 123 89
129 142 128
56 126 132
127 152 199
132 138 221
121 129 211
117 119 74
167 115 117
231 132 139
120 128 20
164 115 101
140 122 145
114 124 52
18 132 154
127 140 34
135 140 151
125 115 158
174 114 80
141 131 58
134 114 141
114 129 106
150 137 230
111 136 226
130 117 174
129 121 194
193 126 133
143 118 101
142 136 222
92 106 84
83 118 80
128 116 31
159 125 104
135 114 131
133 127 212
126 139 212
120 140 162
152 120 132
114 124 143
65 126 116
85 107 100
127 168 228
161 124 123
139 135 90
113 118 123
96 123 127
246 133 155
87 116 117
34 131 143
141 122 127
104 137 231
136 138 43
131 116 57
173 114 100
161 117 89
126 142 72
175 124 109
96 121 107
120 118 35
220 131 143
125 142 110
175 125 135
134 117 83
120 140 146
128 154 226
115 135 72
130 142 182
86 105 90
114 132 88
91 115 100
140 128 39
132 113 97
82 125 127
169 106 97
127 165 213
125 115 144
120 140 189
141 128 133
141 125 106
103 122 92
106 113 125
181 124 127
128 178 228
136 124 189
118 113 130
136 139 124
108 119 112
155 125 114
207 128 147
82 126 112
114 132 98
165 139 241
123 118 178
128 130 15
132 136 27
93 117 91
82 116 100
134 117 66
89 139 240
127 139 238
9 132 155
148 125 101
97 113 120
121 141 50
93 139 227
137 138 102
119 118 64
123 116 88
114 133 63
133 113 114
139 127 30
126 155 216
127 124 207
168 120 136
135 140 142
108 119 134
157 111 121
122 141 132
200 129 130
160 118 128
70 123 143
120 140 101
118 129 203
115 124 152
123 120 16
117 120 93
139 122 95
167 118 108
125 142 90
102 121 100
115 133 129
141 122 83
150 111 125
100 124 115
116 122 168
137 137 169
132 134 228
134 141 110
143 137 238
131 142 159
134 140 188
86 119 110
126 144 200
116 136 157
69 122 134
139 132 182
109 122 87
185 124 143
118 138 117
94 119 140
132 114 89
192 127 117
136 122 25
97 103 124
140 125 53
139 123 67
182 127 119
119 118 46
138 137 82
218 129 151
233 131 147
49 129 138
159 138 227
114 129 38
167 105 88
114 128 136
157 102 123
118 113 116
124 131 227
114 129 157
49 127 124
35 130 152
162 107 82
166 120 83
115 134 45
128 113 127
121 116 103
117 137 172
140 132 155
63 128 131
174 117 87
137 133 198
127 110 47
107 138 217
87 125 122
129 140 228
39 129 130
138 136 118
131 116 49
124 142 120
132 141 135
205 127 135
246 129 161
127 167 236
141 129 163
128 181 236
160 121 110
94 120 120
129 142 80
129 138 205
135 140 96
126 142 64
144 119 121
121 137 217
45 128 146
88 123 97
93 120 132
80 115 87
127 142 175
128 113 103
98 117 127
139 136 74
130 116 74
117 114 97
115 124 101
151 119 115
146 137 216
138 121 112
113 125 123
127 134 21
132 124 14
134 131 218
121 140 43
114 132 142
114 127 58
115 131 177
104 120 128
137 119 158
127 113 116
141 128 142
91 125 103
118 139 59
120 137 210
140 116 116
141 128 91
136 134 204
151 105 129
120 140 73
122 141 195
103 107 127
168 126 108
170 119 96
168 117 123
139 132 174
136 120 172
117 121 107
166 109 103
134 117 39
115 115 110
191 126 140
144 118 110
119 115 81
118 123 183
129 142 147
195 125 127
122 137 233
137 120 140
114 128 46
140 125 77
118 138 85
162 124 98
138 137 60
116 136 78
117 122 30
155 121 101
86 123 132
169 121 114
171 140 233
124 116 151
81 108 86
83 141 237
136 119 99
167 125 119
187 127 131
114 132 112
121 131 218
107 123 116
137 119 53
139 122 151
74 124 128
59 126 126
139 123 164
120 140 140
240 133 151
141 128 117
128 168 221
113 128 72
130 123 201
38 131 137
30 130 148
159 139 235
123 116 73
128 116 24
135 125 196
149 124 110
216 129 130
129 103 44
115 122 83
87 111 82
131 137 234
95 113 84
141 116 127
145 125 95
119 118 142
14 132 160
116 122 136
140 132 104
114 126 89
95 121 114
97 125 103
213 130 136
120 136 32
137 116 147
131 140 216
138 121 41
139 135 142
126 142 97
119 125 196
139 134 129
126 153 205
155 123 125
133 140 209
164 124 129
121 117 136
122 141 170
139 114 109
132 141 59
88 120 82
161 114 95
133 140 38
115 128 171
117 135 190
138 136 217
108 120 97
125 120 190
19 133 146
123 116 61
117 126 25
128 116 165
107 138 237
28 132 140
145 119 130
131 142 51
72 127 116
88 119 104
126 143 207
172 126 123
119 139 152
133 141 165
91 109 100
150 121 97
174 116 93
84 122 118
133 120 181
139 136 66
118 137 182
123 127 14
39 129 147
146 138 226
97 138 232
140 115 97
127 121 42
136 131 26
157 113 127
125 116 37
126 140 221
132 116 136
114 118 130
138 114 137
137 136 226
117 128 190
140 124 46
125 116 50
110 125 104
109 118 106
215 130 145
166 112 82
83 118 95
59 126 138
125 142 104
174 108 84
140 125 121
136 113 103
102 119 107
128 156 211
140 127 149
139 133 39
166 111 111
125 142 161
118 135 201
128 112 148
100 107 122
113 119 97
128 133 239
136 139 183
120 131 25
140 124 101
131 131 223
199 126 135
122 141 183
126 174 223
141 129 111
116 136 223
116 114 91
127 182 224
136 119 132
240 132 160
114 116 117
130 113 108
117 137 166
128 161 227
133 118 28
136 132 209
116 138 229
131 142 196
90 113 106
148 122 125
23 132 151
128 147 203
114 127 162
119 118 41
114 126 115
114 130 51
65 128 121
149 107 121
119 119 164
131 113 122
115 122 61
132 121 189
205 127 141
105 139 226
129 148 215
141 128 64
157 122 131
109 122 123
175 124 129
207 128 124
140 135 55
120 118 158
116 136 121
140 116 85
136 137 194
116 136 145
224 131 139
119 120 174
229 130 144
146 115 125
123 122 194
84 114 107
123 116 129
169 118 79
132 125 206
163 109 98
70 124 120
154 107 123
136 118 91
160 113 83
87 105 81
181 126 132
117 138 131
115 124 36
144 138 231
134 140 130
131 114 79
139 118 80
121 117 112
99 125 108
153 139 226
149 138 237
106 108 122
127 147 195
51 129 132
139 129 178
83 107 95
128 173 230
230 131 154
128 126 215
44 128 136
81 125 133
179 124 111
122 140 38
141 123 89
196 128 122
119 113 108
141 124 138
139 128 186
121 141 56
89 114 111
126 142 85
148 123 118
117 121 88
127 153 231
141 131 76
125 117 173
115 135 162
136 139 71
117 119 154
104 119 114
117 120 68
90 124 126
88 120 121
140 131 168
156 120 119
92 140 236
118 119 99
128 119 47
123 141 126
161 126 109
128 115 85
166 119 101
77 124 113
151 125 106
131 142 123
138 136 50
114 131 67
77 125 107
90 119 95
133 141 171
114 132 83
175 126 114
9 132 150
116 133 34
123 116 31
128 118 180
134 117 128
159 139 241
115 134 106
128 156 221
130 142 153
111 136 220
103 125 97
88 109 104
131 116 156
138 137 154
138 129 193
126 113 91
128 161 211
148 119 102
122 125 205
186 126 137
125 138 30
125 117 21
122 120 183
117 120 55
128 114 140
139 136 97
118 132 208
131 138 31
165 119 93
122 116 93
121 141 157
126 145 213
137 138 148
102 113 122
81 113 79
90 122 108
129 142 68
99 123 123
244 132 147
118 137 196
162 118 84
81 111 99
127 141 39
173 109 98
140 123 132
120 122 19
93 125 121
170 115 105
131 142 106
166 125 125
172 124 104
135 121 185
9 130 160
124 142 145
116 136 101
127 164 231
121 141 115
70 126 139
115 121 147
68 126 112
121 114 140
116 114 121
145 120 93
166 140 236
122 132 223
135 139 48
165 122 106
172 106 92
138 121 104
138 136 186
161 119 123
153 139 233
135 118 114
54 129 127
127 149 224
53 127 136
83 119 86
113 129 95
139 131 34
110 123 112
126 142 50
132 133 23
179 124 122
128 120 13
130 116 35
140 133 63
114 130 123
69 127 130
90 106 88
114 125 108
127 142 133
121 141 108
140 116 104
156 103 128
167 120 131
138 122 176
124 131 20
140 116 132
82 126 121
109 121 128
153 123 121
99 122 130
203 128 145
164 123 135
130 116 145
109 119 118
210 127 134
106 102 127
171 122 119
127 146 153
148 120 134
115 135 93
41 125 146
164 122 119
94 113 96
113 128 101
127 143 186
115 119 78
64 125 125
128 115 53
115 132 172
131 116 62
213 125 145
101 137 228
110 120 93
170 114 111
125 122 199
114 126 76
100 103 128
157 120 115
122 142 69
94 119 128
218 128 136
114 129 131
133 117 45
126 139 202
134 122 19
186 124 123
78 126 125
157 116 123
123 142 166
22 131 140
120 140 89
120 133 214
114 119 143
107 125 99
128 169 215
141 129 127
101 139 235
90 123 135
115 134 58
94 109 88
118 119 83
122 142 94
171 110 102
140 132 94
151 121 93
122 141 61
124 142 137
15 133 149
136 139 89
164 112 105
135 139 160
133 140 205
234 132 143
45 129 140
140 126 60
88 126 110
128 131 230
142 136 215
130 142 201
117 137 177
129 115 151
118 133 30
163 121 114
127 140 234
130 116 93
136 137 38
172 118 82
139 122 72
148 137 220
128 177 232
119 139 47
130 142 94
86 120 114
133 141 178
162 122 102
192 128 129
125 142 77
43 129 127
125 115 106
139 137 237
135 140 114
137 122 29
119 118 132
108 117 125
133 117 102
88 106 97
128 140 193
124 126 211
116 137 67
61 127 142
130 117 170
117 120 50
134 140 81
100 120 117
127 178 221
135 134 214
118 114 86
140 126 85
118 139 54
222 130 147
139 135 86
137 120 167
126 138 243
86 116 83
119 121 179
170 123 132
116 126 181
188 125 116
127 143 224
93 117 84
140 116 121
171 111 83
123 140 208
135 114 86
147 125 106
114 128 152
102 116 126
127 115 98
130 131 19
138 136 106
92 124 99
205 127 131
128 169 232
114 122 119
80 116 91
66 127 134
61 126 117
127 157 229
139 135 124
134 140 103
202 127 127
116 136 151
163 106 88
136 114 93
159 119 133
137 129 198
142 123 111
168 126 113
137 127 25
114 116 133
39 130 143
137 119 63
127 184 232
101 111 126
187 125 128
82 123 107
73 124 123
175 112 84
111 119 101
123 114 84
141 131 136
83 112 83
122 141 84
195 127 140
128 165 217
125 140 230
119 118 58
140 131 88
156 138 223
157 139 231
139 126 34
134 117 78
246 135 159
141 129 54
117 137 233
139 135 151
138 114 114
97 112 125
119 139 135
117 121 38
113 118 113
140 132 159
182 124 116
129 116 131
129 102 49
115 135 116
168 123 95
120 139 199
163 139 227
114 126 148
130 115 68
42 130 133
135 118 57
91 125 117
117 120 128
139 135 165
168 119 118
136 118 69
122 117 162
135 140 138
125 115 57
128 144 217
140 131 43
116 137 63
132 141 45
126 113 121
133 113 126
85 123 127
145 119 115
114 132 78
70 123 128
137 120 86
121 117 67
130 142 73
128 114 47
94 113 92
172 107 88
139 116 141
127 177 238
153 114 122
117 138 141
122 134 228
139 135 179
120 116 76
114 131 56
137 138 165
240 133 155
112 119 135
124 116 44
134 141 147
92 138 231
