57 26 89
-59 -51 -97
57 63 -73
-59 -53 49
57 -65 -24
-58 63 -11
-58 48 96
33 -66 74
-29 37 -94
29 63 12
36 -20 -94
-26 -66 -24
-12 -10 93
57 -8 21
-53 -3 -41
-53 14 33
1 63 72
57 5 -41
-1 63 -43
-1 -66 -79
-3 -66 29
-20 -65 83
56 -66 -77
-21 -15 -94
-48 63 48
57 -58 27
-59 -29 95
57 -25 95
-59 63 -62
21 29 -94
57 63 54
-53 -27 4
57 56 -26
-59 -50 -52
-18 63 14
-59 5 -92
16 -66 -39
12 26 93
-53 9 78
37 63 93
57 33 10
57 14 -83
1 63 -83
-43 -66 14
57 -35 -52
-53 24 -9
18 -35 93
24 -66 1
57 -1 61
57 -25 -13
-24 33 93
57 -41 61
-53 -18 52
-54 63 -97
-53 29 -56
-37 -66 -73
-58 -53 -18
33 63 -49
29 -53 -94
57 31 44
33 62 -97
31 -1 93
24 63 46
-53 46 16
-53 -22 -69
-31 63 80
-24 -48 -97
-35 63 -35
5 63 -11
27 -66 42
-29 -66 48
57 7 -9
7 0 -94
-24 63 -64
57 33 -56
-29 -37 93
56 41 -97
-53 37 63
57 -41 -97
-48 -54 77
-5 -66 -3
57 63 22
-18 63 44
57 -14 -73
50 -53 96
-59 35 -92
5 -66 65
44 -66 -49
-16 -66 -54
-56 -22 -97
-53 1 8
57 -48 1
-53 -29 -30
-59 63 74
-24 63 -94
5 -40 -94
-53 -35 29
57 -33 35
-53 43 -32
27 -66 -71
-6 24 -94
5 63 27
57 52 78
35 63 -13
10 60 96
54 -66 52
-5 -48 96
-22 63 -11
57 29 -30
-37 -8 93
57 1 86
-29 12 -94
24 63 -73
34 8 -94
-41 -66 -47
-59 41 40
-53 -5 -15
37 39 93
57 62 -3
56 -8 -97
-39 63 25
57 60 -49
35 63 67
-59 5 55
-53 -14 76
-14 57 96
-59 24 96
-53 1 -69
56 -66 76
7 3 93
-53 18 -32
-59 -53 -74
-59 -50 10
57 -44 -73
31 -66 -22
57 16 25
-59 -3 96
57 -44 -28
37 -66 21
-18 12 93
4 44 -94
18 63 -32
-53 -10 27
57 33 67
57 -27 10
-53 -37 63
12 -55 84
-22 -66 18
46 -66 -3
-59 63 -39
-43 63 -77
3 63 50
-53 24 14
57 -16 -39
-41 63 4
-3 -66 -24
-41 -66 -7
57 35 -77
-58 -50 96
57 -20 74
54 63 -97
-46 -65 36
57 -14 44
57 37 -11
7 -66 -60
29 -53 96
-53 46 -75
37 -27 93
-53 20 -75
31 20 93
-5 39 93
-38 -30 -94
7 63 -62
7 -18 93
57 62 96
-46 -64 59
39 63 31
-59 63 27
-53 46 -5
-41 59 96
-41 -53 -87
-7 -66 48
57 43 29
-18 63 65
1 63 8
-16 63 -30
57 14 -60
-57 -29 -49
57 -39 82
12 -18 -94
-39 12 93
18 -66 23
-22 -64 -85
45 24 -94
57 -10 2
-53 22 50
-53 -37 -83
-45 -66 -26
-41 63 -56
-11 6 -94
14 63 -97
57 -56 -58
-59 -53 30
33 44 -94
41 63 -32
25 -35 -94
-59 60 8
57 -5 -24
-18 -66 63
57 5 40
14 -66 -13
57 -50 44
-43 37 93
-43 -2 -94
-53 -35 -13
-24 -66 -1
57 -8 -56
57 14 74
14 -56 -85
-37 -53 95
-7 -53 -90
45 -55 -86
57 43 96
-41 63 -18
-56 -46 -35
57 -27 -88
57 46 55
-7 -31 93
-53 -12 -83
18 63 76
-43 63 65
44 -66 38
-53 48 -49
37 -66 57
-53 12 -52
18 46 93
-53 29 80
-47 -56 -62
-14 50 -94
41 63 -81
-44 50 -94
57 9 8
3 -66 12
46 -12 93
-1 -66 -41
-22 63 -47
-33 -66 72
-3 -65 83
27 -66 -54
10 -66 42
-53 -35 46
-53 -37 80
24 -6 -94
57 -61 -41
-11 -35 -94
-58 63 91
56 -66 12
-59 60 -81
-39 -25 93
57 41 -41
-53 -12 -56
57 18 55
57 48 -66
40 -41 -94
-53 -39 -62
57 52 10
-4 -16 -94
-58 57 59
22 63 27
57 22 -3
-18 -66 35
-18 63 -79
57 -44 21
57 -29 -66
20 -66 57
16 63 1
41 63 1
39 63 -64
-3 20 93
-26 -66 -41
57 50 -83
24 -16 93
9 17 -94
-56 20 -97
-53 50 80
-20 -53 93
-53 -1 42
41 63 50
57 60 38
52 14 96
57 14 -26
57 20 -45
57 -27 57
41 -66 -66
-53 29 29
50 7 -95
-16 -66 -71
-31 63 52
39 -66 -35
-24 -18 93
16 63 -49
-53 7 -7
-53 -22 18
57 -52 -15
57 1 -69
-10 63 31
46 63 80
-7 63 -97
-50 -53 -5
-53 35 -20
57 -22 25
-31 -66 -58
-53 -20 38
-7 63 -60
57 -31 -37
20 63 -15
16 63 61
-53 -20 -18
-12 63 -1
39 -41 93
-46 63 82
-46 -39 93
-59 -50 67
-1 63 -28
-53 22 65
-16 63 80
42 -5 -94
-24 48 93
-1 63 86
50 63 -15
-59 57 -25
31 -64 -85
-53 54 38
57 -56 63
-39 63 -96
57 63 69
44 63 16
18 -66 78
46 -58 83
-35 -66 27
-59 50 -91
-31 63 38
-53 -14 -3
44 26 93
-53 5 -26
-41 -65 83
-47 -56 -39
9 -47 96
-45 35 -94
-56 -16 89
-44 12 -94
-48 -54 20
16 -48 -97
22 51 -94
25 57 95
44 54 -94
-59 -9 -97
-14 35 -94
57 29 -90
-59 12 91
-53 46 52
-53 35 6
18 12 93
-12 -66 10
-53 9 18
12 63 40
-53 1 67
57 -35 -5
-14 -66 -32
57 -46 -43
-53 -12 -28
-18 -66 -13
16 63 -83
-23 -29 -94
-43 -17 -94
57 -38 96
-31 -56 83
57 -5 74
44 3 93
57 52 -13
-53 -39 16
-53 -27 72
-53 33 -69
-10 63 55
12 -66 -75
31 63 80
57 37 80
57 31 25
-46 63 -43
57 -37 48
8 31 -94
21 10 -94
57 -14 86
-58 37 -43
48 52 93
-1 52 93
-5 5 93
49 -19 -95
57 -65 40
-50 63 16
-47 -44 -95
-29 51 -94
12 -66 -26
-31 63 12
-31 63 -81
5 -33 93
4 -53 -97
-5 -66 -62
57 -20 -54
-53 -39 2
57 -14 59
57 -12 -11
57 -65 -9
-18 22 -94
-53 7 -81
-58 -35 -97
57 -52 82
44 -66 -22
57 41 -28
-53 46 -62
57 1 -83
-27 63 25
57 18 42
29 63 -86
-59 -48 82
-29 60 96
-53 -25 -85
-53 -20 -41
57 -52 -83
-48 -54 41
-59 -29 55
-53 43 29
48 -52 -97
44 -66 -79
27 -58 83
-12 -56 83
57 20 -15
57 3 27
-53 18 -20
-29 63 -22
27 63 -60
-37 26 93
24 35 93
29 -66 -41
57 -31 -24
16 63 16
18 -3 93
57 20 -71
-53 -10 14
57 43 -1
-12 -66 74
1 -8 93
-53 14 4
-12 63 -18
-5 63 18
57 -18 -24
48 -66 63
29 63 -3
39 -66 8
31 -66 -9
-7 63 -73
34 31 -94
-53 50 -18
52 63 -62
0 -29 -94
-48 -54 7
-48 -54 -25
-46 63 35
46 63 -52
-50 63 -30
-50 -53 59
-53 -41 -24
29 20 -94
-53 50 67
-31 63 -3
-53 -8 59
12 -66 4
-33 -66 8
-26 3 93
-28 -6 -94
-53 29 -83
29 63 -24
-29 18 93
-46 -64 72
-35 -66 -32
50 -31 -96
52 63 8
-59 7 -41
57 -54 14
-53 31 42
-59 38 90
15 40 -94
54 -66 -64
-48 -1 93
57 63 84
35 52 93
56 -5 96
57 -39 -86
-56 -46 40
3 58 -97
-38 22 -94
-37 -50 -97
56 20 -97
48 63 61
-50 18 93
-24 -53 -87
-16 -5 -94
57 -56 -71
54 63 -86
54 63 -39
45 39 -94
-37 63 -66
57 20 12
-53 16 -64
-1 63 40
7 37 93
57 -31 67
57 -12 31
31 -66 31
-20 -29 93
-53 31 -30
48 -66 25
-18 -41 93
3 -66 52
-53 9 46
57 -20 -3
7 16 93
57 -48 72
-53 -33 -73
57 50 44
-33 -66 59
57 -46 33
-59 63 46
-1 -53 86
48 -31 93
-59 57 -51
-53 -37 -41
-59 -52 -86
-41 -66 -62
-48 -53 91
-46 -64 -79
-33 -61 -85
-59 39 -55
-53 41 -85
39 -53 91
-59 -47 -7
-46 -61 -15
-2 12 -94
57 -56 -30
-46 -64 25
-58 -53 -62
-56 57 -71
-43 -66 48
-56 57 -3
-4 -4 -94
52 33 96
12 -29 -94
-14 -46 -96
-48 50 93
-53 1 -54
-59 -29 40
3 -55 -86
57 -46 -60
31 63 -39
57 -16 -83
22 -66 67
-33 -66 38
-35 50 93
-53 20 -43
27 63 57
57 43 65
-53 -25 82
-53 35 -7
57 -3 50
10 -66 -49
5 63 -73
57 -5 -37
57 -58 4
57 -25 46
57 -29 84
20 -66 12
57 -37 6
-53 1 29
-12 -66 -81
-18 -66 50
-43 63 -7
57 24 76
-12 -66 -43
-12 63 -45
-53 -3 -5
57 31 -43
57 50 -56
57 3 -52
-3 -66 -52
57 31 -66
20 -66 -83
-53 18 -85
-58 57 18
-59 -39 93
18 -53 93
-53 -44 55
22 -20 -94
-26 -66 -75
-33 39 93
57 -41 -15
-14 -20 93
-53 35 21
-1 -66 40
10 63 -39
-53 14 57
57 12 63
-14 33 93
37 12 93
-33 63 65
-31 63 -54
10 -66 31
57 -29 -77
-53 37 74
50 -66 -35
44 -66 74
-24 -8 93
-48 -54 31
18 -25 93
56 52 -97
3 63 61
7 -65 83
57 12 86
-5 -66 65
-7 -66 -13
-53 24 2
-53 -1 78
-5 63 -9
10 63 -26
57 1 14
-50 63 -86
57 -16 14
57 -50 55
57 54 61
37 -66 46
18 -66 -64
-33 -66 -15
-12 -66 21
5 -66 -5
57 50 21
57 5 -20
57 1 -1
-7 63 65
14 63 50
-43 -66 4
33 63 40
31 -35 93
-13 -22 -94
-22 4 -94
12 63 86
-59 -47 21
57 52 89
-50 -53 -79
-45 -66 -37
57 -64 -52
-12 48 93
7 -64 -85
50 63 31
50 63 44
-49 -32 -95
-3 62 96
57 54 -37
-50 -53 -49
-59 7 38
-53 52 -83
-53 54 27
13 -8 -94
35 -64 83
57 -52 -94
-28 25 -94
-58 37 50
-54 63 65
-59 -28 -40
11 53 -94
38 -53 -97
-54 41 -97
-50 63 -69
-14 63 -90
-54 5 96
51 31 -97
-58 -16 -91
-59 -44 -91
-7 42 -94
-58 -53 -28
33 63 21
57 16 -37
-22 63 1
-53 -22 -7
-53 -18 8
57 -48 91
57 39 -86
-31 63 -43
57 -31 18
-53 -3 -79
5 63 16
-22 63 33
16 63 -69
20 -66 -22
57 41 -52
-53 -12 -45
-53 20 25
18 -66 35
-22 -66 74
-53 -25 61
35 -66 -1
5 63 -1
57 -3 35
46 63 -7
-7 63 76
-53 -10 38
-53 50 8
3 -66 -69
1 29 93
5 -66 23
3 63 -52
-35 63 89
33 63 -77
57 50 -45
-39 63 -86
22 63 84
-53 -20 -52
-48 -20 93
57 -16 -62
37 -16 93
57 -25 -45
-18 63 -56
18 -66 46
33 31 93
57 -8 -88
57 39 21
35 -66 -58
48 63 -71
-50 -31 93
-16 58 -97
-52 63 -52
17 2 -94
-51 2 -96
-53 -5 87
57 -56 -7
32 -11 -94
-52 54 -96
52 -61 -85
-54 -45 -71
-46 -61 -71
-54 -45 74
-24 63 89
-50 -53 -96
-3 -47 -97
42 -29 -94
14 -39 -94
52 3 96
-52 63 1
-37 42 -94
44 63 -94
-54 56 -42
54 -16 96
-29 -50 96
26 37 -94
52 63 -28
-54 56 -59
-53 29 -97
18 20 -94
14 -12 93
35 -56 -85
-13 15 -94
57 -20 38
-20 42 -94
-1 35 -94
57 -52 -49
22 63 -94
29 -27 -94
-53 -8 48
-16 63 25
22 63 -43
-24 -66 29
-22 -66 -64
-53 -16 -75
-53 31 57
22 -66 -32
-39 -66 65
20 -66 -47
57 -22 -32
57 24 35
-24 63 74
29 -66 61
57 35 -22
-5 -16 93
-7 63 -37
-1 -25 93
57 7 -90
3 -66 -18
26 -55 -86
-22 63 -37
48 -66 46
57 37 38
57 24 -60
24 -41 93
24 63 69
57 46 -20
-41 63 55
48 -66 -58
18 63 93
57 -12 -30
-53 -33 10
57 9 18
-53 -3 21
57 12 48
46 -66 14
29 46 93
38 18 -94
-59 -52 -41
-29 -66 80
-53 41 84
-54 63 55
-51 63 96
50 -44 95
32 0 -94
-14 -56 -85
54 -66 31
-59 60 35
56 -61 83
-53 54 50
-59 7 -56
57 56 -90
-12 18 93
-49 -9 -95
35 -66 -77
22 26 93
-37 -33 93
-53 -10 -64
57 -8 -45
57 3 -32
-16 -66 -3
31 -66 10
50 63 91
-53 -8 69
-31 63 -13
57 26 -81
-22 63 55
37 63 -22
-53 9 -15
-53 -3 -30
10 63 78
-53 22 35
-53 12 -73
1 -66 4
-22 -66 8
57 3 72
57 54 2
57 9 -71
10 48 93
3 63 -20
-53 16 12
57 -46 10
-10 63 8
-3 -66 18
57 31 2
-50 63 -15
-41 63 14
-41 63 -28
57 -22 65
-53 35 -77
-53 29 -39
20 63 35
57 43 86
7 -66 -37
37 63 59
44 63 -43
27 -66 21
-53 -22 29
-33 -16 93
16 -66 -56
-53 -16 67
48 63 72
16 -66 -5
14 63 25
-18 1 93
-5 -39 93
-53 -31 -5
-10 63 -81
-33 -66 -3
-53 12 69
57 -8 10
57 -39 69
57 -33 76
-46 29 93
-26 -66 65
39 -66 65
57 41 46
12 -66 59
14 -66 69
18 63 -58
12 -66 14
-53 26 -22
-16 -66 -24
-53 -25 -60
-53 -37 -54
-24 -66 -49
-7 -66 -73
-53 18 80
57 -1 -11
46 43 93
-53 7 -35
-53 52 -30
-53 48 44
-54 12 -97
-46 -58 65
-54 -45 29
-46 -63 -54
-22 24 93
-56 57 84
-59 58 -90
-5 -61 -85
57 -22 -96
-56 56 96
-59 -52 1
-58 -3 -91
-3 50 -94
51 22 96
57 1 -97
-53 36 96
57 -65 21
57 56 -69
3 -53 95
57 63 -20
57 48 -75
-35 3 93
57 35 89
57 16 33
57 26 55
-59 -53 57
57 14 -52
-50 -53 50
57 -33 -13
-53 -29 -22
-36 30 -94
-14 -66 -62
-10 63 86
57 62 -11
46 -66 -11
57 -48 -7
20 63 -7
-53 16 -7
57 43 8
-10 -66 40
57 9 -1
-43 63 74
57 -44 -52
57 -37 -43
18 63 -24
57 -56 72
-5 -66 57
29 12 93
57 -33 27
22 -66 -13
-22 -66 -32
57 -14 67
-53 -20 -32
41 63 40
-53 29 -47
46 -20 93
-48 -10 93
57 1 -60
31 -10 93
-35 -66 -24
44 18 93
-12 -66 29
-20 63 -22
44 59 96
-53 -35 38
27 -24 93
-50 -53 -71
-35 -13 -94
-53 7 -62
-53 -37 72
-14 -48 96
-46 -61 -3
57 12 -97
57 -64 65
12 -53 -92
-36 -45 94
-58 24 -91
37 -56 83
-50 -53 -15
-58 -12 96
-56 -31 -90
-53 12 -43
57 60 14
-18 -53 -96
-56 -53 76
-55 -45 88
-39 -66 -83
48 16 -94
-53 48 -41
57 -65 -1
-56 29 89
57 -58 55
57 60 46
24 -47 -97
-1 63 -92
-58 -53 89
-12 -66 82
-54 49 88
-48 -47 96
-56 -20 96
-58 14 -91
30 53 -94
-36 7 -94
5 9 -94
-58 57 -15
-38 55 -95
57 -61 46
-21 53 -94
-21 32 -94
-54 63 80
49 -40 -95
52 -66 -18
5 -8 -94
-54 -45 -56
-43 -56 83
