137 132 64
97 21 191
94 229 195
160 126 190
97 21 71
161 229 106
159 53 131
96 165 135
93 229 61
96 92 160
159 199 176
151 64 64
159 147 126
96 87 94
99 229 128
144 64 191
96 37 131
98 143 191
159 187 65
96 171 78
159 100 102
144 25 94
160 21 177
159 101 148
118 187 191
142 229 63
96 131 105
159 191 130
128 229 162
121 107 191
97 118 64
98 64 191
96 199 158
159 159 166
107 60 64
131 25 146
163 228 145
120 229 95
96 198 105
159 155 88
96 128 148
118 200 64
130 95 64
148 229 195
94 49 97
96 73 127
132 153 191
129 166 64
129 33 191
159 61 98
159 197 97
159 31 64
96 167 168
159 68 161
135 229 128
96 55 160
160 94 180
159 108 70
114 25 106
96 105 123
126 35 64
103 25 159
96 229 163
159 129 159
154 174 191
121 216 191
152 25 123
98 88 64
106 147 64
159 128 99
96 163 105
96 118 178
159 81 128
159 31 150
159 172 110
96 92 188
96 203 185
96 208 80
93 228 98
159 219 81
121 78 192
160 113 124
96 191 131
159 225 171
159 84 80
160 47 177
159 184 155
159 144 65
135 127 192
139 198 191
143 205 64
116 229 68
96 42 180
159 150 188
96 175 191
96 110 87
96 144 86
159 165 140
96 140 128
135 26 169
96 141 168
159 214 127
159 206 148
159 41 84
128 69 64
96 191 65
96 67 82
97 27 92
159 42 111
145 107 191
119 25 84
96 42 72
142 229 91
159 177 87
118 25 129
123 56 191
119 113 64
151 164 64
96 68 106
151 35 192
163 229 62
112 229 177
96 213 142
96 76 174
111 229 148
159 127 78
96 180 150
116 229 115
96 108 146
111 176 64
115 24 176
134 25 113
96 56 139
144 85 191
143 229 147
96 73 151
114 131 191
159 115 172
159 212 191
140 24 73
114 166 191
96 188 88
159 147 148
134 185 64
96 33 112
160 71 180
150 92 64
96 148 147
96 179 116
160 148 106
159 51 151
138 49 64
135 173 191
96 215 114
96 91 136
159 129 139
111 39 192
142 229 176
160 200 78
126 148 64
96 87 114
96 53 121
159 80 98
138 229 110
96 185 170
96 107 105
137 112 64
160 83 146
93 228 80
159 140 174
115 83 64
159 175 174
106 214 64
159 64 80
159 65 115
159 89 163
96 127 81
159 26 105
159 200 114
159 113 90
160 132 116
159 48 68
156 191 191
96 123 130
129 217 64
96 38 148
131 229 78
152 229 129
103 110 191
96 155 120
96 222 179
96 158 184
158 56 191
159 214 97
97 27 175
113 24 67
112 44 64
131 229 190
146 25 158
97 161 65
111 25 144
160 97 132
112 128 64
118 147 191
160 34 166
111 228 195
112 93 191
163 228 188
158 25 84
144 148 64
118 229 131
96 117 162
97 127 191
105 214 191
146 25 138
96 100 175
159 87 113
96 95 80
129 93 191
151 120 64
159 64 143
106 102 64
97 71 65
108 229 83
96 212 167
159 116 108
142 47 191
159 169 126
159 214 65
159 99 86
145 24 182
144 213 191
93 228 143
93 213 96
139 79 64
95 177 99
159 38 135
96 159 90
159 116 152
159 108 187
104 79 191
96 207 128
96 40 163
96 165 153
96 145 102
96 118 115
159 215 112
121 201 191
147 229 78
128 25 99
97 133 64
159 140 88
159 77 64
159 220 158
103 25 122
120 25 155
145 163 191
159 21 192
114 24 191
96 56 176
123 55 64
107 197 191
159 84 191
134 25 131
96 39 86
103 229 108
146 147 191
97 177 65
103 51 191
159 169 75
145 177 64
159 102 116
163 227 120
129 229 145
159 167 154
96 189 188
159 161 179
140 36 64
97 25 140
105 26 80
96 197 144
96 153 162
159 184 103
159 159 115
159 103 164
116 158 64
159 179 136
144 183 191
113 65 191
96 81 80
159 116 138
112 229 163
96 107 72
151 134 64
97 35 191
134 73 191
159 187 118
159 193 144
160 165 98
123 120 191
153 21 71
106 155 191
96 73 94
99 32 64
96 59 71
159 33 182
96 195 119
160 95 73
159 61 172
159 46 98
148 119 191
110 190 64
159 68 130
96 68 163
152 95 192
159 189 168
159 213 175
96 153 76
127 137 191
160 157 71
96 205 67
131 24 183
126 24 72
147 191 64
151 229 159
96 196 78
160 48 163
159 229 94
159 144 161
96 125 94
146 133 191
131 25 87
159 216 139
124 125 64
96 219 153
159 201 163
96 135 182
96 177 132
145 25 106
96 52 84
123 177 64
96 55 107
96 131 118
118 95 64
129 229 176
159 199 65
159 25 138
96 94 104
147 105 64
131 209 191
159 53 118
159 54 88
151 229 113
114 70 64
154 72 192
159 147 78
159 79 170
97 95 147
150 26 169
104 229 72
159 153 136
127 229 105
96 69 139
159 189 82
96 143 115
96 199 92
151 203 191
96 131 161
162 229 75
159 205 135
131 189 191
136 115 191
159 34 121
96 176 178
127 229 62
93 80 161
96 87 177
146 216 64
111 119 191
93 228 118
96 62 96
153 229 180
96 197 175
93 179 161
108 229 98
107 181 191
123 176 191
139 28 191
123 25 119
120 137 64
159 79 158
96 99 91
96 220 68
96 166 122
139 62 64
159 126 175
96 62 150
96 105 160
120 229 187
159 137 187
96 151 174
105 25 183
96 66 118
140 229 164
96 184 76
120 229 82
163 228 134
160 34 75
96 36 99
159 42 188
159 207 88
137 157 64
126 163 191
159 75 108
159 125 126
135 56 191
159 34 94
96 80 142
148 229 100
112 25 94
106 229 137
96 108 135
106 201 64
97 25 104
96 187 108
96 171 90
129 196 64
119 213 64
130 229 118
96 118 140
159 136 130
96 152 137
96 86 126
130 229 90
96 219 84
96 51 150
159 181 74
134 25 64
159 172 65
158 160 192
122 25 168
96 32 75
159 151 176
121 42 191
151 39 64
106 25 132
159 189 179
99 229 89
96 79 103
159 75 86
159 135 150
120 229 154
159 89 91
136 143 192
108 25 168
101 229 174
96 136 96
159 68 70
96 148 68
96 44 110
96 102 186
96 214 186
159 174 146
96 79 184
108 165 64
159 176 162
159 206 104
128 105 64
144 229 122
96 44 139
136 101 191
96 110 170
159 117 80
160 182 187
152 228 61
94 144 157
96 100 113
94 114 98
142 25 83
100 229 186
96 28 151
113 49 192
96 208 152
142 25 122
159 157 150
96 205 113
127 79 64
159 127 89
96 61 128
96 141 138
96 189 156
130 25 156
124 45 64
142 229 186
96 77 114
153 229 147
148 49 64
160 118 70
159 155 98
159 195 155
159 25 161
96 153 110
100 229 154
142 25 148
153 152 64
110 140 191
107 229 120
159 120 163
110 118 64
102 164 191
159 93 123
159 188 92
112 206 191
119 168 64
134 175 64
96 169 144
96 220 126
159 57 64
160 200 187
97 27 130
103 227 61
96 221 136
160 211 75
96 68 179
159 52 106
96 39 120
134 229 154
160 135 72
140 229 136
159 75 140
96 116 152
104 80 64
159 164 83
96 185 142
159 39 155
150 229 170
160 27 115
159 61 183
159 103 177
159 57 160
96 190 99
96 211 177
153 25 97
159 209 158
140 166 64
148 76 64
96 49 130
159 47 142
159 71 95
96 130 174
113 33 64
160 71 150
160 119 182
159 75 121
159 176 119
96 49 169
159 89 65
161 229 155
160 83 182
144 27 64
96 30 164
160 169 185
102 44 64
150 53 192
130 220 191
96 97 66
159 100 65
123 69 191
96 213 105
159 92 154
159 145 96
123 25 108
159 203 126
140 89 64
139 121 64
159 134 107
159 92 144
158 117 191
120 191 64
107 91 64
96 131 135
96 223 106
162 227 84
104 23 65
97 53 64
159 129 65
159 192 72
97 95 128
96 193 166
96 36 172
96 163 176
96 160 145
159 107 134
159 174 99
96 83 152
115 149 64
159 38 103
112 109 191
159 184 145
96 167 185
115 157 191
159 156 127
140 38 191
159 150 116
139 101 64
159 198 87
96 115 79
135 229 100
123 25 142
130 229 136
135 147 64
122 24 184
96 140 78
130 199 191
115 229 140
159 120 116
159 141 118
104 25 113
120 88 191
107 137 64
160 49 80
96 135 87
136 164 191
96 221 170
96 118 191
159 217 167
159 26 129
95 229 71
96 100 139
96 156 153
134 83 191
152 205 64
144 73 191
96 203 167
114 25 115
128 157 64
96 118 106
151 44 192
159 89 172
159 60 151
159 221 184
103 28 191
111 223 64
96 172 106
149 26 189
159 32 190
96 158 129
152 217 191
115 229 104
159 220 104
96 179 83
152 25 151
124 206 64
96 113 128
96 149 127
96 184 123
143 95 191
159 208 119
97 26 83
159 109 158
110 25 153
159 193 108
159 109 144
153 229 87
96 153 97
128 25 191
96 69 73
98 197 191
96 73 191
159 27 170
156 229 68
96 31 183
96 54 187
160 78 73
160 56 73
124 228 195
99 222 191
96 136 152
104 133 191
160 38 174
106 102 191
159 209 183
112 83 191
159 107 82
159 125 107
159 145 139
159 183 127
128 134 64
132 41 64
131 59 64
159 120 96
135 208 64
96 35 156
147 191 191
159 169 90
96 110 182
159 136 164
154 112 64
159 105 108
159 126 147
159 195 122
159 27 72
159 105 94
140 140 64
105 172 191
159 167 169
97 21 182
96 189 178
96 124 71
96 152 190
104 189 191
132 26 78
154 180 64
138 223 191
149 26 80
121 223 64
96 203 135
142 27 174
156 228 195
114 26 77
96 163 75
159 96 188
156 64 191
159 89 135
96 104 80
96 216 76
159 67 106
159 229 163
106 71 191
105 59 191
115 103 64
119 99 191
137 71 64
134 229 70
138 25 140
120 229 175
154 229 121
96 207 90
96 169 114
115 57 64
144 25 130
124 229 71
137 193 64
110 229 128
126 128 191
120 229 123
126 25 127
159 161 107
159 137 98
138 135 192
155 229 139
132 87 64
131 41 191
127 25 176
155 143 192
96 62 169
93 213 159
105 71 64
159 221 89
99 110 64
150 156 191
107 51 64
96 86 73
159 95 108
107 25 102
159 215 151
96 147 180
96 206 100
159 163 131
160 133 180
96 124 167
126 149 191
124 25 91
159 39 66
159 111 102
130 117 64
100 207 191
159 38 145
159 58 111
122 88 64
93 46 158
120 30 191
93 228 171
152 21 183
104 25 89
96 31 121
98 42 191
163 228 178
114 222 191
96 161 113
96 127 183
96 132 126
143 229 71
121 24 65
112 208 64
146 25 114
159 71 171
103 87 191
132 181 191
153 103 192
96 36 140
147 229 140
140 229 83
145 128 64
118 49 64
112 25 123
159 83 120
159 101 124
105 125 191
159 134 82
114 57 192
146 173 192
159 171 135
121 229 167
159 53 184
96 88 86
159 150 168
159 222 128
96 199 127
159 56 142
152 142 64
96 161 162
160 222 65
103 182 64
159 157 79
96 177 170
96 92 168
159 101 156
159 87 105
159 180 110
134 65 191
138 25 158
96 177 140
115 176 191
96 118 87
118 139 191
97 229 136
106 26 72
96 54 76
96 61 183
151 31 64
96 139 70
103 22 175
96 139 106
159 223 150
94 144 94
96 172 159
93 229 151
100 229 145
96 96 120
98 63 64
159 221 118
97 95 182
112 229 187
112 229 91
160 164 67
159 153 156
110 109 64
159 96 169
159 92 82
96 151 89
96 222 91
96 87 145
105 158 64
96 213 122
159 45 131
127 49 191
113 25 136
138 206 191
142 124 191
124 192 191
159 62 122
159 161 91
143 56 191
159 54 169
96 84 170
96 171 129
159 197 137
159 111 166
105 147 191
115 25 164
158 21 77
96 181 92
116 228 61
99 182 191
126 26 81
160 86 72
96 126 112
154 24 64
98 214 64
155 132 192
96 177 72
96 64 156
96 134 144
102 21 77
93 228 186
96 81 66
97 25 65
96 167 99
96 63 135
160 157 185
96 76 136
159 78 187
159 94 97
96 44 91
96 158 82
112 229 74
159 102 76
115 182 64
159 180 95
159 180 179
96 46 80
145 57 64
126 112 191
96 111 119
129 51 64
121 75 64
136 229 180
96 124 102
96 123 158
96 81 131
159 48 123
128 25 136
159 121 134
122 229 137
150 25 89
105 229 180
96 81 89
151 167 191
115 197 191
159 165 120
106 229 159
96 190 147
144 68 64
96 214 130
97 26 111
163 228 99
161 229 127
96 126 142
159 32 82
151 83 64
106 36 64
152 25 108
155 229 80
96 103 153
136 89 191
159 72 79
114 213 191
96 49 178
159 206 172
159 203 155
96 201 82
128 169 191
159 61 132
126 184 64
140 25 164
124 229 112
140 183 64
137 215 191
138 24 185
105 131 64
159 77 134
145 229 107
121 25 102
140 229 156
131 127 64
100 229 102
96 33 90
159 118 145
139 156 192
96 139 175
151 112 191
151 87 192
104 229 167
159 27 184
151 229 94
113 142 64
159 83 89
96 206 145
147 171 64
160 141 110
128 229 97
99 97 191
96 101 98
93 112 158
96 57 90
102 25 146
96 183 67
96 59 116
96 204 121
136 24 176
161 227 113
96 222 162
96 76 166
160 28 96
158 136 64
94 229 110
160 206 66
102 196 64
96 93 72
96 160 169
129 141 64
153 79 192
96 75 79
159 40 180
96 169 71
96 184 134
159 44 150
159 36 110
159 41 120
124 62 64
159 73 102
132 25 106
119 25 148
160 150 70
159 182 167
159 155 108
153 217 64
159 220 74
96 155 70
96 44 174
96 220 146
131 25 163
159 207 96
