101 35 209
160 189 40
99 35 43
161 189 212
96 130 126
162 50 124
162 99 43
162 100 210
160 189 126
96 144 48
96 147 204
97 61 145
162 117 109
99 188 97
162 37 49
97 82 84
95 189 159
162 144 167
162 38 203
105 92 195
161 92 158
162 147 68
112 189 46
161 75 83
113 188 214
113 99 44
143 189 169
142 186 81
140 141 208
121 167 128
99 124 168
99 124 85
162 52 166
131 63 47
134 66 206
98 50 106
105 92 123
161 155 106
133 155 44
96 53 179
102 161 77
96 68 52
161 83 116
97 154 153
161 109 77
96 91 160
130 109 209
138 123 47
161 139 134
161 115 181
97 158 108
162 163 193
162 76 189
96 173 187
92 186 128
162 69 46
161 169 150
96 117 210
96 65 209
130 189 108
99 51 76
138 170 208
92 187 69
128 189 145
97 118 57
161 111 136
161 174 64
118 189 181
162 134 43
161 50 97
162 69 145
137 186 55
158 51 71
160 160 43
162 182 101
138 91 47
162 126 204
97 110 142
162 135 91
97 102 100
97 169 43
146 165 126
117 189 80
161 62 210
116 131 208
113 164 206
97 151 177
162 188 184
139 189 194
114 128 44
97 74 110
162 88 64
96 162 131
161 119 158
98 93 64
161 164 85
92 186 206
116 52 206
97 111 187
115 188 127
127 87 208
97 75 181
150 188 148
162 97 95
97 133 148
162 149 210
97 139 69
105 125 106
162 166 171
162 55 188
151 82 206
162 123 61
97 146 90
97 133 188
162 142 190
115 50 46
161 88 136
115 75 44
97 84 140
99 50 127
118 170 47
139 183 127
92 188 41
133 188 214
99 169 167
148 53 47
162 69 103
161 96 177
97 64 93
161 136 110
97 65 164
97 109 123
162 72 167
99 175 145
159 50 143
99 176 112
98 87 43
162 182 81
108 79 209
162 101 120
122 189 163
97 50 57
149 114 209
97 109 74
162 157 132
156 171 210
162 184 161
96 51 198
112 105 209
96 105 44
96 169 61
144 169 44
96 169 94
110 154 44
96 94 179
146 51 209
161 69 127
145 189 99
162 169 118
126 152 206
97 71 128
162 150 151
162 67 65
153 115 43
149 147 47
95 189 178
111 189 147
128 107 44
97 73 70
113 188 109
96 92 210
96 168 205
127 187 39
128 139 47
153 83 43
106 185 196
97 147 122
151 189 67
113 189 63
161 125 124
97 108 162
161 94 195
105 88 104
128 186 92
122 189 200
140 97 206
135 125 208
161 118 93
97 140 107
97 76 198
105 125 70
162 105 58
96 50 158
96 128 43
97 141 162
149 186 114
161 92 80
143 187 40
99 177 80
161 126 144
100 55 43
161 132 177
129 189 69
112 147 209
104 175 129
161 129 76
131 50 208
97 76 153
152 184 52
162 180 198
162 172 133
97 153 61
148 183 204
158 58 84
146 70 44
144 156 206
158 114 197
161 148 84
162 105 152
105 161 187
105 125 138
119 70 206
99 180 53
158 57 111
159 161 57
162 174 45
111 114 44
101 133 210
105 162 120
162 51 52
97 97 82
110 186 170
161 154 181
97 147 136
105 125 197
99 103 200
97 99 133
97 63 190
94 189 142
123 173 206
97 114 109
161 108 168
161 150 120
105 92 148
98 50 92
132 189 177
148 129 206
92 187 192
97 110 88
162 139 56
135 50 44
148 186 184
93 188 110
162 184 142
124 89 44
162 74 202
113 186 92
152 125 51
123 184 52
97 119 153
137 189 155
132 76 44
97 62 118
161 137 152
134 171 125
97 78 167
153 94 52
141 109 47
162 83 97
97 97 113
154 141 201
120 119 206
97 131 56
147 66 206
158 58 153
105 162 141
162 168 102
97 132 96
97 77 97
113 92 206
127 189 131
162 51 202
97 135 175
162 164 72
158 181 174
97 80 59
97 60 66
143 134 45
161 85 170
105 93 52
109 178 206
162 124 190
98 51 210
162 78 153
105 161 55
152 102 202
112 63 44
97 146 191
97 82 120
115 141 47
105 128 158
162 188 59
105 127 180
105 188 81
97 136 81
161 147 43
161 101 107
97 149 76
105 189 135
97 109 175
103 156 201
133 173 47
161 65 180
108 117 206
153 178 125
139 83 206
162 171 183
162 76 57
103 92 93
161 144 100
105 88 168
105 183 183
161 189 111
162 88 208
105 89 73
122 118 47
105 164 101
98 50 140
100 74 43
140 186 141
121 152 47
105 59 204
158 50 178
97 120 99
162 156 161
162 99 69
101 188 119
104 43 51
153 186 90
162 99 139
128 135 206
97 61 81
153 171 52
162 137 210
107 178 43
162 72 114
97 154 43
162 138 122
147 158 47
161 113 125
97 153 166
152 189 195
97 106 56
105 162 155
161 132 163
96 80 209
103 161 175
162 123 44
97 157 89
97 73 141
121 188 117
151 188 160
151 188 133
97 102 151
161 76 135
110 186 158
97 134 136
96 117 44
119 178 129
96 178 173
105 122 51
97 120 131
126 99 206
104 183 71
152 104 47
96 169 123
138 145 44
154 43 43
162 185 70
131 189 81
153 62 52
105 141 202
99 178 156
154 162 201
162 105 187
97 61 105
128 189 188
161 107 89
154 42 210
103 186 213
97 120 119
162 86 49
161 123 169
162 82 74
124 59 209
104 60 52
96 180 90
159 149 57
123 184 211
105 80 50
161 172 162
97 98 169
161 66 192
153 189 80
140 186 67
99 53 169
96 165 195
160 62 135
119 189 101
162 159 144
162 175 92
158 116 55
97 144 151
97 114 198
129 75 209
162 88 185
158 83 197
162 77 177
105 89 135
97 132 115
105 137 51
133 183 204
127 163 209
162 117 210
114 88 47
96 87 201
127 128 44
160 151 196
162 148 139
105 149 52
162 61 75
100 105 210
158 56 43
97 152 99
161 159 95
162 115 147
97 142 58
161 91 105
96 165 152
98 122 188
161 68 92
97 132 199
118 186 140
124 55 44
120 186 152
161 188 152
162 88 147
97 72 82
105 171 51
139 186 115
97 100 188
162 143 177
97 64 179
156 60 201
161 88 126
92 187 58
105 165 67
106 69 210
151 178 43
161 176 109
162 135 67
149 189 213
96 123 143
96 41 202
147 96 44
161 139 80
141 80 44
115 189 191
103 189 59
97 85 185
154 156 210
159 134 196
105 170 210
113 189 203
96 92 101
161 124 103
162 117 70
138 189 90
152 121 202
143 174 125
138 116 206
129 181 125
161 125 86
105 126 117
105 126 94
96 123 178
104 165 86
152 136 49
96 167 179
119 179 44
156 166 129
99 180 103
162 84 86
97 84 109
97 83 74
121 66 44
128 165 44
105 107 50
101 68 201
162 62 170
97 85 129
152 91 202
120 144 206
117 107 47
96 176 210
96 88 151
105 91 83
145 189 58
154 74 210
97 60 155
162 172 77
161 153 76
161 103 129
162 109 204
110 164 47
158 60 123
152 150 202
132 189 165
136 150 206
97 104 65
96 171 104
114 62 209
153 144 210
153 47 201
96 126 74
162 179 210
112 165 128
131 98 44
162 81 106
105 125 127
157 171 201
162 67 155
158 51 133
100 189 47
162 110 99
97 148 112
162 52 62
140 189 203
99 167 113
161 127 153
103 125 60
156 51 210
97 58 135
96 127 105
161 188 202
162 94 56
96 160 69
105 91 177
153 189 105
96 159 121
152 188 176
97 139 128
96 159 143
116 82 206
141 62 47
140 181 47
162 182 119
139 56 206
158 181 132
147 174 210
119 189 70
99 171 73
162 59 99
102 189 204
105 50 201
162 51 80
153 47 51
96 89 52
162 111 43
161 100 162
162 71 74
147 189 125
99 179 136
97 95 142
97 118 78
105 83 201
162 60 55
100 161 210
161 50 106
96 93 122
138 186 184
104 161 165
96 123 203
153 72 201
99 179 122
103 183 149
96 50 188
97 180 43
105 128 149
162 79 210
96 93 193
97 156 187
96 170 138
105 88 114
162 136 143
96 53 115
161 160 115
149 96 209
96 179 195
162 151 173
112 186 55
162 118 80
104 169 201
162 146 128
161 109 115
92 188 170
162 177 154
110 186 119
162 187 92
143 105 206
118 157 209
97 47 43
157 92 43
137 189 102
121 107 206
148 164 209
105 127 79
126 189 59
97 69 101
162 156 67
161 130 131
108 186 100
162 101 200
158 60 144
92 186 78
162 164 209
97 130 160
105 183 108
148 126 44
96 159 54
161 50 155
96 167 80
161 97 150
161 174 142
162 133 187
162 121 137
158 177 55
97 120 68
100 183 164
96 55 99
97 99 74
97 73 120
161 78 127
97 144 182
102 64 43
140 73 206
105 96 203
106 125 206
96 161 100
92 187 119
102 148 210
132 189 48
125 186 173
162 92 117
105 89 62
109 139 209
117 187 39
120 189 89
153 167 43
162 188 170
105 161 132
161 144 158
97 105 114
162 179 189
161 123 180
141 183 210
128 189 154
161 127 111
144 189 107
162 77 47
152 71 51
97 86 175
97 50 149
105 109 203
103 100 43
153 106 210
97 110 133
145 122 209
154 74 43
162 49 43
97 72 174
97 99 92
97 144 100
96 57 205
108 155 210
162 161 125
104 186 40
92 187 102
95 185 151
96 171 51
158 131 55
146 189 48
97 86 92
121 97 47
135 160 206
96 162 159
95 188 89
159 50 194
105 183 91
105 51 49
162 144 202
97 154 128
105 161 111
162 121 117
104 123 43
162 102 81
146 88 47
144 186 154
97 40 51
99 178 66
132 176 209
161 80 144
120 186 108
103 161 43
144 89 209
97 68 150
97 141 117
161 162 154
161 80 163
97 145 173
117 189 173
161 95 131
125 125 206
135 114 47
100 189 128
162 112 63
152 152 51
162 188 135
104 43 209
140 161 47
111 186 75
162 144 146
161 100 171
97 99 158
98 141 210
97 111 151
161 167 139
140 99 44
97 149 144
96 98 47
121 134 44
103 183 174
154 189 45
162 106 50
155 129 201
96 42 210
154 186 141
117 99 206
161 172 194
113 180 125
97 150 54
162 64 109
162 132 101
162 146 107
102 180 201
96 57 88
137 134 206
158 84 55
109 136 44
158 182 62
155 122 210
120 92 208
97 77 189
140 189 177
112 186 178
97 110 102
148 186 74
162 96 187
97 147 68
118 183 203
122 81 44
97 63 74
161 162 183
161 167 93
97 62 58
97 60 126
97 100 126
97 101 176
97 85 66
144 149 209
104 92 210
105 129 49
99 124 112
143 186 133
159 50 89
162 57 197
105 88 155
153 180 210
96 60 51
95 188 214
130 165 128
96 153 209
123 51 206
105 90 187
162 149 188
112 173 129
97 98 57
162 145 91
162 115 172
111 171 44
161 168 110
96 52 67
99 124 210
161 124 69
99 75 53
96 110 204
126 147 44
132 94 209
162 121 198
162 162 201
162 94 202
160 69 58
162 67 83
122 189 46
96 175 164
97 63 172
154 36 204
97 83 157
161 75 96
97 75 89
97 116 171
128 189 123
154 186 98
136 70 44
135 189 75
125 189 76
129 186 100
162 75 66
162 182 44
162 58 176
162 55 118
150 63 44
156 127 43
162 65 118
96 74 205
97 131 88
99 175 179
146 77 209
101 128 174
105 125 189
150 137 206
105 161 195
157 100 52
105 148 43
135 189 40
153 189 202
159 169 57
161 125 94
161 92 87
154 143 52
160 189 52
96 181 186
152 112 202
96 89 115
97 151 199
135 83 47
116 121 44
129 121 44
162 157 52
158 62 160
148 77 47
161 160 176
96 163 173
96 159 180
110 82 44
97 116 179
136 186 172
103 161 94
155 35 46
116 57 44
162 175 177
97 142 77
136 102 206
128 189 204
152 54 204
97 86 166
97 69 185
155 189 120
125 173 129
107 99 210
105 149 203
96 99 208
99 95 200
97 136 155
105 164 148
162 61 47
105 189 153
135 186 146
132 189 116
116 186 164
120 186 130
148 189 85
105 183 130
104 36 50
161 143 114
100 188 74
116 177 209
162 88 176
159 180 182
96 164 186
145 186 194
162 72 210
104 169 43
98 123 160
134 181 44
96 138 43
97 139 196
109 52 209
158 74 196
141 53 44
154 178 201
97 84 100
97 134 63
120 166 209
132 189 197
99 169 159
96 133 49
97 103 85
97 112 67
97 68 157
162 159 168
161 160 79
162 137 170
127 116 206
109 70 44
161 146 77
160 37 210
162 54 149
102 188 104
161 115 190
97 78 127
155 89 210
162 66 204
145 59 209
130 142 208
162 188 77
104 189 188
106 182 50
134 177 128
104 189 165
141 117 44
158 61 92
99 173 89
107 143 47
108 189 209
96 130 206
161 189 104
99 56 161
155 186 169
99 56 191
96 161 47
97 156 79
99 166 145
131 57 209
118 186 60
162 142 47
132 186 62
139 176 206
120 76 208
103 134 201
109 132 206
161 89 72
101 183 83
116 111 208
100 88 57
117 172 125
160 45 202
96 172 152
104 112 43
99 112 53
156 78 52
162 109 177
161 75 120
99 52 83
114 171 209
126 173 44
97 132 167
96 178 130
158 158 196
161 171 127
161 152 97
113 147 47
161 92 168
162 124 51
161 116 86
162 166 65
97 147 83
162 156 190
134 188 129
116 158 44
97 156 115
158 59 61
147 140 44
154 60 210
161 171 83
97 67 112
97 65 137
152 114 51
93 186 52
158 182 76
93 189 185
97 114 95
97 147 156
97 116 125
96 89 135
97 77 104
97 134 104
162 84 157
97 108 194
97 78 136
97 140 140
161 113 162
97 105 182
135 186 137
161 96 111
109 86 206
162 180 148
121 124 44
96 157 203
96 174 98
132 133 47
161 176 168
154 188 153
161 167 43
