163 109 116
89 208 220
89 207 36
94 45 214
94 45 41
163 208 147
156 130 215
93 150 152
163 160 43
93 59 128
93 124 71
163 45 171
163 79 45
162 204 220
91 208 110
154 43 102
93 111 209
148 208 81
163 150 160
110 208 164
142 73 215
163 164 108
114 160 215
163 99 170
112 162 41
93 99 158
116 89 41
93 160 104
114 43 168
136 205 35
163 119 69
93 79 85
138 43 57
93 113 116
163 69 134
112 43 93
93 186 71
163 186 183
134 128 41
130 208 124
163 81 85
93 180 187
126 208 205
132 43 134
93 75 189
152 168 215
93 184 138
163 43 209
93 144 189
128 43 201
163 198 114
128 109 215
163 192 55
163 97 205
118 208 67
163 152 77
163 176 138
100 132 41
163 140 130
110 81 215
93 67 158
142 208 170
93 156 65
163 71 189
163 150 193
93 73 55
163 57 67
162 109 41
138 176 41
93 49 71
163 115 146
122 61 41
97 208 191
163 180 81
93 87 132
120 208 95
112 190 41
93 103 51
163 130 95
160 47 41
110 188 215
93 117 181
130 138 215
93 142 126
163 126 181
162 43 142
96 138 215
93 49 185
163 73 162
93 124 148
152 208 195
104 208 138
97 43 148
142 93 41
163 69 108
90 208 83
93 103 91
138 43 174
93 174 162
158 136 41
93 59 99
93 134 102
163 95 65
134 43 81
93 184 99
163 105 89
142 190 215
93 176 49
160 208 36
163 91 144
110 43 118
136 152 41
114 43 55
95 208 59
138 208 146
146 208 57
93 170 209
88 205 156
116 113 41
116 59 215
144 208 104
132 43 106
93 83 110
163 186 158
93 164 128
142 71 41
163 69 211
93 67 211
124 208 183
163 51 120
93 97 189
163 186 207
163 205 170
144 95 215
163 164 176
142 51 215
94 146 84
163 89 122
163 59 89
148 43 193
142 43 152
162 150 215
93 152 45
132 172 215
93 99 71
152 208 128
93 156 172
93 134 168
114 126 215
163 198 93
163 140 61
154 43 81
120 208 47
163 144 110
118 43 148
163 130 160
112 208 116
163 117 199
110 101 215
93 89 207
109 208 220
93 192 170
163 156 142
110 43 195
93 170 81
118 138 41
93 190 203
93 83 168
158 178 41
163 166 61
163 208 66
146 43 120
93 192 120
106 71 41
93 109 136
140 154 215
163 91 102
163 180 118
163 194 134
163 168 197
93 45 166
93 138 59
144 208 219
146 113 215
163 77 63
114 43 73
129 43 41
163 53 193
94 88 41
163 89 189
93 83 150
142 111 41
163 180 99
126 89 215
89 208 128
94 43 90
120 208 150
108 208 81
93 174 114
93 45 110
93 168 146
163 63 51
163 162 126
163 144 176
163 121 130
93 162 189
93 128 195
93 194 47
93 67 73
163 168 154
130 208 79
146 192 41
158 43 57
163 59 148
90 208 174
163 134 79
124 43 185
163 124 53
93 126 130
93 154 213
93 55 55
156 83 215
163 160 91
106 43 134
93 115 164
112 144 215
93 117 99
163 134 197
93 69 142
104 208 97
163 138 146
93 119 53
93 188 154
93 67 114
130 190 41
93 99 108
112 43 211
163 113 162
142 55 41
94 66 174
163 110 214
108 205 35
93 83 67
110 208 201
163 105 189
128 103 41
163 196 195
163 61 172
128 79 41
128 204 220
148 162 41
150 208 156
112 49 41
93 192 85
118 176 41
126 186 215
163 124 110
138 208 189
93 128 87
93 138 142
88 205 205
160 93 41
148 43 136
94 43 199
94 43 124
94 61 41
163 77 148
93 172 63
163 55 104
128 208 166
93 146 112
126 208 110
130 63 215
163 144 91
163 105 130
128 43 120
163 85 174
93 103 172
93 59 199
142 43 93
130 208 59
138 126 215
163 208 50
126 43 160
148 142 215
128 164 41
93 101 124
160 208 104
102 109 41
163 101 154
93 57 83
163 87 158
163 194 79
128 43 67
126 49 215
93 194 185
148 43 67
100 124 215
118 174 215
163 67 77
120 208 134
102 208 152
156 43 158
93 154 138
88 206 142
97 196 215
106 146 41
93 128 116
152 208 181
163 180 67
163 55 134
163 107 55
93 111 195
93 200 71
162 208 205
106 43 181
163 83 203
160 194 41
162 208 83
106 208 49
93 138 73
93 144 203
154 61 41
154 150 41
93 75 126
126 43 93
126 154 215
163 166 79
104 208 176
163 111 102
93 57 148
142 208 118
163 117 83
163 174 166
102 43 61
93 111 65
93 95 144
93 89 55
91 203 95
146 43 45
163 56 214
156 121 41
158 43 183
150 43 207
93 115 81
96 164 41
150 81 41
152 182 215
100 180 215
163 162 211
122 73 215
93 89 93
150 63 215
163 105 73
104 180 41
118 43 128
93 75 99
102 208 124
106 43 158
163 150 53
163 89 53
144 208 205
93 172 176
140 208 71
163 208 188
93 158 89
93 162 158
116 43 106
146 140 41
93 196 134
93 77 203
163 55 160
163 73 95
93 111 152
104 55 215
93 180 126
163 73 120
163 190 146
112 126 41
93 172 95
122 150 41
100 208 211
140 208 132
163 47 93
163 182 195
163 91 77
150 208 45
163 175 214
93 49 136
88 206 49
95 144 176
163 45 71
93 162 53
118 198 215
156 208 116
163 138 209
156 97 215
108 113 215
163 113 178
163 81 136
130 115 41
163 178 55
93 85 181
93 188 59
130 140 41
93 160 201
130 43 146
132 208 93
150 43 172
93 130 183
126 124 215
93 172 197
93 136 154
104 97 41
93 148 99
163 174 185
93 63 187
93 75 43
93 196 108
152 208 142
97 97 215
163 73 174
110 208 189
93 158 77
163 198 158
124 205 35
106 208 67
163 208 135
163 192 170
128 91 41
163 152 65
126 43 172
138 208 47
163 44 110
104 43 104
163 154 116
93 156 118
156 43 126
146 128 41
118 73 41
93 99 201
154 208 93
163 63 199
104 166 215
138 43 187
93 89 120
104 43 79
120 43 83
93 89 77
163 162 164
138 85 215
110 69 215
96 119 41
154 196 215
94 79 214
163 205 124
152 156 215
152 103 41
163 152 99
163 99 110
163 136 118
93 196 146
163 83 110
95 208 164
163 53 181
163 196 67
160 43 197
104 43 47
152 208 67
163 154 183
93 59 166
138 43 162
163 121 170
132 99 215
163 138 187
163 61 124
128 208 142
163 55 79
128 208 193
93 198 195
93 59 65
163 188 89
163 190 104
108 59 41
163 101 140
132 65 41
163 130 65
163 126 140
93 55 118
116 208 106
163 190 124
130 208 154
93 87 193
163 154 203
116 208 211
163 150 126
142 176 215
93 142 49
163 121 209
134 208 178
163 134 170
163 136 51
138 83 41
152 43 148
163 91 89
93 55 209
93 132 205
163 170 47
106 134 215
134 43 211
154 49 215
95 183 175
95 183 81
88 205 187
138 200 215
100 200 41
94 185 41
147 204 36
102 43 207
116 208 57
163 142 71
140 208 158
163 140 156
163 166 136
102 208 112
163 79 75
93 178 148
93 152 162
148 182 41
104 81 41
144 208 91
163 196 181
93 126 158
118 208 79
144 43 110
144 43 79
124 43 53
138 43 199
120 43 138
163 178 128
163 134 108
118 111 215
163 91 132
128 178 41
93 107 183
163 178 148
163 128 150
93 130 51
132 75 215
93 152 128
93 99 134
128 208 69
93 69 87
93 101 61
156 71 41
152 208 166
152 43 91
93 101 81
163 73 201
93 121 207
104 154 215
163 51 53
93 198 57
95 43 176
154 208 215
89 204 118
93 124 170
93 119 138
93 150 57
93 176 73
163 65 61
93 196 160
112 208 128
163 117 189
116 103 41
148 43 183
93 79 138
163 89 211
93 148 71
93 51 156
163 148 148
106 170 41
163 49 152
120 196 41
163 124 120
163 186 47
93 93 166
93 77 160
93 152 195
163 107 199
124 128 41
138 164 41
163 119 95
108 43 148
93 113 126
118 208 195
136 208 110
116 43 158
116 43 178
120 208 160
120 134 215
163 99 122
120 208 172
163 168 118
112 208 144
163 113 136
132 162 215
138 144 215
136 115 215
120 101 215
163 53 203
163 144 45
163 101 47
106 91 215
163 170 91
93 184 114
142 166 215
163 65 156
163 160 191
163 61 114
163 97 183
93 69 197
148 172 41
163 158 154
122 144 215
93 154 183
162 208 160
163 198 207
163 160 53
102 156 41
134 208 211
97 208 75
156 117 215
163 128 43
88 206 65
119 208 220
94 43 100
94 102 41
163 57 42
100 107 215
130 53 41
93 47 81
122 43 209
93 111 45
93 188 213
93 138 87
138 45 41
163 45 81
102 190 41
95 208 43
102 51 41
93 75 176
93 166 118
152 75 215
148 103 215
163 61 189
156 208 59
156 168 41
102 73 215
163 99 81
93 192 95
93 168 136
120 186 41
163 115 61
93 113 91
93 119 191
154 43 116
93 87 158
138 208 83
163 81 166
124 166 215
130 208 43
163 85 67
97 142 41
148 43 162
163 67 144
163 162 69
163 178 174
150 43 53
93 69 63
134 182 215
140 43 130
112 208 91
106 117 41
120 208 120
124 43 112
118 43 199
93 142 164
93 138 116
163 144 138
136 43 116
93 166 166
163 63 97
102 43 191
93 79 75
163 81 193
93 109 104
93 124 108
163 77 128
138 59 215
163 126 193
163 113 124
93 158 146
163 132 126
138 119 41
138 136 41
102 43 114
118 43 63
134 43 49
93 188 130
130 194 215
163 47 130
108 136 41
138 196 41
148 87 215
110 178 215
163 172 71
163 156 172
93 55 108
152 51 41
163 164 146
163 109 170
163 176 108
163 198 142
104 43 89
118 85 215
93 180 201
163 188 71
140 43 71
93 128 63
93 164 69
93 134 134
163 208 95
93 47 61
99 208 220
158 208 75
163 203 43
120 43 43
93 200 126
90 208 195
93 95 176
158 142 215
162 192 215
162 43 49
93 95 47
93 200 174
96 174 41
163 77 183
114 208 41
163 121 156
93 65 134
163 128 85
124 208 85
126 43 77
136 99 41
96 162 215
93 188 191
93 186 164
93 176 87
163 97 95
163 77 104
97 208 91
97 43 53
93 57 181
152 198 41
112 152 41
93 97 97
148 117 41
114 65 41
93 111 174
148 208 112
163 184 134
93 95 87
93 89 104
163 113 49
93 67 49
163 67 181
163 71 69
112 208 73
138 105 215
102 43 170
93 162 178
163 79 213
91 203 213
100 43 71
88 206 75
95 43 158
95 208 181
163 67 43
144 43 213
93 93 63
163 154 85
163 79 55
134 43 97
130 208 102
93 146 136
114 51 215
124 43 102
97 61 215
93 81 59
163 200 102
93 63 57
163 97 55
93 51 193
144 208 178
163 103 63
163 184 168
93 75 152
93 65 150
118 152 215
146 124 215
120 160 41
110 43 65
163 91 114
163 142 81
124 208 213
93 97 116
93 134 124
163 109 81
163 154 134
163 81 118
100 43 140
163 142 199
138 208 61
93 136 191
138 43 144
93 107 144
122 119 41
163 130 207
163 136 89
93 77 118
124 57 215
163 109 152
93 67 97
93 180 156
163 188 112
146 134 215
163 128 73
134 73 41
130 43 193
93 67 124
163 200 57
163 142 102
163 97 162
93 87 142
93 186 51
163 61 207
163 178 89
93 73 108
104 208 57
152 208 207
93 113 73
102 208 203
158 85 41
93 178 57
140 63 41
152 91 41
144 148 41
152 208 102
93 69 166
93 107 160
112 208 178
112 208 156
163 146 185
146 208 148
154 109 215
93 146 211
110 200 215
96 89 215
93 130 213
160 208 197
93 208 136
93 198 205
108 198 41
163 45 189
89 208 102
89 204 165
93 49 49
163 206 112
163 200 85
163 152 43
93 87 85
158 43 65
163 57 59
118 168 41
163 81 95
118 93 215
163 47 102
104 144 215
93 192 77
163 134 178
93 111 53
93 138 183
163 154 108
93 49 144
130 208 132
148 43 128
163 144 118
100 115 215
93 57 140
136 208 219
163 160 99
163 89 166
128 156 41
138 184 41
144 208 195
112 43 85
163 170 126
93 172 126
93 119 61
134 208 203
93 188 146
144 43 102
118 208 203
156 43 166
163 105 162
154 43 45
163 162 203
108 208 211
134 43 89
93 105 116
118 190 215
120 208 142
93 168 104
126 81 215
116 81 41
162 208 213
93 200 85
100 208 36
163 208 178
158 186 41
163 51 144
94 53 41
163 103 211
163 172 207
95 208 144
95 208 51
95 208 67
163 53 170
163 118 42
158 65 215
97 172 215
156 160 41
93 103 213
102 89 41
102 43 124
102 43 199
93 208 152
93 51 91
93 51 201
93 45 207
156 208 150
93 51 99
93 121 199
93 168 154
93 121 124
93 168 185
93 166 91
154 208 85
163 188 61
93 192 65
93 95 152
93 134 45
93 121 93
142 208 41
114 43 189
154 43 140
146 208 138
93 162 112
93 117 156
130 43 178
163 126 102
134 53 215
163 127 214
93 140 97
93 144 63
163 124 61
112 170 215
95 68 80
93 170 53
163 164 185
163 148 170
156 208 172
163 79 158
148 65 41
93 186 89
163 83 152
93 103 152
93 176 170
146 150 215
93 152 93
93 176 102
163 101 102
163 97 148
93 61 77
163 65 85
150 134 41
132 148 215
138 208 99
122 95 41
116 57 41
108 121 215
130 130 215
163 113 73
102 190 215
102 208 185
100 208 170
93 144 156
163 89 61
136 69 215
148 97 41
93 190 178
163 93 176
146 196 215
93 166 59
116 43 114
93 130 140
140 43 85
138 208 124
163 130 134
118 119 215
93 134 110
93 83 126
163 113 110
