-65 22 52
60 -53 -95
60 -64 81
-44 62 -96
60 60 1
-55 -52 -47
18 62 95
55 48 -96
-38 -65 82
29 -66 -7
-25 62 -13
-11 -10 -93
60 9 60
60 -4 -34
-12 -2 92
-66 17 -45
-48 -35 20
4 -66 -66
-45 62 95
23 62 -47
8 62 37
8 -66 48
60 -29 20
-65 -12 -90
59 61 61
44 -2 -93
13 -48 95
5 42 -93
60 -64 -47
-63 -13 87
-42 62 35
-38 -53 -93
-21 -66 -7
-49 23 6
55 -21 95
-50 62 -51
60 17 12
60 38 -51
32 19 92
-49 -15 -20
50 -66 37
17 62 -3
-48 25 -80
15 -40 -93
-48 22 94
-12 62 71
-33 -66 43
-15 62 -66
60 -25 -68
-48 -35 60
60 -38 -17
60 43 95
60 -35 58
-66 -4 25
-49 -15 -56
-54 -53 -11
-10 34 92
-33 -31 92
-23 -66 -45
-55 59 4
-48 38 -26
42 62 33
60 27 -19
60 9 -65
60 -65 6
8 -66 -32
36 -66 -74
60 36 39
-48 50 64
17 -15 92
14 12 -93
55 62 -30
27 62 -78
27 -66 73
0 -66 16
-19 23 -93
-66 -12 54
-4 -66 77
25 62 62
-12 62 14
60 13 90
60 61 -70
0 62 -28
-66 4 -7
60 -12 -3
-37 -22 -93
-42 -64 12
-40 -66 -68
41 -45 92
60 21 -93
-10 -53 -89
27 -66 23
32 -66 -47
41 -32 -93
60 -4 31
-15 62 -96
-55 -48 95
-48 32 33
44 62 83
-49 35 -56
60 34 69
52 -66 -19
-48 -35 -74
-15 -50 95
-50 -13 6
33 29 -93
-66 13 79
-55 -52 39
-66 11 -70
-17 62 46
60 -29 -42
-38 -6 92
-19 60 95
-48 -17 37
-66 -10 -38
60 -61 -72
-37 3 -93
-54 62 -22
-6 -27 92
21 -13 -93
60 -12 73
-48 52 -74
-41 -65 -27
-27 62 -45
17 38 92
60 42 16
34 62 -19
4 -66 -7
-48 -38 -28
60 38 -76
38 62 8
48 -66 60
60 -19 -93
-31 42 -93
-66 21 20
-55 -37 -96
-48 27 67
-15 -66 56
4 62 -78
8 6 92
-21 -66 25
60 17 -42
-66 21 -22
-31 42 92
60 -40 83
-25 17 92
-55 42 -95
-54 -53 73
60 -44 4
60 9 -9
60 -15 50
42 62 -57
-54 42 88
34 -52 -96
60 -50 25
-17 -66 -70
-33 62 12
19 62 18
29 -66 50
38 40 92
-66 -10 -68
15 -63 -83
8 62 75
2 62 -53
38 60 -96
15 60 -96
-33 62 77
60 -46 -57
-29 62 -80
40 0 92
-65 15 -90
60 48 -15
-50 -13 67
-5 -29 -93
-48 46 18
-73 5 44
60 57 39
-54 -32 -47
-6 62 -5
-10 -66 -26
60 15 41
-48 42 -5
60 -8 -55
0 50 92
60 -2 -82
-48 -29 79
-48 -29 -7
36 -23 92
60 -48 -36
60 32 -1
0 62 56
60 -19 -21
57 62 20
-48 -17 -78
-54 39 50
-55 -53 -79
-42 -56 58
-36 -50 95
32 -66 -26
-55 -48 8
60 -48 43
-31 62 58
-4 -66 -47
-54 62 50
-49 23 -13
-50 22 -36
-24 -41 -93
-41 -65 -46
42 -66 10
-66 -12 -15
44 62 52
60 55 79
-52 2 85
60 -50 69
-36 62 -61
60 -35 -82
27 62 43
60 -29 39
60 -2 12
-23 -17 92
-66 4 -28
-5 7 -93
60 59 -47
25 46 -93
-8 -66 39
60 42 -32
-29 -65 -83
-65 22 -3
17 -66 6
13 -63 82
-66 -2 69
-48 -35 41
-29 -66 67
42 -64 82
48 25 92
-48 52 -36
48 -66 -59
21 -66 -61
11 -31 92
17 62 -24
-50 -23 95
-42 -56 29
1 26 -93
58 61 94
-14 39 -93
-66 -8 8
-42 -64 -7
-55 59 81
-49 15 -96
-8 17 92
60 -52 95
60 25 -63
38 62 -38
60 44 54
-17 62 -30
4 62 10
13 -66 31
11 -66 64
-66 -2 -53
60 -4 87
50 62 -84
-21 -64 82
25 62 79
42 15 -93
-50 -53 -63
-55 60 25
48 -61 -83
-2 -66 -82
6 -5 -93
-48 -19 -38
-55 -53 -29
-38 62 -28
60 27 25
46 62 -9
-49 23 48
-49 -8 -96
17 32 -93
-61 22 -59
6 -53 -95
60 13 -26
2 -8 92
-10 62 31
21 62 -63
-27 62 29
60 19 75
60 -29 -3
15 -66 -47
-42 62 -11
25 -54 85
-48 -19 20
-38 29 -93
37 -17 -93
28 5 -93
60 -65 23
-39 -37 -93
34 60 95
-66 17 37
58 4 -96
-56 2 -87
-66 6 12
25 -35 92
-25 -66 8
60 23 56
48 35 -93
40 62 69
13 21 92
-25 -66 -21
60 0 46
60 -54 -13
-55 39 -41
-22 6 -93
-8 -66 4
17 -66 -15
-19 -35 92
-48 -23 52
-55 -48 54
-52 -52 -96
-48 48 37
-54 62 -84
-2 -53 87
60 48 -63
-29 57 -96
60 -27 71
-48 29 81
36 -66 35
60 13 -80
25 -2 92
50 -66 -34
60 -2 -19
6 62 -13
-23 62 2
-8 62 -42
-55 -50 22
-63 22 67
-55 -23 -91
60 -63 48
-66 -12 39
-15 62 -80
60 -15 20
26 -30 -93
57 -33 -96
7 -23 -93
60 46 -1
-48 50 -59
-48 -35 -59
-43 -55 -37
29 -56 -83
-50 -13 81
-72 3 -41
11 62 -40
60 50 -82
-17 46 92
60 2 75
60 11 25
-48 38 -74
-48 29 18
60 61 -95
-42 -59 -80
-66 2 88
-55 61 -66
-4 62 85
-36 27 92
-48 -44 83
-61 22 -76
40 46 -93
58 62 -15
27 48 92
-48 42 75
-27 -66 -61
-43 -55 45
-4 53 -93
60 -44 -72
60 -12 -74
60 29 83
-31 62 43
-15 -66 -55
32 62 25
60 46 31
44 -66 25
60 -21 8
-54 27 -96
-50 22 -51
-43 -55 3
49 -45 -94
-48 50 -17
48 52 92
60 4 -51
-48 -42 -3
40 62 -74
60 29 -38
48 -66 -7
-33 6 92
-2 -40 92
60 -17 35
44 13 92
1 -41 -93
-50 22 -68
-54 22 27
-47 -36 93
-54 62 69
-32 15 -93
-56 -13 -7
57 -35 95
-64 21 88
-54 11 95
60 -31 -55
-17 62 -53
4 36 92
0 62 -66
60 -56 -26
-31 62 90
-40 62 -40
-8 62 -17
-4 62 43
60 -17 -36
-44 62 60
60 -59 -59
-36 -19 92
-15 62 58
-33 -66 27
2 62 22
-25 -4 92
42 -66 48
-17 -66 69
60 46 67
60 42 81
21 -53 -95
60 36 -91
-55 60 -9
60 -27 85
-23 31 92
24 20 -93
-4 -66 64
13 62 62
13 50 92
-42 62 2
6 62 95
44 62 20
-11 -41 -93
29 -66 10
-8 -66 27
60 -29 -30
60 19 -1
13 -66 18
60 -50 56
46 -12 92
-66 -2 -80
-54 -10 95
-29 -12 -93
44 -33 92
-48 -27 -19
-23 -53 -91
-20 -29 -93
55 62 -59
60 -65 69
-66 11 62
-41 -65 69
-42 -56 -55
-63 -13 75
-55 55 93
60 -56 14
34 -66 62
-48 -42 71
21 62 33
-29 -66 -34
60 -23 -80
17 62 50
60 -21 60
-48 48 6
-48 -25 -65
27 62 -9
-6 -66 -13
-48 -42 -86
-66 6 31
55 -8 -96
50 62 10
27 62 -32
48 62 -47
27 32 92
-66 11 -55
38 -66 -36
-48 -44 -17
-48 -27 31
-61 -13 18
-56 21 77
-48 44 -84
-61 -13 -78
-25 -53 90
-42 62 -82
-48 -42 -42
17 62 -84
60 -48 -84
-44 -54 -24
48 -66 -47
32 -40 -93
-43 -55 80
46 -54 85
-14 -65 -83
4 62 -91
60 -64 -7
-52 -13 -68
60 -42 33
60 -4 64
-48 -33 6
60 6 4
40 -66 -17
59 -65 -83
34 -10 92
-40 50 92
-44 36 92
-46 -53 14
-48 -25 67
54 4 95
-17 50 -93
-52 -13 48
60 27 95
-65 22 -34
-66 11 -17
27 -48 95
60 -52 83
-59 -13 31
-63 -13 -53
1 -55 -84
-44 62 83
13 -4 92
60 27 -80
60 15 -55
60 38 -11
-31 -66 -3
6 -19 92
0 25 92
27 62 4
44 62 -26
60 -42 -47
60 -40 16
-23 62 18
19 11 92
-12 -66 14
60 -59 37
60 53 -26
23 -66 35
60 6 -38
-66 17 8
-44 62 16
60 53 12
-15 -66 -36
-48 48 -47
50 -66 75
-27 32 -93
-48 -27 -82
48 -23 -93
-55 53 -96
-2 2 92
-44 40 -94
33 -7 -93
49 24 -93
25 62 -93
52 36 92
-69 2 54
-55 60 -40
-50 15 85
-29 -42 92
60 60 50
-54 17 -87
-55 -53 84
-65 -13 -28
-50 -46 -55
-48 52 50
-54 -10 -87
60 25 43
-38 62 -72
-23 62 69
-2 62 69
-10 -12 92
23 -66 60
-48 38 64
-36 -66 54
46 -66 -72
60 -6 -45
-48 32 -3
15 62 -74
-66 -6 -5
32 62 -55
-27 62 -70
-38 62 -51
-38 17 92
-27 62 -26
-23 -66 41
34 -66 -57
-42 62 50
2 -66 29
-15 62 83
6 -66 -17
4 62 -3
19 -66 -30
60 48 -45
60 -61 58
-48 40 -15
-56 21 16
-66 0 -65
60 -15 83
-55 57 14
-50 22 -24
-55 57 37
-14 13 -93
-54 34 95
32 -63 82
48 59 -96
-17 -55 83
12 50 -93
-54 -13 -32
-48 2 -96
-49 -29 -38
-54 38 39
-54 21 37
60 38 -63
-15 9 92
60 -27 52
48 62 41
36 62 58
15 -66 -70
-2 -66 -57
60 -52 -49
-48 36 10
-6 -66 -70
34 9 92
11 62 -59
-31 -66 16
60 -4 -9
60 -44 -26
60 -38 71
-31 -66 -51
-48 -42 33
60 25 -53
60 -2 -72
60 -19 -55
60 34 56
19 -66 50
60 27 12
2 -66 39
60 23 -30
36 62 -84
-27 62 -55
48 62 -68
-48 42 29
50 -66 16
-31 -66 -13
-4 -66 -36
34 62 -66
60 -54 -3
38 62 -3
-8 60 95
60 -19 -11
-17 62 -7
60 21 33
50 62 75
-6 62 -86
-17 -25 92
23 -66 -40
-48 -27 14
13 62 27
38 -66 73
-66 11 -80
60 57 29
52 13 -94
-27 52 92
-42 -63 37
-48 52 -7
23 -66 -78
-48 29 56
-66 11 -36
25 -23 92
52 -45 93
60 53 90
-66 -4 79
-47 -2 93
-48 -25 -55
-4 -50 -96
6 -66 -76
-31 -56 82
60 -59 -38
44 -53 -91
-48 62 -32
-43 -55 -10
-54 21 -5
16 -29 -93
18 2 -93
-45 51 -94
-66 21 -68
-66 -2 -17
-55 -31 52
-49 -45 -70
-55 -28 39
60 55 -7
-52 -53 62
-2 35 -93
-46 -53 93
4 16 -93
60 -11 95
-66 13 48
-48 52 85
8 -53 87
-48 29 -42
-52 -13 -47
-42 -64 -17
-61 22 -13
45 62 94
-44 -54 -72
12 24 -93
-10 27 -93
-55 57 58
-40 -42 92
7 5 -93
59 -66 -28
-49 9 -88
2 -61 82
-49 54 -26
59 61 72
-66 1 -89
32 14 -93
-17 -48 -96
-29 -48 -96
8 62 85
15 -54 -86
-50 -46 46
34 -53 90
-21 62 -89
47 -14 -93
-48 -53 -86
-62 12 88
-66 -2 41
-52 22 60
-55 -28 89
60 -40 48
27 -66 -17
60 -10 -89
-4 -66 48
11 -66 -55
15 -66 73
52 62 33
-42 62 73
-21 62 37
-42 -27 92
-25 -66 58
60 -38 -34
38 62 41
36 62 79
60 44 43
60 17 -72
-8 62 -57
60 0 -59
-4 62 6
60 23 -11
50 62 -1
4 -66 8
15 62 10
4 -66 73
-61 -13 2
0 62 33
60 6 37
38 -66 2
-33 62 -3
21 -66 -3
17 62 71
60 0 56
0 -66 -28
60 0 23
-4 62 -74
0 -66 56
15 62 -51
-33 62 -89
60 55 -55
60 -8 39
-23 62 54
-36 -66 -76
-38 62 27
27 62 14
23 23 92
36 27 92
-48 34 -34
60 38 -24
23 -66 -51
60 -25 29
42 -66 -28
19 62 -13
15 -40 92
-55 -39 89
-48 -44 16
-48 -17 -9
50 62 60
-40 -66 -55
-48 -40 52
-49 54 -85
40 -64 -83
4 -47 95
60 -44 -93
0 13 92
-48 25 -59
-48 47 94
-54 27 88
-55 -47 -36
-50 -53 -3
-50 62 -76
-44 -54 67
39 5 -93
57 -66 -55
-49 -3 -87
-42 -64 48
-46 -14 92
-46 7 92
-46 -22 -95
-55 40 -51
29 -20 -93
31 55 -94
-49 54 76
9 34 -93
-66 21 75
32 40 -93
40 -46 -95
-66 -8 62
60 -40 -63
60 -50 -66
-25 62 83
38 62 -49
32 62 35
29 -66 -68
-21 62 -38
-48 44 -68
-31 62 -34
60 -35 27
60 15 67
15 -66 41
60 9 81
6 62 50
-66 0 2
11 -66 -1
-14 23 92
-8 62 52
60 -29 -89
60 53 60
57 -66 31
-21 -66 -30
-27 -66 33
-17 -66 35
-27 -25 92
36 -66 16
-38 -66 4
-4 40 92
-66 6 73
-23 -59 -83
60 -10 58
-23 -66 -76
-48 44 58
57 -66 -66
-59 -4 86
-48 -38 -11
-48 52 25
-48 -23 85
-56 22 -45
-59 -13 58
-37 -7 -93
-42 -64 25
-48 32 -86
-15 -2 -93
40 23 -93
34 -31 92
-52 -31 -89
23 -44 -94
-46 -53 -47
-59 22 4
-10 -61 82
52 -61 82
-48 29 -19
-49 -15 28
17 -25 92
60 61 -86
29 62 87
-48 -38 -51
-63 22 -84
60 -2 2
60 -29 -19
32 62 71
60 -10 -24
-33 62 -15
60 -33 -70
-15 62 4
6 44 92
2 62 -36
-8 62 22
36 50 92
50 -66 50
60 -15 -65
60 40 -40
60 57 -38
-29 -66 -70
19 -53 92
-19 -66 -15
-12 -66 -45
52 -53 -89
-59 -13 10
-66 -4 -30
-23 4 92
-8 62 -32
50 -66 2
60 21 87
60 -35 -9
-4 -66 -5
4 -66 -45
8 62 -26
-17 62 -19
52 62 85
-63 22 29
29 62 -40
-46 62 25
52 62 -38
60 19 20
-10 -38 92
-44 62 -59
36 62 16
25 62 -22
40 -66 -49
29 62 52
-48 36 -65
44 -21 92
-27 -66 50
60 -52 6
60 36 10
38 -66 -9
-66 9 20
-17 -66 6
-48 -25 4
60 9 16
60 -29 10
0 62 -45
36 62 -11
60 15 -34
60 -46 -15
60 46 -74
36 62 -28
60 25 67
60 -10 10
60 -15 -47
60 -56 -82
32 -66 -82
-48 -42 8
-8 52 92
-61 -13 -45
-49 -15 55
46 42 92
52 -6 92
-6 -48 95
-48 -44 62
-48 -21 77
48 -53 93
-66 -8 -59
23 -64 82
-46 -53 37
-48 44 46
-56 -13 -59
-56 -13 -24
-52 -53 -19
-71 7 -49
58 29 -96
-49 -17 -88
-6 -59 -83
53 15 93
-6 60 -96
-52 62 -95
-55 -16 -96
25 57 95
17 62 -32
-48 -25 -47
17 40 -93
13 29 92
60 29 33
60 44 -91
-55 -50 31
-23 -66 16
-55 -53 -71
60 9 -17
60 -65 -15
2 -31 92
-5 16 -93
-2 -19 92
-66 13 -28
-2 62 77
11 -66 56
36 -66 27
-56 -13 -15
-48 -35 -19
-48 -27 -28
15 -66 -38
-23 42 -93
0 62 -19
23 62 -55
-12 -66 -7
-48 -23 43
-66 -4 16
-23 -66 -53
-48 38 18
17 62 41
17 62 79
60 -59 75
-48 62 8
55 -66 -76
-43 -14 -94
-66 -2 -45
60 -59 29
32 -42 92
14 -7 -93
49 -37 -93
60 -28 95
-55 59 -57
-37 52 -93
-50 -8 88
-42 -56 20
-55 -46 -91
-49 23 -88
-46 -46 -96
48 44 -93
-55 9 -96
60 4 90
-46 32 -95
50 62 -17
