38 -31 -63
-39 87 73
-40 -98 73
-39 89 -73
38 -6 55
38 85 1
-40 -97 -36
-40 10 -9
38 -94 19
38 52 -74
-40 4 72
-37 -30 -74
36 66 73
-35 90 0
20 -98 -72
38 14 -12
-40 -53 21
17 -65 73
-23 30 -74
38 -39 3
-40 44 34
10 90 -47
-16 -98 11
2 90 41
-39 -47 73
38 -79 -29
4 27 73
38 38 32
-40 -36 -26
-40 52 -30
-22 -76 -74
18 10 -74
0 -19 73
38 55 -30
-40 -8 31
1 -98 -28
10 -98 49
38 -50 42
-40 2 -48
-32 43 73
0 63 -74
2 -41 -74
2 90 -8
-3 67 73
-40 -87 37
38 -97 73
38 77 37
-40 81 37
-29 90 -37
-40 -70 -12
38 -19 -27
38 -67 -64
38 -4 19
38 90 -68
38 31 70
38 25 -48
-11 -8 -74
-16 -73 73
-40 -59 -52
38 -35 72
-41 56 3
-40 58 -65
38 54 3
38 86 -33
14 -98 0
-40 -27 5
38 -49 -32
-40 -34 46
19 90 67
38 -80 45
8 -71 -74
-40 31 -50
38 -4 -52
-16 -98 -56
-11 90 -66
-11 -46 73
38 -98 -50
38 -65 14
5 35 -74
-13 90 17
-40 18 48
-40 19 17
-32 -98 -11
-40 -66 54
23 8 73
16 90 18
-2 -98 73
17 -17 -74
-37 -3 -74
-40 61 54
-15 90 62
38 -98 -11
-40 -95 -73
-18 -98 42
-40 -86 11
-13 7 73
38 -24 36
38 68 -52
18 47 73
-31 -23 73
13 89 -74
-24 -52 -74
-40 -24 -50
38 56 49
38 28 -74
38 26 10
14 -38 73
38 15 40
-40 27 -26
38 -63 -10
-40 71 -15
-40 -7 -26
25 -48 -74
-40 -49 -3
38 -8 -3
38 -64 64
14 -98 23
-24 72 -74
-40 -10 53
-3 -92 -74
-40 74 -50
27 -98 -31
-40 74 15
-3 90 -29
-3 14 -74
38 0 -74
38 8 -33
38 33 -27
29 -16 73
38 59 24
-25 64 73
-40 34 1
38 83 57
-10 46 73
-21 90 41
38 72 -16
17 90 -22
-40 -81 -57
-40 -57 -30
-40 -66 -73
17 -90 73
-40 18 -70
-40 -75 73
38 -86 -74
33 -98 53
24 68 -74
38 47 -53
-40 25 68
-17 49 -74
-40 -3 7
38 -41 23
-21 90 -19
14 -98 -52
24 90 45
-14 -28 -74
38 89 20
38 -49 -54
-40 -29 24
-40 -76 -31
38 -66 -45
38 -32 -43
-40 41 55
38 12 61
-40 38 -71
-22 8 -74
-21 -98 69
16 50 -74
15 72 73
38 -35 -16
38 37 -9
1 85 73
-20 25 73
38 -31 53
38 -23 12
7 -1 73
-33 90 55
-40 89 -19
20 90 -2
-40 -69 31
-9 -62 -74
38 -84 4
-10 90 -47
-40 63 36
-40 -86 55
28 -98 35
-16 -98 -20
31 90 -50
-40 -67 10
-1 -62 73
-40 -21 -14
-40 -54 41
38 -66 33
-32 90 20
-28 90 -58
38 31 49
33 -79 73
38 48 66
-40 -43 -62
-25 -57 73
-40 -40 -44
-40 43 16
38 72 13
21 26 73
-18 90 -1
29 -52 73
38 11 -60
-40 42 -15
38 13 22
35 90 -16
-40 77 -31
-23 -94 -74
36 -18 -74
-40 9 34
5 -1 -74
-40 50 -50
24 -75 -74
-40 -97 23
5 -77 73
38 -2 36
19 -98 -16
-40 69 69
38 -2 73
38 88 73
21 27 -74
2 -23 -74
38 -82 -50
6 90 57
1 -98 -9
-40 27 32
-40 -17 -64
38 -4 -20
-16 78 73
-19 -13 73
-40 14 -37
38 41 14
-40 71 -74
-2 -98 -49
31 -98 3
-28 -98 55
38 10 7
-40 59 19
38 -79 22
10 -55 -74
2 90 11
38 -46 59
-40 -32 62
38 56 -13
38 74 -69
-16 -98 -35
-40 -6 -9
-40 -40 12
29 40 -74
-2 79 -74
-40 -61 69
20 -98 60
-40 -47 57
-40 -95 -53
-40 -22 -30
-27 -37 73
38 -83 -12
-16 -98 27
25 90 31
22 90 -37
-13 -27 73
-26 -20 -74
-40 89 -48
-40 -86 -13
15 -35 -74
3 90 -60
-40 7 -23
38 -6 -36
-40 15 -54
-40 3 47
38 -55 -73
6 56 73
38 -24 -7
4 90 26
-40 64 -40
38 -64 -27
38 70 50
-2 48 -74
-8 -77 -74
38 -19 -53
38 -79 59
-39 -81 -74
38 -97 -65
-24 87 -74
-40 19 3
14 -16 73
38 -54 3
-28 -84 73
10 13 73
-40 -16 18
-40 -50 -18
38 -91 -36
-40 54 67
10 -53 73
38 -62 49
-10 -98 60
-27 -1 73
38 -52 -18
-40 26 -11
-8 28 -74
38 -20 62
-40 77 50
-12 -87 73
38 68 0
-40 41 -38
-32 -98 12
-29 59 -74
-31 15 73
1 -98 29
24 -29 73
-25 90 71
-14 -42 -74
-40 1 20
10 72 -74
-40 -19 40
-40 12 61
-40 -41 31
6 41 73
23 -4 -74
-7 -6 73
12 -98 -36
-40 -34 -11
-40 -14 67
32 13 -74
10 -89 -74
38 38 -64
-24 -5 -74
38 73 -35
26 -98 16
-40 77 2
28 90 9
38 10 -47
-40 -79 0
-40 -9 -41
38 27 23
38 19 -26
22 61 73
-40 34 44
-40 -82 24
38 -32 -29
-40 -97 -23
0 -32 73
26 -98 -45
38 81 -57
38 61 -63
-13 90 31
37 90 44
38 -55 22
-20 38 73
-40 -74 44
38 -96 -24
38 42 -36
-40 50 46
-40 6 -63
-40 -53 -71
19 90 -62
9 90 -33
26 85 -74
38 -91 37
-7 90 -17
38 16 73
-28 42 -74
-9 90 50
21 -61 -74
38 5 49
-40 80 -61
32 -36 -74
38 44 43
-26 90 9
4 -98 -65
38 -9 -64
-27 -64 -74
-40 -73 -44
-22 51 73
9 -98 67
26 81 73
-40 -97 44
38 -17 48
-31 -41 -74
28 -98 -58
38 57 -43
38 24 -2
-40 40 -59
-18 90 -31
38 61 61
38 -43 -65
14 90 36
-5 18 73
38 -14 28
38 4 -4
38 -71 3
38 46 -21
30 -66 73
38 60 37
20 -77 73
-33 90 43
31 40 73
-40 -23 53
22 -98 47
-40 80 63
26 -98 73
-40 -86 -41
-40 57 -19
38 76 24
38 -37 35
-40 29 -63
24 -4 73
38 -91 61
38 25 59
-40 -17 -2
-40 9 9
38 77 69
-29 -70 73
-39 90 -31
-40 -29 -62
-40 37 67
38 -83 -62
26 -89 -74
-40 28 56
-30 90 -12
10 24 -74
-5 90 2
38 -47 12
38 -11 8
-12 66 -74
-13 59 73
38 -27 24
-40 62 -53
1 -98 41
38 -16 -15
-31 30 73
-29 17 -74
-40 32 18
38 -55 -43
-40 -4 -58
-40 1 -35
38 -72 -17
-40 -60 -7
-13 -60 73
38 -47 -8
-18 19 -74
-40 50 -74
-40 85 13
-13 -98 -70
29 90 57
12 -98 37
38 90 32
-40 -87 67
-40 -56 9
-40 65 -28
38 36 3
-38 -35 73
-9 35 73
38 -37 -53
36 -74 -74
38 27 35
-40 1 61
-40 74 26
-40 30 -38
38 54 14
-40 89 29
-10 89 73
38 24 -63
-40 45 -1
38 67 -26
38 -47 71
7 -13 -74
38 -35 13
28 90 -26
-13 39 -74
38 38 -47
38 9 -22
10 -26 73
-37 8 -74
-40 65 9
-28 79 73
38 -58 73
6 -90 73
-40 69 -61
-11 6 -74
-40 -63 -20
-1 6 73
-40 64 -7
-40 18 -19
38 38 62
38 80 -44
-32 79 -74
-40 83 -10
-31 -98 65
2 89 -74
-40 -64 20
13 90 8
-20 90 -50
0 -50 73
-40 -62 -42
12 82 73
-40 -51 -41
38 -57 -61
-40 -13 -51
38 27 -13
13 90 47
3 90 -20
28 51 -74
16 35 73
38 25 -35
-40 -31 -38
-40 -6 42
11 90 -13
-40 -46 -31
-26 -32 -74
38 80 -9
-40 -29 37
-40 -73 63
-36 28 -74
23 -98 -6
38 -89 50
32 -63 -74
-40 -36 0
-40 -87 -29
14 -98 12
15 -98 -26
-36 -15 -74
38 -25 73
-21 -47 73
-28 90 -27
-8 -52 -74
24 -39 73
-31 -13 73
-16 80 -74
-40 -76 -20
-40 51 -10
38 47 -5
-26 90 29
38 80 -25
16 40 -74
15 -46 -74
38 18 51
38 47 55
38 -37 45
38 4 28
3 75 73
-32 -98 0
18 79 -74
34 62 -74
38 48 -64
-40 -93 4
24 -24 -74
9 58 -74
32 90 -60
38 -70 -54
28 17 73
-17 -36 73
30 90 -7
-4 -32 -74
4 -81 -74
38 -25 -19
-40 71 58
-40 55 29
-40 -44 45
-19 90 52
1 90 -43
38 0 10
17 90 56
-32 -89 -74
38 -90 -4
-40 -72 -65
-40 83 -40
38 -9 66
-43 -69 1
-40 -62 -64
11 -98 -11
34 -98 27
38 -71 52
-40 -63 45
38 -53 33
8 -68 73
38 -82 -40
-40 -20 28
19 -49 73
-40 -71 -54
-10 90 40
7 14 -74
38 -27 3
-40 -25 15
33 57 73
38 -84 14
38 -87 28
-40 39 25
-33 59 73
38 48 22
-38 90 -59
-40 -1 -17
18 -98 -61
-40 20 -46
-40 -24 67
-3 -72 73
-12 -87 -74
38 62 9
38 -71 -36
38 -40 -37
33 -89 73
-32 -98 -41
24 -98 26
-38 90 64
31 -98 -71
38 -42 -22
18 -83 -74
-40 -93 -7
-40 79 -22
21 90 -48
-18 90 -59
-40 -55 31
-40 10 22
-12 -19 -74
-8 57 -74
-5 90 23
-1 -68 -74
-40 3 0
-2 -85 73
-40 -95 53
-40 51 56
38 50 35
38 -90 -56
38 -60 40
-40 -57 52
-40 -47 -51
38 32 -54
38 1 -64
12 63 73
38 -10 41
-18 -60 -74
0 48 73
-15 90 8
-32 -74 -74
31 -98 65
38 90 11
35 -98 11
-40 -73 19
-19 15 73
-40 54 -40
38 -79 36
-40 87 49
38 -37 -7
-11 90 -37
-40 -76 9
38 -18 -44
-40 19 39
-40 -67 -30
-40 62 45
38 64 -36
38 57 -54
-22 -24 73
-40 -94 -62
32 90 -41
-40 -85 46
-40 48 -64
-22 90 18
-29 90 -49
-20 60 -74
30 90 67
38 -69 23
-38 77 73
-40 -39 -73
-13 68 73
-25 90 62
-40 -40 21
24 72 73
36 -27 -74
-40 74 -41
38 -55 59
-4 -1 -74
10 90 67
-31 90 -67
-40 -40 -18
-5 -98 -64
4 -41 73
-40 -16 -22
-40 73 42
1 -56 -74
38 -28 44
6 -11 73
38 68 29
38 -72 68
-40 1 30
-40 30 9
38 -50 51
-23 7 73
-3 -15 -74
-40 47 8
32 -8 -74
-40 44 -26
-40 14 72
-21 -98 -65
18 -98 69
10 -98 -73
22 -98 6
-11 -98 69
38 82 -74
-40 -52 66
35 6 73
-43 -8 0
-32 -93 73
-40 -54 -59
38 -77 -4
-19 -13 -74
12 -83 73
-40 35 -20
38 -25 -37
38 18 30
15 65 -74
38 -9 -27
38 3 -42
-7 80 73
38 43 -71
38 16 14
13 -64 -74
38 -17 19
-3 57 73
15 -1 -74
38 80 10
-40 -5 70
6 45 -74
38 -1 63
-10 -15 73
-16 -1 73
38 74 61
38 68 40
-40 35 35
-40 17 -29
15 5 73
31 26 73
38 38 -18
38 -22 -61
0 90 -52
38 -63 0
7 90 18
38 24 43
-32 -52 73
38 89 64
38 65 18
-27 90 49
38 16 -53
-40 -34 -50
38 35 20
38 -60 -51
38 -68 43
9 -29 -74
38 60 -3
38 -85 67
-21 90 -39
25 -98 -22
38 -15 73
38 -98 -2
-5 90 66
-40 -95 13
11 -98 58
9 90 -66
38 -27 -51
-40 -22 -42
38 -33 62
-40 -76 36
-40 -83 -49
16 -6 73
-3 90 32
38 18 5
38 79 45
-3 37 -74
38 4 -54
-40 -14 -32
30 25 -74
-40 63 63
-27 90 -2
-20 -85 -74
38 33 41
-40 17 31
-40 66 24
38 14 -68
-23 -91 73
-40 -6 -66
38 89 -7
10 -98 -44
38 -98 -41
2 -98 -57
28 -98 -14
35 -98 -33
38 -98 41
-15 89 -74
9 81 -74
-13 -69 -74
38 -8 -45
-4 -39 73
38 -73 15
38 -60 -19
-40 -91 30
-40 34 -10
-40 -32 -19
38 -47 -74
11 23 73
-40 80 -71
38 -87 -19
38 -59 -35
0 90 51
2 23 -74
-40 14 -62
38 65 -12
-40 -25 -3
3 90 1
-10 90 -58
38 -55 -5
38 -1 -28
38 -2 45
2 14 73
-10 26 73
-7 87 -74
-4 70 -74
38 -16 1
38 -41 -46
-40 81 22
-40 -85 -64
-40 45 63
15 90 -55
30 -55 -74
24 -86 73
-21 -64 73
38 46 -44
-40 50 21
-40 55 -57
-40 -62 35
-40 10 42
-16 -51 -74
38 -17 -35
38 69 -62
-24 72 73
-22 -41 -74
38 -57 13
38 -90 -45
38 45 7
-40 -40 67
19 -98 33
-40 20 61
-40 39 8
38 46 -29
-9 90 -9
38 4 -13
19 90 -13
-40 -74 54
-33 90 35
-32 -98 -33
26 77 -74
-20 90 -67
-39 32 73
-23 -98 48
21 -98 -39
38 89 -23
38 82 -17
-16 90 -13
22 40 73
38 62 -20
-40 26 44
38 16 -42
-40 -40 52
35 90 52
-11 90 -24
-40 72 -4
-40 -20 9
22 -21 73
-40 -13 -14
-40 8 53
-40 -17 48
-40 47 72
38 31 -41
22 45 -74
38 -40 66
31 90 24
-10 -79 73
-38 58 -74
-40 -24 -69
37 45 73
-40 56 11
38 -97 -74
-33 -98 20
38 8 -74
13 33 -74
17 16 73
-34 66 -74
-40 89 6
4 64 73
38 -3 -10
38 8 37
-40 -10 10
29 90 -67
-40 24 -53
-40 23 24
-40 -25 -23
19 58 -74
-18 -54 73
-40 -21 -57
28 47 73
28 33 73
-31 69 73
38 -75 -66
38 -36 -69
-40 -95 66
38 89 -51
-40 -62 3
14 90 26
29 -98 43
32 -82 -74
-36 -66 73
-36 -85 73
38 36 -74
38 -98 58
32 -43 73
-33 90 70
-40 72 34
38 -62 25
-40 -6 23
-40 -16 59
17 -53 -74
38 3 17
15 -73 -74
-5 90 13
38 73 -46
38 -71 -25
16 17 -74
23 90 16
-31 51 -74
-40 -48 14
38 40 53
-40 28 -18
-40 -42 5
38 16 -4
-10 46 -74
28 90 -14
-40 17 -11
-23 90 -10
-40 -79 -11
8 -60 73
-40 4 -56
38 -11 -57
-40 -52 -11
38 77 52
17 -26 -74
-40 -36 -64
30 90 -33
-40 -59 59
-40 9 -46
13 54 73
-13 13 -74
38 -90 -67
38 81 -66
27 -98 56
-32 -77 73
-40 -90 -47
38 -55 -28
-40 -39 -56
33 90 38
-10 -68 73
34 70 -74
-3 -84 -74
38 -77 8
21 3 -74
23 -13 -74
38 3 56
-40 11 -17
38 71 -8
-30 -9 -74
-40 -87 0
-1 90 59
-37 -17 73
-31 4 -74
1 -8 -74
-28 -83 -74
38 80 18
-40 44 42
-27 22 73
-20 90 33
-40 -39 -35
38 41 -57
-40 55 40
36 20 -74
-22 -77 73
-40 63 -15
-16 72 -74
-40 0 38
-40 22 -4
-7 -54 73
16 -57 73
38 -61 -68
23 -61 73
20 85 73
38 -75 -44
-17 86 73
33 -98 -19
21 90 37
-36 -98 38
34 73 73
38 -67 73
-40 63 2
-8 -93 73
38 -86 -30
26 61 -74
38 62 53
-29 50 73
-40 -88 -22
-40 41 -52
-40 67 50
-40 67 -48
38 33 56
-40 45 -45
38 51 -37
25 90 -55
-40 -39 40
38 -19 41
-40 36 -44
-40 3 -10
4 52 -74
2 9 -74
38 28 -20
-15 90 45
-11 20 -74
