-2 -27 -90
49 78 88
-44 -90 80
-51 79 -12
50 -29 23
50 78 -73
-51 23 89
-51 -25 -1
-49 44 -90
40 -91 79
50 55 7
46 -77 -46
-41 -92 -78
29 4 88
50 3 -46
-18 79 54
-4 -77 19
-20 -33 88
11 34 -90
-51 -9 -59
7 79 -32
-51 28 27
-43 -77 -22
51 -42 -88
-51 -46 48
11 -77 -87
-12 79 -81
50 20 44
-4 44 88
46 -77 5
50 -42 87
-51 36 -38
-49 -46 -90
-50 74 89
31 79 44
0 -77 -42
-2 -77 66
50 -39 -22
-10 79 9
48 8 -90
50 12 -3
50 46 -36
-49 79 -57
50 -66 46
-24 10 -90
-51 -5 56
-47 -77 19
-51 70 32
51 38 84
-51 -48 -47
50 -15 60
9 79 82
-12 4 88
-51 -53 86
-51 12 -6
44 79 -20
50 42 -73
11 -52 88
-51 47 60
46 -77 -83
15 -77 -10
21 67 -90
50 -31 -55
-18 -60 -90
-51 46 -4
-45 -11 88
23 79 5
-32 -77 48
50 53 54
-43 77 -90
17 -1 -90
21 -77 40
-26 79 -32
-32 -77 -51
-51 -3 25
-45 -13 -90
-20 -64 88
-18 47 -90
-51 16 -77
21 79 -59
-51 -9 -28
-20 71 89
13 -21 89
-51 -54 -4
25 51 88
19 -46 -90
-14 -77 -8
-49 79 60
50 -14 88
50 1 23
3 79 37
-10 -77 -69
48 78 23
50 -11 -18
-51 51 -61
-51 -66 -71
-32 46 88
50 -66 -20
-51 -44 21
50 10 70
50 -48 3
23 -77 -59
51 -66 74
51 70 -47
-51 63 -34
41 -17 -90
-51 -68 64
50 32 21
-51 22 52
50 -40 54
-10 79 -55
19 -77 80
15 26 88
-36 79 11
50 36 -12
50 -56 -67
49 78 61
-51 -29 72
-28 -31 -90
23 -77 -34
-51 -37 -26
-51 -25 37
50 -9 -67
33 46 -90
-51 -31 -71
50 16 -65
50 -52 -42
-8 -77 42
-51 12 -42
19 -77 13
-20 79 31
51 20 -30
50 55 31
-10 79 -14
50 -56 25
-51 49 19
-51 -68 40
33 -77 60
35 -60 88
29 79 70
-26 22 88
-2 16 -90
31 79 -38
41 -77 27
3 79 60
0 61 -90
50 -17 3
-38 -74 -90
-51 -71 -43
-22 -77 -32
-32 79 -71
-34 -77 1
-26 -77 72
50 59 -89
0 -74 89
31 24 -90
-51 51 82
44 79 1
31 -35 88
50 59 -14
-51 -27 -47
31 -64 -90
31 -90 -78
50 59 78
21 -25 -90
-26 -77 21
50 34 -53
-36 28 -90
-51 10 70
-16 -11 -90
-51 30 -61
44 18 88
50 32 64
-32 79 74
7 -1 88
-51 30 -18
7 79 -75
-51 67 5
50 -9 40
13 79 -12
-36 79 44
-42 -72 89
35 -77 -14
0 -50 -90
-40 -37 88
-51 -58 -24
-51 44 40
39 78 -89
29 73 89
21 79 25
-30 -77 -71
0 -37 88
-4 24 88
-26 -11 88
50 53 -57
-51 -3 5
-34 59 -90
-6 -15 88
-51 65 -75
50 29 -89
7 59 88
-38 6 88
-51 30 70
-8 -76 -89
-32 79 -12
33 34 88
51 75 43
-51 22 9
-51 63 50
50 40 40
-51 6 40
-51 -73 -1
50 -33 72
-51 -50 68
0 -77 -20
50 -15 -36
50 -27 -73
-10 79 72
-42 6 -90
-30 79 -49
49 -77 88
50 -60 -89
-16 30 -90
-51 61 -16
15 -77 58
-43 79 -28
-51 -48 -71
-51 -25 19
5 -77 -59
46 -77 -63
15 16 -90
5 79 17
50 4 52
1 -9 -90
-32 -48 -90
29 79 -75
-51 -3 -77
41 79 -59
35 -37 -90
7 79 -49
50 -27 44
13 51 -90
-14 -40 -90
-51 65 70
-34 -52 88
-51 -60 15
50 -50 40
-51 -3 -12
-8 79 -38
1 -77 3
-36 65 88
50 65 -30
-51 14 -24
-18 65 -90
-14 -48 88
51 61 -73
7 -77 31
50 -29 -8
50 -50 68
-50 -29 -89
-51 -64 -87
49 -76 61
33 4 -90
-51 -31 52
-51 -9 72
50 36 5
-51 -40 5
50 -5 74
-16 55 88
35 -19 88
-51 34 -77
31 -77 1
-51 12 -61
37 -77 44
-49 -76 -58
-28 79 -87
51 8 -18
-50 79 18
-5 78 88
-40 -77 33
-18 -77 56
41 53 88
-18 -77 7
29 79 -10
44 -77 -30
-51 -23 -18
50 -64 -4
-51 12 23
11 42 88
46 3 88
-51 49 -46
50 -33 -40
50 18 -47
50 14 13
-12 -77 -53
50 -3 -4
-36 79 29
33 -77 87
50 -64 -53
-47 38 88
23 -77 -75
-49 62 -90
51 44 -88
15 79 46
-51 -56 31
0 79 -3
-16 34 88
50 -59 88
11 -62 -90
51 -6 -86
-12 -77 80
3 78 -89
-51 3 84
-51 78 45
50 46 70
21 79 -26
-38 -77 -38
50 -1 -30
-30 -3 -90
-28 -77 -14
50 -42 -73
-51 49 -28
50 -46 -55
50 -35 9
-51 -9 39
0 46 -90
46 79 -36
-40 -77 66
50 -64 11
-49 79 -41
-51 -26 86
-28 -76 88
-45 -78 -76
-24 -77 -87
-51 -71 78
-51 65 -53
35 63 -90
50 18 27
50 -13 17
15 -66 88
-51 36 13
-32 44 -90
-22 -77 35
50 4 37
-51 -5 -46
50 -13 -53
25 -77 27
-45 79 -75
11 12 88
21 -9 88
-18 79 -67
-10 79 42
-24 79 3
-51 -56 -59
50 -62 60
35 79 13
-6 79 25
50 47 19
-47 20 -90
51 70 12
48 -77 -10
50 -28 -89
-51 78 74
43 79 76
36 -78 74
37 79 31
50 34 -28
9 -37 -90
-51 -39 -8
-8 1 -90
50 -39 33
-51 26 -47
7 -77 -73
27 18 88
33 -50 -90
5 -77 48
17 -37 88
-38 -23 88
33 -77 -47
50 -48 -12
-32 -17 -90
13 -77 -44
-51 -68 -14
33 -77 -85
-51 30 40
-51 -23 -32
0 -60 88
50 -28 88
-51 65 19
50 16 -79
-45 79 1
-34 79 87
50 -19 76
-51 57 37
-51 47 -77
50 -70 33
-36 79 60
-51 -40 84
15 79 66
27 -13 -90
-36 32 88
50 28 -71
-45 -77 54
-51 -37 -59
35 -77 15
50 61 42
-51 36 54
-32 -62 -90
-51 -15 -71
5 4 -90
-51 28 -3
50 3 7
1 79 -61
50 4 -71
50 49 -4
50 -23 -24
-51 -17 50
-40 -37 -90
50 26 76
19 79 -44
-51 -39 33
50 -50 -28
51 67 -4
19 79 -85
50 65 60
51 71 -63
50 -68 -75
50 72 -89
51 30 -41
27 -50 88
-51 -50 -34
39 79 54
9 -19 -90
-51 -46 -18
-51 -19 64
50 22 -10
9 -77 -28
-8 -77 -32
31 79 -51
-51 -40 60
-51 -58 56
50 -21 33
23 79 56
37 -77 -71
-51 40 -53
50 28 35
-51 24 -32
-51 -37 -40
-26 79 19
48 65 88
-51 42 74
-16 -27 -90
11 -77 70
3 79 -20
9 79 5
50 53 -26
50 -44 21
-51 -13 -4
-51 -13 15
50 57 -40
-4 -62 -90
-33 -83 -82
50 -68 -36
39 34 -90
39 -44 88
-51 -71 -29
15 71 89
-49 -77 -88
37 -7 88
0 28 -90
50 4 -57
50 24 3
-51 55 7
-8 -27 88
-26 8 88
21 -77 -22
-51 -70 29
50 -54 -79
3 -77 -8
7 -77 17
-42 -77 -10
-51 44 -16
-33 -86 79
13 -77 1
-6 -77 54
50 38 52
-51 8 58
-20 -77 -44
50 20 62
-51 2 -30
-49 32 -90
50 -75 20
-14 -77 -20
50 -27 56
-51 40 27
3 79 48
0 -48 88
-51 -60 -47
50 46 -47
-8 79 -26
-4 59 88
-51 10 9
-12 79 -3
-51 2 -55
-38 -77 13
43 18 -90
-18 -21 88
-20 79 -22
50 47 -16
-8 79 60
-28 -42 88
25 -77 70
50 -15 -77
15 79 35
50 -1 62
-20 -77 -63
-51 -65 88
-42 55 89
9 67 -90
50 -9 29
-24 79 44
-18 79 -44
25 -25 88
-51 53 70
27 -77 50
23 40 -90
-16 16 88
33 -77 -28
35 79 -26
-51 -17 -42
-51 -54 -81
-6 79 -71
42 -89 -80
0 -77 78
51 72 71
-51 2 -67
50 11 82
-43 -56 -90
-51 0 -88
23 -75 -90
-51 -71 10
51 77 -10
50 12 -38
-51 70 -25
50 63 21
-10 40 -90
-24 79 82
-51 -23 -63
-40 -25 -90
50 -21 -61
-51 -62 3
-16 -77 -79
-38 -77 -63
50 -23 -47
-51 51 48
-51 65 82
-44 -79 76
-51 16 80
41 -3 -90
46 -77 50
23 79 82
43 -68 88
39 79 87
-51 -40 -81
46 -77 78
30 -89 79
50 -52 80
50 43 -61
50 -35 -81
-51 73 -66
51 52 85
-28 55 88
41 79 -47
-51 18 42
-34 79 -59
23 -37 -90
25 57 -90
50 -17 48
-26 34 -90
-32 -77 -28
-51 40 -65
27 14 -90
-51 -50 11
5 30 88
5 79 72
-6 -17 -90
50 26 -20
50 -56 50
50 -39 -63
-14 -77 66
19 79 -71
-30 -77 62
-51 63 -4
-20 79 -10
-20 1 -90
1 -77 -83
-12 -77 31
-51 1 66
17 3 88
-16 -5 88
1 8 88
-42 16 88
-51 -29 9
33 79 -1
-36 79 -3
31 79 -63
-42 -77 44
37 -77 -57
33 -77 35
-51 -40 72
50 -15 -8
-4 71 -90
-24 -77 -4
-36 -7 88
-51 1 15
-42 79 70
-51 -19 76
-28 20 -90
9 -77 83
25 -70 88
-51 -58 44
-51 20 -14
-22 79 64
3 69 89
51 70 33
41 -31 88
-16 -74 89
44 -70 -90
-28 69 -90
-51 -23 -81
-42 79 -16
49 78 -53
39 67 88
-43 53 -90
-22 -50 -90
50 38 31
39 44 88
5 -11 88
-14 12 -90
29 79 -87
-2 -3 88
50 26 -61
43 28 88
-40 79 -47
-24 -54 88
21 -56 -90
-51 -62 -38
-45 79 31
43 -52 -90
-51 61 60
50 -54 13
15 79 15
0 -39 -90
-16 77 -90
-10 -62 88
50 -27 1
9 -48 -90
35 -77 -38
-51 38 -28
-51 -56 -14
-18 44 88
50 57 68
50 -7 50
50 -39 -10
50 46 9
50 3 -81
-16 79 21
23 -77 -46
-51 61 -63
23 42 88
46 -77 -20
50 -66 -65
-28 -77 11
51 70 51
50 51 -75
50 -1 -16
50 10 -28
-51 44 7
-12 79 82
50 -60 39
-51 49 31
50 59 -49
50 44 60
-51 -62 72
-51 -19 27
1 -70 -90
39 53 -90
31 59 88
39 8 88
-51 -66 -59
-16 -77 21
5 79 27
-51 -39 42
-51 65 -44
50 44 -26
-51 12 33
50 51 42
-6 14 88
-10 -77 -44
-10 59 -90
-51 20 -67
-8 -77 -1
50 -7 -42
11 79 -61
17 79 -3
-6 -77 9
-10 -50 -90
7 -31 88
7 -42 88
0 -77 37
11 -9 -90
-26 -1 88
-22 -77 -53
-51 -17 -53
0 79 9
-34 -66 88
-36 79 -81
50 -58 -14
-51 -66 50
15 -77 -53
50 28 50
39 79 -69
50 -62 -44
-51 59 27
-51 57 -81
50 -23 15
23 32 88
50 -44 -36
50 30 -4
-34 79 -22
21 24 -90
15 -77 -65
50 14 37
-42 79 -65
-32 79 -40
-51 20 -55
-51 28 60
31 79 23
-40 38 -90
50 -39 -47
50 -48 31
50 -35 62
3 18 88
1 79 -40
-51 -17 5
-51 -11 -18
-36 14 -90
-43 -77 5
3 -21 88
7 22 -90
-10 22 -90
41 -77 -3
46 -77 40
-51 -35 21
-42 -77 -51
5 -77 58
-28 79 54
-51 -46 -59
-43 -1 88
-32 -77 39
-51 55 -71
-10 67 88
-38 69 -90
46 -77 -73
46 79 35
46 79 -83
50 36 -83
-51 2 -20
-43 -48 88
-51 -1 46
-51 -48 78
-51 6 -77
51 -50 58
-12 -68 -90
21 -66 -90
51 72 80
33 79 80
-51 -75 88
-50 78 -83
51 75 -27
-24 -68 -90
-51 -71 -80
51 70 -38
-36 -78 83
41 -27 -90
51 -68 84
-51 11 89
-51 -11 -83
-49 -76 38
17 -75 89
50 -17 -89
-51 -9 82
-49 -77 63
-50 79 -21
-51 73 -35
-50 71 -89
50 -66 23
28 -79 80
-45 65 88
46 -50 88
-51 30 84
-2 79 -83
50 26 -81
-51 70 -15
50 23 85
-51 -74 -66
-51 4 -46
-42 75 89
50 65 -81
-51 4 -3
50 -73 -52
-51 70 61
-40 -77 23
-51 10 48
50 -73 -1
-49 11 -90
-43 46 88
50 -31 -18
-51 -46 37
-24 -77 44
50 22 19
-51 53 -38
50 8 60
-6 -77 -77
15 55 88
41 -77 64
23 -58 88
15 -77 21
19 8 -90
-51 -64 -6
-51 12 -51
50 40 -4
11 79 56
-8 49 -90
50 59 -1
-8 -40 88
50 28 11
-51 18 1
-42 -5 -90
31 -21 -90
50 -44 11
-6 -77 -12
7 -70 88
-51 32 5
46 79 50
17 -77 48
-51 26 -81
-20 -19 -90
-30 -77 -42
50 -62 -28
-51 -40 -67
-51 -40 -51
-51 -29 29
-28 -29 88
-51 18 60
-28 51 -90
-51 22 35
-51 24 19
-24 -77 -22
27 79 37
31 79 60
39 -60 -90
-51 40 64
50 -42 72
27 -77 -67
15 -77 -79
50 10 23
-40 79 19
7 -77 -16
27 -77 -10
50 -11 -28
-51 10 -16
37 79 -14
3 53 -90
0 51 88
-20 79 11
50 3 78
-6 79 50
-51 -27 -10
-6 -77 -61
3 -77 -49
43 67 -90
7 42 -90
11 79 -24
3 -58 -90
-2 79 -51
-51 -35 -16
-28 38 89
-51 55 -53
50 -37 80
-40 79 -36
-24 -39 -90
50 -23 -81
19 -46 88
-16 79 -30
-51 -27 60
-22 79 -75
-42 -66 -90
50 -5 13
-47 -77 -38
-34 -78 73
-50 -75 47
50 -4 85
50 46 80
-16 -75 -90
-8 -77 87
48 78 9
-51 -33 80
-44 -85 -81
40 -81 81
44 -37 -90
-51 -70 -51
-47 79 82
29 71 -90
33 -82 -77
49 -76 -37
51 68 -14
23 67 88
43 46 -90
-14 -77 48
50 -23 -14
51 55 -67
50 -3 -51
-51 40 -83
50 38 15
50 -27 -34
-36 22 88
-51 36 35
50 -54 -6
-24 79 -55
-32 -77 27
-51 -25 46
-40 -58 88
-51 24 76
-51 59 76
-51 34 -8
50 10 -51
-51 -48 1
21 -77 -4
23 10 88
-51 -35 -1
5 -77 -36
0 79 78
27 -1 -90
-8 -35 -90
37 12 -90
-51 16 15
13 79 -38
-51 79 10
25 -77 7
-26 -11 -90
15 61 -90
7 79 -6
-30 71 89
-18 79 76
50 -44 -4
-51 28 -71
50 -1 -63
15 -31 -90
51 -33 38
-51 -3 -36
51 17 -88
-51 70 46
-43 79 54
50 16 76
50 -70 66
-50 -76 -12
50 36 76
51 -9 5
50 65 5
51 -42 42
3 79 87
17 79 87
-18 26 88
50 -70 -83
13 -77 39
35 20 88
27 -77 19
21 79 -14
50 -56 -55
-18 -77 74
-51 -37 13
50 46 27
19 -17 -90
-51 22 -40
-38 -77 56
50 46 50
-51 -7 -69
-4 8 -90
-51 57 15
50 57 15
0 -77 -30
27 -3 88
-26 79 -4
0 79 -30
-6 -7 -90
50 4 -1
-34 -15 88
50 -3 35
5 -29 -90
-2 79 -12
-51 -5 -3
-20 -77 82
-51 40 82
50 63 -22
50 -37 -30
43 79 15
50 18 54
43 -77 13
-30 -77 -59
-43 79 39
50 -46 -65
-51 38 46
-51 -29 -38
-30 79 66
50 -37 1
-32 -77 -6
-4 -77 -51
50 -37 17
9 -77 9
7 49 88
13 79 74
50 1 -38
-22 63 88
