88 101 123
165 216 197
144 213 58
165 27 197
165 27 59
88 201 139
145 121 198
165 121 62
165 73 129
165 168 131
92 59 196
92 152 60
94 56 58
94 167 198
108 38 135
141 220 120
89 207 80
86 116 178
109 220 192
114 104 58
165 77 181
88 153 120
165 166 182
165 120 148
165 171 77
129 38 91
165 72 76
150 38 155
89 62 102
165 208 155
165 119 105
88 78 159
133 150 58
84 116 84
133 187 198
126 83 198
127 38 189
165 39 108
88 164 159
127 220 157
165 209 91
133 60 58
117 185 58
105 220 113
109 134 198
88 196 174
95 38 168
90 130 144
127 220 88
90 177 96
147 94 58
88 86 70
165 151 101
96 94 198
165 200 121
96 27 198
112 217 60
133 153 198
136 38 121
165 88 103
165 107 180
97 38 86
165 149 157
88 71 130
165 91 155
88 145 90
96 27 59
149 54 198
96 220 159
138 220 189
165 137 184
165 193 58
163 150 58
138 120 58
88 143 179
165 138 127
122 38 160
165 102 127
94 124 58
88 89 97
89 182 67
165 181 157
165 63 155
144 175 58
165 44 80
163 188 198
88 126 114
121 109 198
165 45 176
102 192 198
165 99 78
165 177 104
119 38 65
165 46 133
88 200 110
114 78 58
92 176 132
88 103 149
108 38 109
153 94 198
92 54 148
160 53 58
116 58 198
157 220 174
118 220 134
160 220 133
165 62 103
145 38 69
165 136 83
165 197 175
117 170 198
116 131 58
165 216 67
92 50 122
113 160 58
91 60 174
88 65 78
90 91 176
95 204 58
157 153 198
147 220 96
94 116 198
101 220 92
97 220 135
148 220 150
161 219 112
148 203 198
88 163 79
92 215 179
92 173 177
133 38 143
88 150 142
165 120 197
140 38 173
149 72 58
113 220 172
94 104 58
106 75 198
147 38 99
125 205 198
165 129 166
144 73 198
124 220 108
129 133 198
165 101 58
165 194 78
165 194 141
88 107 105
144 220 77
92 211 198
89 129 163
163 174 58
88 183 159
165 67 197
92 147 197
107 38 183
113 54 58
131 198 58
91 137 72
88 82 114
143 169 198
129 89 58
88 89 138
150 38 188
165 120 125
111 152 198
88 159 103
165 118 82
165 108 162
100 220 74
151 136 58
165 153 77
90 99 82
88 74 187
165 81 58
92 176 114
165 45 194
98 38 150
139 103 198
90 138 128
88 203 158
84 190 86
89 186 188
88 119 130
129 220 64
146 139 198
165 164 114
165 194 100
92 44 105
148 194 58
89 129 97
165 151 140
165 53 117
165 46 152
153 38 122
97 77 58
89 129 188
134 220 141
88 191 125
149 159 58
165 77 164
92 47 72
92 42 190
100 173 58
165 62 174
165 166 164
140 220 167
165 182 120
128 171 58
163 170 198
113 38 82
121 38 124
112 220 150
111 200 58
91 210 124
102 140 58
88 104 165
88 143 106
130 105 58
124 38 108
165 181 176
112 95 198
165 95 171
165 136 147
165 74 112
165 164 92
165 74 93
165 149 173
165 137 67
89 104 188
134 44 58
165 134 110
149 109 58
88 149 164
165 84 141
165 94 188
113 38 198
92 39 133
92 215 105
134 50 198
165 57 88
88 73 92
92 173 147
88 114 69
165 101 94
165 40 65
115 220 77
165 165 146
88 160 185
131 38 75
149 38 84
148 185 198
118 146 58
163 105 198
151 38 140
165 122 181
132 74 58
105 38 64
152 220 189
160 220 82
165 105 110
124 220 183
130 68 198
92 54 88
164 83 198
88 205 95
165 204 188
105 177 198
119 38 176
88 68 145
88 202 187
85 77 173
160 135 198
165 100 143
109 118 198
89 177 81
117 38 146
103 94 58
107 207 198
88 163 135
165 85 82
88 188 145
165 152 187
165 148 115
141 87 198
91 92 160
166 66 60
156 38 168
100 38 122
135 38 157
165 90 116
124 118 58
165 210 168
98 188 58
88 197 68
165 38 93
119 188 198
88 85 83
165 56 187
146 53 58
88 116 144
98 217 60
92 214 147
165 207 107
92 49 161
103 48 198
88 62 117
108 120 58
165 186 90
105 65 58
165 53 71
92 55 134
88 140 154
165 61 133
109 38 95
161 219 148
90 168 67
90 130 82
165 183 71
156 206 58
130 220 128
88 189 100
142 39 198
129 134 58
138 220 107
165 133 96
89 73 68
88 159 172
108 220 127
121 65 58
165 184 133
92 39 59
165 196 157
92 47 178
152 220 64
112 220 103
165 115 137
146 220 135
165 71 145
130 120 198
102 106 198
108 38 171
119 141 198
165 128 138
134 184 58
155 38 58
88 166 122
165 49 100
95 135 198
165 209 138
161 220 96
165 162 62
88 87 188
129 174 198
90 100 69
119 220 122
165 109 67
88 149 75
88 103 135
88 88 125
91 132 176
92 211 167
88 117 96
88 65 163
165 214 180
146 215 198
160 220 162
165 39 121
165 202 69
165 177 145
142 82 58
165 87 129
124 38 135
138 164 58
117 92 58
129 95 198
128 209 58
88 119 156
155 220 122
139 38 108
165 181 189
155 124 58
165 53 165
123 217 196
165 83 71
88 113 115
122 48 198
109 38 156
150 111 198
106 165 198
94 78 198
126 159 58
155 43 198
89 139 117
102 220 177
88 184 173
88 162 91
136 204 198
125 220 171
117 70 198
152 82 198
105 60 198
157 38 75
159 91 58
88 87 149
161 201 198
88 125 72
92 198 198
91 92 110
97 220 124
88 75 105
165 54 143
165 116 172
165 187 166
157 186 58
92 214 69
108 220 139
165 152 126
165 115 94
102 156 58
165 192 185
123 220 146
119 124 198
94 218 83
162 38 185
92 44 143
126 163 198
165 128 76
126 51 58
165 143 92
165 137 159
165 145 195
165 159 195
92 57 185
151 220 107
165 214 125
146 149 58
90 61 67
114 174 58
134 220 178
141 63 198
88 152 154
88 106 93
98 220 189
152 65 198
92 135 60
93 182 198
92 93 59
107 220 162
165 187 109
138 220 91
139 38 133
153 165 198
139 220 156
161 38 159
88 118 188
93 38 96
141 220 65
138 38 183
101 220 148
165 175 93
114 220 92
115 81 198
92 172 189
165 38 145
100 38 195
88 149 131
98 38 75
165 167 103
165 119 159
165 64 116
165 109 149
88 118 166
88 105 176
134 214 198
106 209 58
165 197 90
165 201 131
152 62 58
165 62 77
140 134 58
133 220 77
142 193 198
165 78 154
165 210 76
84 154 84
163 54 198
156 210 198
101 125 198
162 132 58
165 84 172
102 142 198
105 87 198
92 215 95
88 185 110
152 175 198
165 138 171
130 38 168
158 38 131
165 130 121
153 169 58
103 108 58
144 39 58
92 54 111
88 192 164
91 176 166
88 189 76
91 98 101
86 75 78
99 154 198
88 140 143
89 139 163
90 139 190
131 39 198
165 187 148
123 151 198
130 143 198
111 38 118
165 153 89
131 220 116
165 117 115
140 102 58
140 38 88
106 131 58
157 125 198
165 148 69
165 106 86
124 38 82
139 179 198
165 181 81
155 81 58
148 220 179
118 220 162
88 158 70
165 209 59
88 102 113
165 67 188
88 128 126
156 38 108
92 213 115
117 209 58
129 220 97
144 149 198
136 38 98
165 141 138
95 163 58
99 68 198
88 69 179
92 136 90
88 160 113
118 45 58
114 201 198
109 149 58
115 38 103
153 194 198
165 155 165
106 182 58
88 197 150
93 104 198
146 185 58
114 180 198
165 162 82
88 78 143
106 84 58
143 64 58
165 92 69
165 65 164
88 72 116
93 38 180
88 150 186
157 38 97
91 210 136
92 55 78
91 60 126
155 38 178
140 113 198
143 203 58
92 46 83
165 175 165
165 172 67
126 196 198
163 95 198
159 38 86
92 95 184
96 220 168
129 38 65
165 53 127
114 220 113
92 51 100
165 101 154
162 218 188
129 105 198
165 112 189
88 200 129
107 38 146
102 52 58
88 111 126
158 114 58
126 38 151
165 118 72
165 162 174
165 104 171
126 56 198
165 159 135
165 156 150
165 200 165
122 193 58
88 122 106
150 220 163
92 113 59
88 107 77
92 95 144
90 169 101
159 73 198
92 174 156
92 126 196
93 38 116
93 47 198
92 41 157
88 200 88
165 38 168
90 145 67
109 44 58
161 35 194
165 47 90
85 152 176
88 182 126
88 85 169
91 132 106
149 220 84
88 108 157
165 189 125
88 192 134
153 220 141
125 80 58
145 125 58
165 71 172
146 159 198
88 150 97
165 171 175
143 38 162
93 181 58
113 104 198
165 176 127
88 184 91
88 192 115
106 166 58
165 94 89
91 169 87
88 183 137
165 129 194
88 159 144
165 196 112
165 65 94
165 87 163
121 98 198
165 112 128
165 208 117
118 38 94
114 162 198
165 85 94
165 78 101
116 38 167
155 220 75
138 136 198
88 181 181
91 132 135
92 98 92
90 207 176
165 175 113
165 202 148
165 203 97
165 142 77
88 78 124
101 38 103
88 123 90
165 81 118
165 131 178
92 37 198
88 63 138
92 59 158
88 124 180
99 38 139
88 62 89
88 140 80
139 91 58
103 220 83
165 97 108
165 99 162
165 108 77
88 181 150
165 77 84
165 111 103
118 38 187
88 201 166
158 157 58
100 38 159
165 172 155
165 79 190
165 205 177
142 38 79
121 220 99
124 220 79
126 38 116
91 170 139
165 216 103
165 141 58
121 219 62
92 51 170
92 159 195
92 173 124
165 45 162
88 85 105
92 94 168
92 83 61
114 216 197
88 205 70
90 169 169
165 48 185
165 53 108
88 151 110
146 38 117
158 38 150
165 143 106
88 112 137
117 38 75
165 73 67
165 63 69
102 220 100
88 194 182
138 38 64
88 157 127
165 129 129
165 160 125
165 99 117
127 180 58
153 102 58
165 128 158
128 38 128
111 191 198
165 193 67
165 163 74
155 177 58
165 172 190
88 198 99
138 220 132
113 38 128
165 129 66
138 52 58
106 192 58
165 129 89
107 73 58
131 220 164
88 198 77
92 191 63
123 39 198
89 129 152
165 94 179
157 145 198
107 38 75
165 53 174
90 177 105
157 194 58
165 186 98
127 38 180
146 220 127
100 38 130
115 220 69
135 175 58
92 93 120
92 65 59
92 172 75
91 92 74
92 190 198
101 201 198
119 154 58
165 146 181
143 130 198
129 124 58
147 38 127
145 38 145
92 67 193
135 81 198
141 155 58
155 220 91
157 142 58
147 99 198
88 73 151
165 203 84
88 121 121
164 38 137
134 216 59
152 215 58
92 46 130
90 207 107
88 166 149
102 217 196
165 47 58
97 46 58
88 205 116
165 146 149
165 155 179
165 91 144
88 141 97
111 51 198
92 215 187
165 94 124
145 117 58
126 220 138
121 111 58
165 108 117
165 77 137
165 124 112
165 126 101
165 158 98
165 68 179
88 142 171
156 102 198
98 87 58
165 68 87
88 66 186
97 220 109
165 182 60
165 207 196
91 99 157
152 46 58
92 85 195
160 71 58
88 117 76
165 196 194
92 119 64
165 215 160
88 82 95
91 210 155
90 168 112
85 77 85
107 220 65
126 39 58
92 58 166
88 71 169
92 49 186
165 215 85
110 220 179
127 97 58
100 38 178
126 38 100
135 67 58
133 38 82
111 141 58
115 38 111
165 173 86
109 38 191
105 38 88
117 220 84
165 107 139
138 109 58
126 148 58
133 165 198
165 63 126
113 63 58
139 95 198
159 220 181
165 54 79
165 46 73
147 45 198
165 101 185
88 85 157
90 168 129
88 124 139
88 82 134
116 208 198
92 174 196
88 166 177
136 124 198
91 92 84
107 185 198
165 47 112
101 200 58
124 74 198
165 188 179
165 70 106
165 154 111
109 66 198
165 84 149
165 174 135
165 70 121
138 143 58
123 103 58
165 146 131
165 145 163
127 183 198
165 52 157
144 38 179
164 109 58
88 124 171
92 215 77
91 98 174
88 64 151
164 34 58
163 217 171
91 129 66
88 109 86
165 177 198
90 194 190
165 207 127
91 92 66
88 68 97
92 59 96
165 186 141
119 169 58
138 208 58
115 38 137
128 113 198
93 172 58
165 86 187
131 38 106
112 125 198
112 220 121
119 220 176
118 220 189
112 38 66
165 101 134
130 220 188
165 148 82
165 57 63
122 132 198
165 122 93
122 117 198
165 102 69
165 129 145
165 135 75
165 92 134
127 69 58
99 119 58
119 85 58
139 158 198
141 193 58
165 140 114
98 69 58
91 99 130
140 220 148
136 220 98
150 131 198
123 201 58
145 220 190
102 101 58
156 38 67
151 74 198
165 56 97
158 60 198
165 70 159
165 113 198
92 216 131
159 220 104
165 136 193
165 39 128
98 149 58
94 38 126
92 133 122
165 165 190
121 57 58
165 63 147
138 220 83
127 187 58
88 140 136
97 220 116
88 108 144
88 155 135
164 38 75
90 177 89
92 46 151
92 45 115
88 146 148
92 175 66
88 112 184
91 106 66
100 38 95
97 38 64
165 86 63
92 46 95
160 220 63
136 38 193
88 82 178
88 191 92
155 218 195
153 220 131
88 156 165
147 220 116
100 170 198
160 48 198
130 220 105
88 69 108
165 174 181
112 87 198
165 91 79
161 38 175
144 220 103
111 38 177
100 210 198
165 207 162
126 220 71
165 122 132
142 38 154
126 140 58
165 166 139
165 115 182
99 134 58
131 220 147
165 157 143
165 75 196
88 192 107
165 192 131
148 38 75
165 157 118
147 220 169
88 193 157
133 38 114
115 220 141
88 116 109
135 85 58
92 136 99
96 53 198
88 204 145
95 218 143
