125 200 77
134 5 164
126 133 191
98 85 84
188 127 108
134 241 163
66 159 129
162 75 157
118 9 91
175 180 158
89 79 157
137 136 65
87 218 125
98 185 174
156 70 96
159 239 109
177 183 100
84 138 81
178 126 164
122 47 130
91 5 137
80 128 169
69 106 119
162 8 114
83 184 95
113 243 97
126 91 182
139 178 183
164 107 80
166 217 142
181 89 121
88 68 118
108 166 70
151 171 74
189 159 129
103 219 159
130 99 70
121 57 96
157 54 129
122 62 163
171 144 82
79 192 146
157 148 182
131 5 130
152 113 183
145 209 169
155 208 91
99 214 95
75 158 160
102 153 184
139 27 106
103 112 184
106 120 69
66 129 142
159 5 147
180 192 130
114 24 149
98 243 139
66 136 109
80 107 91
187 112 139
106 26 115
74 103 152
147 30 138
157 243 145
98 57 142
169 212 114
177 154 164
171 99 166
184 157 103
134 226 94
73 161 102
72 183 119
117 204 174
76 84 134
143 54 150
94 241 114
102 188 80
179 101 100
95 5 108
130 75 81
188 140 145
80 87 104
147 6 95
143 51 107
149 87 175
103 89 175
179 90 145
161 172 175
88 163 82
150 88 79
112 142 66
132 156 189
82 202 109
104 54 111
117 174 184
166 201 158
131 163 67
104 5 157
110 241 159
171 166 86
168 69 117
148 117 69
87 106 171
161 188 85
177 123 90
148 226 154
116 5 114
131 111 188
143 69 166
126 221 166
97 69 98
169 69 138
82 178 161
154 147 71
159 231 128
90 199 161
129 39 148
89 216 145
183 165 148
85 148 173
122 41 108
147 132 187
143 190 76
113 5 138
187 110 119
170 84 99
185 172 116
71 172 146
95 106 77
156 190 172
191 137 126
142 243 99
118 216 87
107 33 134
125 181 71
166 131 177
91 167 174
134 196 178
147 37 120
104 65 158
70 119 102
139 63 92
141 19 152
164 126 76
96 129 182
78 200 127
117 77 173
113 90 75
134 5 112
156 222 103
104 229 105
124 115 66
169 199 99
69 146 148
118 22 103
64 141 127
68 110 137
113 50 148
159 15 132
65 124 122
138 209 84
114 71 85
85 72 141
96 151 73
127 5 148
71 121 155
86 121 80
152 21 117
74 145 95
182 141 96
174 201 143
147 5 123
104 50 128
185 176 132
110 138 188
143 47 135
91 199 93
147 163 184
132 15 96
96 15 125
141 99 184
158 61 147
157 60 110
106 204 84
177 194 112
100 228 145
98 135 71
182 107 153
134 78 175
114 189 180
117 103 186
164 92 87
102 19 140
86 93 90
83 93 160
119 13 160
173 208 128
127 241 91
188 145 113
126 149 65
67 154 114
166 116 176
92 220 110
103 206 168
180 186 145
118 119 189
78 82 119
159 101 176
144 5 144
96 229 131
113 105 69
75 129 92
147 102 73
72 185 134
148 7 159
158 215 156
106 13 101
76 141 163
73 102 105
75 177 105
134 47 121
146 74 85
117 155 188
145 243 154
190 122 128
172 168 167
185 99 134
96 174 78
144 146 188
103 172 181
163 157 77
170 144 173
77 90 147
171 88 157
68 168 117
102 76 167
142 153 67
137 87 76
185 123 152
161 85 167
161 223 116
89 119 176
124 131 64
138 175 71
116 227 96
177 82 133
122 234 157
153 131 70
146 219 92
91 62 131
161 243 122
152 17 144
130 52 154
129 26 152
79 171 93
132 209 173
82 151 85
184 114 104
111 43 116
72 93 125
108 62 96
123 5 103
98 102 178
111 179 73
178 90 107
90 81 95
151 5 108
69 171 133
158 81 88
78 111 162
184 150 152
174 113 166
113 216 167
188 158 116
91 242 127
69 159 146
101 241 102
85 205 150
164 159 176
181 169 103
127 183 183
136 229 158
86 74 107
130 50 103
156 227 144
140 120 188
94 142 181
175 110 91
137 39 109
104 5 125
145 189 178
71 97 139
83 210 134
189 128 140
166 73 105
173 79 145
113 194 77
164 211 102
78 189 105
135 120 65
167 188 165
145 16 102
90 209 103
156 205 165
108 125 187
183 100 111
150 51 118
102 95 77
169 180 89
151 199 83
182 185 120
163 138 75
114 39 143
178 139 165
96 8 148
92 189 87
151 64 157
114 91 181
114 154 67
110 230 153
151 178 179
149 232 106
95 58 118
100 15 113
175 79 116
163 241 134
138 60 160
188 154 140
152 76 168
90 5 124
96 228 119
152 5 135
120 5 127
116 5 151
168 218 124
100 239 152
141 220 164
103 195 173
157 137 184
172 132 83
94 66 149
131 144 190
126 166 187
125 87 75
77 195 117
89 186 167
112 129 66
162 170 79
119 167 68
77 182 151
115 50 106
103 75 88
91 87 165
139 29 147
165 63 129
138 88 180
94 209 158
83 161 168
130 68 168
87 136 176
147 199 173
83 191 156
172 192 154
125 67 87
85 212 116
153 159 72
175 155 88
96 124 73
65 120 133
71 133 157
135 109 67
164 6 136
92 155 178
150 60 101
106 50 139
136 200 78
152 53 141
78 159 92
113 69 167
113 58 157
73 95 114
66 150 136
184 129 98
184 133 157
97 164 75
156 111 73
117 225 161
190 147 132
151 182 77
157 100 77
143 127 66
83 80 148
179 163 159
171 100 89
183 101 145
108 82 81
79 168 162
127 210 82
67 116 112
103 26 127
130 14 160
138 45 145
128 5 90
80 118 88
89 221 135
93 97 82
94 64 107
69 112 147
64 131 131
162 197 90
129 26 103
127 101 186
158 126 182
143 163 68
177 97 156
136 5 153
157 5 125
69 150 105
152 25 130
109 220 92
107 100 182
145 141 67
122 195 178
84 71 131
168 207 150
113 5 100
172 72 126
137 133 190
92 96 171
134 187 73
111 163 186
181 180 110
118 145 189
186 137 104
185 99 122
146 29 114
118 79 80
123 234 97
132 218 87
85 177 88
188 118 113
129 47 138
148 36 130
87 109 82
101 5 136
187 108 129
134 235 98
157 233 119
106 182 179
177 198 122
164 223 133
78 198 137
162 61 119
151 243 102
84 193 99
174 93 97
119 47 118
90 177 170
105 150 69
113 32 111
151 102 181
100 162 181
125 5 118
123 5 139
156 121 72
173 122 171
184 174 143
69 102 128
113 5 162
105 56 149
131 123 190
77 120 164
102 111 72
176 170 94
165 71 149
111 16 153
163 181 171
71 135 99
186 167 136
108 20 107
160 59 137
99 222 102
189 149 122
65 150 123
189 135 117
109 27 142
67 126 108
143 77 172
80 94 97
125 222 90
172 203 110
172 209 138
69 175 124
174 133 171
174 191 103
102 60 103
97 220 152
116 203 80
73 149 159
136 5 121
171 154 171
187 165 123
177 200 133
161 196 165
162 94 170
151 236 153
65 138 136
89 130 78
125 82 178
136 5 138
124 213 170
66 144 114
155 15 111
166 116 79
135 169 186
150 154 184
125 243 160
141 96 72
120 95 71
74 167 154
116 47 138
143 111 187
95 193 168
151 216 162
117 64 91
143 44 115
79 102 160
122 45 147
116 129 189
118 32 147
153 11 152
143 5 113
74 182 143
65 133 122
122 105 68
156 233 137
130 60 93
68 137 148
134 5 103
160 179 81
104 5 116
99 206 90
88 145 79
129 47 112
166 107 173
81 126 85
101 237 111
98 234 138
177 137 89
74 191 127
151 122 185
172 80 107
118 123 66
66 120 143
71 168 108
74 111 98
96 74 160
153 10 100
123 16 97
179 172 156
113 234 101
127 140 64
182 183 136
156 215 96
182 150 96
136 55 99
111 211 86
152 190 80
104 102 73
81 204 120
169 191 95
91 9 116
144 82 80
142 231 100
121 20 155
160 13 123
83 206 142
142 157 187
161 220 148
148 65 93
117 187 74
181 114 159
184 177 123
134 69 86
83 86 155
143 234 154
95 118 181
106 34 125
135 47 131
103 142 185
127 173 69
79 143 87
154 168 181
108 225 99
84 170 169
93 116 75
165 146 77
81 78 137
186 148 105
173 116 85
139 13 159
111 110 186
180 162 97
130 36 107
146 207 85
181 90 136
97 56 126
164 77 98
177 81 123
68 166 140
190 135 136
185 166 110
187 132 148
104 179 76
164 143 178
140 204 174
183 120 98
100 54 134
137 187 181
164 217 108
81 140 170
82 114 169
105 5 97
97 236 125
159 109 179
120 54 154
122 110 187
148 44 129
68 126 149
70 105 144
169 176 168
160 67 103
109 5 109
118 238 92
179 179 150
98 227 111
185 142 153
132 128 64
104 68 93
66 116 125
176 194 146
79 78 127
123 72 171
125 5 156
168 92 165
133 154 66
112 114 68
189 123 119
76 94 106
104 50 118
98 143 71
117 136 65
152 70 162
169 215 133
135 242 93
123 161 66
111 150 188
189 120 138
97 177 176
143 181 73
121 5 164
110 199 174
151 142 185
179 191 138
88 154 80
156 93 175
131 236 157
165 84 92
147 172 183
105 158 71
94 224 141
90 72 152
72 113 154
84 101 88
145 92 180
118 182 182
148 226 100
105 139 69
134 218 167
67 159 137
151 57 148
128 193 75
129 58 160
161 207 96
76 133 164
82 75 115
128 229 160
167 82 158
89 65 138
105 213 165
164 151 177
68 166 125
83 166 88
115 84 177
92 225 125
79 134 87
76 102 98
171 107 85
185 111 147
170 151 81
97 195 85
114 57 99
89 171 83
155 230 111
159 118 181
118 137 190
153 140 70
190 129 124
119 144 65
100 62 151
92 238 136
87 127 175
75 170 100
181 88 129
175 103 161
141 225 96
160 11 142
112 5 127
143 213 88
103 225 152
123 5 110
177 145 89
145 110 70
102 170 74
92 89 87
91 181 84
171 211 122
105 82 173
94 207 95
107 19 147
145 23 109
182 157 155
86 203 102
129 202 176
73 179 112
117 238 161
76 88 112
131 176 185
167 124 176
94 12 138
162 225 124
134 20 154
150 30 125
165 100 83
175 147 168
140 104 70
142 5 162
158 7 106
101 123 184
156 55 118
91 222 117
140 5 92
180 111 97
112 12 96
77 175 155
134 21 101
164 66 143
146 5 131
120 175 70
114 162 68
169 159 82
103 5 146
109 40 137
155 199 169
159 69 155
71 177 137
111 64 162
77 152 164
79 83 142
110 118 188
71 157 153
187 154 109
92 74 100
152 234 145
152 21 138
96 240 146
97 82 168
164 65 112
173 75 136
138 79 80
149 55 107
86 199 155
141 115 67
142 12 96
122 243 96
172 83 152
71 182 126
91 10 131
151 73 90
140 140 189
77 94 153
81 199 145
154 83 171
157 194 85
146 13 155
114 210 171
149 153 70
162 223 140
109 96 74
69 161 110
100 20 131
185 107 109
189 147 141
135 35 147
159 163 75
107 237 104
167 218 117
177 83 141
129 47 147
101 135 185
146 5 103
106 71 165
86 156 173
107 236 150
152 5 146
143 198 79
65 131 114
142 196 177
86 96 166
119 95 183
113 17 101
157 183 175
108 185 76
179 188 109
134 10 91
174 174 162
70 105 111
161 238 140
126 149 190
70 128 101
142 59 97
130 91 73
127 123 65
139 237 160
75 86 125
155 221 154
107 39 130
158 75 163
71 97 131
105 214 91
159 162 180
85 80 102
135 162 187
135 46 108
183 184 129
95 80 90
124 123 190
187 169 129
150 96 76
86 87 94
88 192 93
176 91 152
181 143 160
136 149 189
142 225 159
157 89 82
111 222 162
110 77 171
144 49 143
171 199 153
186 106 138
137 65 165
116 233 156
141 238 94
97 236 132
110 68 90
147 45 122
180 96 149
97 202 165
187 123 145
180 192 122
118 29 106
173 206 116
92 238 121
126 190 181
139 5 127
150 5 117
80 81 112
159 223 109
123 177 184
147 5 151
149 236 100
151 243 150
105 131 68
127 238 164
70 112 107
130 81 78
184 115 152
75 164 96
147 21 147
167 132 78
79 195 109
105 88 79
84 72 122
172 160 168
95 59 136
74 91 139
89 69 112
109 49 113
107 157 185
108 56 105
97 170 179
134 93 183
127 228 95
189 115 130
160 150 74
120 163 187
74 98 148
84 212 123
150 205 169
147 135 67
171 172 88
81 185 158
185 121 104
95 150 181
93 61 124
145 63 160
145 181 181
172 107 167
95 158 75
109 47 133
113 170 70
93 80 163
66 142 142
66 110 130
121 154 66
159 132 72
138 55 155
100 20 121
170 92 92
139 106 186
97 91 172
130 204 79
129 110 67
75 189 114
108 44 122
106 243 151
168 210 144
176 163 92
155 202 87
164 212 152
92 136 180
124 52 101
67 159 119
174 87 102
159 227 136
105 166 183
180 176 104
156 243 113
176 188 151
119 208 83
167 169 171
141 34 111
178 87 115
172 186 160
75 127 162
77 183 103
164 238 125
133 144 65
141 83 177
108 239 96
180 129 93
149 125 69
88 212 109
103 106 182
69 144 104
99 237 117
112 26 108
125 5 96
149 193 175
129 47 129
78 176 97
127 47 118
157 237 132
74 155 96
148 222 160
103 15 107
143 68 89
160 217 102
125 156 189
156 185 80
123 207 173
96 243 133
95 215 100
168 138 175
150 17 108
82 120 170
88 66 127
96 243 123
151 211 165
131 129 190
169 124 80
169 192 159
114 39 112
76 140 91
162 239 117
165 100 171
185 155 148
66 150 143
99 58 110
87 192 161
157 243 138
130 5 122
112 5 121
122 47 136
144 170 70
139 47 125
165 189 89
121 5 147
98 214 158
65 125 136
109 87 177
117 46 110
147 107 184
175 204 123
65 137 117
127 32 149
190 129 132
100 128 71
151 187 177
163 80 163
137 213 169
142 90 75
