104 50 153
179 244 112
78 173 142
178 126 113
91 107 92
89 235 90
166 185 164
146 9 103
119 120 172
136 179 83
163 65 130
119 227 172
113 55 96
121 142 121
77 244 142
77 95 142
138 212 124
179 178 112
135 8 156
166 104 163
100 10 121
119 169 171
124 94 128
89 171 91
136 95 83
165 233 164
152 146 151
136 222 83
99 209 136
139 66 161
136 139 83
116 244 131
83 134 140
141 174 123
158 29 133
150 47 100
101 203 101
93 66 122
159 97 118
169 211 115
109 177 133
122 197 154
98 137 99
118 23 98
146 244 122
132 117 105
91 76 92
142 116 141
152 142 120
133 67 117
120 89 167
122 145 154
107 15 149
108 119 133
151 206 150
130 38 160
95 38 127
166 76 164
108 229 109
136 68 83
108 163 109
149 89 148
107 91 108
132 193 105
146 232 145
118 67 139
179 78 112
149 172 148
76 69 142
101 153 135
176 152 113
156 49 148
133 160 103
124 221 146
100 90 135
77 218 142
166 129 164
109 117 109
153 194 120
132 91 105
136 154 135
166 161 164
127 191 130
131 227 108
97 232 136
123 107 150
82 195 141
153 119 120
117 207 117
153 9 143
111 186 111
102 37 106
143 67 139
123 171 148
119 67 172
112 71 112
166 211 164
161 46 120
160 165 118
135 200 85
154 28 112
129 122 126
155 67 110
143 85 123
156 226 119
136 119 84
129 41 95
87 113 139
179 103 112
144 26 152
97 67 143
119 190 172
123 163 123
156 9 120
125 128 144
132 141 104
136 159 83
90 190 91
78 153 142
130 232 130
119 150 172
142 103 123
89 213 90
144 190 142
123 85 150
119 208 169
113 225 132
140 25 99
109 8 105
113 31 155
128 67 99
98 61 105
89 150 91
142 134 141
159 67 147
109 195 133
111 67 156
100 135 135
101 32 143
179 226 112
154 126 152
122 54 160
128 8 98
94 171 137
162 244 117
133 209 100
131 176 109
90 124 91
178 195 112
146 67 96
92 52 133
154 106 152
119 109 119
146 158 122
156 222 155
134 82 92
100 181 101
110 102 132
122 78 122
141 216 140
86 82 139
167 138 116
138 96 137
96 187 136
136 138 125
166 144 164
96 20 133
120 104 165
162 181 117
112 133 112
142 48 157
124 20 157
107 67 129
99 26 117
120 135 166
126 109 135
126 206 133
136 54 95
100 219 101
167 114 116
164 81 116
138 81 137
121 180 121
154 209 120
147 67 123
108 147 109
97 160 98
156 189 154
139 168 138
122 121 157
119 232 119
96 89 97
96 50 118
102 106 103
126 141 135
121 179 161
159 90 158
128 67 152
114 132 131
121 159 161
133 104 99
115 38 98
140 189 124
155 35 147
125 184 142
115 150 131
146 158 145
102 77 103
159 43 135
129 199 118
130 130 113
130 67 131
134 172 95
112 209 132
130 150 115
130 104 114
124 220 124
160 116 158
114 85 131
101 9 139
99 236 100
169 68 115
142 229 123
131 78 109
162 152 117
117 91 117
125 159 141
90 98 138
121 77 161
121 226 159
131 178 131
80 231 141
155 78 153
134 148 93
160 172 159
157 158 155
161 199 160
143 128 123
138 203 137
90 243 138
156 54 110
99 121 100
134 131 93
109 163 133
125 96 142
90 145 138
109 216 109
156 14 132
118 8 154
122 210 154
134 227 95
134 245 126
134 185 95
89 218 139
115 67 95
171 91 115
110 199 110
160 57 138
103 243 134
177 166 113
166 198 116
131 212 112
96 122 137
89 137 90
104 23 106
150 58 154
159 137 157
157 236 155
89 158 139
161 33 121
165 126 116
141 39 98
122 95 156
119 122 119
98 108 136
155 22 142
129 90 118
116 152 116
126 78 135
111 104 112
85 182 140
76 108 142
79 122 142
142 201 123
114 172 115
104 48 103
119 191 119
118 67 125
103 77 134
146 77 145
142 67 109
155 39 111
125 197 141
130 187 116
167 224 116
163 59 120
91 202 92
135 164 125
136 107 83
179 115 112
82 207 141
137 125 136
145 12 151
154 87 120
96 198 136
138 115 124
151 180 121
133 26 160
135 75 125
90 64 134
124 55 91
121 172 129
153 16 112
144 37 154
116 186 131
115 43 157
169 235 115
134 54 163
122 132 155
100 43 144
146 100 145
130 165 113
100 150 101
133 219 132
155 75 120
99 221 135
89 94 90
153 60 102
112 82 112
148 31 102
129 19 97
98 193 99
93 225 94
112 56 158
144 147 142
126 150 129
155 130 119
117 113 130
103 67 118
157 108 118
129 67 164
136 211 84
158 211 157
129 115 118
101 60 150
150 168 121
148 220 147
97 68 97
141 178 140
137 108 136
124 148 143
141 67 149
133 67 142
154 67 136
98 38 116
159 19 122
177 141 113
126 30 95
124 74 145
132 101 126
106 39 153
137 142 136
101 171 102
172 187 114
137 13 100
132 87 131
124 138 146
179 207 112
108 67 140
137 151 125
160 69 158
118 200 130
168 172 115
97 54 142
126 130 132
149 182 148
138 234 137
148 20 104
134 117 95
119 180 171
117 217 117
135 190 85
149 96 121
134 196 95
78 143 142
114 74 131
125 117 141
150 135 149
146 125 145
126 67 109
164 222 162
117 13 100
131 203 107
107 63 100
169 104 115
125 227 138
121 169 159
123 155 151
146 217 122
107 234 133
106 26 151
77 85 142
119 65 161
88 72 139
132 130 103
129 173 121
102 12 112
166 87 164
119 46 95
136 65 93
119 78 170
92 180 93
76 186 142
134 96 92
129 139 117
119 232 130
123 187 151
106 186 133
147 112 121
106 145 133
156 237 119
95 31 134
120 218 167
120 199 166
120 103 129
136 81 83
125 242 128
135 186 134
89 228 138
136 167 87
85 167 140
106 178 107
133 75 100
122 111 158
134 217 91
160 216 118
92 131 138
124 67 90
160 147 158
129 209 120
170 159 115
116 67 148
162 54 127
121 148 163
178 68 113
132 116 132
121 188 162
152 117 151
122 133 122
119 110 172
91 161 92
121 86 159
96 210 97
111 28 101
103 169 135
149 44 152
150 67 145
101 23 142
118 217 130
130 200 127
113 236 113
94 115 96
123 85 128
106 137 106
107 126 107
159 181 158
150 196 149
101 96 102
104 189 104
142 87 141
142 225 141
90 85 91
116 122 131
95 58 115
137 222 125
132 150 104
117 100 117
136 130 83
136 18 157
152 96 151
119 142 130
135 195 134
130 221 117
126 176 138
126 215 137
138 67 126
118 161 130
166 176 164
100 68 135
101 100 135
115 67 104
98 10 129
115 17 155
96 28 125
98 52 109
126 163 133
162 190 117
146 76 122
125 89 138
157 67 123
99 178 136
149 67 156
95 44 137
158 99 156
109 93 133
94 80 137
134 67 105
135 130 125
144 136 122
166 113 164
144 57 96
90 206 138
145 203 144
128 183 123
121 33 158
107 128 133
103 211 104
176 218 113
124 206 147
114 225 114
132 219 105
136 94 125
129 77 118
133 89 97
98 19 122
115 116 115
141 58 159
119 67 116
97 67 110
135 46 96
153 164 152
78 77 142
134 45 161
124 203 124
160 203 118
162 90 117
123 116 151
85 91 140
83 102 140
142 145 123
117 161 117
150 19 148
160 128 158
94 48 127
102 228 103
97 78 97
135 206 92
115 141 115
133 169 132
125 114 127
100 30 111
133 135 132
98 143 136
129 159 118
166 95 164
95 128 96
133 179 100
126 10 156
138 32 157
105 69 105
89 190 139
153 215 151
154 245 120
136 226 135
103 67 154
96 145 97
152 228 150
110 8 152
135 236 125
97 102 97
125 45 160
178 86 112
134 139 93
95 172 96
164 152 162
132 168 105
107 203 134
107 109 133
98 160 136
172 132 114
159 139 118
123 178 151
152 28 148
161 66 116
92 59 128
125 105 142
150 8 110
119 95 172
157 42 143
158 173 118
125 71 127
157 57 148
150 202 121
161 82 160
110 155 110
156 29 141
148 187 121
111 207 111
123 73 154
100 113 101
135 209 134
119 130 172
104 156 104
116 198 116
143 107 142
146 67 131
121 171 121
170 147 115
111 16 103
122 180 129
141 67 118
151 40 104
130 121 112
166 195 164
84 238 140
149 234 121
161 42 127
119 161 170
123 163 149
128 139 125
137 73 136
140 160 139
102 85 102
125 228 125
86 174 140
130 156 130
156 203 155
173 120 114
103 56 102
154 86 153
121 128 161
131 105 106
136 147 86
129 129 120
152 150 120
99 67 126
78 164 142
155 174 153
104 196 104
161 191 159
135 156 90
99 42 110
124 213 144
101 115 135
110 44 100
83 223 140
121 212 163
159 25 126
135 111 91
126 152 137
108 216 133
120 142 170
128 193 122
105 60 157
156 186 119
132 84 104
129 106 121
130 95 113
148 225 121
91 68 92
120 208 129
145 208 122
108 154 133
76 202 142
126 123 134
143 167 123
126 67 121
97 37 138
171 82 115
161 66 140
151 67 117
160 116 118
107 109 108
149 104 121
116 183 117
124 236 123
126 184 135
119 31 97
105 8 146
130 81 126
93 90 137
171 243 115
130 59 92
135 90 88
129 147 122
142 50 96
146 212 144
121 219 159
126 222 132
120 173 165
117 84 117
107 137 133
106 227 134
117 93 130
152 156 150
136 195 125
116 129 117
106 84 134
149 111 148
165 68 163
112 122 113
164 135 162
152 72 151
135 74 91
153 47 107
122 99 122
129 180 117
136 183 125
106 204 106
123 212 123
124 100 148
151 236 149
89 106 139
132 146 131
136 205 125
156 9 127
121 204 159
179 234 112
123 124 151
131 143 111
158 26 119
118 25 156
112 178 112
135 67 155
144 172 143
129 215 126
131 158 109
159 35 130
131 111 126
125 69 141
126 60 162
89 123 139
125 133 139
142 237 123
94 60 138
131 186 107
114 171 131
144 119 123
146 194 122
129 50 94
147 51 154
83 148 140
96 240 136
123 227 151
164 231 117
157 47 113
165 120 163
143 181 123
162 74 117
135 174 88
134 124 91
130 86 113
120 224 130
138 40 158
159 50 138
120 119 164
124 194 147
133 35 96
179 159 112
169 180 115
130 194 113
158 60 112
172 201 114
125 156 125
100 130 101
104 234 105
103 164 104
159 40 117
159 228 158
133 154 98
152 67 129
83 214 140
148 67 107
109 67 122
121 67 101
157 33 116
133 216 99
77 130 142
96 43 122
120 154 166
135 102 134
133 111 102
102 142 103
95 154 96
161 107 159
93 195 94
176 96 113
125 208 140
112 94 112
145 139 145
103 67 146
111 23 154
136 174 136
132 77 132
135 227 87
99 15 137
107 102 107
174 108 114
166 169 164
103 37 148
156 160 119
161 52 118
128 95 123
133 171 126
130 207 127
161 164 160
122 102 156
151 81 120
133 28 98
118 67 155
158 147 118
116 74 116
104 30 105
134 160 95
109 50 157
112 142 132
172 74 115
122 186 122
108 193 108
110 141 110
145 94 144
96 186 97
128 32 159
107 169 107
103 16 144
139 33 98
127 99 132
165 66 122
156 112 155
125 190 139
133 97 102
122 135 129
147 151 146
155 9 135
136 84 125
81 115 141
162 132 117
158 21 131
110 35 101
129 166 121
111 240 132
120 125 167
131 135 107
165 204 163
141 19 153
149 36 151
121 95 163
116 49 158
125 128 126
87 200 139
109 67 147
152 34 107
155 14 138
139 159 124
102 191 135
139 67 99
104 120 104
140 185 139
139 148 138
125 80 142
123 121 129
124 93 147
134 103 91
132 124 102
120 227 165
130 172 115
93 217 94
94 235 95
156 195 155
144 165 142
98 25 137
121 93 122
140 196 139
120 71 166
105 217 105
138 26 156
150 25 107
153 15 145
121 151 121
132 68 125
122 152 158
169 98 115
90 151 138
109 222 110
100 18 116
133 67 148
77 211 142
142 97 123
132 94 131
97 108 97
131 72 109
113 67 129
90 100 92
116 193 131
130 21 159
127 171 132
97 33 121
98 60 145
118 80 130
126 106 129
124 165 143
146 90 122
173 229 114
106 33 152
120 154 129
130 203 114
96 96 136
126 196 134
91 178 138
113 147 113
111 80 132
139 209 139
151 189 149
138 87 137
142 125 141
83 159 140
150 135 121
158 37 137
95 115 137
114 109 114
114 191 114
132 125 132
147 174 121
163 210 117
123 36 94
121 115 122
89 228 90
141 72 123
109 76 109
102 198 135
133 143 98
134 179 93
91 132 92
124 79 128
151 125 121
124 196 124
143 236 142
156 21 117
154 66 151
102 18 108
153 221 120
113 232 131
115 179 131
123 80 154
145 15 102
126 169 125
131 209 106
178 185 112
162 60 134
94 41 132
113 22 101
122 15 97
77 238 142
164 146 116
77 225 142
131 109 111
143 151 123
84 245 140
146 43 98
126 71 135
122 138 157
94 103 137
154 55 105
129 84 121
147 25 101
133 224 100
139 243 124
122 160 155
90 143 91
102 215 135
136 172 83
102 121 135
157 24 136
120 238 130
123 216 153
125 221 140
96 200 97
77 137 142
112 200 132
100 82 135
108 85 108
133 202 133
96 226 137
138 119 137
138 132 138
93 68 138
140 19 100
161 103 117
131 222 126
130 15 158
135 135 87
120 186 167
141 78 141
146 119 145
94 121 95
119 104 172
91 164 138
111 38 156
154 139 152
170 217 115
122 191 156
127 178 126
160 219 158
109 51 100
124 178 144
140 103 139
132 108 132
129 135 121
161 235 160
94 56 123
123 130 150
119 203 172
157 122 156
114 157 131
90 221 91
94 165 95
120 71 120
123 67 158
136 105 125
151 66 100
130 227 115
127 236 128
128 51 161
88 136 139
